0 0.101318 0.374081 0.0297852 0.0496324
1 0.771484 0.738971 0.0214844 0.0441176
1 0.91626 0.981618 0.0297852 0.0367647
1 0.873291 0.727941 0.0249023 0.0459559
1 0.197998 0.959099 0.027832 0.046875
0 0.0957031 0.584559 0.0292969 0.0477941
0 0.91626 0.982077 0.0297852 0.0358456
0 0.828857 0.622243 0.0249023 0.0496324
0 0.874268 0.729779 0.0249023 0.0441176
0 0.439941 0.88511 0.0244141 0.0459559
1 0.932861 0.563419 0.0268555 0.0422794
1 0.172119 0.0211397 0.027832 0.0386029
1 0.835938 0.865349 0.0205078 0.0395221
0 0.82666 0.954963 0.0283203 0.0496324
1 0.203369 0.0735294 0.0258789 0.0441176
0 0.0212402 0.194853 0.0249023 0.0533088
1 0.44043 0.883732 0.0234375 0.046875
0 0.0852051 0.238051 0.0307617 0.0533088
1 0.929688 0.870404 0.0263672 0.0441176
0 0.206055 0.316636 0.0253906 0.0523897
1 0.882812 0.241728 0.0214844 0.0477941
1 0.258545 0.84421 0.0249023 0.0450368
0 0.929688 0.869945 0.0253906 0.0487132
1 0.917236 0.492647 0.0297852 0.0477941
1 0.0935059 0.0266544 0.0327148 0.0441176
1 0.789795 0.590993 0.0249023 0.0441176
1 0.828857 0.622702 0.0219727 0.046875
1 0.825684 0.955882 0.0283203 0.0496324
1 0.858643 0.0836397 0.0219727 0.0477941
1 0.0952148 0.584559 0.0283203 0.0477941
1 0.98877 0.173713 0.0224609 0.0496324
1 0.836914 0.12454 0.0234375 0.0450368
1 0.810059 0.119485 0.0224609 0.0441176
0 0.197998 0.95818 0.027832 0.046875
1 0.859375 0.254136 0.0214844 0.0431985
1 0.861816 0.861673 0.0234375 0.0487132
0 0.0952148 0.535846 0.0273438 0.0496324
1 0.809082 0.300092 0.0253906 0.0431985
1 0.785156 0.272059 0.0244141 0.0477941
1 0.551514 0.89568 0.0258789 0.0431985
1 0.206055 0.315257 0.0244141 0.0477941
1 0.690674 0.387408 0.0268555 0.0487132
1 0.567627 0.600184 0.0258789 0.0459559
0 0.203125 0.0712316 0.0253906 0.046875
1 0.236084 0.340533 0.0268555 0.046875
1 0.826416 0.786765 0.0249023 0.0477941
1 0.515137 0.193934 0.0234375 0.0459559
1 0.880371 0.826746 0.0234375 0.046875
1 0.524414 0.269301 0.0234375 0.0404412
1 0.196289 0.53171 0.0273438 0.0505515
1 0.76709 0.925092 0.0263672 0.0523897
1 0.391602 0.871783 0.0224609 0.0487132
1 0.53833 0.0565257 0.0268555 0.0431985
1 0.568848 0.0928309 0.0224609 0.0441176
1 0.528076 0.309743 0.0219727 0.0404412
1 0.415039 0.924173 0.0234375 0.0450368
1 0.755859 0.789062 0.0244141 0.0450368
0 0.164551 0.77068 0.0292969 0.0523897
1 0.981934 0.909926 0.0283203 0.0514706
1 0.395996 0.222886 0.0234375 0.046875
1 0.396973 0.539062 0.0205078 0.0395221
1 0.415283 0.457721 0.0249023 0.0441176
1 0.375 0.539522 0.0234375 0.0422794
1 0.378418 0.368107 0.0244141 0.0431985
1 0.409668 0.340533 0.0244141 0.0431985
1 0.311523 0.245864 0.0273438 0.0431985
