1 0.822021 0.617188 0.0375977 0.0542279
0 0.858643 0.0840993 0.0219727 0.0450368
1 0.309082 0.899816 0.0273438 0.0496324
0 0.189453 0.54136 0.0341797 0.0716912
1 0.102051 0.0238971 0.0332031 0.0477941
1 0.0847168 0.238971 0.0336914 0.0625
1 0.109375 0.386949 0.0292969 0.0643382
1 0.949219 0.559743 0.0253906 0.0477941
0 0.101562 0.0229779 0.0341797 0.0459559
0 0.922607 0.977022 0.027832 0.0441176
0 0.799561 0.595588 0.027832 0.0514706
0 0.872559 0.746324 0.0263672 0.0477941
1 0.310303 0.238971 0.0307617 0.0551471
0 0.569336 0.597426 0.03125 0.0551471
1 0.835205 0.765165 0.0249023 0.0487132
1 0.56958 0.596507 0.0288086 0.0514706
1 0.385254 0.256893 0.0283203 0.0487132
0 0.93457 0.882353 0.0234375 0.0404412
0 0.828857 0.623621 0.0249023 0.0487132
0 0.818848 0.125 0.0234375 0.0477941
1 0.789307 0.924173 0.0258789 0.0487132
0 0.309814 0.238971 0.0307617 0.0551471
1 0.828857 0.625 0.0219727 0.0477941
1 0.923584 0.975643 0.0297852 0.0431985
1 0.203125 0.95818 0.0302734 0.0542279
1 0.988281 0.172335 0.0234375 0.0505515
0 0.258789 0.846967 0.0283203 0.0505515
1 0.800293 0.594669 0.0263672 0.0496324
0 0.202393 0.957261 0.0288086 0.0487132
1 0.960205 0.869945 0.0249023 0.0413603
0 0.0849609 0.238051 0.0361328 0.0588235
1 0.416016 0.454504 0.0253906 0.0487132
1 0.91626 0.495404 0.0249023 0.0459559
0 0.164551 0.772518 0.0283203 0.0560662
0 0.438965 0.881434 0.0341797 0.0569853
1 0.377197 0.367647 0.0219727 0.0422794
1 0.872559 0.745864 0.0263672 0.046875
0 0.108887 0.388327 0.0302734 0.0615809
0 0.0222168 0.193474 0.0336914 0.0670956
1 0.392334 0.342831 0.0229492 0.0422794
1 0.689941 0.389246 0.03125 0.0652574
1 0.825684 0.953585 0.0283203 0.0487132
1 0.189453 0.54182 0.0341797 0.0670956
