1 0.30957 0.237592 0.0283203 0.0597426
0 0.102051 0.0238971 0.0361328 0.0477941
0 0.189697 0.542279 0.034668 0.0716912
0 0.525146 0.207261 0.0258789 0.046875
0 0.925049 0.976562 0.0297852 0.046875
0 0.796631 0.928768 0.0239258 0.0450368
1 0.109863 0.387408 0.0302734 0.0634191
0 0.840576 0.765165 0.0249023 0.046875
1 0.102295 0.0248162 0.034668 0.0496324
0 0.859375 0.0827206 0.0234375 0.0477941
1 0.797119 0.92693 0.0249023 0.046875
0 0.259033 0.847886 0.0307617 0.0542279
0 0.800781 0.594669 0.0263672 0.0496324
1 0.828857 0.625 0.0219727 0.0496324
0 0.203125 0.957261 0.03125 0.0542279
1 0.924316 0.975184 0.0283203 0.0441176
1 0.416016 0.454044 0.0283203 0.0569853
1 0.93457 0.881893 0.0234375 0.0395221
1 0.258301 0.847886 0.0302734 0.0523897
1 0.872559 0.745864 0.0263672 0.046875
1 0.956299 0.556985 0.027832 0.0514706
1 0.800781 0.59421 0.0253906 0.0505515
0 0.570068 0.597886 0.0327148 0.0579044
0 0.872559 0.746324 0.0263672 0.0477941
0 0.829102 0.623621 0.0234375 0.0505515
1 0.987549 0.173254 0.0249023 0.0560662
1 0.825928 0.952206 0.0249023 0.0459559
0 0.30835 0.237592 0.0307617 0.0597426
1 0.303955 0.905331 0.0297852 0.0533088
0 0.164795 0.772978 0.0288086 0.0569853
0 0.0852051 0.23943 0.0356445 0.0634191
0 0.439453 0.881434 0.0351562 0.0588235
1 0.203613 0.957261 0.03125 0.0560662
1 0.953125 0.86443 0.0234375 0.0413603
0 0.109131 0.388327 0.0307617 0.0615809
1 0.91626 0.496324 0.0249023 0.0477941
0 0.0222168 0.193015 0.0327148 0.0661765
1 0.689941 0.389706 0.03125 0.0661765
1 0.189209 0.542279 0.0336914 0.0661765
