1 0.795654 0.926471 0.0229492 0.0459559
1 0.102539 0.0243566 0.0341797 0.0487132
0 0.189453 0.542279 0.0351562 0.0735294
0 0.859375 0.082261 0.0234375 0.046875
1 0.109619 0.386949 0.0297852 0.0643382
0 0.102051 0.0234375 0.0351562 0.046875
0 0.525146 0.207261 0.0258789 0.046875
0 0.799805 0.594669 0.0273438 0.0514706
0 0.872559 0.746783 0.0263672 0.046875
1 0.438965 0.880055 0.0302734 0.0597426
1 0.30957 0.238051 0.0292969 0.0606618
0 0.259277 0.847886 0.0302734 0.0542279
1 0.840576 0.764706 0.0249023 0.0459559
0 0.829102 0.624081 0.0234375 0.0496324
0 0.203125 0.957261 0.03125 0.0542279
1 0.258545 0.847886 0.0288086 0.0523897
0 0.570068 0.597426 0.0327148 0.0569853
1 0.416504 0.454044 0.0302734 0.0588235
0 0.439453 0.880515 0.0341797 0.0588235
1 0.828857 0.625 0.0219727 0.0477941
1 0.307129 0.905331 0.0302734 0.0533088
1 0.800781 0.594669 0.0253906 0.0496324
1 0.987549 0.173254 0.0249023 0.0560662
1 0.93457 0.882353 0.0234375 0.0404412
1 0.95459 0.556066 0.0263672 0.0514706
1 0.924316 0.975184 0.0283203 0.0422794
0 0.0847168 0.238051 0.0356445 0.0588235
0 0.308838 0.237592 0.0307617 0.0597426
1 0.872559 0.744945 0.0263672 0.0450368
0 0.164795 0.772518 0.0288086 0.0560662
1 0.203613 0.957261 0.03125 0.0560662
1 0.825684 0.952665 0.0263672 0.046875
0 0.109131 0.387868 0.0307617 0.0625
1 0.91626 0.495864 0.0249023 0.046875
0 0.0222168 0.193474 0.0327148 0.0652574
1 0.954834 0.865349 0.0249023 0.0450368
1 0.689941 0.389706 0.0302734 0.0643382
1 0.189453 0.54136 0.0351562 0.0680147
