1 0.681641 0.107996 0.0263672 0.046875
1 0.806885 0.988051 0.0297852 0.0238971
1 0.871826 0.117647 0.019043 0.0386029
1 0.558838 0.880055 0.0297852 0.0487132
1 0.170898 0.800092 0.0224609 0.0450368
1 0.588623 0.36489 0.0249023 0.0422794
1 0.858643 0.86443 0.0249023 0.0487132
0 0.609375 0.0133272 0.0253906 0.0266544
0 0.258301 0.844669 0.0244141 0.0441176
1 0.37793 0.691636 0.0234375 0.0450368
1 0.475098 0.668658 0.0234375 0.0431985
0 0.835205 0.861673 0.019043 0.0395221
0 0.654297 0.011489 0.0283203 0.0229779
1 0.740234 0.168199 0.0253906 0.0459559
0 0.911621 0.983456 0.03125 0.0330882
0 0.876465 0.721507 0.0283203 0.0459559
1 0.30127 0.667279 0.0224609 0.0441176
1 0.855469 0.252298 0.0253906 0.0431985
1 0.390381 0.660846 0.0229492 0.0422794
0 0.740234 0.167739 0.0244141 0.046875
0 0.390381 0.660846 0.0239258 0.0422794
1 0.6521 0.397518 0.0209961 0.0413603
0 0.376709 0.692096 0.0229492 0.0459559
0 0.680908 0.108456 0.0239258 0.0404412
0 0.300781 0.667279 0.0234375 0.0441176
0 0.474609 0.669577 0.0214844 0.0431985
0 0.778564 0.709099 0.0249023 0.0431985
1 0.877441 0.720129 0.0263672 0.046875
0 0.440674 0.884651 0.027832 0.046875
0 0.495117 0.673713 0.0234375 0.0459559
0 0.572266 0.391544 0.0195312 0.0367647
1 0.879639 0.824449 0.0249023 0.0459559
0 0.857178 0.86443 0.0249023 0.046875
0 0.410156 0.340074 0.0253906 0.0459559
0 0.678467 0.0597426 0.0219727 0.0422794
0 0.825684 0.955423 0.0283203 0.0487132
0 0.880371 0.824908 0.0234375 0.0505515
1 0.414795 0.457721 0.0268555 0.0441176
0 0.828857 0.622243 0.0268555 0.0514706
1 0.665771 0.395221 0.0209961 0.0422794
0 0.405029 0.206801 0.0249023 0.0496324
1 0.495605 0.673254 0.0224609 0.0450368
1 0.409668 0.340993 0.0273438 0.0459559
0 0.732422 0.11489 0.0234375 0.0459559
1 0.825928 0.955882 0.0297852 0.0477941
0 0.753174 0.922794 0.027832 0.0477941
1 0.573975 0.390165 0.0209961 0.0376838
1 0.678955 0.0602022 0.0239258 0.0413603
1 0.439453 0.88557 0.0283203 0.046875
1 0.534912 0.331342 0.0258789 0.0505515
1 0.196289 0.941176 0.0273438 0.0459559
1 0.237061 0.711857 0.0239258 0.0450368
1 0.829102 0.622702 0.0234375 0.0487132
1 0.371582 0.539062 0.0263672 0.046875
1 0.258301 0.845129 0.0283203 0.046875
0 0.826416 0.807445 0.0249023 0.0542279
1 0.91626 0.494485 0.0297852 0.0477941
1 0.805908 0.182904 0.0239258 0.0422794
0 0.318359 0.647059 0.0234375 0.0422794
1 0.522705 0.0689338 0.0239258 0.0459559
0 0.587891 0.36443 0.0234375 0.0395221
0 0.785889 0.594669 0.0297852 0.0477941
1 0.572021 0.102022 0.0258789 0.0477941
1 0.381348 0.786765 0.0224609 0.0422794
1 0.929688 0.563879 0.0263672 0.0450368
0 0.558105 0.883272 0.0263672 0.0459559
1 0.838135 0.12454 0.0249023 0.0450368
1 0.314941 0.151654 0.0244141 0.0441176
1 0.0180664 0.196232 0.0253906 0.0505515
0 0.755615 0.788603 0.0258789 0.0441176
1 0.88208 0.0859375 0.0219727 0.0431985
1 0.391602 0.875 0.0234375 0.0496324
1 0.0146484 0.981618 0.0253906 0.0367647
1 0.0776367 0.23943 0.0263672 0.0487132
1 0.925781 0.85432 0.0263672 0.046875
1 0.525391 0.268842 0.0253906 0.0487132
1 0.0913086 0.03125 0.0332031 0.0514706
1 0.75293 0.922794 0.0273438 0.0514706
1 0.858643 0.0836397 0.0219727 0.0441176
1 0.811768 0.301471 0.0249023 0.0441176
1 0.0930176 0.601103 0.0219727 0.0441176
1 0.211182 0.0790441 0.0258789 0.0514706
0 0.565918 0.602482 0.0273438 0.046875
1 0.172363 0.0188419 0.0292969 0.0376838
1 0.196533 0.530331 0.0229492 0.0422794
1 0.37793 0.368566 0.0253906 0.0441176
1 0.809082 0.118107 0.0224609 0.0450368
1 0.596436 0.295496 0.0239258 0.0450368
1 0.146484 0.585938 0.0205078 0.0431985
1 0.0966797 0.357537 0.0253906 0.0459559
1 0.691162 0.386029 0.0258789 0.0477941
1 0.897461 0.106618 0.0234375 0.0459559
1 0.988281 0.175092 0.0214844 0.0523897
1 0.102051 0.523438 0.0244141 0.046875
1 0.187744 0.481158 0.0249023 0.0450368
1 0.785156 0.271599 0.0244141 0.046875
1 0.335449 0.183364 0.0253906 0.0450368
1 0.505371 0.177849 0.0263672 0.046875
1 0.80542 0.210018 0.0239258 0.0413603
1 0.158203 0.491728 0.0224609 0.0422794
1 0.132812 0.609375 0.0214844 0.0422794
1 0.147949 0.234375 0.0263672 0.0441176
1 0.419434 0.944853 0.0263672 0.0477941
1 0.0310059 0.409926 0.0229492 0.0404412
1 0.123291 0.821691 0.0258789 0.0441176
1 0.163818 0.77068 0.0268555 0.0450368
1 0.58252 0.245404 0.0244141 0.0441176
1 0.1521 0.286305 0.0249023 0.0431985
1 0.0227051 0.440717 0.0219727 0.0431985
1 0.238525 0.345588 0.027832 0.0514706
1 0.0944824 0.815257 0.0288086 0.0514706
1 0.227783 0.767463 0.0249023 0.0441176
1 0.982666 0.919118 0.0297852 0.0551471
1 0.205322 0.314338 0.0239258 0.0477941
1 0.313721 0.247243 0.0258789 0.0441176
