0 0.383057 0.267004 0.0297852 0.0542279
1 0.387207 0.779412 0.0322266 0.0551471
0 0.102051 0.0238971 0.0361328 0.0477941
1 0.828857 0.62546 0.0219727 0.0487132
0 0.86084 0.082261 0.03125 0.0487132
1 0.309326 0.237592 0.0288086 0.0597426
0 0.840576 0.766085 0.0268555 0.0450368
0 0.524658 0.206801 0.0258789 0.0477941
0 0.825928 0.953585 0.0249023 0.046875
1 0.439209 0.880515 0.0297852 0.0588235
1 0.93457 0.882353 0.0234375 0.0404412
0 0.935059 0.883272 0.0234375 0.0367647
1 0.109619 0.387408 0.0297852 0.0652574
0 0.189697 0.542739 0.034668 0.0726103
1 0.797119 0.927849 0.0249023 0.046875
1 0.102295 0.0248162 0.034668 0.0496324
1 0.924072 0.975184 0.0297852 0.0441176
0 0.92334 0.976103 0.0283203 0.0441176
1 0.800781 0.59421 0.0253906 0.0505515
0 0.203125 0.957261 0.03125 0.0523897
0 0.259033 0.847886 0.0307617 0.0542279
0 0.796631 0.929228 0.0239258 0.0459559
1 0.258545 0.847886 0.0297852 0.0523897
1 0.956299 0.556985 0.027832 0.0514706
1 0.416016 0.454504 0.0283203 0.0560662
1 0.952148 0.86443 0.0234375 0.0395221
0 0.800781 0.594669 0.0263672 0.0496324
0 0.570068 0.597886 0.0327148 0.0579044
1 0.872559 0.745864 0.0263672 0.046875
1 0.825928 0.953125 0.0249023 0.0459559
0 0.439941 0.880515 0.0341797 0.0588235
1 0.987549 0.172794 0.0249023 0.0569853
0 0.872559 0.746324 0.0263672 0.0477941
0 0.164551 0.772518 0.0283203 0.0560662
0 0.829102 0.623621 0.0234375 0.0487132
0 0.30835 0.237592 0.0307617 0.0597426
1 0.916504 0.496324 0.0263672 0.0477941
1 0.203369 0.957261 0.0307617 0.0560662
1 0.303955 0.90579 0.0288086 0.0542279
0 0.0852051 0.238971 0.034668 0.0625
0 0.109131 0.388327 0.0307617 0.0634191
1 0.689941 0.390165 0.03125 0.0670956
0 0.0222168 0.193015 0.0327148 0.0661765
1 0.189209 0.54182 0.0336914 0.0670956
