1 0.876465 0.721048 0.0283203 0.046875
1 0.566406 0.601103 0.0292969 0.0477941
1 0.38208 0.480699 0.0180664 0.0330882
0 0.787354 0.59375 0.0268555 0.0459559
1 0.787109 0.59329 0.0253906 0.046875
0 0.82666 0.80239 0.0263672 0.0514706
0 0.828125 0.622243 0.0253906 0.0496324
0 0.877441 0.722426 0.0263672 0.0459559
1 0.825928 0.80239 0.0249023 0.0514706
0 0.776367 0.715533 0.0234375 0.0450368
0 0.756592 0.924173 0.0297852 0.0487132
0 0.755615 0.789522 0.0249023 0.0422794
0 0.566406 0.600643 0.0263672 0.046875
1 0.825928 0.955882 0.0297852 0.0496324
0 0.912354 0.982537 0.0297852 0.0349265
1 0.533447 0.328585 0.0219727 0.0450368
1 0.879883 0.825827 0.0234375 0.0450368
1 0.916992 0.492188 0.0234375 0.0450368
1 0.757812 0.925551 0.03125 0.0514706
1 0.828857 0.622702 0.0219727 0.046875
0 0.825684 0.954963 0.0283203 0.0496324
1 0.740967 0.160386 0.0229492 0.0395221
1 0.857666 0.862592 0.0249023 0.0450368
1 0.681152 0.0992647 0.0234375 0.0404412
1 0.857178 0.253676 0.0249023 0.0422794
1 0.556152 0.883732 0.0263672 0.0431985
1 0.679443 0.0606618 0.0219727 0.0386029
1 0.929688 0.5625 0.0253906 0.0441176
1 0.25708 0.84375 0.0249023 0.0441176
1 0.92749 0.857077 0.0249023 0.046875
1 0.838379 0.12454 0.0234375 0.0431985
1 0.0187988 0.195772 0.0258789 0.0514706
1 0.439941 0.88511 0.0263672 0.0459559
1 0.0825195 0.235294 0.0283203 0.0514706
1 0.0905762 0.03125 0.0336914 0.0496324
1 0.0148926 0.981158 0.0258789 0.0376838
1 0.731689 0.116728 0.0219727 0.0422794
1 0.691162 0.384651 0.0258789 0.046875
1 0.237549 0.715074 0.0249023 0.0441176
1 0.172363 0.019761 0.0292969 0.0395221
1 0.882812 0.0868566 0.0205078 0.0413603
1 0.858643 0.0840993 0.0200195 0.0431985
1 0.571289 0.102941 0.0234375 0.0441176
1 0.988281 0.174632 0.0214844 0.0496324
1 0.320557 0.165901 0.0200195 0.0450368
1 0.5271 0.0670956 0.0249023 0.0441176
1 0.10083 0.524357 0.0258789 0.0487132
1 0.334717 0.182445 0.0200195 0.0450368
1 0.809082 0.119026 0.0224609 0.0431985
1 0.524658 0.267923 0.0249023 0.046875
1 0.371094 0.539522 0.0253906 0.0459559
1 0.196777 0.945312 0.0283203 0.0487132
1 0.14502 0.589154 0.0205078 0.0441176
1 0.0983887 0.362132 0.0258789 0.0477941
1 0.391846 0.87454 0.0229492 0.0487132
1 0.0939941 0.601562 0.0229492 0.0450368
1 0.897705 0.106158 0.0219727 0.0431985
1 0.401367 0.213235 0.0234375 0.0459559
1 0.208984 0.0799632 0.0253906 0.0477941
1 0.80542 0.210018 0.0219727 0.0376838
1 0.98291 0.91682 0.0283203 0.0542279
1 0.414062 0.457261 0.0244141 0.0450368
1 0.13208 0.608456 0.0209961 0.0422794
1 0.196533 0.529871 0.0239258 0.0450368
1 0.593018 0.292279 0.0229492 0.0441176
1 0.812012 0.301471 0.0244141 0.0422794
1 0.506592 0.182904 0.0249023 0.0459559
1 0.786133 0.271599 0.0234375 0.0450368
1 0.584717 0.255055 0.0229492 0.0395221
1 0.187744 0.482996 0.0239258 0.0450368
1 0.406006 0.538143 0.0239258 0.0413603
1 0.37793 0.368107 0.0253906 0.0431985
1 0.409912 0.340074 0.0249023 0.0441176
1 0.417969 0.943474 0.0253906 0.0505515
1 0.164307 0.77068 0.0268555 0.0487132
1 0.148193 0.235294 0.0249023 0.0422794
1 0.160645 0.486213 0.0244141 0.0441176
1 0.15332 0.276654 0.0253906 0.0422794
1 0.095459 0.814338 0.027832 0.0514706
1 0.23877 0.345129 0.0283203 0.0505515
1 0.230957 0.761029 0.0244141 0.0459559
1 0.119629 0.821232 0.0244141 0.0487132
1 0.312012 0.246783 0.0253906 0.046875
1 0.205078 0.314338 0.0244141 0.0477941
