1 0.958008 0.866728 0.0234375 0.0386029
1 0.102051 0.0238971 0.0332031 0.0477941
1 0.309082 0.902574 0.0283203 0.0514706
0 0.101807 0.0229779 0.034668 0.0459559
0 0.799805 0.594669 0.0283203 0.0533088
0 0.189453 0.542279 0.0341797 0.0698529
1 0.310547 0.23989 0.0292969 0.0569853
0 0.56958 0.597426 0.0317383 0.0551471
1 0.838379 0.764706 0.0263672 0.0459559
0 0.922607 0.975643 0.027832 0.0431985
0 0.825684 0.953585 0.0283203 0.0505515
1 0.79248 0.925092 0.0244141 0.0505515
0 0.791992 0.925092 0.0234375 0.0487132
1 0.56958 0.596048 0.027832 0.0505515
1 0.923584 0.975643 0.0297852 0.0413603
1 0.38501 0.259191 0.0288086 0.0496324
0 0.525879 0.209099 0.0244141 0.046875
0 0.93457 0.883272 0.0234375 0.0386029
1 0.952393 0.556526 0.0327148 0.0505515
1 0.829102 0.62454 0.0234375 0.0487132
0 0.258545 0.846967 0.0297852 0.0523897
1 0.872559 0.744945 0.0263672 0.0450368
0 0.202637 0.957261 0.0283203 0.0505515
0 0.872559 0.745404 0.0263672 0.0477941
0 0.828857 0.623621 0.0249023 0.0487132
1 0.37793 0.367188 0.0214844 0.0413603
1 0.987549 0.172794 0.0249023 0.0551471
0 0.308838 0.238511 0.0297852 0.0560662
1 0.801025 0.594669 0.0258789 0.0496324
1 0.203369 0.95818 0.0307617 0.0542279
0 0.438965 0.881434 0.0341797 0.0569853
0 0.164795 0.773438 0.0288086 0.0560662
1 0.91626 0.495404 0.0249023 0.0477941
1 0.416016 0.454504 0.0253906 0.0487132
1 0.390625 0.346967 0.0214844 0.0413603
0 0.0852051 0.238971 0.034668 0.0606618
1 0.825684 0.953585 0.0283203 0.0487132
0 0.108887 0.388327 0.0292969 0.0597426
0 0.0222168 0.193015 0.0327148 0.0661765
1 0.689941 0.389706 0.0302734 0.0661765
1 0.189209 0.54182 0.0336914 0.0652574
