1 0.986816 0.185662 0.0234375 0.0441176
1 0.124023 0.475643 0.0214844 0.0431985
0 0.362305 0.685662 0.0283203 0.0496324
0 0.0332031 0.409926 0.0244141 0.0477941
1 0.939941 0.71921 0.0205078 0.0376838
1 0.853027 0.078125 0.0205078 0.0422794
0 0.417969 0.962776 0.0283203 0.0487132
1 0.834473 0.868566 0.0185547 0.0386029
1 0.450195 0.51011 0.0195312 0.0386029
0 0.97876 0.440717 0.0219727 0.0413603
1 0.276123 0.196691 0.0200195 0.0386029
1 0.362061 0.686121 0.0268555 0.0505515
0 0.125244 0.484835 0.0209961 0.0505515
0 0.116211 0.161305 0.0224609 0.0450368
1 0.393066 0.657169 0.0244141 0.0459559
1 0.732666 0.185202 0.0219727 0.0431985
1 0.116699 0.161305 0.0234375 0.0413603
1 0.467041 0.113971 0.0327148 0.0477941
0 0.0180664 0.462776 0.0273438 0.0505515
0 0.463379 0.672335 0.0263672 0.046875
0 0.732666 0.185202 0.0219727 0.0431985
0 0.619629 0.984375 0.0273438 0.03125
0 0.158691 0.499081 0.0214844 0.0422794
0 0.878906 0.0804228 0.0234375 0.0413603
1 0.979004 0.441636 0.0234375 0.0413603
1 0.98584 0.764706 0.0205078 0.0367647
1 0.0864258 0.599724 0.0234375 0.046875
1 0.0646973 0.80193 0.0239258 0.0395221
0 0.828857 0.824908 0.0219727 0.0450368
1 0.128174 0.138327 0.0229492 0.0395221
1 0.381836 0.787224 0.0214844 0.0395221
1 0.618408 0.883732 0.0219727 0.0376838
1 0.660156 0.0133272 0.0205078 0.0266544
1 0.362305 0.183364 0.0234375 0.0523897
1 0.259521 0.846048 0.0288086 0.0487132
1 0.0183105 0.463235 0.0258789 0.0514706
1 0.092041 0.0344669 0.0307617 0.0523897
1 0.462646 0.671875 0.0249023 0.0459559
1 0.989014 0.818474 0.019043 0.0431985
1 0.0927734 0.8125 0.0263672 0.0477941
1 0.19751 0.533088 0.0249023 0.0441176
1 0.175537 0.828125 0.0258789 0.0459559
1 0.538086 0.50046 0.0234375 0.0431985
0 0.325439 0.629596 0.0249023 0.0441176
1 0.158203 0.49954 0.0224609 0.0450368
1 0.531982 0.460938 0.0239258 0.0431985
1 0.170898 0.0160846 0.0273438 0.0321691
1 0.186768 0.380055 0.0229492 0.0413603
1 0.125732 0.493107 0.0229492 0.0523897
0 0.352539 0.801471 0.0214844 0.0459559
1 0.372803 0.536765 0.027832 0.0477941
1 0.705811 0.654412 0.0239258 0.0441176
1 0.194824 0.924632 0.0244141 0.0441176
1 0.727295 0.63511 0.0229492 0.0441176
1 0.840576 0.683364 0.0219727 0.0413603
1 0.741699 0.914062 0.0234375 0.046875
0 0.092041 0.0358456 0.0327148 0.0496324
0 0.0864258 0.600184 0.0244141 0.0496324
1 0.667969 0.392463 0.0224609 0.0459559
1 0.0947266 0.349724 0.0273438 0.0450368
1 0.146729 0.587776 0.0229492 0.046875
0 0.0756836 0.24954 0.0273438 0.0487132
0 0.19751 0.532169 0.0239258 0.0459559
1 0.828125 0.824449 0.0214844 0.0459559
1 0.633057 0.880974 0.0209961 0.0395221
1 0.731201 0.0997243 0.0239258 0.0450368
1 0.672852 0.710938 0.0234375 0.046875
1 0.0324707 0.409926 0.0249023 0.0441176
1 0.128662 0.829504 0.0258789 0.0505515
1 0.781006 0.686581 0.0258789 0.0477941
1 0.510986 0.681526 0.0268555 0.046875
1 0.646484 0.389706 0.0253906 0.0441176
1 0.885986 0.237132 0.0297852 0.0459559
1 0.80249 0.168658 0.0229492 0.0450368
1 0.377686 0.371324 0.0258789 0.0496324
1 0.606201 0.0151654 0.0249023 0.0303309
1 0.910156 0.503676 0.0253906 0.0422794
1 0.186768 0.465533 0.0258789 0.046875
1 0.713135 0.476562 0.0249023 0.0431985
1 0.693604 0.382812 0.0249023 0.0450368
1 0.45752 0.498162 0.0234375 0.0404412
1 0.435791 0.882812 0.0249023 0.046875
1 0.152588 0.228401 0.0268555 0.0505515
1 0.231934 0.347886 0.0224609 0.046875
0 0.258301 0.846507 0.0263672 0.0422794
1 0.851562 0.262408 0.0263672 0.0413603
1 0.589844 0.363051 0.0244141 0.0441176
1 0.879883 0.823529 0.0234375 0.0459559
1 0.960938 0.216912 0.0234375 0.0349265
1 0.165039 0.772518 0.0253906 0.046875
1 0.992676 0.547794 0.0146484 0.0477941
1 0.991699 0.761029 0.0166016 0.0404412
1 0.694824 0.73989 0.0205078 0.0459559
1 0.39502 0.871324 0.0273438 0.0533088
0 0.297852 0.671875 0.0283203 0.0477941
1 0.833008 0.128676 0.0234375 0.0404412
0 0.269775 0.984375 0.027832 0.03125
1 0.854004 0.681066 0.0205078 0.0386029
1 0.205811 0.856158 0.027832 0.046875
1 0.766846 0.0850184 0.0200195 0.0395221
1 0.783447 0.59375 0.0258789 0.0441176
1 0.458496 0.108456 0.0244141 0.0459559
0 0.012207 0.205882 0.0224609 0.0514706
1 0.762207 0.883732 0.0224609 0.0376838
1 0.520508 0.0703125 0.0234375 0.0431985
1 0.0144043 0.980699 0.0249023 0.0386029
1 0.407715 0.34329 0.0263672 0.0450368
1 0.855469 0.867647 0.0253906 0.0459559
1 0.534424 0.339154 0.0239258 0.0441176
1 0.690674 0.446232 0.0239258 0.0431985
1 0.410156 0.537684 0.0263672 0.0459559
1 0.755615 0.789062 0.0249023 0.0450368
1 0.945312 0.318015 0.0253906 0.0422794
1 0.109131 0.529412 0.0258789 0.0477941
1 0.612549 0.252298 0.0200195 0.0413603
1 0.777588 0.870864 0.0219727 0.0395221
1 0.360352 0.167739 0.0253906 0.0431985
1 0.678711 0.13557 0.0273438 0.046875
0 0.316406 0.879136 0.0244141 0.0487132
1 0.877441 0.710478 0.0234375 0.0422794
0 0.234863 0.710478 0.0244141 0.0459559
1 0.828125 0.62454 0.0253906 0.0523897
1 0.991455 0.176471 0.0170898 0.0441176
1 0.30835 0.127298 0.0268555 0.0505515
1 0.806885 0.297794 0.0239258 0.0422794
1 0.97168 0.195312 0.0234375 0.0376838
1 0.761475 0.0482537 0.0219727 0.0395221
1 0.224121 0.789062 0.0263672 0.0450368
1 0.804443 0.232537 0.0239258 0.0441176
1 0.797119 0.40579 0.0229492 0.0413603
1 0.92041 0.840993 0.0263672 0.0459559
1 0.675293 0.0579044 0.0244141 0.0422794
1 0.407959 0.204963 0.0258789 0.0459559
1 0.417969 0.960938 0.0273438 0.0487132
1 0.572266 0.104779 0.0234375 0.0404412
1 0.597168 0.228401 0.0205078 0.0413603
1 0.781982 0.273438 0.0258789 0.0450368
1 0.567139 0.386029 0.0239258 0.0422794
1 0.197754 0.365809 0.0224609 0.0386029
1 0.443848 0.471967 0.0224609 0.0431985
1 0.146973 0.303768 0.0253906 0.046875
1 0.598145 0.300551 0.0244141 0.0441176
1 0.932861 0.331342 0.0219727 0.0413603
1 0.395264 0.118107 0.0229492 0.0450368
1 0.133057 0.625919 0.0249023 0.0459559
1 0.5 0.175092 0.0253906 0.046875
1 0.0405273 0.923713 0.0253906 0.0441176
1 0.814209 0.443015 0.0249023 0.0422794
1 0.803223 0.104779 0.0234375 0.0422794
1 0.220703 0.0758272 0.0263672 0.0487132
1 0.964111 0.753676 0.0249023 0.0422794
1 0.577393 0.24954 0.0219727 0.046875
1 0.414551 0.462316 0.0263672 0.0496324
1 0.0305176 0.88511 0.0258789 0.0441176
1 0.828857 0.954044 0.0249023 0.0441176
1 0.362793 0.203125 0.0224609 0.0404412
1 0.985107 0.932904 0.0249023 0.0514706
1 0.332764 0.198529 0.0249023 0.0441176
1 0.316406 0.24954 0.0253906 0.0431985
1 0.916504 0.55239 0.0234375 0.0441176
1 0.483154 0.133272 0.0239258 0.0459559
1 0.403076 0.159467 0.0229492 0.046875
1 0.529785 0.269761 0.0244141 0.0450368
1 0.20752 0.310202 0.0234375 0.0450368
1 0.981201 0.733456 0.0219727 0.0386029
1 0.241943 0.0261949 0.0258789 0.046875
