1 0.398926 0.349724 0.0361328 0.0505515
0 0.0969238 0.0248162 0.0297852 0.0459559
1 0.165039 0.772059 0.0283203 0.0551471
1 0.0974121 0.0243566 0.0327148 0.0487132
0 0.180176 0.0349265 0.0361328 0.0533088
1 0.410156 0.901654 0.0214844 0.0441176
0 0.409912 0.899816 0.0209961 0.0459559
1 0.797119 0.592371 0.0258789 0.046875
0 0.797119 0.59421 0.0258789 0.0487132
1 0.258789 0.847426 0.0273438 0.0514706
0 0.567871 0.597426 0.0302734 0.0551471
1 0.934326 0.879596 0.0249023 0.0422794
0 0.391602 0.870864 0.0214844 0.046875
0 0.933594 0.882353 0.0253906 0.0422794
1 0.172119 0.0215993 0.0288086 0.0431985
0 0.920898 0.97932 0.03125 0.0413603
1 0.810791 0.119485 0.0219727 0.0459559
1 0.826416 0.954963 0.0297852 0.0533088
0 0.82666 0.775276 0.0283203 0.046875
1 0.824951 0.775276 0.0268555 0.0487132
0 0.258789 0.846967 0.0273438 0.0523897
0 0.200439 0.95864 0.0317383 0.0533088
1 0.568848 0.597426 0.0273438 0.0477941
1 0.7771 0.921415 0.0288086 0.0523897
0 0.776855 0.921875 0.0273438 0.0514706
1 0.835938 0.12454 0.0214844 0.0431985
1 0.520264 0.204963 0.0219727 0.0441176
1 0.989014 0.172794 0.0219727 0.0496324
1 0.828857 0.623621 0.0219727 0.0487132
0 0.871826 0.742188 0.0268555 0.0505515
1 0.92041 0.977482 0.03125 0.0450368
1 0.917236 0.493107 0.0249023 0.0487132
0 0.438965 0.883732 0.0234375 0.046875
0 0.828857 0.623162 0.0249023 0.0514706
1 0.871826 0.742647 0.0268555 0.0514706
1 0.541016 0.909467 0.0253906 0.0450368
1 0.525146 0.270221 0.0219727 0.0404412
1 0.200195 0.95864 0.0292969 0.0514706
0 0.0849609 0.238511 0.0322266 0.0560662
0 0.165039 0.77114 0.0292969 0.0514706
1 0.528076 0.309743 0.0219727 0.0404412
0 0.172363 0.0229779 0.0283203 0.0422794
1 0.940674 0.563419 0.0297852 0.0514706
0 0.826416 0.954504 0.0297852 0.0523897
1 0.878906 0.826287 0.0234375 0.0422794
1 0.312012 0.244026 0.0283203 0.046875
1 0.868652 0.848346 0.0234375 0.0441176
1 0.785645 0.272978 0.0234375 0.0459559
1 0.391602 0.871783 0.0234375 0.046875
0 0.0219727 0.193934 0.03125 0.0606618
0 0.105469 0.38557 0.0283203 0.0542279
1 0.973389 0.887408 0.0249023 0.0413603
0 0.19043 0.0491728 0.0283203 0.0505515
1 0.80249 0.300092 0.0249023 0.0450368
1 0.414795 0.455423 0.0239258 0.0431985
1 0.390869 0.241268 0.027832 0.0523897
1 0.689941 0.389246 0.03125 0.0634191
1 0.37793 0.369026 0.0253906 0.0450368
1 0.408203 0.339154 0.0234375 0.0459559
1 0.189209 0.542279 0.0317383 0.0588235
