0 0.189453 0.54136 0.0322266 0.0643382
0 0.538818 0.914982 0.0258789 0.046875
1 0.522705 0.207721 0.019043 0.0404412
1 0.858643 0.0840993 0.0219727 0.0450368
1 0.537354 0.914982 0.0249023 0.046875
0 0.567871 0.596967 0.0302734 0.0542279
1 0.798584 0.59329 0.0258789 0.0450368
1 0.920898 0.978401 0.03125 0.0431985
1 0.568848 0.596967 0.0263672 0.046875
1 0.934326 0.880055 0.0249023 0.0431985
1 0.88208 0.241728 0.0219727 0.0477941
0 0.798096 0.594669 0.0268555 0.0459559
1 0.201172 0.957721 0.0302734 0.0514706
1 0.405762 0.888787 0.0224609 0.0441176
1 0.391113 0.870404 0.0195312 0.0441176
1 0.85791 0.24954 0.0234375 0.0395221
0 0.438965 0.882353 0.0244141 0.0459559
0 0.920898 0.97886 0.03125 0.0422794
1 0.810791 0.119945 0.0219727 0.046875
0 0.933594 0.883272 0.0253906 0.0422794
1 0.828857 0.624081 0.0219727 0.0459559
1 0.989014 0.172335 0.0219727 0.0487132
1 0.916992 0.494026 0.0234375 0.046875
0 0.201172 0.95818 0.0273438 0.046875
0 0.827148 0.773438 0.03125 0.0523897
1 0.943848 0.563419 0.0263672 0.0459559
0 0.829102 0.623162 0.0234375 0.0477941
0 0.258789 0.846967 0.0263672 0.0487132
1 0.836914 0.124081 0.0234375 0.0441176
1 0.528564 0.309743 0.0209961 0.0404412
0 0.872559 0.744945 0.0263672 0.0487132
0 0.0852051 0.238511 0.0336914 0.0597426
1 0.526123 0.269761 0.0209961 0.0395221
0 0.165283 0.772059 0.027832 0.0477941
0 0.778076 0.921875 0.0288086 0.0496324
1 0.785889 0.272978 0.0229492 0.0422794
0 0.0222168 0.193015 0.0327148 0.0643382
1 0.971191 0.883732 0.0263672 0.0450368
1 0.415039 0.454963 0.0234375 0.0422794
0 0.10791 0.388327 0.0283203 0.0579044
1 0.388672 0.246783 0.0253906 0.0505515
1 0.311035 0.243566 0.0283203 0.0459559
1 0.798096 0.295496 0.0239258 0.0413603
1 0.689697 0.389246 0.0297852 0.0615809
0 0.826416 0.953585 0.0297852 0.0542279
1 0.377686 0.369026 0.0249023 0.0450368
1 0.189209 0.542279 0.0327148 0.0625
1 0.404297 0.336397 0.0234375 0.0422794
