1 0.806152 0.988051 0.0302734 0.0238971
1 0.140137 0.601562 0.0234375 0.0487132
1 0.477051 0.667279 0.0205078 0.0404412
1 0.611572 0.0128676 0.0249023 0.0257353
0 0.587891 0.36443 0.0214844 0.0358456
0 0.775879 0.713695 0.0234375 0.0450368
0 0.834473 0.863511 0.0185547 0.0395221
1 0.587646 0.36489 0.0209961 0.0330882
0 0.68042 0.105239 0.0229492 0.0395221
1 0.68042 0.105239 0.0219727 0.0395221
1 0.825928 0.955882 0.0297852 0.0496324
1 0.740723 0.163143 0.0234375 0.0413603
1 0.879883 0.825368 0.0234375 0.0441176
1 0.806885 0.1875 0.0219727 0.0386029
0 0.786865 0.59421 0.027832 0.046875
0 0.880371 0.824908 0.0234375 0.046875
1 0.731689 0.115809 0.0229492 0.0422794
1 0.857666 0.863051 0.0249023 0.0459559
1 0.557129 0.882353 0.0273438 0.0441176
1 0.381836 0.786765 0.0214844 0.0404412
1 0.917236 0.494026 0.027832 0.046875
0 0.877441 0.721967 0.0263672 0.046875
0 0.827393 0.803768 0.0268555 0.0505515
0 0.912354 0.982996 0.0297852 0.0340074
1 0.828857 0.622243 0.0219727 0.0459559
1 0.576172 0.391085 0.0214844 0.0340074
0 0.828857 0.621783 0.0249023 0.0505515
0 0.557129 0.884191 0.0263672 0.0441176
1 0.439453 0.88511 0.0273438 0.0459559
1 0.857178 0.253217 0.0249023 0.0431985
1 0.534668 0.330423 0.0234375 0.0487132
0 0.755127 0.924173 0.0297852 0.0505515
0 0.825684 0.955423 0.0283203 0.0487132
1 0.407471 0.537684 0.0229492 0.0386029
1 0.754639 0.923713 0.0288086 0.0533088
1 0.678955 0.0611213 0.0229492 0.0395221
1 0.301514 0.66636 0.0219727 0.0422794
1 0.257324 0.84421 0.0253906 0.0450368
1 0.389648 0.664522 0.0224609 0.0422794
1 0.929688 0.563419 0.0253906 0.0441176
1 0.0185547 0.196232 0.0253906 0.0505515
1 0.52417 0.0680147 0.0239258 0.0441176
1 0.402832 0.210478 0.0224609 0.0459559
1 0.237305 0.714154 0.0244141 0.0441176
0 0.755615 0.789522 0.0249023 0.0422794
1 0.838379 0.12454 0.0234375 0.0431985
0 0.565918 0.601562 0.0263672 0.046875
1 0.315918 0.648438 0.0205078 0.0395221
1 0.88208 0.0868566 0.0200195 0.0413603
1 0.197021 0.944393 0.027832 0.0487132
1 0.0908203 0.0317096 0.0332031 0.0487132
1 0.926514 0.855699 0.0249023 0.0459559
1 0.571533 0.10386 0.0239258 0.0441176
1 0.0786133 0.237592 0.0263672 0.0487132
1 0.371094 0.539062 0.0253906 0.0450368
1 0.0148926 0.981618 0.0258789 0.0367647
1 0.690674 0.384651 0.0268555 0.046875
1 0.524902 0.268382 0.0244141 0.0459559
1 0.03125 0.410846 0.0214844 0.0386029
1 0.414062 0.457261 0.0244141 0.0450368
1 0.858643 0.0840993 0.0200195 0.0431985
1 0.0969238 0.359835 0.0258789 0.046875
1 0.391602 0.87454 0.0234375 0.0487132
1 0.09375 0.601562 0.0234375 0.0450368
1 0.172363 0.019761 0.0292969 0.0395221
1 0.145752 0.587776 0.0200195 0.0431985
1 0.80957 0.117647 0.0214844 0.0422794
1 0.209717 0.0795037 0.0258789 0.0487132
1 0.378174 0.689338 0.0219727 0.0441176
1 0.594727 0.295956 0.0234375 0.0386029
1 0.101074 0.523897 0.0244141 0.0477941
1 0.988281 0.174173 0.0214844 0.0505515
1 0.318359 0.159926 0.0214844 0.0477941
1 0.811523 0.301471 0.0234375 0.0422794
1 0.0246582 0.4375 0.0229492 0.0404412
1 0.897705 0.106158 0.0219727 0.0450368
1 0.196533 0.530331 0.0229492 0.0422794
1 0.410156 0.340074 0.0253906 0.0441176
1 0.785645 0.272059 0.0234375 0.0441176
1 0.506592 0.180607 0.0258789 0.046875
1 0.120605 0.822151 0.0253906 0.046875
1 0.418701 0.943474 0.0258789 0.0505515
1 0.37793 0.368107 0.0244141 0.0431985
1 0.153564 0.28125 0.0249023 0.0404412
1 0.13208 0.608915 0.0209961 0.0413603
1 0.805176 0.210018 0.0224609 0.0395221
1 0.0947266 0.814338 0.0273438 0.0514706
1 0.98291 0.917739 0.0283203 0.0542279
1 0.1875 0.482996 0.0244141 0.0450368
1 0.159912 0.487132 0.0229492 0.0404412
1 0.147705 0.235754 0.0249023 0.0431985
1 0.583984 0.25046 0.0234375 0.0413603
1 0.335205 0.183364 0.0219727 0.046875
1 0.164062 0.771599 0.0263672 0.046875
1 0.238525 0.345588 0.027832 0.0514706
1 0.312988 0.246783 0.0253906 0.0450368
1 0.204834 0.314338 0.0239258 0.0477941
1 0.229004 0.763787 0.0244141 0.0459559
