0 0.525391 0.210478 0.0224609 0.0459559
0 0.101807 0.0229779 0.034668 0.0459559
1 0.102295 0.0238971 0.0336914 0.0477941
0 0.923584 0.976562 0.0297852 0.046875
0 0.799805 0.595129 0.0283203 0.0523897
1 0.310303 0.238971 0.0307617 0.0551471
0 0.819336 0.126838 0.0234375 0.0459559
1 0.950195 0.556985 0.03125 0.0477941
1 0.835205 0.764706 0.0249023 0.0477941
1 0.789795 0.924173 0.0249023 0.0487132
1 0.385254 0.257353 0.0283203 0.0496324
0 0.872559 0.746324 0.0263672 0.0477941
1 0.923584 0.975643 0.0297852 0.0431985
0 0.56958 0.597426 0.0317383 0.0551471
0 0.309814 0.238971 0.0307617 0.0569853
1 0.828857 0.624081 0.0219727 0.0477941
0 0.93457 0.882353 0.0234375 0.0404412
1 0.800293 0.594669 0.0263672 0.0496324
0 0.258789 0.846967 0.0283203 0.0505515
0 0.202393 0.95818 0.0288086 0.0505515
1 0.988281 0.172335 0.0234375 0.0523897
1 0.203125 0.95818 0.03125 0.0542279
0 0.828857 0.623162 0.0249023 0.0477941
1 0.960205 0.869026 0.0249023 0.0413603
0 0.164551 0.772518 0.0273438 0.0560662
1 0.377441 0.367647 0.0214844 0.0422794
1 0.415771 0.454963 0.0249023 0.0477941
0 0.439453 0.881434 0.0341797 0.0588235
1 0.91626 0.495404 0.0249023 0.0459559
0 0.0852051 0.23943 0.034668 0.0615809
1 0.872559 0.745404 0.0283203 0.0459559
1 0.39209 0.34375 0.0224609 0.0422794
1 0.689453 0.389706 0.0302734 0.0661765
0 0.0222168 0.193015 0.0327148 0.0661765
0 0.109131 0.389246 0.0288086 0.0615809
1 0.825684 0.953585 0.0283203 0.0487132
1 0.189453 0.54136 0.0351562 0.0661765
