1 0.406006 0.174632 0.0239258 0.0533088
1 0.269287 0.214154 0.0229492 0.0422794
1 0.853271 0.0795037 0.0219727 0.0395221
0 0.852295 0.078125 0.0219727 0.0422794
0 0.195068 0.922335 0.0249023 0.0395221
1 0.519531 0.827206 0.0214844 0.0349265
1 0.448975 0.160386 0.0170898 0.0376838
0 0.560303 0.875919 0.0249023 0.0459559
1 0.449951 0.511489 0.0209961 0.0395221
1 0.538086 0.500919 0.0234375 0.0441176
0 0.0332031 0.410386 0.0244141 0.0487132
1 0.981201 0.1875 0.0268555 0.0459559
1 0.914062 0.590074 0.0234375 0.0330882
1 0.36084 0.684743 0.0263672 0.0496324
1 0.129395 0.137868 0.0234375 0.0422794
1 0.979492 0.443474 0.0234375 0.0431985
0 0.979004 0.442555 0.0205078 0.0431985
0 0.560547 0.609375 0.0224609 0.0459559
0 0.15918 0.498621 0.0224609 0.0431985
0 0.36084 0.683824 0.0263672 0.0477941
0 0.560059 0.517004 0.0205078 0.0395221
0 0.292969 0.801471 0.0234375 0.0367647
0 0.536133 0.501379 0.0234375 0.0431985
0 0.116455 0.161765 0.0229492 0.0459559
1 0.726807 0.634651 0.0219727 0.0431985
0 0.727051 0.634651 0.0224609 0.0431985
1 0.0922852 0.0349265 0.03125 0.0533088
0 0.0178223 0.463695 0.027832 0.0560662
1 0.660156 0.0128676 0.0214844 0.0257353
0 0.510498 0.0174632 0.0209961 0.0349265
1 0.393066 0.657169 0.0244141 0.0459559
1 0.704834 0.653952 0.0249023 0.046875
1 0.123535 0.474265 0.0234375 0.0441176
0 0.418457 0.962776 0.0283203 0.0487132
0 0.325928 0.628217 0.0249023 0.0450368
0 0.619141 0.984375 0.0273438 0.03125
1 0.530029 0.809743 0.0219727 0.0386029
0 0.0856934 0.600184 0.0249023 0.0496324
1 0.78125 0.685662 0.0263672 0.0459559
0 0.290527 0.773897 0.0214844 0.0367647
1 0.0180664 0.464154 0.0263672 0.0514706
1 0.382568 0.787224 0.0209961 0.0395221
1 0.116943 0.161765 0.0239258 0.0441176
1 0.617432 0.886029 0.0219727 0.0404412
0 0.781738 0.684283 0.0244141 0.046875
1 0.706299 0.0243566 0.0209961 0.0395221
1 0.259277 0.846048 0.0283203 0.0487132
1 0.604736 0.0147059 0.0249023 0.0294118
0 0.53125 0.461397 0.0253906 0.0441176
1 0.0856934 0.599724 0.0239258 0.046875
0 0.829102 0.825827 0.0234375 0.046875
1 0.195068 0.922794 0.0249023 0.0441176
1 0.0661621 0.799173 0.0229492 0.0395221
0 0.19751 0.532169 0.0239258 0.0459559
0 0.732422 0.186121 0.0224609 0.0431985
0 0.878906 0.0799632 0.0234375 0.0422794
1 0.827393 0.824908 0.0219727 0.046875
1 0.0947266 0.349265 0.0273438 0.0459559
1 0.740234 0.915441 0.0292969 0.0477941
1 0.175537 0.827665 0.0268555 0.046875
1 0.170654 0.0165441 0.027832 0.0330882
1 0.0327148 0.409926 0.0244141 0.0441176
1 0.695312 0.380974 0.0244141 0.0413603
0 0.351562 0.80239 0.0224609 0.0459559
1 0.46167 0.671875 0.0258789 0.0477941
1 0.839844 0.684283 0.0214844 0.0431985
1 0.989746 0.818015 0.0205078 0.0441176
1 0.63501 0.881893 0.0219727 0.0413603
1 0.372803 0.536765 0.027832 0.0477941
1 0.67334 0.709559 0.0244141 0.0477941
1 0.731689 0.0992647 0.0249023 0.0459559
1 0.197266 0.533088 0.0253906 0.0459559
1 0.66748 0.392923 0.0224609 0.046875
1 0.418701 0.784007 0.0239258 0.0422794
1 0.520508 0.0703125 0.0234375 0.0431985
0 0.074707 0.250919 0.0263672 0.0496324
1 0.80249 0.168199 0.0249023 0.0459559
1 0.512451 0.681985 0.0288086 0.0477941
1 0.126709 0.502298 0.0209961 0.0450368
1 0.910156 0.504136 0.0253906 0.0431985
1 0.755615 0.789062 0.0249023 0.0450368
1 0.158691 0.499081 0.0234375 0.0459559
1 0.645996 0.389706 0.0244141 0.0441176
1 0.941406 0.694393 0.0214844 0.0395221
0 0.297607 0.672335 0.027832 0.0487132
1 0.128662 0.828585 0.0258789 0.0505515
1 0.278076 0.194393 0.0209961 0.0376838
1 0.146484 0.588235 0.0234375 0.0477941
1 0.939697 0.722426 0.0219727 0.0386029
0 0.0922852 0.0363051 0.0332031 0.0505515
1 0.783203 0.59375 0.0253906 0.0441176
1 0.37793 0.371324 0.0263672 0.0514706
1 0.689941 0.444853 0.0244141 0.0404412
1 0.307861 0.124081 0.0268555 0.0496324
1 0.83374 0.127298 0.0249023 0.0431985
1 0.434814 0.883272 0.0249023 0.0459559
1 0.206055 0.855239 0.0292969 0.046875
0 0.258301 0.846507 0.0253906 0.0422794
1 0.165283 0.772518 0.0249023 0.0487132
1 0.185303 0.380974 0.0219727 0.0413603
1 0.153076 0.227941 0.027832 0.0514706
1 0.766357 0.0850184 0.0209961 0.0413603
1 0.39502 0.871324 0.0263672 0.0514706
1 0.990967 0.761489 0.0180664 0.0413603
1 0.885986 0.237132 0.0327148 0.0477941
1 0.407471 0.345129 0.0268555 0.0450368
1 0.566406 0.383272 0.0253906 0.0441176
1 0.852295 0.262408 0.0268555 0.0413603
0 0.316895 0.880055 0.0244141 0.0450368
1 0.0930176 0.8125 0.0268555 0.0496324
1 0.590088 0.363511 0.0249023 0.0450368
1 0.0144043 0.980239 0.0249023 0.0395221
1 0.992188 0.549632 0.015625 0.0477941
1 0.612061 0.252298 0.0200195 0.0413603
0 0.269775 0.984375 0.027832 0.03125
1 0.879883 0.823989 0.0234375 0.046875
1 0.828125 0.62454 0.0234375 0.0505515
1 0.777832 0.869945 0.0224609 0.0395221
1 0.854736 0.680607 0.0200195 0.0413603
1 0.458252 0.107537 0.0249023 0.0459559
1 0.713135 0.477941 0.0249023 0.0441176
1 0.533936 0.339154 0.0258789 0.0459559
1 0.186768 0.464154 0.0258789 0.0477941
1 0.231689 0.347426 0.0239258 0.0477941
1 0.597656 0.228401 0.0214844 0.0431985
1 0.695557 0.742188 0.0219727 0.0450368
1 0.457764 0.497702 0.0249023 0.0413603
1 0.577393 0.248621 0.0219727 0.046875
1 0.762695 0.883732 0.0234375 0.0376838
1 0.855469 0.867647 0.0253906 0.0459559
1 0.360352 0.16636 0.0263672 0.0441176
0 0.0114746 0.207721 0.0219727 0.0514706
1 0.802246 0.10386 0.0234375 0.0422794
1 0.598145 0.300551 0.0234375 0.0441176
1 0.409668 0.537684 0.0263672 0.0459559
0 0.234619 0.710478 0.0249023 0.0459559
1 0.804932 0.233915 0.0249023 0.0450368
1 0.674561 0.058364 0.0239258 0.0431985
1 0.814209 0.443474 0.0249023 0.0413603
1 0.197998 0.365349 0.0229492 0.0395221
1 0.960938 0.217831 0.0234375 0.0367647
1 0.108887 0.529871 0.0263672 0.0487132
1 0.946045 0.317555 0.0268555 0.0431985
1 0.797607 0.405331 0.0239258 0.0422794
1 0.761963 0.0473346 0.0219727 0.0395221
1 0.407959 0.205423 0.0258789 0.046875
1 0.972656 0.193474 0.0253906 0.0395221
1 0.418457 0.960938 0.0283203 0.0487132
1 0.781494 0.273897 0.0258789 0.0459559
1 0.806396 0.297335 0.0249023 0.0431985
1 0.991455 0.17739 0.0170898 0.0441176
1 0.572266 0.104779 0.0244141 0.0422794
1 0.919434 0.841452 0.0263672 0.0487132
1 0.394287 0.115809 0.0229492 0.0441176
1 0.146729 0.303768 0.0258789 0.0487132
1 0.223877 0.790441 0.0258789 0.0477941
1 0.877441 0.709099 0.0234375 0.0431985
1 0.0300293 0.886029 0.0258789 0.0459559
1 0.678955 0.136029 0.027832 0.0496324
1 0.933594 0.331801 0.0214844 0.0422794
1 0.915527 0.55239 0.0234375 0.0422794
1 0.22168 0.0758272 0.0273438 0.0487132
1 0.132812 0.626838 0.0253906 0.0477941
1 0.403076 0.159467 0.0229492 0.046875
1 0.442627 0.471967 0.0219727 0.0431985
1 0.499268 0.175092 0.0258789 0.046875
1 0.964111 0.753217 0.0249023 0.0431985
1 0.530029 0.269761 0.0239258 0.0450368
1 0.0410156 0.926471 0.0234375 0.0459559
1 0.332275 0.199449 0.0249023 0.0441176
1 0.82959 0.951746 0.0263672 0.046875
1 0.414062 0.463235 0.0263672 0.0496324
1 0.483154 0.133732 0.0249023 0.046875
1 0.316406 0.24954 0.0253906 0.0431985
1 0.981201 0.734375 0.0219727 0.0386029
1 0.207764 0.309743 0.0239258 0.0459559
1 0.98584 0.934743 0.0263672 0.0533088
1 0.364014 0.203125 0.0219727 0.0404412
1 0.240967 0.027114 0.0249023 0.046875
