1 0.807861 0.988051 0.0297852 0.0238971
1 0.329346 0.165901 0.0297852 0.0505515
0 0.911621 0.983456 0.03125 0.0330882
0 0.609375 0.0133272 0.0253906 0.0266544
0 0.654297 0.011489 0.0283203 0.0229779
0 0.680908 0.108915 0.0239258 0.0395221
0 0.196533 0.940257 0.027832 0.0422794
1 0.777832 0.706801 0.0234375 0.0422794
0 0.834473 0.861673 0.0205078 0.0413603
1 0.603516 0.23943 0.0195312 0.0413603
1 0.197021 0.846507 0.0268555 0.0367647
1 0.588623 0.36443 0.0249023 0.0431985
0 0.523193 0.0684743 0.0249023 0.046875
1 0.681152 0.106158 0.0244141 0.0413603
1 0.564941 0.60386 0.0273438 0.0441176
1 0.237793 0.712316 0.0234375 0.0477941
0 0.828125 0.621324 0.0263672 0.0514706
1 0.0153809 0.19807 0.0258789 0.0523897
0 0.258789 0.84375 0.0253906 0.0441176
1 0.877197 0.71921 0.0249023 0.046875
0 0.678467 0.0592831 0.0219727 0.0413603
1 0.855469 0.253676 0.0234375 0.0422794
1 0.496094 0.674173 0.0224609 0.046875
0 0.731934 0.111673 0.0234375 0.046875
0 0.0175781 0.196691 0.0253906 0.0514706
1 0.879639 0.823989 0.0249023 0.046875
0 0.440186 0.884191 0.0297852 0.0514706
0 0.778564 0.70818 0.0258789 0.0431985
0 0.825684 0.954963 0.0283203 0.0496324
1 0.414062 0.457721 0.0253906 0.0477941
0 0.587891 0.36443 0.0234375 0.0395221
0 0.375977 0.692555 0.0234375 0.0450368
0 0.877441 0.720129 0.0283203 0.0487132
0 0.752686 0.922794 0.027832 0.0477941
0 0.496582 0.674173 0.0234375 0.0487132
0 0.391113 0.659926 0.0244141 0.0422794
0 0.405518 0.205423 0.0258789 0.0505515
1 0.196533 0.940257 0.0268555 0.0441176
0 0.410156 0.340074 0.0263672 0.0459559
1 0.740234 0.169118 0.0253906 0.0459559
0 0.857178 0.86443 0.0249023 0.0487132
0 0.880371 0.824908 0.0234375 0.0505515
1 0.371826 0.539062 0.0268555 0.0487132
1 0.678955 0.0606618 0.0239258 0.0404412
1 0.258789 0.845588 0.0283203 0.0459559
1 0.4104 0.340533 0.027832 0.046875
0 0.300781 0.66682 0.0234375 0.0450368
1 0.0773926 0.240349 0.027832 0.0505515
1 0.829102 0.622243 0.0234375 0.0477941
1 0.381104 0.786765 0.0229492 0.0441176
1 0.314697 0.149816 0.0249023 0.0441176
1 0.439697 0.886949 0.0288086 0.0496324
0 0.785645 0.59421 0.0302734 0.046875
1 0.534912 0.331342 0.0258789 0.0505515
1 0.522217 0.0689338 0.0249023 0.0459559
0 0.474365 0.670496 0.0219727 0.0450368
1 0.571777 0.102482 0.0263672 0.046875
1 0.91626 0.494485 0.0297852 0.0477941
1 0.652344 0.397059 0.0224609 0.0422794
1 0.928955 0.564338 0.0268555 0.0441176
1 0.825928 0.955882 0.0297852 0.0477941
0 0.826416 0.807904 0.0249023 0.0533088
1 0.572998 0.390625 0.0229492 0.0386029
1 0.0146484 0.981618 0.0253906 0.0367647
0 0.755615 0.788603 0.0258789 0.0441176
0 0.558105 0.883272 0.0263672 0.0459559
1 0.838135 0.125 0.0249023 0.0441176
1 0.163818 0.77068 0.0268555 0.0450368
1 0.211182 0.0790441 0.0258789 0.0514706
1 0.196777 0.530331 0.0234375 0.0422794
1 0.925781 0.85432 0.0263672 0.046875
1 0.188232 0.480699 0.0249023 0.0459559
0 0.56543 0.602941 0.0273438 0.0459559
1 0.806396 0.179228 0.0219727 0.0404412
1 0.0913086 0.0317096 0.0332031 0.0523897
1 0.0964355 0.356618 0.0258789 0.0459559
1 0.88208 0.0859375 0.0219727 0.0431985
1 0.666016 0.39568 0.0214844 0.0413603
1 0.157715 0.492188 0.0234375 0.0431985
1 0.752441 0.922794 0.0263672 0.0496324
1 0.172119 0.0188419 0.0297852 0.0376838
1 0.0932617 0.602022 0.0234375 0.0459559
1 0.391357 0.875 0.0239258 0.0514706
1 0.811523 0.301471 0.0253906 0.0441176
0 0.319092 0.645221 0.0239258 0.0441176
1 0.858643 0.0836397 0.0219727 0.0441176
1 0.37793 0.368566 0.0263672 0.0459559
1 0.59668 0.295956 0.0234375 0.0441176
1 0.146729 0.585938 0.0209961 0.0431985
1 0.808594 0.118107 0.0214844 0.0450368
1 0.102295 0.523438 0.0239258 0.046875
1 0.335693 0.184283 0.0258789 0.0450368
1 0.151611 0.287684 0.0258789 0.0441176
1 0.525391 0.268842 0.0253906 0.0487132
1 0.132568 0.609835 0.0219727 0.0431985
1 0.123779 0.822151 0.0268555 0.0450368
1 0.988281 0.175551 0.0214844 0.0514706
1 0.897461 0.106618 0.0234375 0.0459559
1 0.691162 0.38557 0.0258789 0.046875
1 0.147949 0.234375 0.0263672 0.0441176
1 0.03125 0.409926 0.0234375 0.0422794
1 0.0224609 0.442555 0.0224609 0.0413603
1 0.805664 0.210478 0.0244141 0.0422794
1 0.505127 0.17693 0.0268555 0.0487132
1 0.0942383 0.815257 0.0292969 0.0533088
1 0.23877 0.345588 0.0283203 0.0514706
1 0.785156 0.271599 0.0253906 0.046875
1 0.58252 0.245864 0.0234375 0.0431985
1 0.419189 0.945772 0.0268555 0.0496324
1 0.227539 0.769301 0.0253906 0.0459559
1 0.205322 0.313879 0.0249023 0.0487132
1 0.98291 0.919118 0.0283203 0.0551471
1 0.313721 0.247243 0.0258789 0.0459559
