0 0.990967 0.415441 0.0180664 0.0367647
0 0.916992 0.492647 0.0234375 0.0441176
1 0.882812 0.241728 0.0205078 0.0459559
1 0.547852 0.897978 0.0273438 0.0459559
0 0.234375 0.340993 0.0273438 0.0533088
0 0.859375 0.0850184 0.0234375 0.0450368
1 0.381592 0.539062 0.0258789 0.0303309
1 0.858643 0.255055 0.0200195 0.0413603
1 0.811035 0.116728 0.0205078 0.0441176
1 0.791992 0.589154 0.0253906 0.0459559
0 0.918945 0.980699 0.03125 0.0386029
1 0.917236 0.492188 0.0297852 0.046875
0 0.0964355 0.576746 0.0239258 0.0395221
0 0.785889 0.271599 0.0229492 0.046875
0 0.195312 0.538603 0.03125 0.0588235
1 0.835938 0.866728 0.0205078 0.0386029
0 0.567139 0.596507 0.0297852 0.0533088
0 0.199219 0.0684743 0.0253906 0.0450368
1 0.690186 0.386029 0.027832 0.0551471
1 0.785156 0.272059 0.0234375 0.0477941
0 0.770264 0.925092 0.0268555 0.0523897
1 0.807617 0.300092 0.0224609 0.0413603
1 0.828857 0.624081 0.0219727 0.0477941
1 0.439697 0.883732 0.0249023 0.0505515
1 0.0935059 0.0275735 0.0327148 0.0477941
0 0.756592 0.790901 0.0239258 0.046875
0 0.770264 0.748621 0.0239258 0.046875
0 0.198242 0.95864 0.03125 0.0514706
1 0.207275 0.314798 0.0268555 0.0505515
0 0.810791 0.118566 0.0219727 0.0459559
1 0.194824 0.537684 0.0302734 0.0569853
1 0.824951 0.782169 0.027832 0.0496324
1 0.234375 0.340074 0.0263672 0.0477941
1 0.825928 0.955882 0.0297852 0.0496324
1 0.836914 0.12454 0.0234375 0.0431985
0 0.09375 0.547794 0.0253906 0.0441176
1 0.933594 0.565717 0.0253906 0.046875
0 0.0849609 0.238511 0.03125 0.0523897
0 0.791016 0.590533 0.0253906 0.046875
1 0.989014 0.173254 0.0219727 0.0487132
0 0.690186 0.387408 0.027832 0.0579044
1 0.568359 0.598805 0.0263672 0.046875
0 0.0219727 0.194393 0.0263672 0.0505515
1 0.770752 0.748621 0.0239258 0.0487132
1 0.199707 0.0680147 0.0263672 0.0459559
1 0.872559 0.736213 0.0263672 0.0496324
1 0.258545 0.845129 0.0258789 0.046875
1 0.756348 0.789522 0.0244141 0.0441176
1 0.171875 0.0215993 0.0273438 0.0395221
0 0.102295 0.378676 0.0268555 0.0514706
1 0.198486 0.959559 0.0288086 0.0496324
0 0.932129 0.875 0.0283203 0.0477941
0 0.207275 0.316636 0.0268555 0.0542279
1 0.517334 0.19807 0.0209961 0.0413603
1 0.524414 0.269761 0.0234375 0.0395221
0 0.872803 0.736673 0.0249023 0.046875
0 0.82666 0.954044 0.0283203 0.0514706
0 0.828857 0.622702 0.0249023 0.0487132
1 0.979736 0.905331 0.027832 0.0514706
1 0.527588 0.310662 0.0209961 0.0404412
1 0.864014 0.861673 0.0249023 0.046875
1 0.542969 0.0569853 0.0253906 0.0459559
1 0.880371 0.827206 0.0234375 0.0477941
1 0.567627 0.0863971 0.0239258 0.0441176
1 0.770508 0.925551 0.0273438 0.0514706
1 0.394531 0.22932 0.0244141 0.0450368
1 0.391357 0.871324 0.0239258 0.0496324
0 0.164307 0.770221 0.0288086 0.0514706
1 0.411621 0.917279 0.0234375 0.0441176
1 0.415283 0.457721 0.0258789 0.0459559
1 0.378662 0.368566 0.0249023 0.0441176
1 0.311768 0.245864 0.0288086 0.0450368
1 0.40918 0.340074 0.0244141 0.0441176
