0 0.102051 0.0234375 0.0351562 0.046875
1 0.795166 0.925092 0.0219727 0.046875
0 0.794922 0.926011 0.0224609 0.0487132
0 0.859375 0.0827206 0.0234375 0.0477941
0 0.189453 0.542739 0.0351562 0.0726103
1 0.102295 0.0248162 0.0336914 0.0496324
0 0.525146 0.207721 0.0258789 0.0477941
0 0.800049 0.59421 0.027832 0.0523897
1 0.438965 0.880515 0.0302734 0.0588235
1 0.310303 0.23989 0.0297852 0.0606618
1 0.258789 0.847886 0.0292969 0.0523897
0 0.258301 0.846967 0.0302734 0.0542279
1 0.839844 0.764706 0.0253906 0.0459559
0 0.872559 0.746324 0.0263672 0.0477941
1 0.828857 0.625 0.0219727 0.0477941
1 0.93457 0.881893 0.0234375 0.0395221
1 0.41626 0.454044 0.0297852 0.0588235
0 0.829102 0.623621 0.0234375 0.0487132
1 0.308594 0.904871 0.03125 0.0560662
1 0.987549 0.173254 0.0249023 0.0560662
0 0.202881 0.957261 0.0317383 0.0542279
0 0.439453 0.881434 0.0341797 0.0569853
1 0.800781 0.594669 0.0253906 0.0496324
0 0.570068 0.596967 0.0297852 0.0560662
1 0.95459 0.556526 0.0263672 0.0505515
1 0.924316 0.976103 0.0283203 0.0441176
0 0.30835 0.238051 0.0307617 0.0588235
0 0.165039 0.772518 0.0292969 0.0560662
1 0.872559 0.744945 0.0263672 0.0450368
1 0.203613 0.95818 0.03125 0.0560662
0 0.0849609 0.238971 0.0351562 0.0625
1 0.825684 0.952665 0.0263672 0.0487132
1 0.91626 0.495864 0.0249023 0.046875
1 0.689941 0.389706 0.03125 0.0661765
0 0.108887 0.388327 0.0302734 0.0615809
0 0.0222168 0.193015 0.0327148 0.0661765
1 0.955322 0.865809 0.0249023 0.0441176
1 0.188965 0.54182 0.0341797 0.0670956
