1 0.876709 0.722886 0.0297852 0.0487132
1 0.101807 0.815257 0.0249023 0.0349265
1 0.0976562 0.571691 0.0263672 0.0772059
1 0.115723 0.814798 0.0214844 0.0358456
1 0.805664 0.988051 0.03125 0.0238971
0 0.0161133 0.980239 0.03125 0.0395221
1 0.858398 0.253217 0.0234375 0.0376838
0 0.56665 0.598346 0.0297852 0.0533088
1 0.83667 0.865349 0.0219727 0.0413603
0 0.914795 0.981158 0.027832 0.0321691
1 0.0195312 0.194853 0.0273438 0.0551471
0 0.0202637 0.195312 0.0258789 0.0505515
1 0.205566 0.0776654 0.0253906 0.046875
1 0.530762 0.319853 0.0234375 0.0404412
1 0.0153809 0.982077 0.0288086 0.0358456
0 0.163574 0.769761 0.0292969 0.0560662
1 0.164551 0.77068 0.0283203 0.0523897
0 0.875732 0.724724 0.027832 0.046875
1 0.917236 0.493107 0.027832 0.046875
1 0.100586 0.366728 0.0244141 0.0441176
1 0.553223 0.891085 0.0263672 0.0431985
1 0.884521 0.237132 0.0249023 0.0441176
1 0.739014 0.147978 0.0209961 0.0386029
1 0.257812 0.84329 0.0263672 0.0450368
1 0.196533 0.953125 0.0288086 0.0496324
1 0.172852 0.0206801 0.0292969 0.0413603
1 0.772705 0.725643 0.0219727 0.0450368
0 0.196289 0.952206 0.03125 0.0514706
1 0.896729 0.108456 0.0219727 0.0404412
1 0.0915527 0.0289522 0.0336914 0.046875
1 0.788574 0.592371 0.0263672 0.046875
1 0.731689 0.122702 0.0219727 0.0395221
1 0.828857 0.622702 0.0219727 0.046875
1 0.567383 0.600643 0.0273438 0.0487132
1 0.931152 0.5625 0.0263672 0.0459559
1 0.690918 0.386489 0.0263672 0.0487132
0 0.206055 0.0767463 0.0253906 0.0487132
1 0.762939 0.925092 0.0297852 0.0560662
1 0.0854492 0.237132 0.0302734 0.0533088
1 0.147705 0.237132 0.0219727 0.0404412
1 0.98877 0.174632 0.0224609 0.0496324
1 0.879639 0.825827 0.0249023 0.046875
1 0.838379 0.125 0.0234375 0.0459559
1 0.827393 0.795037 0.0249023 0.0496324
1 0.755615 0.789522 0.0249023 0.0441176
1 0.39917 0.21921 0.0239258 0.0450368
1 0.859375 0.862592 0.0253906 0.0505515
1 0.859375 0.0845588 0.0214844 0.0441176
1 0.928955 0.863511 0.0249023 0.046875
1 0.810059 0.119026 0.0224609 0.0450368
1 0.440186 0.884651 0.0258789 0.0487132
1 0.885986 0.0886949 0.0200195 0.0395221
1 0.571289 0.100184 0.0234375 0.0477941
1 0.154541 0.259651 0.0209961 0.0376838
1 0.785645 0.272059 0.0234375 0.0477941
1 0.525146 0.268382 0.0249023 0.0459559
1 0.825928 0.955882 0.0297852 0.0496324
1 0.810791 0.300092 0.0249023 0.0450368
1 0.391846 0.872702 0.0229492 0.0505515
1 0.372803 0.540441 0.0268555 0.0459559
1 0.197021 0.530331 0.0239258 0.0459559
1 0.0979004 0.528033 0.0288086 0.0505515
1 0.98291 0.914062 0.0283203 0.0523897
1 0.51001 0.190257 0.0249023 0.0459559
1 0.185791 0.485754 0.0219727 0.0450368
1 0.0952148 0.594669 0.0253906 0.0459559
1 0.414795 0.457261 0.0249023 0.0450368
1 0.416748 0.93704 0.0258789 0.0487132
1 0.311279 0.246324 0.027832 0.0477941
1 0.378418 0.368107 0.0253906 0.0450368
1 0.534668 0.0579044 0.0263672 0.0422794
1 0.166016 0.482537 0.0214844 0.0441176
1 0.402344 0.539982 0.0253906 0.0450368
1 0.205566 0.314798 0.0244141 0.046875
1 0.409668 0.340533 0.0253906 0.0450368
1 0.23877 0.34329 0.0283203 0.0505515
