1 0.858643 0.0845588 0.0200195 0.0441176
0 0.0976562 0.0238971 0.0283203 0.0441176
0 0.539307 0.910846 0.0288086 0.0496324
0 0.189453 0.540901 0.0322266 0.0634191
0 0.797607 0.594669 0.0268555 0.0459559
1 0.521973 0.206801 0.0195312 0.0404412
1 0.858643 0.252757 0.0219727 0.0404412
1 0.172363 0.0211397 0.0263672 0.0404412
1 0.568848 0.597426 0.0273438 0.0477941
0 0.567871 0.597426 0.0302734 0.0533088
0 0.391357 0.870404 0.0219727 0.0459559
1 0.539307 0.912684 0.0258789 0.0459559
1 0.407959 0.894761 0.0219727 0.046875
1 0.825928 0.954963 0.0297852 0.0533088
0 0.827393 0.774357 0.027832 0.046875
1 0.797607 0.59329 0.0268555 0.0450368
0 0.438965 0.882812 0.0234375 0.0487132
1 0.200195 0.95864 0.0292969 0.0514706
0 0.187256 0.0422794 0.0258789 0.0459559
1 0.777344 0.921415 0.0292969 0.0505515
1 0.989014 0.172794 0.0219727 0.0477941
1 0.810791 0.119485 0.0219727 0.0459559
0 0.933594 0.882353 0.0253906 0.0422794
1 0.920898 0.978401 0.03125 0.0431985
0 0.200684 0.959559 0.0322266 0.0533088
1 0.934326 0.880055 0.0249023 0.0431985
1 0.828857 0.623621 0.0219727 0.046875
0 0.171875 0.0215993 0.0283203 0.0431985
1 0.525391 0.269761 0.0214844 0.0395221
1 0.528564 0.310202 0.0209961 0.0395221
0 0.258545 0.846967 0.0268555 0.0523897
1 0.836914 0.12454 0.0234375 0.0431985
0 0.828857 0.623162 0.0249023 0.0496324
1 0.917236 0.493107 0.0249023 0.0487132
0 0.777344 0.922335 0.0283203 0.0487132
1 0.39209 0.872243 0.0214844 0.0441176
1 0.943115 0.564338 0.0297852 0.0514706
0 0.0852051 0.238511 0.0317383 0.0560662
0 0.165039 0.772059 0.0283203 0.0496324
0 0.871826 0.743566 0.0268555 0.0496324
0 0.826416 0.954504 0.0297852 0.0523897
1 0.785645 0.272518 0.0234375 0.0450368
1 0.416016 0.455423 0.0234375 0.0450368
1 0.389404 0.244485 0.0258789 0.0551471
0 0.0219727 0.192555 0.03125 0.0615809
1 0.311279 0.244026 0.027832 0.0450368
1 0.800537 0.299173 0.0239258 0.0431985
0 0.106934 0.387408 0.0273438 0.0560662
1 0.972656 0.883732 0.0253906 0.0431985
1 0.377686 0.369026 0.0249023 0.0450368
1 0.689941 0.389246 0.0302734 0.0634191
1 0.189209 0.542279 0.0327148 0.0606618
1 0.405762 0.337776 0.0244141 0.0431985
