1 0.138672 0.602941 0.0234375 0.0496324
1 0.387939 0.69761 0.0180664 0.0386029
1 0.611084 0.0128676 0.0249023 0.0257353
1 0.858398 0.863971 0.0234375 0.0477941
1 0.17041 0.801471 0.0214844 0.0459559
1 0.680908 0.102941 0.0229492 0.0404412
1 0.731689 0.115349 0.0229492 0.0431985
0 0.834473 0.861673 0.0185547 0.0395221
1 0.557129 0.881434 0.0263672 0.0441176
0 0.44043 0.883732 0.0273438 0.046875
1 0.740234 0.165901 0.0234375 0.0431985
0 0.68042 0.107077 0.0229492 0.0395221
0 0.776123 0.711857 0.0229492 0.0450368
0 0.678467 0.0592831 0.0209961 0.0413603
0 0.912598 0.983456 0.0283203 0.0330882
1 0.879883 0.824449 0.0234375 0.0441176
0 0.857666 0.863971 0.0249023 0.0477941
0 0.587891 0.36443 0.0224609 0.0358456
0 0.877441 0.721048 0.0263672 0.046875
0 0.731934 0.115349 0.0234375 0.0431985
1 0.825928 0.955882 0.0297852 0.0496324
1 0.856201 0.252298 0.0249023 0.0431985
0 0.786133 0.59421 0.0273438 0.046875
0 0.880371 0.824908 0.0234375 0.0487132
0 0.826416 0.806066 0.0249023 0.0533088
0 0.828125 0.621783 0.0253906 0.0505515
1 0.408691 0.537684 0.0224609 0.0404412
1 0.381348 0.786765 0.0214844 0.0404412
1 0.806152 0.185662 0.0234375 0.0404412
1 0.475342 0.668658 0.0200195 0.0413603
1 0.575439 0.391085 0.0209961 0.0358456
0 0.753906 0.923713 0.0292969 0.0496324
1 0.439453 0.88557 0.0273438 0.046875
1 0.917236 0.494485 0.027832 0.0477941
1 0.828857 0.622243 0.0219727 0.0459559
1 0.403809 0.20818 0.0234375 0.0487132
0 0.825684 0.954963 0.0283203 0.0496324
1 0.534668 0.330882 0.0244141 0.0496324
1 0.678711 0.0606618 0.0234375 0.0404412
1 0.301025 0.66682 0.0219727 0.0413603
1 0.49292 0.671415 0.0219727 0.0413603
1 0.25708 0.84375 0.0249023 0.0441176
1 0.378174 0.691176 0.0229492 0.0441176
0 0.557373 0.884191 0.0268555 0.0441176
1 0.237305 0.712776 0.0234375 0.046875
1 0.31665 0.646599 0.0209961 0.0413603
1 0.838379 0.12454 0.0234375 0.0431985
0 0.755615 0.789522 0.0249023 0.0422794
1 0.572021 0.102941 0.0249023 0.0441176
1 0.414062 0.457261 0.0253906 0.0450368
1 0.88208 0.0863971 0.0200195 0.0422794
1 0.371094 0.539062 0.0253906 0.0450368
1 0.523438 0.0680147 0.0244141 0.0459559
1 0.929688 0.564338 0.0253906 0.0441176
1 0.0180664 0.196232 0.0253906 0.0505515
1 0.0908203 0.0321691 0.0332031 0.0496324
1 0.196045 0.941636 0.027832 0.0487132
1 0.391357 0.874081 0.0229492 0.0496324
1 0.390137 0.662224 0.0224609 0.0431985
1 0.858643 0.0840993 0.0200195 0.0431985
1 0.0146484 0.981618 0.0253906 0.0367647
0 0.565918 0.602022 0.0263672 0.0459559
1 0.926514 0.855239 0.0268555 0.046875
1 0.691162 0.386489 0.0258789 0.046875
1 0.410156 0.339614 0.0253906 0.0450368
1 0.0932617 0.601103 0.0214844 0.0422794
1 0.753418 0.923713 0.0273438 0.0533088
1 0.812012 0.301471 0.0244141 0.0422794
1 0.809326 0.118107 0.0219727 0.0431985
1 0.525391 0.268842 0.0244141 0.046875
1 0.0964355 0.358915 0.0249023 0.0450368
1 0.316406 0.155331 0.0224609 0.0441176
1 0.171875 0.0188419 0.0292969 0.0376838
1 0.078125 0.238511 0.0263672 0.0487132
1 0.210693 0.0785846 0.0258789 0.0505515
1 0.595703 0.297335 0.0244141 0.0395221
1 0.989014 0.174632 0.0219727 0.0496324
1 0.145996 0.586857 0.0195312 0.0431985
1 0.897705 0.106618 0.0219727 0.0441176
1 0.101562 0.523438 0.0234375 0.046875
1 0.196777 0.530331 0.0224609 0.0422794
1 0.0310059 0.409926 0.0219727 0.0404412
1 0.785645 0.271599 0.0234375 0.0450368
1 0.377686 0.368107 0.0249023 0.0431985
1 0.506104 0.178768 0.0258789 0.0450368
1 0.583008 0.247702 0.0234375 0.0431985
1 0.805664 0.209559 0.0234375 0.0404412
1 0.419189 0.944853 0.0258789 0.0496324
1 0.132568 0.608915 0.0209961 0.0413603
1 0.187256 0.482077 0.0239258 0.0450368
1 0.12207 0.821232 0.0253906 0.0450368
1 0.148193 0.234835 0.0249023 0.0431985
1 0.159424 0.48943 0.0219727 0.0395221
1 0.0944824 0.815257 0.027832 0.0514706
1 0.98291 0.918658 0.0283203 0.0542279
1 0.0236816 0.4375 0.0239258 0.0422794
1 0.335693 0.182904 0.0239258 0.0459559
1 0.164062 0.77114 0.0263672 0.0459559
1 0.23877 0.346048 0.0273438 0.0505515
1 0.313232 0.247243 0.0249023 0.0441176
1 0.228516 0.766544 0.0253906 0.0441176
1 0.205078 0.314338 0.0234375 0.0459559
1 0.152344 0.284007 0.0244141 0.0422794
