1 0.449951 0.514706 0.0209961 0.0404412
0 0.604248 0.471507 0.0200195 0.0441176
1 0.356201 0.801471 0.0288086 0.0422794
0 0.991455 0.118566 0.0170898 0.0459559
0 0.603271 0.0160846 0.0258789 0.0321691
0 0.697021 0.743107 0.0219727 0.0450368
1 0.979736 0.447151 0.0200195 0.0431985
1 0.732422 0.189798 0.0253906 0.0542279
1 0.70459 0.0298713 0.0205078 0.0358456
0 0.655518 0.314798 0.0170898 0.0358456
0 0.561035 0.516085 0.0205078 0.0376838
0 0.0737305 0.253217 0.0253906 0.0523897
1 0.463379 0.881893 0.0205078 0.0413603
1 0.359619 0.683364 0.027832 0.0505515
0 0.979736 0.443015 0.0200195 0.0441176
1 0.0117188 0.209099 0.0205078 0.0523897
1 0.0583496 0.882353 0.0229492 0.0404412
1 0.367432 0.794118 0.0229492 0.0404412
0 0.29541 0.80239 0.0214844 0.0422794
1 0.294922 0.801471 0.0244141 0.0404412
0 0.560303 0.875919 0.0249023 0.0459559
1 0.393555 0.657169 0.0234375 0.0459559
0 0.535889 0.501838 0.0239258 0.0441176
1 0.0644531 0.904412 0.0234375 0.0441176
1 0.602783 0.0147059 0.0239258 0.0294118
1 0.588867 0.21875 0.0234375 0.0404412
0 0.510742 0.0174632 0.0195312 0.0349265
0 0.828125 0.825827 0.0234375 0.046875
1 0.32666 0.625 0.0253906 0.0441176
0 0.731934 0.1875 0.0234375 0.0459559
0 0.619141 0.982996 0.0263672 0.0340074
0 0.297363 0.672794 0.0263672 0.0477941
0 0.782471 0.683824 0.0258789 0.0477941
1 0.617188 0.886949 0.0214844 0.0422794
0 0.703857 0.653033 0.0258789 0.0487132
0 0.878906 0.0776654 0.0214844 0.0413603
1 0.992188 0.119026 0.015625 0.0431985
1 0.382812 0.787224 0.0205078 0.0395221
1 0.696777 0.380515 0.0244141 0.0404412
1 0.195068 0.920496 0.0268555 0.046875
1 0.666748 0.392923 0.0229492 0.0450368
1 0.259277 0.845588 0.0283203 0.0496324
0 0.359863 0.682904 0.0263672 0.0459559
0 0.0107422 0.209099 0.0214844 0.0523897
1 0.519775 0.826287 0.0209961 0.0367647
1 0.431641 0.788143 0.0214844 0.0413603
0 0.560303 0.609835 0.0219727 0.046875
1 0.297363 0.672794 0.0273438 0.0496324
1 0.637207 0.882353 0.0234375 0.0404412
1 0.175537 0.827665 0.0268555 0.0487132
0 0.418701 0.963235 0.027832 0.0477941
1 0.52002 0.0716912 0.0234375 0.0422794
0 0.728027 0.636029 0.0224609 0.0459559
1 0.739502 0.914982 0.0288086 0.0487132
1 0.781738 0.684743 0.0273438 0.0459559
0 0.289795 0.774357 0.0229492 0.0413603
1 0.6604 0.0119485 0.0219727 0.0238971
0 0.350342 0.80239 0.0229492 0.0459559
1 0.373047 0.536305 0.0273438 0.046875
1 0.989014 0.817555 0.0200195 0.0413603
1 0.82666 0.826746 0.0234375 0.046875
1 0.364258 0.838695 0.0234375 0.0395221
1 0.688721 0.444853 0.0239258 0.0404412
1 0.908691 0.504136 0.0263672 0.0450368
1 0.0947266 0.348805 0.0263672 0.046875
0 0.530273 0.460938 0.0234375 0.0450368
1 0.0180664 0.465533 0.0263672 0.0505515
1 0.123535 0.475184 0.0244141 0.0441176
1 0.832764 0.127298 0.0249023 0.0431985
1 0.0141602 0.980239 0.0253906 0.0395221
1 0.0849609 0.599265 0.0244141 0.0477941
1 0.766357 0.0854779 0.0219727 0.0422794
1 0.67334 0.70864 0.0244141 0.0459559
1 0.604248 0.471967 0.0209961 0.0413603
1 0.782715 0.591452 0.0263672 0.0431985
1 0.696289 0.741728 0.0234375 0.0441176
1 0.802002 0.168199 0.0239258 0.0459559
1 0.838867 0.685202 0.0234375 0.0450368
1 0.800537 0.102941 0.0239258 0.0404412
1 0.433105 0.88511 0.0283203 0.0441176
1 0.645752 0.388327 0.0239258 0.0450368
1 0.032959 0.409007 0.0249023 0.0459559
0 0.234375 0.710018 0.0253906 0.046875
1 0.0739746 0.252298 0.0268555 0.0542279
1 0.447266 0.15579 0.0195312 0.0395221
1 0.460938 0.672794 0.0263672 0.0477941
1 0.130127 0.137408 0.0239258 0.0450368
1 0.513672 0.681985 0.0292969 0.0477941
1 0.732422 0.097886 0.0253906 0.046875
1 0.457031 0.170956 0.0195312 0.0386029
1 0.166504 0.772059 0.0253906 0.0496324
1 0.128418 0.828585 0.0263672 0.0505515
0 0.318115 0.878676 0.0249023 0.0477941
1 0.530762 0.808364 0.0234375 0.0395221
1 0.169678 0.0160846 0.0268555 0.0321691
1 0.579346 0.211397 0.0209961 0.0404412
1 0.885986 0.237592 0.0327148 0.0487132
1 0.828125 0.62546 0.0234375 0.0505515
1 0.852295 0.262408 0.0268555 0.0413603
1 0.117188 0.159926 0.0244141 0.0459559
0 0.257812 0.847426 0.0253906 0.0441176
1 0.206299 0.855239 0.0288086 0.0487132
1 0.377441 0.371324 0.0263672 0.0514706
1 0.067627 0.798713 0.0229492 0.0422794
1 0.197266 0.533088 0.0253906 0.0477941
1 0.914795 0.590993 0.0219727 0.0367647
1 0.990967 0.761489 0.0180664 0.0413603
1 0.673096 0.0569853 0.0239258 0.0422794
1 0.755859 0.789062 0.0253906 0.0450368
1 0.416748 0.783088 0.0219727 0.0441176
1 0.395508 0.870404 0.0253906 0.0496324
1 0.145996 0.588695 0.0263672 0.0487132
1 0.418701 0.961857 0.0268555 0.0450368
1 0.126465 0.502757 0.0214844 0.0459559
1 0.598633 0.300551 0.0234375 0.0441176
1 0.762939 0.0464154 0.0229492 0.0413603
0 0.269531 0.984375 0.0273438 0.03125
1 0.231201 0.345588 0.0239258 0.0477941
1 0.19873 0.363051 0.0244141 0.0404412
1 0.992188 0.55193 0.015625 0.0487132
1 0.159424 0.498162 0.0249023 0.0477941
1 0.879883 0.823989 0.0234375 0.0487132
1 0.406738 0.346507 0.0263672 0.0459559
1 0.612061 0.253217 0.0219727 0.0413603
1 0.762695 0.884651 0.0234375 0.0376838
1 0.813965 0.444393 0.0263672 0.0413603
1 0.56543 0.380515 0.0234375 0.0459559
1 0.855469 0.679688 0.0205078 0.0431985
1 0.713623 0.478401 0.0249023 0.0450368
1 0.776855 0.867647 0.0224609 0.0404412
1 0.94043 0.693474 0.0234375 0.0413603
1 0.457764 0.107077 0.0249023 0.0450368
1 0.942139 0.726562 0.0219727 0.0413603
1 0.092041 0.035386 0.0327148 0.0542279
1 0.590576 0.36443 0.0239258 0.0450368
1 0.394287 0.115809 0.0249023 0.0459559
1 0.184814 0.382353 0.0229492 0.0441176
1 0.458984 0.498162 0.0253906 0.0422794
1 0.597168 0.228401 0.0205078 0.0431985
1 0.186035 0.462776 0.0263672 0.0487132
1 0.408447 0.205423 0.0258789 0.046875
1 0.991455 0.179228 0.0170898 0.0422794
1 0.916992 0.616268 0.0234375 0.0395221
1 0.946045 0.316636 0.0268555 0.0450368
1 0.533203 0.338695 0.0253906 0.0450368
1 0.408203 0.537684 0.0253906 0.0459559
1 0.796875 0.404412 0.0234375 0.0422794
1 0.92041 0.839614 0.0263672 0.046875
1 0.222168 0.0767463 0.0263672 0.0487132
1 0.804932 0.236673 0.0258789 0.046875
1 0.972656 0.190257 0.0253906 0.0404412
1 0.15332 0.228401 0.0273438 0.0505515
1 0.678711 0.136949 0.0273438 0.0496324
1 0.855469 0.867647 0.0253906 0.0477941
1 0.0935059 0.8125 0.027832 0.0514706
1 0.80542 0.296415 0.0249023 0.0431985
1 0.14624 0.303768 0.0268555 0.0505515
1 0.959961 0.21921 0.0234375 0.0376838
1 0.029541 0.886029 0.0268555 0.0477941
1 0.57666 0.24954 0.0224609 0.0413603
1 0.932861 0.331801 0.0219727 0.0422794
1 0.915039 0.551471 0.0234375 0.0422794
1 0.572754 0.104779 0.0244141 0.0422794
1 0.224121 0.792739 0.0263672 0.0487132
1 0.499268 0.175092 0.0249023 0.046875
1 0.361084 0.165441 0.0239258 0.0441176
1 0.781006 0.274357 0.0258789 0.0450368
1 0.041748 0.927849 0.0249023 0.0450368
1 0.279541 0.192555 0.0229492 0.0413603
1 0.87793 0.706801 0.0234375 0.0441176
1 0.403076 0.159467 0.0229492 0.046875
1 0.530518 0.270221 0.0249023 0.0459559
1 0.132324 0.627757 0.0263672 0.0496324
1 0.306885 0.120404 0.0268555 0.0459559
1 0.981201 0.734835 0.0219727 0.0395221
1 0.109131 0.530331 0.0268555 0.0496324
1 0.831299 0.950827 0.0268555 0.046875
1 0.332031 0.200368 0.0253906 0.0441176
1 0.483643 0.134191 0.0249023 0.0477941
1 0.23999 0.0284926 0.0258789 0.0459559
1 0.209229 0.308364 0.0249023 0.0487132
1 0.268555 0.215074 0.0234375 0.0422794
1 0.963867 0.754136 0.0234375 0.0450368
1 0.414062 0.463695 0.0263672 0.0487132
1 0.316406 0.24954 0.0253906 0.0431985
1 0.442139 0.472426 0.0219727 0.0441176
1 0.98584 0.935662 0.0263672 0.0514706
1 0.365479 0.204044 0.0219727 0.0422794
