1 0.806885 0.988051 0.0297852 0.0238971
0 0.196777 0.941176 0.0273438 0.0404412
1 0.17041 0.800092 0.0224609 0.0450368
1 0.871826 0.117188 0.019043 0.0395221
1 0.329102 0.165901 0.0292969 0.0505515
0 0.258545 0.844669 0.0249023 0.0441176
0 0.911621 0.983456 0.03125 0.0330882
0 0.610596 0.0128676 0.0249023 0.0257353
1 0.588623 0.36489 0.0239258 0.0422794
1 0.377441 0.691636 0.0244141 0.0450368
0 0.654297 0.011489 0.0283203 0.0229779
0 0.680908 0.108915 0.0239258 0.0395221
1 0.681641 0.105699 0.0234375 0.0404412
0 0.523193 0.0684743 0.0249023 0.046875
0 0.834473 0.862592 0.0205078 0.0395221
1 0.855469 0.253217 0.0253906 0.0431985
0 0.375977 0.692555 0.0234375 0.0450368
0 0.828125 0.621783 0.0263672 0.0523897
0 0.390869 0.659926 0.0239258 0.0422794
1 0.877197 0.719669 0.0249023 0.0459559
1 0.496094 0.673713 0.0224609 0.0459559
0 0.678467 0.0597426 0.0219727 0.0422794
1 0.879883 0.824908 0.0234375 0.0450368
0 0.300781 0.667279 0.0234375 0.0441176
0 0.877441 0.720588 0.0283203 0.0477941
0 0.731934 0.112592 0.0234375 0.046875
0 0.496094 0.674173 0.0234375 0.046875
1 0.740234 0.169118 0.0253906 0.0459559
0 0.440674 0.884651 0.0288086 0.046875
0 0.405518 0.205882 0.0258789 0.0496324
0 0.410156 0.340074 0.0263672 0.0459559
0 0.778564 0.709099 0.0258789 0.0431985
0 0.857178 0.86443 0.0249023 0.046875
1 0.0175781 0.196691 0.0253906 0.0496324
1 0.825928 0.955882 0.0297852 0.0477941
0 0.880371 0.825827 0.0234375 0.0505515
1 0.439941 0.88557 0.0283203 0.046875
0 0.825684 0.955882 0.0283203 0.0496324
1 0.410156 0.340533 0.0273438 0.046875
1 0.258545 0.845588 0.027832 0.0477941
1 0.237061 0.711397 0.0239258 0.0441176
1 0.414795 0.457721 0.0268555 0.0441176
0 0.752686 0.922794 0.027832 0.0477941
0 0.587891 0.36443 0.0234375 0.0395221
0 0.474609 0.669577 0.0214844 0.0431985
1 0.196533 0.940257 0.0268555 0.0441176
1 0.534912 0.331342 0.0258789 0.0505515
1 0.371826 0.539522 0.0258789 0.0459559
1 0.829102 0.622243 0.0234375 0.0477941
1 0.573486 0.390625 0.0219727 0.0386029
1 0.6521 0.397518 0.0219727 0.0431985
1 0.678467 0.0606618 0.0239258 0.0422794
1 0.572021 0.102482 0.0258789 0.046875
1 0.522217 0.0689338 0.0239258 0.0459559
1 0.314941 0.149816 0.0244141 0.0441176
1 0.91626 0.494485 0.0297852 0.0477941
0 0.785156 0.59421 0.0292969 0.046875
1 0.928955 0.564338 0.0249023 0.0441176
0 0.319092 0.64614 0.0239258 0.0441176
1 0.381104 0.786765 0.0229492 0.0422794
1 0.0773926 0.23943 0.0268555 0.0487132
0 0.826416 0.807904 0.0249023 0.0533088
0 0.558594 0.882812 0.0253906 0.046875
1 0.666016 0.395221 0.0214844 0.0422794
1 0.838135 0.12454 0.0249023 0.0450368
1 0.806152 0.179688 0.0224609 0.0413603
1 0.0146484 0.982077 0.0253906 0.0358456
1 0.211182 0.0790441 0.0258789 0.0514706
0 0.755615 0.788603 0.0249023 0.0441176
1 0.88208 0.0859375 0.0219727 0.0431985
1 0.752441 0.922794 0.0273438 0.0496324
1 0.925781 0.85432 0.0263672 0.046875
1 0.0913086 0.03125 0.0332031 0.0514706
1 0.391602 0.875 0.0234375 0.0496324
1 0.171875 0.0188419 0.0292969 0.0376838
0 0.56543 0.602482 0.0273438 0.0450368
1 0.59668 0.295956 0.0234375 0.0441176
1 0.811768 0.301471 0.0249023 0.0441176
1 0.0964355 0.357077 0.0249023 0.0450368
1 0.0932617 0.601103 0.0214844 0.0422794
1 0.196533 0.530331 0.0229492 0.0422794
1 0.858643 0.0831801 0.0219727 0.0450368
1 0.525635 0.268842 0.0258789 0.0487132
1 0.37793 0.368566 0.0253906 0.0441176
1 0.187988 0.480699 0.0244141 0.0459559
1 0.808594 0.118107 0.0214844 0.0450368
1 0.335449 0.183824 0.0253906 0.0459559
1 0.989014 0.175092 0.0219727 0.0505515
1 0.691162 0.38557 0.0249023 0.046875
1 0.157715 0.491728 0.0224609 0.0422794
1 0.146484 0.585478 0.0205078 0.0422794
1 0.897461 0.107077 0.0234375 0.0450368
1 0.102295 0.523438 0.0239258 0.046875
1 0.151611 0.287224 0.0258789 0.0431985
1 0.163818 0.77114 0.0258789 0.0441176
1 0.147949 0.234375 0.0263672 0.0441176
1 0.58252 0.244945 0.0234375 0.0431985
1 0.785156 0.271599 0.0253906 0.046875
1 0.132812 0.609835 0.0214844 0.0413603
1 0.505371 0.17693 0.0263672 0.0487132
1 0.123535 0.822151 0.0263672 0.0450368
1 0.0310059 0.409926 0.0229492 0.0404412
1 0.80542 0.210478 0.0239258 0.0422794
1 0.419678 0.945312 0.0258789 0.0487132
1 0.0227051 0.442096 0.0219727 0.0422794
1 0.0942383 0.815257 0.0283203 0.0514706
1 0.23877 0.346048 0.0273438 0.0505515
1 0.227783 0.769301 0.0249023 0.0441176
1 0.98291 0.919118 0.0283203 0.0551471
1 0.313965 0.247243 0.0253906 0.0459559
1 0.205566 0.313879 0.0244141 0.046875
