1 0.858643 0.0836397 0.0200195 0.0441176
0 0.858643 0.0845588 0.0200195 0.0441176
0 0.917236 0.494026 0.0249023 0.0450368
1 0.561035 0.0744485 0.0224609 0.0441176
1 0.164062 0.772518 0.0292969 0.0542279
1 0.882812 0.241728 0.0214844 0.0459559
0 0.542969 0.90579 0.0302734 0.046875
1 0.857666 0.250919 0.0219727 0.0386029
1 0.259033 0.846507 0.0258789 0.0496324
0 0.776123 0.920956 0.0268555 0.0514706
1 0.93457 0.879136 0.0234375 0.0413603
1 0.0964355 0.0238971 0.0307617 0.0477941
0 0.933594 0.882353 0.0253906 0.0422794
1 0.828857 0.623621 0.0219727 0.046875
1 0.171631 0.0220588 0.0288086 0.0441176
1 0.810791 0.119485 0.0219727 0.0459559
1 0.92041 0.97886 0.03125 0.0422794
0 0.258789 0.846507 0.0253906 0.0514706
0 0.567627 0.597886 0.0297852 0.0523897
1 0.568848 0.597426 0.0273438 0.0477941
0 0.228271 0.337316 0.0219727 0.0459559
0 0.199951 0.95818 0.0317383 0.0523897
0 0.920898 0.980699 0.03125 0.0386029
0 0.410156 0.907169 0.0224609 0.0441176
0 0.543213 0.0592831 0.0209961 0.0413603
1 0.776367 0.920496 0.0273438 0.0523897
1 0.917236 0.493566 0.027832 0.0477941
1 0.824951 0.775735 0.0249023 0.0477941
0 0.391113 0.870864 0.0205078 0.046875
1 0.826416 0.955882 0.0297852 0.0514706
1 0.519775 0.202206 0.0219727 0.0422794
1 0.784668 0.272978 0.0224609 0.0459559
0 0.769531 0.765165 0.0244141 0.0395221
1 0.543457 0.908088 0.0283203 0.0477941
1 0.104736 0.383272 0.0297852 0.0588235
1 0.989014 0.172794 0.0219727 0.0496324
1 0.83667 0.124081 0.0219727 0.0422794
0 0.0852051 0.238511 0.0317383 0.0560662
0 0.758057 0.786305 0.0219727 0.0395221
0 0.796875 0.59329 0.0253906 0.046875
1 0.525146 0.270221 0.0219727 0.0386029
0 0.0219727 0.193934 0.0302734 0.0588235
1 0.871826 0.742647 0.0249023 0.0514706
1 0.391602 0.871783 0.0234375 0.0487132
0 0.105225 0.383272 0.0297852 0.0569853
0 0.871826 0.744026 0.0249023 0.046875
0 0.171875 0.0225184 0.0283203 0.0431985
0 0.212646 0.319853 0.0239258 0.0496324
1 0.199463 0.95818 0.0297852 0.0505515
1 0.879639 0.827206 0.0249023 0.0422794
0 0.826416 0.954044 0.0297852 0.0514706
1 0.528076 0.309743 0.0209961 0.0404412
1 0.938965 0.564798 0.0263672 0.0487132
0 0.438965 0.884651 0.0234375 0.046875
0 0.164795 0.77114 0.0288086 0.0496324
1 0.867188 0.85432 0.0234375 0.0450368
1 0.803955 0.301011 0.0229492 0.0450368
0 0.829102 0.623162 0.0234375 0.0477941
0 0.561035 0.0735294 0.0205078 0.0422794
1 0.975098 0.892004 0.0263672 0.0431985
1 0.311279 0.244485 0.0268555 0.0459559
0 0.192871 0.0556066 0.0283203 0.0542279
1 0.689697 0.386949 0.0297852 0.0606618
1 0.414795 0.455423 0.0239258 0.0431985
1 0.40918 0.340533 0.0234375 0.046875
1 0.378174 0.369026 0.0249023 0.0450368
1 0.392334 0.236673 0.0258789 0.0505515
1 0.189453 0.54182 0.03125 0.0579044
