0 0.568359 0.596967 0.0302734 0.0579044
0 0.858643 0.0840993 0.0219727 0.046875
0 0.789307 0.925092 0.0258789 0.0505515
0 0.835938 0.122702 0.0214844 0.046875
0 0.960938 0.868566 0.0253906 0.0441176
0 0.101807 0.0225184 0.034668 0.0450368
0 0.834473 0.77068 0.03125 0.0505515
1 0.834229 0.12546 0.0249023 0.0450368
0 0.189697 0.54182 0.034668 0.0707721
1 0.102051 0.0238971 0.0341797 0.0477941
1 0.78833 0.925092 0.0268555 0.0487132
0 0.922607 0.977022 0.0297852 0.0459559
0 0.799316 0.594669 0.0283203 0.0514706
1 0.948486 0.561121 0.0249023 0.046875
1 0.83374 0.768382 0.0297852 0.0533088
0 0.872559 0.746324 0.0283203 0.0477941
1 0.109375 0.386949 0.0292969 0.0643382
1 0.310303 0.23943 0.0307617 0.0560662
1 0.816406 0.119485 0.0234375 0.0477941
0 0.816406 0.117647 0.0234375 0.0459559
1 0.923584 0.975643 0.0297852 0.0431985
0 0.30957 0.238971 0.0302734 0.0551471
1 0.960938 0.869945 0.0253906 0.0413603
0 0.828857 0.623162 0.0249023 0.0496324
1 0.56958 0.596048 0.027832 0.0505515
0 0.93457 0.882353 0.0234375 0.0404412
1 0.385254 0.255974 0.0283203 0.0487132
1 0.829102 0.625 0.0234375 0.0477941
1 0.800049 0.59421 0.0268555 0.0505515
1 0.203125 0.957261 0.0302734 0.0542279
0 0.439209 0.881434 0.0336914 0.0569853
1 0.988281 0.172794 0.0234375 0.0514706
0 0.0849609 0.238051 0.0361328 0.0588235
0 0.258789 0.846967 0.0273438 0.0505515
0 0.202393 0.957261 0.027832 0.0505515
1 0.872559 0.745864 0.0283203 0.046875
1 0.91626 0.494945 0.0249023 0.046875
0 0.164795 0.772518 0.027832 0.0542279
0 0.108887 0.389246 0.0292969 0.0615809
1 0.416016 0.454504 0.0253906 0.0487132
1 0.377197 0.367188 0.0219727 0.0413603
0 0.0222168 0.193474 0.0336914 0.0670956
1 0.825684 0.953585 0.0283203 0.0487132
1 0.393311 0.34329 0.0258789 0.0413603
1 0.689941 0.389706 0.03125 0.0643382
1 0.189209 0.54136 0.034668 0.0661765
