1 0.852295 0.0795037 0.0219727 0.0395221
1 0.652344 0.340074 0.0214844 0.0367647
1 0.394043 0.654871 0.0244141 0.0431985
0 0.765625 0.0882353 0.0205078 0.0422794
0 0.0961914 0.347426 0.0283203 0.0496324
1 0.839844 0.686121 0.0253906 0.0431985
1 0.0065918 0.914062 0.0131836 0.0413603
1 0.696045 0.185662 0.0200195 0.0386029
1 0.49292 0.939338 0.0219727 0.0367647
1 0.782715 0.683364 0.0283203 0.046875
0 0.19458 0.91636 0.0249023 0.0422794
0 0.498535 0.931526 0.0195312 0.0376838
0 0.561035 0.517923 0.0195312 0.0395221
1 0.384033 0.785846 0.0200195 0.0386029
0 0.616699 0.982996 0.0244141 0.0340074
1 0.210449 0.636029 0.0214844 0.0386029
0 0.710693 0.0183824 0.0209961 0.0275735
0 0.354248 0.844669 0.0200195 0.0367647
1 0.799072 0.103401 0.0209961 0.0358456
1 0.695312 0.745404 0.0234375 0.0459559
0 0.224121 0.794577 0.0283203 0.046875
0 0.652344 0.340074 0.0205078 0.0330882
1 0.878906 0.0795037 0.0234375 0.0431985
0 0.980469 0.444853 0.0205078 0.0422794
1 0.672607 0.70818 0.0239258 0.0450368
0 0.839111 0.686121 0.0219727 0.0431985
1 0.168457 0.774357 0.0234375 0.0450368
1 0.82959 0.517923 0.0205078 0.0358456
1 0.731689 0.190257 0.0239258 0.0496324
1 0.194336 0.91682 0.0253906 0.0450368
1 0.258301 0.846967 0.0283203 0.0487132
0 0.601807 0.0142463 0.0249023 0.0284926
0 0.395508 0.11489 0.0244141 0.0477941
0 0.756592 0.790441 0.0268555 0.0514706
1 0.365479 0.841452 0.0209961 0.0395221
0 0.60083 0.455423 0.0200195 0.0395221
1 0.0178223 0.466452 0.0258789 0.0505515
0 0.878906 0.078125 0.0214844 0.0422794
1 0.684814 0.444853 0.0229492 0.0404412
0 0.327393 0.623621 0.0239258 0.0431985
0 0.560303 0.876838 0.0249023 0.0441176
1 0.766113 0.0863971 0.0195312 0.0404412
1 0.419434 0.963235 0.0273438 0.0441176
1 0.697998 0.377757 0.0209961 0.0386029
1 0.878174 0.703125 0.0219727 0.0422794
1 0.0131836 0.97932 0.0263672 0.0413603
1 0.12793 0.827665 0.0244141 0.046875
0 0.696045 0.745404 0.0200195 0.0459559
1 0.556152 0.307904 0.0205078 0.0367647
0 0.0839844 0.600643 0.0273438 0.0523897
1 0.660156 0.011489 0.0214844 0.0229779
0 0.207764 0.613051 0.0219727 0.0404412
1 0.0837402 0.601562 0.0249023 0.0505515
0 0.0732422 0.254596 0.0244141 0.0496324
0 0.209717 0.637868 0.019043 0.0367647
0 0.367676 0.794577 0.0224609 0.0413603
0 0.123291 0.473346 0.0249023 0.0422794
1 0.296875 0.802849 0.0234375 0.0431985
1 0.0817871 0.715074 0.0219727 0.0404412
1 0.760254 0.214614 0.0185547 0.0358456
1 0.175781 0.829044 0.0244141 0.0441176
1 0.908691 0.507353 0.0234375 0.0386029
1 0.702637 0.190257 0.0205078 0.0386029
0 0.509277 0.0170037 0.0195312 0.0340074
0 0.616455 0.887868 0.0229492 0.0441176
0 0.639404 0.881434 0.0219727 0.0441176
0 0.418945 0.963695 0.0273438 0.046875
0 0.0170898 0.466912 0.0263672 0.0551471
1 0.764404 0.0431985 0.0200195 0.0386029
1 0.0517578 0.811581 0.0234375 0.0422794
0 0.666016 0.392923 0.0214844 0.0431985
1 0.206787 0.856158 0.0268555 0.046875
0 0.558594 0.610294 0.0224609 0.0422794
1 0.855469 0.679688 0.0214844 0.0431985
1 0.122803 0.472426 0.0239258 0.0404412
1 0.645264 0.387408 0.0229492 0.0431985
0 0.0141602 0.980699 0.0244141 0.0386029
0 0.28833 0.772059 0.0229492 0.0422794
1 0.0581055 0.879136 0.0224609 0.0395221
0 0.729736 0.188879 0.0239258 0.046875
1 0.969482 0.678768 0.0200195 0.0340074
0 0.463623 0.881893 0.0209961 0.0413603
1 0.481689 0.884651 0.0209961 0.0395221
0 0.606201 0.483915 0.0219727 0.0395221
1 0.0961914 0.346967 0.0263672 0.046875
1 0.563965 0.378217 0.0224609 0.0450368
1 0.0651855 0.905331 0.0239258 0.0441176
0 0.167969 0.772059 0.0234375 0.0477941
0 0.357666 0.681526 0.0239258 0.0395221
0 0.034668 0.409007 0.0253906 0.0496324
1 0.431885 0.790441 0.0219727 0.0404412
1 0.828125 0.626379 0.0205078 0.0450368
1 0.514893 0.683824 0.027832 0.0477941
0 0.296631 0.674632 0.0239258 0.0459559
1 0.371338 0.537224 0.0249023 0.046875
0 0.703857 0.651654 0.0239258 0.0459559
1 0.762207 0.889706 0.0244141 0.0422794
0 0.535645 0.504136 0.0244141 0.0413603
1 0.702637 0.0372243 0.0205078 0.0321691
1 0.572754 0.216912 0.0224609 0.0404412
1 0.394775 0.869026 0.0219727 0.0450368
0 0.296143 0.802849 0.0219727 0.0431985
0 0.428467 0.884651 0.0239258 0.0431985
1 0.832031 0.127757 0.0253906 0.0404412
1 0.126709 0.503676 0.0209961 0.0441176
1 0.879639 0.823989 0.0219727 0.046875
0 0.783203 0.682904 0.0253906 0.0459559
1 0.80249 0.168199 0.0249023 0.0422794
0 0.728027 0.633272 0.0224609 0.0459559
1 0.733154 0.0955882 0.0239258 0.0441176
1 0.598389 0.300551 0.0219727 0.0422794
1 0.197754 0.358915 0.0244141 0.0431985
1 0.0732422 0.255055 0.0263672 0.0523897
1 0.755615 0.788143 0.0249023 0.0450368
1 0.460205 0.674173 0.027832 0.0487132
1 0.582764 0.201746 0.0219727 0.0340074
0 0.348877 0.801471 0.0219727 0.0441176
0 0.67334 0.709099 0.0234375 0.0450368
1 0.782227 0.589154 0.0273438 0.0422794
1 0.108643 0.53125 0.0258789 0.0477941
1 0.991699 0.762408 0.0166016 0.0395221
1 0.131348 0.136489 0.0244141 0.0450368
1 0.394531 0.113971 0.0234375 0.0441176
1 0.931396 0.33364 0.0219727 0.0404412
1 0.851562 0.263327 0.0263672 0.0413603
1 0.168945 0.0160846 0.0273438 0.0321691
1 0.520508 0.0721507 0.0234375 0.0431985
1 0.445801 0.15579 0.0205078 0.0431985
0 0.736572 0.911305 0.0258789 0.0487132
0 0.0102539 0.211397 0.0205078 0.0514706
1 0.146484 0.588235 0.0234375 0.0459559
1 0.238037 0.0294118 0.0268555 0.0459559
1 0.888184 0.238051 0.0283203 0.0477941
0 0.234375 0.709559 0.0244141 0.0441176
1 0.612061 0.252757 0.0219727 0.0404412
1 0.59668 0.22932 0.0195312 0.0413603
1 0.990479 0.185202 0.0170898 0.0431985
1 0.673096 0.0519301 0.0239258 0.0431985
1 0.914062 0.548254 0.0234375 0.0395221
1 0.160645 0.496783 0.0253906 0.046875
1 0.591309 0.367188 0.0234375 0.0413603
1 0.834473 0.948529 0.0283203 0.0441176
0 0.656006 0.309743 0.0219727 0.0386029
1 0.0424805 0.931066 0.0234375 0.0422794
1 0.117676 0.159467 0.0244141 0.0450368
1 0.0688477 0.799632 0.0234375 0.0441176
1 0.40332 0.160386 0.0234375 0.0431985
0 0.318604 0.87546 0.0249023 0.046875
1 0.197754 0.534926 0.0253906 0.0477941
1 0.943604 0.732077 0.0219727 0.0395221
1 0.941406 0.693474 0.0253906 0.0413603
1 0.184814 0.460478 0.0249023 0.0459559
1 0.36084 0.164522 0.0234375 0.0422794
1 0.0925293 0.0358456 0.0327148 0.0551471
0 0.258057 0.847886 0.0249023 0.0431985
1 0.376709 0.369945 0.0258789 0.0505515
1 0.40918 0.205423 0.0253906 0.0450368
1 0.0939941 0.8125 0.0258789 0.0477941
1 0.229492 0.34421 0.0234375 0.0450368
1 0.223877 0.795037 0.0258789 0.0441176
1 0.2229 0.0767463 0.0249023 0.0487132
1 0.989746 0.128217 0.0185547 0.0431985
1 0.911865 0.590533 0.0219727 0.0358456
1 0.992676 0.554688 0.0146484 0.046875
0 0.529297 0.45818 0.0214844 0.0431985
1 0.029541 0.888327 0.0268555 0.046875
1 0.406738 0.347426 0.0263672 0.0459559
1 0.132812 0.630515 0.0253906 0.0477941
1 0.776611 0.86443 0.0229492 0.0395221
1 0.714111 0.480239 0.0258789 0.0450368
1 0.458252 0.106618 0.0249023 0.0422794
1 0.459473 0.171875 0.0205078 0.0422794
1 0.689209 0.179688 0.0219727 0.0376838
1 0.855469 0.868566 0.0253906 0.0459559
1 0.154297 0.228401 0.0263672 0.0487132
1 0.919678 0.838235 0.0249023 0.0477941
1 0.576904 0.25 0.0239258 0.0422794
1 0.519531 0.827206 0.0214844 0.0404412
1 0.331543 0.200827 0.0244141 0.0431985
1 0.677979 0.138327 0.0258789 0.0487132
1 0.305908 0.118107 0.0249023 0.0450368
1 0.415283 0.780331 0.0219727 0.0441176
1 0.460205 0.49954 0.0249023 0.0413603
1 0.572266 0.105239 0.0234375 0.0413603
1 0.813232 0.445312 0.0249023 0.0431985
1 0.145752 0.303768 0.0268555 0.0487132
1 0.80542 0.23989 0.0249023 0.0422794
1 0.981201 0.736673 0.0200195 0.0376838
1 0.960938 0.222426 0.0253906 0.0386029
1 0.407959 0.537684 0.0258789 0.0459559
0 0.268799 0.984375 0.0268555 0.03125
1 0.498047 0.175551 0.0263672 0.0514706
1 0.795898 0.401654 0.0234375 0.0422794
1 0.18335 0.381434 0.0239258 0.0422794
1 0.531982 0.338695 0.0229492 0.0431985
1 0.964844 0.755055 0.0234375 0.0431985
1 0.281738 0.188879 0.0244141 0.0413603
1 0.947021 0.316176 0.0249023 0.0441176
1 0.209961 0.307904 0.0253906 0.0477941
1 0.316162 0.251379 0.0258789 0.046875
1 0.366455 0.204044 0.0219727 0.0441176
1 0.972656 0.188419 0.0234375 0.0422794
1 0.780029 0.274816 0.0239258 0.0422794
1 0.803955 0.295037 0.0249023 0.0441176
1 0.918945 0.616268 0.0234375 0.0413603
1 0.531738 0.804228 0.0234375 0.0422794
1 0.483643 0.134191 0.0249023 0.0459559
1 0.531494 0.269761 0.0258789 0.0450368
1 0.413574 0.464154 0.0263672 0.0496324
1 0.986816 0.936581 0.0263672 0.0496324
1 0.267578 0.214614 0.0244141 0.0431985
1 0.441895 0.472426 0.0224609 0.0441176
