1 0.876465 0.721048 0.0283203 0.046875
1 0.533447 0.323989 0.0209961 0.0413603
0 0.928223 0.858915 0.0263672 0.0505515
1 0.80542 0.988051 0.0297852 0.0238971
0 0.825928 0.953585 0.0297852 0.0487132
1 0.88916 0.0951287 0.0234375 0.0450368
0 0.566406 0.597426 0.0292969 0.0514706
1 0.85791 0.253217 0.0234375 0.0395221
0 0.91333 0.982996 0.027832 0.0340074
0 0.876465 0.723346 0.0263672 0.0459559
1 0.917236 0.493107 0.027832 0.046875
1 0.787354 0.592831 0.0249023 0.0459559
1 0.566895 0.600643 0.0273438 0.046875
1 0.826416 0.798713 0.0249023 0.0496324
1 0.774658 0.71921 0.0239258 0.0450368
1 0.553955 0.886029 0.0258789 0.0422794
1 0.828857 0.622702 0.0219727 0.046875
1 0.755615 0.789522 0.0249023 0.0441176
1 0.880371 0.825827 0.0234375 0.0450368
1 0.93042 0.56296 0.0268555 0.0450368
1 0.13208 0.606158 0.0200195 0.0413603
1 0.690674 0.386029 0.0258789 0.0477941
1 0.235596 0.716912 0.0209961 0.0404412
1 0.759033 0.926471 0.0288086 0.0514706
1 0.257324 0.84375 0.0244141 0.0441176
1 0.85791 0.861673 0.0234375 0.046875
1 0.838379 0.12454 0.0234375 0.0431985
1 0.172363 0.0202206 0.0283203 0.0404412
1 0.0195312 0.195772 0.0253906 0.0514706
1 0.571777 0.103401 0.0224609 0.0431985
1 0.825928 0.955882 0.0297852 0.0496324
1 0.0913086 0.0303309 0.0341797 0.0477941
1 0.0146484 0.981618 0.0263672 0.0367647
1 0.196289 0.948529 0.0273438 0.0477941
1 0.142578 0.590074 0.0205078 0.0441176
1 0.20752 0.078125 0.0244141 0.0477941
1 0.98291 0.915441 0.0283203 0.0551471
1 0.928711 0.858915 0.0234375 0.046875
1 0.896729 0.107077 0.0219727 0.0431985
1 0.98877 0.174632 0.0224609 0.0477941
1 0.589111 0.256893 0.0219727 0.0340074
1 0.399658 0.214614 0.0249023 0.0487132
1 0.233154 0.757812 0.0219727 0.0413603
1 0.858643 0.0840993 0.0219727 0.0431985
1 0.0849609 0.237132 0.0292969 0.0533088
1 0.591064 0.284926 0.0219727 0.0367647
1 0.439453 0.88511 0.0253906 0.0441176
1 0.740967 0.153952 0.0209961 0.0395221
1 0.524658 0.268382 0.0239258 0.0477941
1 0.531494 0.0657169 0.0258789 0.0450368
1 0.809326 0.119026 0.0219727 0.0431985
1 0.730713 0.117647 0.0209961 0.0422794
1 0.883545 0.0877757 0.0200195 0.0431985
1 0.0991211 0.526195 0.0273438 0.0487132
1 0.508301 0.185662 0.0244141 0.0441176
1 0.391846 0.873621 0.0229492 0.0487132
1 0.371338 0.539982 0.0258789 0.0450368
1 0.11792 0.818934 0.0229492 0.0459559
1 0.196777 0.529412 0.0234375 0.0441176
1 0.186768 0.484835 0.0219727 0.0450368
1 0.414551 0.457261 0.0244141 0.0431985
1 0.162598 0.483456 0.0234375 0.0441176
1 0.0942383 0.599724 0.0234375 0.0431985
1 0.811768 0.300551 0.0249023 0.0441176
1 0.164307 0.77068 0.0268555 0.0487132
1 0.378174 0.367647 0.0249023 0.0422794
1 0.785645 0.271599 0.0234375 0.046875
1 0.416748 0.942096 0.0258789 0.0496324
1 0.0969238 0.814798 0.0258789 0.046875
1 0.409912 0.340074 0.0249023 0.0441176
1 0.147949 0.235294 0.0234375 0.0404412
1 0.311035 0.245864 0.0263672 0.0487132
1 0.0991211 0.363971 0.0263672 0.0459559
1 0.239014 0.34421 0.027832 0.0505515
1 0.205322 0.314798 0.0239258 0.046875
1 0.155029 0.27068 0.0229492 0.0413603
1 0.404785 0.538603 0.0234375 0.0441176
