0 0.813232 0.120864 0.0249023 0.0523897
0 0.787598 0.92693 0.0263672 0.0487132
0 0.835938 0.123162 0.0214844 0.0459559
1 0.52417 0.210018 0.0180664 0.0413603
0 0.101562 0.0225184 0.0341797 0.0450368
0 0.189941 0.54136 0.0341797 0.0698529
1 0.101807 0.0234375 0.0336914 0.046875
1 0.787354 0.926011 0.0268555 0.0487132
0 0.960938 0.868566 0.0253906 0.0441176
0 0.83374 0.77114 0.0297852 0.0514706
0 0.799316 0.595129 0.0283203 0.0505515
1 0.8125 0.120404 0.0214844 0.0496324
1 0.835205 0.12546 0.0219727 0.0450368
0 0.825928 0.954044 0.0297852 0.0514706
0 0.922607 0.976562 0.027832 0.0431985
1 0.527588 0.304688 0.0209961 0.0358456
1 0.923584 0.975643 0.0297852 0.0431985
1 0.832764 0.769761 0.0297852 0.0542279
0 0.309814 0.23943 0.0297852 0.0542279
0 0.828857 0.623162 0.0249023 0.0477941
0 0.872559 0.746324 0.0283203 0.0477941
1 0.96167 0.870404 0.0249023 0.0422794
1 0.94751 0.560662 0.0249023 0.0477941
1 0.202881 0.957261 0.0297852 0.0523897
0 0.439209 0.882353 0.0336914 0.0551471
1 0.56958 0.596507 0.027832 0.0496324
1 0.310303 0.23989 0.0307617 0.0533088
1 0.828857 0.62454 0.0219727 0.046875
1 0.800049 0.594669 0.0268555 0.0496324
0 0.164551 0.772518 0.0283203 0.0542279
0 0.258789 0.846967 0.0273438 0.0487132
1 0.385254 0.256434 0.0253906 0.0477941
1 0.98877 0.172335 0.0224609 0.0505515
1 0.872559 0.745864 0.0283203 0.046875
0 0.934326 0.882812 0.0249023 0.0395221
0 0.202393 0.957261 0.027832 0.0487132
1 0.91626 0.495864 0.0249023 0.046875
0 0.0852051 0.238971 0.034668 0.0606618
1 0.415527 0.454963 0.0234375 0.0459559
0 0.109131 0.389246 0.0288086 0.0615809
0 0.0222168 0.193015 0.0336914 0.0680147
1 0.377197 0.367188 0.0219727 0.0413603
1 0.825928 0.954504 0.0297852 0.0505515
1 0.689941 0.389706 0.0302734 0.0643382
1 0.189209 0.54182 0.0336914 0.0652574
1 0.394287 0.34329 0.0249023 0.0413603
