1 0.882812 0.242647 0.0214844 0.0459559
1 0.858643 0.0840993 0.0219727 0.0450368
0 0.977295 0.89568 0.0297852 0.0487132
0 0.916992 0.493566 0.0234375 0.0441176
0 0.804443 0.303309 0.0219727 0.0441176
1 0.772217 0.922794 0.0268555 0.0496324
1 0.312256 0.892463 0.027832 0.0496324
0 0.545166 0.905331 0.0258789 0.0496324
1 0.920898 0.97886 0.03125 0.0422794
1 0.543945 0.058364 0.0234375 0.0413603
1 0.858643 0.254596 0.0219727 0.0404412
1 0.828857 0.623162 0.0219727 0.0477941
1 0.195801 0.0602022 0.0244141 0.046875
0 0.258789 0.846507 0.0253906 0.0514706
1 0.54541 0.907629 0.0263672 0.0487132
1 0.10376 0.381893 0.0297852 0.0560662
0 0.825684 0.778033 0.0263672 0.0450368
1 0.917236 0.492188 0.0297852 0.046875
0 0.171631 0.0225184 0.027832 0.0413603
1 0.0957031 0.0238971 0.0292969 0.0422794
0 0.438965 0.884651 0.0244141 0.046875
0 0.689453 0.388327 0.0292969 0.0597426
0 0.564697 0.0799632 0.0219727 0.0422794
0 0.567627 0.596967 0.0297852 0.0542279
1 0.786133 0.272518 0.0234375 0.0450368
1 0.259033 0.846507 0.0258789 0.0496324
1 0.824219 0.777114 0.0253906 0.0450368
1 0.810791 0.119485 0.0219727 0.0459559
1 0.936768 0.565257 0.0268555 0.0459559
0 0.933594 0.881434 0.0234375 0.0422794
1 0.519531 0.201287 0.0214844 0.0404412
1 0.568848 0.597886 0.0273438 0.0487132
0 0.198975 0.95818 0.0317383 0.0523897
0 0.794922 0.592371 0.0253906 0.046875
1 0.866211 0.857077 0.0234375 0.046875
0 0.920898 0.980239 0.03125 0.0395221
0 0.195068 0.0625 0.0268555 0.0477941
1 0.989014 0.172794 0.0219727 0.0477941
1 0.83667 0.12454 0.0219727 0.0431985
1 0.879639 0.827206 0.0249023 0.0441176
0 0.0852051 0.238511 0.0307617 0.0542279
1 0.872803 0.741268 0.0249023 0.0505515
0 0.772461 0.922794 0.0273438 0.0496324
0 0.0222168 0.193474 0.027832 0.0542279
1 0.198975 0.95864 0.0288086 0.0496324
0 0.230713 0.339154 0.0229492 0.0496324
1 0.524902 0.269301 0.0224609 0.0404412
1 0.171387 0.0220588 0.0273438 0.0404412
0 0.75708 0.789982 0.0239258 0.0413603
1 0.804688 0.301471 0.0234375 0.0459559
0 0.871826 0.743566 0.0249023 0.0459559
1 0.527588 0.309743 0.0209961 0.0404412
1 0.410156 0.909926 0.0224609 0.0441176
0 0.104248 0.382353 0.0297852 0.0533088
0 0.165039 0.77068 0.0292969 0.0505515
0 0.828857 0.622702 0.0249023 0.0487132
1 0.689697 0.387408 0.0297852 0.0597426
1 0.391357 0.871783 0.0229492 0.0487132
0 0.826416 0.954504 0.0297852 0.0505515
0 0.769531 0.762408 0.0253906 0.0413603
1 0.977295 0.894761 0.0268555 0.0450368
1 0.311279 0.244945 0.0268555 0.0450368
0 0.208984 0.317555 0.0253906 0.0505515
1 0.414795 0.456342 0.0249023 0.0431985
1 0.393311 0.233456 0.0249023 0.0459559
1 0.378662 0.368566 0.0258789 0.0459559
1 0.408936 0.339614 0.0239258 0.0450368
1 0.189697 0.542279 0.0297852 0.0551471
