1 0.559326 0.879596 0.0288086 0.0496324
1 0.871094 0.117188 0.0185547 0.0395221
1 0.196045 0.846507 0.0268555 0.0367647
1 0.32959 0.165901 0.0292969 0.0505515
1 0.377197 0.691636 0.0249023 0.0450368
0 0.911621 0.983456 0.03125 0.0330882
0 0.610596 0.0128676 0.0249023 0.0257353
0 0.196777 0.940257 0.0273438 0.0422794
1 0.855469 0.253676 0.0234375 0.0422794
1 0.681641 0.106618 0.0244141 0.0404412
1 0.588623 0.36443 0.0249023 0.0431985
0 0.834473 0.862592 0.0205078 0.0395221
0 0.739746 0.168199 0.0234375 0.0477941
0 0.654785 0.011489 0.0283203 0.0229779
0 0.680908 0.108915 0.0239258 0.0395221
0 0.258545 0.844669 0.0249023 0.0441176
1 0.0170898 0.197151 0.0273438 0.0542279
1 0.564941 0.60386 0.0273438 0.0441176
0 0.522705 0.0680147 0.0249023 0.0459559
0 0.496582 0.674632 0.0234375 0.0477941
0 0.410156 0.340074 0.0263672 0.0459559
0 0.391113 0.659467 0.0244141 0.0413603
1 0.603271 0.241268 0.0209961 0.0413603
1 0.879883 0.824908 0.0234375 0.0450368
0 0.405518 0.204963 0.0258789 0.0496324
0 0.440674 0.884191 0.0288086 0.0514706
0 0.375977 0.692555 0.0234375 0.0450368
0 0.778564 0.70864 0.0258789 0.0441176
0 0.825684 0.954963 0.0263672 0.0496324
0 0.877441 0.720588 0.0283203 0.0477941
0 0.0175781 0.196691 0.0253906 0.0496324
0 0.587891 0.36443 0.0234375 0.0395221
1 0.740234 0.169118 0.0253906 0.0459559
0 0.731689 0.111673 0.0229492 0.0450368
0 0.301025 0.66682 0.0239258 0.0450368
0 0.752686 0.922794 0.027832 0.0477941
0 0.828857 0.621324 0.0268555 0.0514706
1 0.237793 0.712316 0.0234375 0.0477941
0 0.678467 0.0597426 0.0219727 0.0422794
1 0.496582 0.674173 0.0224609 0.046875
1 0.414795 0.45818 0.0268555 0.0450368
0 0.857178 0.86443 0.0249023 0.0487132
1 0.829102 0.623162 0.0234375 0.0477941
1 0.678955 0.0602022 0.0239258 0.0413603
0 0.880371 0.824908 0.0234375 0.0505515
1 0.928955 0.564338 0.0249023 0.0441176
1 0.439941 0.88557 0.0283203 0.0487132
1 0.534668 0.33318 0.0244141 0.0450368
1 0.258789 0.845588 0.0283203 0.0459559
1 0.0771484 0.23989 0.0273438 0.0496324
1 0.915771 0.495404 0.0297852 0.0477941
0 0.474365 0.670496 0.0219727 0.0450368
1 0.371582 0.539522 0.0263672 0.0477941
1 0.825928 0.955423 0.0297852 0.0487132
1 0.4104 0.340533 0.027832 0.046875
1 0.196533 0.940257 0.0268555 0.0441176
1 0.522217 0.0689338 0.0239258 0.0459559
1 0.572021 0.102941 0.0258789 0.0477941
1 0.652344 0.397059 0.0214844 0.0422794
1 0.381104 0.786765 0.0229492 0.0422794
0 0.826416 0.808824 0.0249023 0.0533088
1 0.572998 0.390625 0.0229492 0.0386029
1 0.314941 0.149357 0.0244141 0.0450368
1 0.838135 0.12454 0.0249023 0.0450368
0 0.558594 0.882353 0.0253906 0.0477941
1 0.211426 0.0795037 0.0263672 0.0523897
0 0.755615 0.788603 0.0258789 0.0441176
0 0.319336 0.644761 0.0244141 0.0450368
1 0.0146484 0.981618 0.0253906 0.0367647
1 0.88208 0.0859375 0.0219727 0.0431985
1 0.925781 0.85386 0.0263672 0.0459559
1 0.66626 0.394761 0.0209961 0.0413603
0 0.7854 0.59421 0.0288086 0.046875
1 0.0913086 0.0317096 0.0332031 0.0523897
1 0.0964355 0.356158 0.0258789 0.0450368
0 0.56543 0.602941 0.0273438 0.0459559
1 0.751953 0.922794 0.0273438 0.0496324
1 0.806152 0.179228 0.0224609 0.0422794
1 0.172119 0.0188419 0.0297852 0.0376838
1 0.188232 0.480239 0.0249023 0.046875
1 0.858643 0.0836397 0.0219727 0.0441176
1 0.391602 0.875 0.0234375 0.0496324
1 0.196777 0.529871 0.0234375 0.0431985
1 0.0930176 0.601103 0.0219727 0.0441176
1 0.596436 0.295496 0.0229492 0.0431985
1 0.525635 0.268842 0.0258789 0.0487132
1 0.163574 0.77114 0.0263672 0.0459559
1 0.80835 0.118107 0.0219727 0.0450368
1 0.812012 0.301471 0.0263672 0.0441176
1 0.157471 0.492188 0.0229492 0.0431985
1 0.146484 0.585018 0.0205078 0.0431985
1 0.151855 0.288143 0.0253906 0.0450368
1 0.37793 0.368566 0.0253906 0.0459559
1 0.897461 0.106618 0.0234375 0.0459559
1 0.102295 0.523897 0.0239258 0.0459559
1 0.989014 0.175092 0.0219727 0.0505515
1 0.691162 0.38557 0.0249023 0.046875
1 0.335449 0.183824 0.0253906 0.0459559
1 0.132568 0.609835 0.0219727 0.0413603
1 0.123779 0.822151 0.0268555 0.0450368
1 0.147705 0.234375 0.0268555 0.0441176
1 0.03125 0.409926 0.0234375 0.0422794
1 0.0224609 0.442555 0.0224609 0.0413603
1 0.80542 0.210478 0.0239258 0.0422794
1 0.785156 0.271599 0.0244141 0.046875
1 0.505127 0.17693 0.0268555 0.0487132
1 0.58252 0.245864 0.0224609 0.0431985
1 0.238525 0.345588 0.027832 0.0514706
1 0.419434 0.945312 0.0263672 0.0487132
1 0.0944824 0.815257 0.0288086 0.0514706
1 0.227539 0.769301 0.0253906 0.0459559
1 0.205322 0.314338 0.0249023 0.0477941
1 0.98291 0.919118 0.0283203 0.0551471
1 0.313721 0.247243 0.0258789 0.0459559
