0 0.790771 0.92693 0.0258789 0.0487132
1 0.30957 0.238511 0.0292969 0.0579044
1 0.109375 0.387408 0.0292969 0.0634191
1 0.308838 0.900735 0.027832 0.0496324
0 0.101807 0.0229779 0.034668 0.0459559
1 0.439209 0.880974 0.0297852 0.0579044
1 0.102295 0.0238971 0.0336914 0.0477941
0 0.189697 0.54182 0.034668 0.0707721
0 0.922607 0.976562 0.027832 0.0431985
1 0.56958 0.596507 0.027832 0.0514706
1 0.950195 0.557445 0.03125 0.046875
1 0.789795 0.924173 0.0249023 0.0487132
1 0.835205 0.765165 0.0249023 0.0487132
0 0.799561 0.594669 0.027832 0.0514706
0 0.872559 0.746324 0.0283203 0.0477941
0 0.56958 0.596967 0.0288086 0.0523897
0 0.819336 0.126379 0.0234375 0.0450368
1 0.923584 0.975643 0.0297852 0.0431985
1 0.38501 0.257353 0.0288086 0.0496324
0 0.828857 0.623162 0.0249023 0.0477941
1 0.828857 0.62454 0.0219727 0.046875
0 0.310059 0.23943 0.0302734 0.0560662
1 0.801025 0.594669 0.0258789 0.0496324
0 0.258789 0.847426 0.0283203 0.0514706
0 0.93457 0.882353 0.0234375 0.0404412
1 0.203369 0.95818 0.0307617 0.0542279
1 0.988281 0.171875 0.0234375 0.0514706
1 0.960205 0.869945 0.0249023 0.0413603
0 0.202393 0.95818 0.0288086 0.0487132
0 0.439209 0.881434 0.0336914 0.0569853
0 0.0852051 0.23943 0.034668 0.0615809
1 0.377441 0.367647 0.0224609 0.0422794
1 0.91626 0.495864 0.0249023 0.046875
1 0.872559 0.745864 0.0283203 0.046875
1 0.416016 0.454504 0.0253906 0.0487132
0 0.164551 0.772518 0.0283203 0.0560662
0 0.109131 0.388327 0.0297852 0.0597426
1 0.392334 0.34329 0.0229492 0.0431985
0 0.0222168 0.193015 0.0327148 0.0661765
1 0.825684 0.953585 0.0283203 0.0487132
1 0.689941 0.389706 0.03125 0.0661765
1 0.189209 0.542279 0.034668 0.0661765
