0 0.917236 0.493107 0.0249023 0.0431985
0 0.791748 0.590533 0.0288086 0.0487132
1 0.103516 0.379596 0.0292969 0.0569853
0 0.859375 0.0845588 0.0205078 0.0459559
1 0.882812 0.241728 0.0205078 0.0459559
1 0.77002 0.752757 0.0273438 0.0459559
0 0.825684 0.78079 0.0263672 0.046875
0 0.233887 0.340074 0.0263672 0.0533088
1 0.858643 0.255055 0.0200195 0.0395221
0 0.7854 0.273438 0.0249023 0.0431985
1 0.92041 0.980239 0.03125 0.0395221
1 0.835938 0.866728 0.0185547 0.0386029
1 0.233398 0.341452 0.0253906 0.0487132
1 0.811035 0.116728 0.0205078 0.0441176
0 0.770996 0.924632 0.0263672 0.0514706
0 0.567139 0.596967 0.0288086 0.0523897
0 0.198486 0.066636 0.0249023 0.0450368
0 0.810791 0.118107 0.0219727 0.046875
1 0.546875 0.901654 0.0263672 0.0441176
1 0.792969 0.589614 0.0253906 0.046875
1 0.0939941 0.0275735 0.0327148 0.0477941
1 0.786377 0.27114 0.0229492 0.0459559
0 0.198242 0.95864 0.03125 0.0533088
1 0.439453 0.883732 0.0244141 0.0487132
1 0.19873 0.0657169 0.0253906 0.0450368
1 0.917236 0.492188 0.027832 0.046875
0 0.689941 0.387868 0.0283203 0.0569853
1 0.989014 0.173713 0.0219727 0.0477941
1 0.83667 0.125 0.0219727 0.0422794
1 0.825684 0.955882 0.0283203 0.0496324
1 0.756592 0.789522 0.0239258 0.0441176
1 0.806885 0.301471 0.0219727 0.0422794
1 0.690186 0.386489 0.027832 0.0560662
0 0.0222168 0.193934 0.0268555 0.0514706
0 0.0852051 0.238511 0.0307617 0.0542279
1 0.828857 0.623621 0.0219727 0.046875
0 0.871826 0.73989 0.0249023 0.0459559
1 0.824951 0.779871 0.0268555 0.0487132
1 0.568359 0.598805 0.0263672 0.046875
1 0.517822 0.199449 0.0209961 0.0386029
0 0.932861 0.878676 0.0249023 0.0459559
0 0.75708 0.79182 0.0239258 0.0431985
0 0.828857 0.622702 0.0249023 0.0487132
1 0.93457 0.565717 0.0234375 0.046875
0 0.769775 0.753676 0.0249023 0.0441176
1 0.171875 0.0211397 0.0263672 0.0386029
0 0.207764 0.316636 0.0268555 0.0523897
0 0.102783 0.380055 0.0297852 0.0523897
1 0.543213 0.0574449 0.0249023 0.0450368
1 0.394043 0.230239 0.0244141 0.0431985
1 0.258789 0.845588 0.0253906 0.0477941
1 0.52417 0.268842 0.0219727 0.0413603
0 0.82666 0.954963 0.0283203 0.0496324
1 0.193604 0.539522 0.0297852 0.0569853
1 0.527588 0.310662 0.0209961 0.0404412
1 0.198486 0.95864 0.0288086 0.0496324
0 0.164551 0.770221 0.0292969 0.0514706
1 0.770508 0.925092 0.0273438 0.0505515
1 0.872559 0.738051 0.0263672 0.0496324
1 0.567383 0.0850184 0.0234375 0.0431985
1 0.864746 0.861213 0.0234375 0.0459559
1 0.880371 0.827206 0.0234375 0.0459559
1 0.391357 0.871324 0.0229492 0.0496324
1 0.979736 0.903033 0.0268555 0.0505515
1 0.411377 0.915441 0.0229492 0.0422794
1 0.415283 0.457721 0.0258789 0.0477941
1 0.312012 0.245404 0.0283203 0.0459559
1 0.40918 0.340074 0.0244141 0.0441176
1 0.378906 0.368566 0.0253906 0.0441176
