0 0.189697 0.54182 0.034668 0.0707721
0 0.101807 0.0229779 0.034668 0.0459559
1 0.109863 0.387408 0.0292969 0.0634191
1 0.933594 0.880974 0.0253906 0.0376838
1 0.839111 0.764706 0.0268555 0.0459559
0 0.799805 0.595129 0.0283203 0.0523897
1 0.79248 0.925092 0.0244141 0.0505515
0 0.569336 0.597886 0.03125 0.0542279
0 0.922607 0.976562 0.027832 0.0431985
1 0.102295 0.0238971 0.0336914 0.0477941
1 0.56958 0.597426 0.0288086 0.0533088
0 0.93457 0.882812 0.0234375 0.0395221
0 0.792236 0.924173 0.0229492 0.0487132
0 0.525879 0.20864 0.0244141 0.0459559
1 0.384766 0.259651 0.0292969 0.0487132
1 0.310547 0.23989 0.0292969 0.0569853
1 0.957031 0.865349 0.0253906 0.0413603
1 0.378662 0.365809 0.0219727 0.0441176
1 0.388916 0.349265 0.0200195 0.0404412
0 0.858643 0.0836397 0.0249023 0.0496324
1 0.308838 0.903493 0.0288086 0.0533088
0 0.872559 0.746324 0.0263672 0.0477941
1 0.923584 0.975643 0.0297852 0.0431985
0 0.829102 0.623621 0.0234375 0.0487132
0 0.258789 0.847426 0.0283203 0.0514706
0 0.308594 0.238051 0.0292969 0.0569853
0 0.202637 0.95818 0.0283203 0.0505515
1 0.828857 0.625 0.0219727 0.0477941
1 0.987549 0.173254 0.0249023 0.0560662
1 0.800781 0.594669 0.0263672 0.0496324
1 0.953125 0.558364 0.0263672 0.0505515
1 0.872559 0.745404 0.0263672 0.0459559
0 0.164795 0.772518 0.027832 0.0560662
0 0.439453 0.881434 0.0341797 0.0569853
1 0.203369 0.957261 0.0307617 0.0542279
0 0.0849609 0.238051 0.0351562 0.0588235
1 0.416016 0.454504 0.0253906 0.0505515
1 0.91626 0.495864 0.0249023 0.046875
1 0.825684 0.952665 0.0263672 0.0487132
0 0.109131 0.388327 0.0297852 0.0615809
0 0.0222168 0.193474 0.0327148 0.0652574
1 0.689941 0.389246 0.03125 0.0652574
1 0.189209 0.54182 0.0336914 0.0652574
