0 0.0969238 0.0243566 0.0297852 0.0450368
1 0.398682 0.350184 0.0356445 0.0496324
1 0.097168 0.0238971 0.0322266 0.0477941
1 0.858643 0.253217 0.0219727 0.0395221
1 0.165039 0.771599 0.0283203 0.0542279
0 0.179199 0.0335478 0.0361328 0.0542279
1 0.409912 0.901654 0.0219727 0.0441176
1 0.259033 0.846507 0.0268555 0.0514706
0 0.410156 0.900276 0.0214844 0.046875
0 0.797607 0.59421 0.0268555 0.0487132
0 0.391602 0.870864 0.0214844 0.046875
1 0.797607 0.592371 0.0268555 0.046875
0 0.82666 0.775735 0.0283203 0.0477941
1 0.105469 0.384651 0.0283203 0.0597426
1 0.172119 0.0215993 0.0288086 0.0431985
1 0.824951 0.775276 0.0268555 0.0487132
0 0.921143 0.97932 0.0327148 0.0413603
0 0.567871 0.597426 0.0302734 0.0551471
0 0.258789 0.846507 0.0263672 0.0514706
0 0.776855 0.921875 0.0283203 0.0514706
1 0.826416 0.954963 0.0297852 0.0533088
0 0.200195 0.95864 0.03125 0.0533088
1 0.568848 0.597426 0.0283203 0.0477941
1 0.934326 0.879596 0.0249023 0.0441176
1 0.810791 0.119945 0.0219727 0.046875
1 0.828857 0.624081 0.0219727 0.0496324
1 0.7771 0.921415 0.0288086 0.0542279
1 0.520264 0.204963 0.0219727 0.0441176
0 0.871826 0.742647 0.0268555 0.0514706
1 0.98877 0.172794 0.0224609 0.0496324
0 0.438965 0.884651 0.0234375 0.046875
1 0.920166 0.977022 0.0327148 0.0459559
1 0.83667 0.12454 0.0219727 0.0431985
1 0.917969 0.494485 0.0292969 0.0496324
0 0.0849609 0.238971 0.0322266 0.0569853
1 0.199951 0.95864 0.0297852 0.0514706
1 0.540771 0.909467 0.0258789 0.046875
0 0.828857 0.623162 0.0249023 0.0514706
0 0.826416 0.954504 0.0297852 0.0542279
0 0.165039 0.77114 0.0292969 0.0514706
1 0.525146 0.270221 0.0219727 0.0404412
1 0.871826 0.742647 0.0268555 0.0514706
0 0.105957 0.384191 0.0292969 0.0569853
1 0.528564 0.310202 0.0219727 0.0413603
0 0.172363 0.0225184 0.0283203 0.0431985
1 0.878906 0.827206 0.0234375 0.0422794
0 0.0222168 0.193934 0.0307617 0.0606618
1 0.94043 0.563419 0.03125 0.0533088
1 0.391602 0.871783 0.0234375 0.046875
0 0.19043 0.0496324 0.0283203 0.0514706
1 0.802002 0.299632 0.0239258 0.0441176
1 0.785645 0.272978 0.0234375 0.0459559
1 0.312012 0.244485 0.0283203 0.0459559
1 0.868652 0.849265 0.0234375 0.0441176
1 0.415527 0.454963 0.0244141 0.0459559
1 0.974365 0.888327 0.0249023 0.0413603
1 0.689941 0.389246 0.03125 0.0634191
1 0.391113 0.241268 0.0283203 0.0523897
1 0.37793 0.368566 0.0253906 0.0459559
1 0.408203 0.339154 0.0234375 0.0459559
1 0.189453 0.542279 0.0322266 0.0588235
