0 0.53833 0.912684 0.0288086 0.0514706
1 0.165039 0.772518 0.0283203 0.0542279
0 0.17334 0.0220588 0.0292969 0.0367647
1 0.88208 0.241268 0.0219727 0.046875
1 0.311523 0.896599 0.0273438 0.0487132
0 0.39209 0.871783 0.0224609 0.0487132
1 0.858643 0.0845588 0.0219727 0.0459559
1 0.522461 0.207721 0.0195312 0.0404412
1 0.858643 0.252757 0.0219727 0.0404412
0 0.567871 0.596967 0.0302734 0.0542279
0 0.797852 0.594669 0.0273438 0.0459559
1 0.797852 0.59329 0.0263672 0.0450368
0 0.438721 0.882812 0.0249023 0.046875
1 0.777588 0.920956 0.0288086 0.0514706
1 0.920898 0.97886 0.03125 0.0422794
1 0.568848 0.597426 0.0273438 0.0477941
1 0.406982 0.890625 0.0219727 0.0441176
1 0.934326 0.880055 0.0249023 0.0431985
0 0.920898 0.97886 0.03125 0.0422794
1 0.200684 0.95864 0.0283203 0.0496324
1 0.811279 0.119945 0.0229492 0.046875
1 0.538818 0.914062 0.0258789 0.046875
0 0.201172 0.95818 0.0273438 0.0487132
0 0.258545 0.847426 0.0268555 0.0514706
1 0.828857 0.623621 0.0219727 0.046875
0 0.933594 0.882353 0.0253906 0.0422794
1 0.916992 0.493566 0.0234375 0.0477941
0 0.82666 0.773438 0.0263672 0.0487132
1 0.989014 0.172335 0.0219727 0.0487132
1 0.391602 0.871324 0.0205078 0.0459559
0 0.165039 0.772059 0.0283203 0.0477941
1 0.836914 0.124081 0.0234375 0.0441176
0 0.828857 0.623162 0.0249023 0.0496324
1 0.943848 0.56296 0.0263672 0.046875
1 0.525635 0.269761 0.0219727 0.0395221
1 0.528564 0.309743 0.0209961 0.0404412
0 0.0849609 0.238511 0.0332031 0.0579044
0 0.872559 0.744026 0.0263672 0.0505515
0 0.777832 0.921875 0.0273438 0.0496324
1 0.785889 0.272518 0.0229492 0.0431985
0 0.10791 0.388327 0.0283203 0.0579044
0 0.0222168 0.193474 0.0317383 0.0634191
1 0.388428 0.246783 0.0258789 0.0523897
1 0.971924 0.884191 0.0268555 0.0441176
1 0.415283 0.454963 0.0239258 0.0441176
1 0.799072 0.296875 0.0239258 0.0422794
0 0.826416 0.954504 0.0297852 0.0523897
1 0.377686 0.368566 0.0249023 0.0459559
1 0.311035 0.243566 0.0283203 0.0477941
1 0.689941 0.389246 0.03125 0.0634191
1 0.189453 0.54182 0.0332031 0.0615809
1 0.405029 0.336857 0.0239258 0.0431985
