1 0.806152 0.988051 0.0302734 0.0238971
1 0.876465 0.721507 0.0283203 0.0477941
1 0.837402 0.86443 0.0234375 0.0395221
1 0.566895 0.600643 0.0273438 0.046875
0 0.566406 0.598805 0.0292969 0.0523897
1 0.85791 0.253676 0.0234375 0.0404412
0 0.91333 0.982996 0.027832 0.0340074
0 0.876465 0.723805 0.0263672 0.046875
1 0.917236 0.493107 0.027832 0.046875
1 0.787109 0.592831 0.0253906 0.0459559
1 0.826416 0.798713 0.0249023 0.0496324
1 0.553955 0.886029 0.0249023 0.0422794
1 0.774658 0.71921 0.0239258 0.0450368
1 0.828857 0.622702 0.0219727 0.046875
1 0.755615 0.789522 0.0249023 0.0441176
1 0.880371 0.825827 0.0234375 0.0450368
1 0.13208 0.605699 0.0200195 0.0422794
1 0.93042 0.5625 0.0268555 0.0441176
1 0.235352 0.716912 0.0214844 0.0404412
1 0.690674 0.386029 0.0268555 0.0477941
1 0.257324 0.84375 0.0253906 0.0441176
1 0.172363 0.0202206 0.0283203 0.0404412
1 0.571533 0.102941 0.0229492 0.0441176
1 0.838379 0.124081 0.0234375 0.0441176
1 0.85791 0.862592 0.0234375 0.046875
1 0.825928 0.955882 0.0297852 0.0496324
1 0.0192871 0.195772 0.0249023 0.0514706
1 0.20752 0.0785846 0.0244141 0.0487132
1 0.759033 0.926471 0.0288086 0.0514706
1 0.0913086 0.0298713 0.0341797 0.0487132
1 0.196533 0.94807 0.027832 0.0487132
1 0.142578 0.590074 0.0205078 0.0441176
1 0.0148926 0.981618 0.0258789 0.0367647
1 0.399902 0.214614 0.0253906 0.0487132
1 0.988281 0.175092 0.0234375 0.0487132
1 0.897705 0.107077 0.0219727 0.0431985
1 0.589111 0.256893 0.0219727 0.0340074
1 0.98291 0.915441 0.0283203 0.0514706
1 0.439453 0.88511 0.0253906 0.0441176
1 0.232422 0.758732 0.0224609 0.0431985
1 0.590576 0.285386 0.0219727 0.0376838
1 0.928711 0.858915 0.0234375 0.046875
1 0.524658 0.268382 0.0249023 0.0477941
1 0.53125 0.0661765 0.0253906 0.0459559
1 0.858643 0.0840993 0.0200195 0.0431985
1 0.740967 0.153952 0.0209961 0.0395221
1 0.0852051 0.236673 0.0297852 0.0542279
1 0.809326 0.119026 0.0219727 0.0431985
1 0.730713 0.117647 0.0209961 0.0422794
1 0.507812 0.186121 0.0244141 0.0450368
1 0.391846 0.873621 0.0229492 0.0487132
1 0.118164 0.819393 0.0224609 0.046875
1 0.883545 0.0877757 0.0200195 0.0413603
1 0.0993652 0.526195 0.027832 0.0505515
1 0.371338 0.539062 0.0268555 0.0450368
1 0.196777 0.530331 0.0234375 0.0441176
1 0.187012 0.484835 0.0224609 0.0450368
1 0.414551 0.457721 0.0244141 0.0441176
1 0.164307 0.77068 0.0268555 0.0505515
1 0.0947266 0.599265 0.0234375 0.0441176
1 0.811768 0.300551 0.0249023 0.0441176
1 0.785645 0.272059 0.0234375 0.0459559
1 0.37793 0.367647 0.0253906 0.0441176
1 0.162842 0.483456 0.0239258 0.0441176
1 0.416748 0.942096 0.0258789 0.0496324
1 0.311279 0.245404 0.0268555 0.0496324
1 0.097168 0.814798 0.0263672 0.046875
1 0.409912 0.340533 0.0249023 0.0450368
1 0.148193 0.235754 0.0239258 0.0413603
1 0.23877 0.34375 0.0283203 0.0514706
1 0.0991211 0.363971 0.0263672 0.0459559
1 0.205322 0.314798 0.0249023 0.046875
1 0.404541 0.538603 0.0239258 0.0441176
1 0.154785 0.27068 0.0234375 0.0413603
