1 0.395264 0.355239 0.0385742 0.0505515
0 0.977295 0.89568 0.0297852 0.0487132
0 0.990967 0.414982 0.0180664 0.0376838
0 0.858643 0.0840993 0.0200195 0.0450368
1 0.543945 0.058364 0.0234375 0.0413603
1 0.882812 0.242188 0.0214844 0.046875
1 0.3125 0.892463 0.0273438 0.0496324
0 0.917236 0.493107 0.0249023 0.0450368
0 0.545166 0.905331 0.0258789 0.0496324
0 0.804443 0.303309 0.0219727 0.0441176
1 0.858398 0.250919 0.0234375 0.0404412
0 0.825684 0.777114 0.0263672 0.0450368
1 0.920898 0.97886 0.03125 0.0422794
1 0.195312 0.0602022 0.0273438 0.0487132
1 0.828857 0.624081 0.0219727 0.0477941
0 0.259033 0.846507 0.0258789 0.0514706
1 0.0961914 0.0243566 0.0292969 0.0431985
0 0.171631 0.0225184 0.027832 0.0413603
1 0.772705 0.921875 0.0268555 0.0496324
1 0.10376 0.382353 0.0297852 0.0569853
0 0.438965 0.88557 0.0234375 0.0487132
0 0.564697 0.0799632 0.0219727 0.0422794
1 0.54541 0.907629 0.0263672 0.0487132
0 0.567627 0.596967 0.0297852 0.0542279
1 0.786133 0.272518 0.0234375 0.0450368
1 0.258789 0.846507 0.0263672 0.0496324
0 0.689453 0.388327 0.0292969 0.0597426
1 0.810791 0.119026 0.0219727 0.0450368
0 0.920898 0.980699 0.03125 0.0386029
1 0.917236 0.492647 0.0297852 0.0477941
0 0.933594 0.881434 0.0234375 0.0422794
0 0.772461 0.922794 0.0273438 0.0514706
1 0.824219 0.777114 0.0253906 0.046875
0 0.79541 0.592831 0.0263672 0.0477941
0 0.195068 0.0625 0.0268555 0.0477941
1 0.519531 0.200827 0.0214844 0.0413603
1 0.83667 0.125 0.0219727 0.0422794
0 0.198975 0.95864 0.0317383 0.0533088
1 0.989014 0.172794 0.0219727 0.0477941
0 0.230469 0.338695 0.0234375 0.0505515
0 0.0849609 0.238511 0.03125 0.0542279
1 0.866211 0.857077 0.0234375 0.046875
1 0.568359 0.597886 0.0273438 0.0487132
1 0.936768 0.566176 0.0268555 0.0477941
0 0.0219727 0.193934 0.0292969 0.0569853
0 0.756592 0.789982 0.0239258 0.0413603
1 0.198975 0.95864 0.0297852 0.0496324
1 0.879639 0.827206 0.0249023 0.0441176
1 0.872559 0.741268 0.0263672 0.0505515
1 0.524902 0.269761 0.0224609 0.0413603
0 0.871826 0.743566 0.0268555 0.0459559
1 0.171387 0.0220588 0.0273438 0.0404412
1 0.804688 0.301471 0.0234375 0.0459559
0 0.104004 0.382812 0.0302734 0.0542279
1 0.410156 0.909926 0.0224609 0.0441176
0 0.828857 0.623162 0.0249023 0.0496324
1 0.528076 0.309743 0.0209961 0.0404412
0 0.826416 0.954044 0.0297852 0.0514706
1 0.690186 0.387408 0.0307617 0.0597426
0 0.165039 0.770221 0.0292969 0.0514706
1 0.391357 0.871783 0.0229492 0.0487132
0 0.769531 0.762408 0.0253906 0.0413603
0 0.209473 0.318934 0.0263672 0.0514706
1 0.976562 0.894761 0.0263672 0.046875
1 0.311035 0.244945 0.0273438 0.046875
1 0.414795 0.456342 0.0249023 0.0450368
1 0.393066 0.233456 0.0253906 0.0459559
1 0.378418 0.368566 0.0263672 0.0459559
1 0.408936 0.340074 0.0239258 0.0441176
1 0.189941 0.542279 0.0302734 0.0551471
