1 0.311523 0.89568 0.0273438 0.046875
1 0.0979004 0.0238971 0.0327148 0.0477941
1 0.882812 0.241728 0.0214844 0.0477941
0 0.539795 0.909467 0.0288086 0.0505515
0 0.179199 0.0326287 0.0351562 0.0505515
1 0.858643 0.0840993 0.0219727 0.0450368
1 0.858643 0.252757 0.0219727 0.0404412
1 0.824951 0.774357 0.0268555 0.0487132
0 0.82666 0.775276 0.0283203 0.046875
1 0.871094 0.846048 0.0214844 0.0395221
1 0.409668 0.897978 0.0224609 0.0459559
1 0.568848 0.596967 0.0273438 0.0487132
1 0.172119 0.0211397 0.0288086 0.0404412
0 0.391357 0.869945 0.0219727 0.046875
0 0.567871 0.597426 0.0302734 0.0551471
1 0.826416 0.954963 0.0297852 0.0533088
1 0.521484 0.205423 0.0205078 0.0431985
0 0.258545 0.846967 0.0268555 0.0523897
1 0.797607 0.592371 0.0268555 0.046875
1 0.540283 0.911765 0.0249023 0.0477941
0 0.438721 0.884651 0.0239258 0.046875
0 0.200439 0.959099 0.0317383 0.0542279
1 0.777344 0.920956 0.0292969 0.0514706
1 0.200195 0.95864 0.0292969 0.0514706
0 0.828857 0.622702 0.0249023 0.0505515
0 0.776855 0.921415 0.0273438 0.0505515
1 0.811279 0.119485 0.0229492 0.0477941
1 0.872559 0.743107 0.0263672 0.0505515
1 0.989014 0.172335 0.0219727 0.0487132
1 0.934326 0.879596 0.0249023 0.0422794
1 0.828857 0.624081 0.0219727 0.0477941
1 0.921143 0.978401 0.0327148 0.0431985
1 0.525391 0.270221 0.0214844 0.0404412
0 0.871826 0.743107 0.0268555 0.0505515
1 0.917236 0.493566 0.0249023 0.0496324
0 0.188477 0.0473346 0.0273438 0.046875
1 0.528076 0.309743 0.0219727 0.0404412
1 0.836914 0.124081 0.0234375 0.0441176
0 0.0849609 0.238971 0.0322266 0.0569853
0 0.172119 0.0229779 0.0288086 0.0422794
0 0.164795 0.77114 0.0288086 0.0496324
0 0.826416 0.954504 0.0297852 0.0523897
1 0.39209 0.872243 0.0224609 0.0459559
1 0.941406 0.563419 0.0292969 0.0533088
0 0.106201 0.386489 0.027832 0.0560662
0 0.0222168 0.193934 0.0307617 0.0606618
1 0.785645 0.272978 0.0234375 0.0459559
1 0.416016 0.454504 0.0244141 0.0450368
1 0.973389 0.88557 0.0249023 0.0413603
1 0.390137 0.242647 0.0263672 0.0533088
1 0.801514 0.300551 0.0239258 0.0441176
1 0.311523 0.244026 0.0273438 0.0450368
1 0.37793 0.369026 0.0253906 0.0450368
1 0.689941 0.389246 0.0302734 0.0634191
1 0.407471 0.338695 0.0239258 0.0450368
1 0.189453 0.54182 0.0322266 0.0597426
