1 0.804688 0.988051 0.0292969 0.0238971
0 0.102051 0.372702 0.0244141 0.0431985
1 0.0969238 0.532169 0.0268555 0.0477941
0 0.0922852 0.0284926 0.0341797 0.0496324
1 0.875 0.727482 0.0253906 0.0431985
1 0.197754 0.957261 0.0283203 0.046875
0 0.874268 0.727941 0.0249023 0.0441176
1 0.204346 0.0749081 0.0258789 0.0450368
1 0.172607 0.0206801 0.0288086 0.0413603
0 0.915771 0.980699 0.0297852 0.0386029
0 0.928955 0.869026 0.0249023 0.0487132
1 0.882812 0.241728 0.0234375 0.0459559
1 0.835938 0.866268 0.0205078 0.0395221
1 0.928955 0.869945 0.0249023 0.0450368
1 0.0925293 0.027114 0.0327148 0.0450368
0 0.0964355 0.532169 0.0288086 0.0514706
1 0.858643 0.254136 0.0219727 0.0413603
0 0.19751 0.956801 0.0288086 0.0459559
1 0.917236 0.492188 0.0297852 0.046875
0 0.020752 0.195312 0.0249023 0.0523897
1 0.258301 0.84421 0.0244141 0.0450368
1 0.196777 0.532169 0.0234375 0.0422794
1 0.932129 0.563879 0.0263672 0.046875
0 0.0852051 0.238051 0.0307617 0.0533088
1 0.838379 0.12546 0.0234375 0.0487132
1 0.55249 0.894301 0.0249023 0.0422794
1 0.98877 0.173713 0.0224609 0.0496324
1 0.828857 0.623162 0.0219727 0.0477941
1 0.440674 0.884651 0.0239258 0.0487132
1 0.690918 0.386949 0.0263672 0.0477941
1 0.789307 0.592371 0.0249023 0.0450368
1 0.858398 0.0836397 0.0234375 0.0477941
1 0.771729 0.732537 0.0219727 0.0459559
1 0.825684 0.955882 0.0283203 0.0496324
1 0.809082 0.300092 0.0253906 0.0450368
1 0.095459 0.587316 0.027832 0.0496324
1 0.810059 0.119945 0.0234375 0.0450368
0 0.163818 0.77068 0.0297852 0.0542279
1 0.86084 0.862592 0.0234375 0.0487132
1 0.880615 0.825827 0.0249023 0.046875
0 0.204102 0.0730699 0.0253906 0.046875
1 0.766357 0.923254 0.0258789 0.0542279
1 0.786133 0.271599 0.0234375 0.0487132
1 0.51416 0.193015 0.0244141 0.0459559
1 0.826416 0.789062 0.0249023 0.0487132
1 0.567627 0.600184 0.0258789 0.0459559
1 0.237305 0.341912 0.0273438 0.0477941
1 0.98291 0.911765 0.0283203 0.0533088
1 0.524414 0.268842 0.0234375 0.0413603
1 0.536865 0.0565257 0.0258789 0.0413603
1 0.391602 0.871783 0.0224609 0.0487132
1 0.206055 0.315257 0.0244141 0.0477941
1 0.397217 0.222886 0.0229492 0.0450368
1 0.755859 0.788603 0.0253906 0.0441176
1 0.528564 0.311121 0.0229492 0.0413603
1 0.56958 0.0951287 0.0239258 0.0450368
1 0.373779 0.539982 0.0239258 0.0450368
1 0.378418 0.368107 0.0244141 0.0431985
1 0.415283 0.457721 0.0249023 0.0441176
1 0.415527 0.92739 0.0244141 0.0459559
1 0.409668 0.340533 0.0244141 0.0431985
1 0.397949 0.539522 0.0224609 0.0422794
1 0.311523 0.245864 0.0273438 0.0431985
