1 0.0974121 0.577665 0.0249023 0.0744485
1 0.805176 0.988051 0.0302734 0.0238971
1 0.876709 0.722426 0.0297852 0.0477941
1 0.85791 0.252757 0.0234375 0.0367647
1 0.23584 0.723805 0.0224609 0.0340074
1 0.83667 0.86443 0.0219727 0.0395221
0 0.914062 0.982077 0.0283203 0.0340074
0 0.566406 0.597886 0.0292969 0.0523897
1 0.14209 0.590993 0.0195312 0.0422794
1 0.533203 0.323989 0.0214844 0.0450368
0 0.876465 0.724724 0.0283203 0.046875
1 0.917236 0.493107 0.027832 0.046875
1 0.787598 0.592831 0.0263672 0.0477941
1 0.553955 0.887408 0.0258789 0.0431985
1 0.566895 0.600184 0.0273438 0.0477941
1 0.827393 0.796875 0.0268555 0.0496324
1 0.828857 0.622243 0.0219727 0.0477941
1 0.132324 0.60386 0.0205078 0.0404412
1 0.773438 0.720588 0.0244141 0.0459559
1 0.207031 0.078125 0.0253906 0.0477941
1 0.0148926 0.982077 0.0268555 0.0358456
1 0.400391 0.215074 0.0253906 0.0459559
1 0.257568 0.84375 0.0249023 0.0441176
1 0.755615 0.789522 0.0249023 0.0441176
1 0.690918 0.38557 0.0263672 0.0487132
1 0.233398 0.757812 0.0214844 0.0395221
1 0.93042 0.5625 0.0268555 0.0459559
1 0.172363 0.0202206 0.0283203 0.0404412
1 0.0195312 0.195312 0.0253906 0.0505515
1 0.880371 0.825827 0.0234375 0.046875
1 0.196289 0.948529 0.0302734 0.0496324
1 0.896729 0.107077 0.0219727 0.0431985
1 0.838379 0.12454 0.0234375 0.0450368
1 0.76001 0.926471 0.0288086 0.0533088
1 0.533203 0.0615809 0.0253906 0.0422794
1 0.731201 0.119026 0.0219727 0.0431985
1 0.0913086 0.0298713 0.0332031 0.046875
1 0.571289 0.102941 0.0234375 0.0459559
1 0.740967 0.152114 0.0209961 0.0395221
1 0.858398 0.861673 0.0234375 0.046875
1 0.988281 0.175092 0.0234375 0.0487132
1 0.859375 0.0845588 0.0214844 0.0441176
1 0.524658 0.267923 0.0249023 0.0487132
1 0.825928 0.955882 0.0297852 0.0496324
1 0.0981445 0.814338 0.0253906 0.0441176
1 0.810059 0.119026 0.0224609 0.0450368
1 0.0849609 0.237592 0.0292969 0.0523897
1 0.98291 0.914522 0.0283203 0.0533088
1 0.884277 0.0882353 0.0205078 0.0422794
1 0.440186 0.884651 0.0258789 0.0450368
1 0.117432 0.817096 0.0219727 0.0441176
1 0.371826 0.539062 0.0268555 0.0450368
1 0.164307 0.77068 0.0268555 0.0505515
1 0.391846 0.873621 0.0229492 0.0487132
1 0.928711 0.859835 0.0234375 0.046875
1 0.197021 0.530331 0.0239258 0.0441176
1 0.098877 0.526654 0.027832 0.0496324
1 0.508545 0.18704 0.0249023 0.046875
1 0.186523 0.485294 0.0224609 0.0441176
1 0.811768 0.300092 0.0249023 0.0450368
1 0.414795 0.457721 0.0249023 0.0441176
1 0.0947266 0.598346 0.0234375 0.0441176
1 0.163574 0.482537 0.0224609 0.0441176
1 0.785645 0.272059 0.0234375 0.0477941
1 0.378174 0.367647 0.0258789 0.0441176
1 0.0991211 0.36489 0.0253906 0.0459559
1 0.41626 0.940257 0.0258789 0.0496324
1 0.148193 0.236213 0.0229492 0.0404412
1 0.409912 0.340533 0.0249023 0.0450368
1 0.311035 0.245864 0.0273438 0.0505515
1 0.23877 0.34421 0.0283203 0.0505515
1 0.205322 0.314798 0.0249023 0.046875
1 0.404297 0.539062 0.0244141 0.0450368
1 0.154785 0.267923 0.0224609 0.0413603
