0 0.838867 0.764706 0.0234375 0.0477941
1 0.30957 0.238051 0.0283203 0.0588235
1 0.439209 0.880055 0.0297852 0.0597426
0 0.102051 0.0234375 0.0361328 0.046875
1 0.839844 0.764706 0.0253906 0.0459559
0 0.924072 0.976562 0.0297852 0.046875
1 0.102539 0.0248162 0.0341797 0.0496324
0 0.936035 0.880055 0.0234375 0.0395221
0 0.858398 0.0831801 0.0234375 0.0487132
1 0.41626 0.454963 0.0288086 0.0569853
0 0.189453 0.54182 0.0351562 0.0726103
1 0.794678 0.925092 0.0229492 0.0487132
0 0.800049 0.59421 0.027832 0.0523897
0 0.525391 0.20818 0.0253906 0.046875
1 0.93457 0.881893 0.0234375 0.0395221
0 0.872559 0.746324 0.0283203 0.0477941
1 0.828857 0.625 0.0219727 0.0477941
0 0.56958 0.597886 0.0327148 0.0560662
1 0.308838 0.904412 0.0297852 0.0551471
1 0.872559 0.745404 0.0283203 0.0459559
1 0.924072 0.976103 0.0297852 0.0441176
0 0.829102 0.623621 0.0234375 0.0487132
1 0.800781 0.594669 0.0253906 0.0496324
0 0.258789 0.847426 0.0283203 0.0514706
0 0.202881 0.957261 0.0288086 0.0505515
1 0.987549 0.173254 0.0249023 0.0560662
0 0.30835 0.238051 0.0297852 0.0569853
1 0.95459 0.556985 0.0263672 0.0496324
1 0.203125 0.95818 0.03125 0.0560662
0 0.439453 0.880974 0.0341797 0.0597426
0 0.164551 0.773438 0.0283203 0.0560662
0 0.0852051 0.238971 0.034668 0.0625
1 0.916504 0.495864 0.0263672 0.046875
1 0.956299 0.86489 0.0249023 0.0441176
1 0.825684 0.952665 0.0263672 0.0487132
1 0.689941 0.389706 0.03125 0.0661765
0 0.0222168 0.193015 0.0327148 0.0661765
0 0.108887 0.388327 0.0302734 0.0615809
1 0.189209 0.54182 0.034668 0.0670956
