0 0.86792 0.647518 0.0170898 0.0358456
0 0.583008 0.18704 0.015625 0.0303309
0 0.851562 0.796875 0.0175781 0.0349265
0 0.221924 0.136029 0.0151367 0.0404412
0 0.704346 0.261489 0.0180664 0.0358456
0 0.207275 0.852941 0.0170898 0.0404412
0 0.917236 0.834559 0.019043 0.0386029
0 0.941406 0.376838 0.0175781 0.0349265
0 0.532715 0.630974 0.0244141 0.0321691
0 0.882812 0.82261 0.015625 0.0349265
0 0.490723 0.424173 0.0195312 0.0340074
0 0.574463 0.254136 0.0170898 0.0340074
0 0.828857 0.62454 0.019043 0.0358456
0 0.395508 0.112132 0.0195312 0.0367647
0 0.473389 0.273897 0.0180664 0.0367647
0 0.270508 0.983456 0.0214844 0.0330882
0 0.69043 0.742188 0.0195312 0.0395221
