1 0.523682 0.210018 0.0180664 0.0413603
0 0.960938 0.866268 0.0283203 0.0450368
0 0.101318 0.0220588 0.0336914 0.0441176
0 0.858643 0.0840993 0.0219727 0.046875
1 0.258545 0.845588 0.0297852 0.0533088
1 0.102051 0.0229779 0.0332031 0.0459559
0 0.189697 0.54136 0.034668 0.0698529
1 0.528564 0.273897 0.0219727 0.0404412
0 0.811523 0.119026 0.0234375 0.046875
1 0.811523 0.120864 0.0234375 0.0487132
0 0.835938 0.122702 0.0214844 0.046875
1 0.786377 0.926011 0.0258789 0.0487132
0 0.799316 0.595129 0.0283203 0.0505515
0 0.922607 0.976562 0.0297852 0.0431985
1 0.109131 0.387408 0.0288086 0.0634191
1 0.835205 0.12546 0.0219727 0.0450368
1 0.528564 0.307445 0.0229492 0.0376838
0 0.828857 0.623621 0.0249023 0.0487132
0 0.309814 0.23989 0.0307617 0.0533088
1 0.923584 0.975643 0.0297852 0.0431985
1 0.961914 0.870864 0.0234375 0.0413603
0 0.872559 0.746324 0.0283203 0.0477941
1 0.94751 0.561581 0.0249023 0.0477941
1 0.832764 0.769761 0.0297852 0.0542279
0 0.202148 0.957261 0.0283203 0.0487132
1 0.310547 0.23989 0.03125 0.0533088
1 0.569092 0.596507 0.027832 0.0496324
0 0.439209 0.881893 0.0336914 0.0560662
0 0.258789 0.846967 0.0273438 0.0505515
0 0.934326 0.882812 0.0249023 0.0395221
1 0.202637 0.95818 0.0302734 0.0523897
1 0.800049 0.594669 0.0268555 0.0496324
0 0.164551 0.772518 0.0283203 0.0542279
0 0.0849609 0.238051 0.0361328 0.0588235
1 0.872559 0.745864 0.0283203 0.046875
1 0.828857 0.625 0.0219727 0.0477941
1 0.988281 0.172794 0.0234375 0.0514706
1 0.91626 0.494945 0.0249023 0.046875
1 0.385742 0.256434 0.0253906 0.0477941
1 0.415527 0.454963 0.0244141 0.0459559
0 0.109131 0.389246 0.0288086 0.0615809
0 0.0222168 0.193474 0.0336914 0.0670956
1 0.377441 0.367647 0.0224609 0.0422794
1 0.689941 0.389706 0.0302734 0.0643382
1 0.825928 0.953585 0.0297852 0.0505515
1 0.394531 0.342371 0.0253906 0.0431985
1 0.189209 0.542279 0.034668 0.0661765
