1 0.100098 0.0238971 0.0341797 0.0477941
0 0.310791 0.242188 0.0297852 0.0505515
1 0.933594 0.880515 0.0253906 0.0441176
1 0.858643 0.0845588 0.0219727 0.0459559
0 0.536377 0.914522 0.0288086 0.0496324
0 0.79834 0.595588 0.0283203 0.0477941
1 0.921143 0.978401 0.0327148 0.0431985
0 0.189697 0.540901 0.0327148 0.0652574
0 0.568848 0.598346 0.0283203 0.0496324
1 0.523193 0.20864 0.0180664 0.0404412
1 0.536377 0.915901 0.0258789 0.0487132
1 0.569336 0.596507 0.0273438 0.0477941
1 0.798584 0.594669 0.0258789 0.0477941
1 0.786621 0.270221 0.0234375 0.0386029
0 0.439209 0.881434 0.0249023 0.0441176
1 0.201416 0.95818 0.0307617 0.0542279
0 0.920898 0.977941 0.03125 0.0422794
1 0.811035 0.119945 0.0234375 0.0487132
0 0.201416 0.95818 0.027832 0.0505515
1 0.98877 0.172335 0.0224609 0.0505515
1 0.828857 0.62454 0.0219727 0.046875
0 0.828857 0.623621 0.0249023 0.0487132
1 0.917236 0.494026 0.0249023 0.0505515
1 0.943848 0.563419 0.0263672 0.0459559
0 0.828125 0.772518 0.03125 0.0542279
0 0.258545 0.846967 0.0268555 0.0505515
1 0.528564 0.309743 0.0209961 0.0404412
0 0.933594 0.883272 0.0253906 0.0422794
1 0.836914 0.124081 0.0234375 0.0459559
1 0.5271 0.269761 0.0209961 0.0395221
0 0.0849609 0.238971 0.0341797 0.0606618
0 0.872559 0.745864 0.0263672 0.0487132
0 0.165283 0.772978 0.027832 0.0496324
0 0.780029 0.921875 0.0317383 0.0496324
1 0.415039 0.454963 0.0234375 0.0441176
1 0.311035 0.243107 0.0292969 0.0487132
0 0.108154 0.388787 0.0288086 0.0588235
0 0.0219727 0.192555 0.0332031 0.0652574
1 0.400879 0.334099 0.0234375 0.0431985
1 0.969482 0.880974 0.0249023 0.046875
1 0.37793 0.368107 0.0244141 0.046875
1 0.388184 0.248621 0.0263672 0.0487132
1 0.189209 0.54182 0.0336914 0.0634191
0 0.826416 0.954504 0.0297852 0.0523897
1 0.689941 0.390165 0.03125 0.0652574
