0 0.101807 0.0229779 0.034668 0.0459559
0 0.189697 0.54182 0.034668 0.0707721
1 0.30957 0.238511 0.0283203 0.0579044
1 0.309082 0.902574 0.0283203 0.0514706
0 0.525391 0.209559 0.0234375 0.0459559
1 0.258545 0.845588 0.0307617 0.0551471
1 0.95874 0.867647 0.0249023 0.0386029
1 0.109375 0.387408 0.0292969 0.0634191
1 0.102295 0.0238971 0.0336914 0.0477941
1 0.951416 0.556066 0.0327148 0.0496324
0 0.924072 0.976562 0.0297852 0.046875
0 0.56958 0.598346 0.0317383 0.0551471
0 0.799805 0.595129 0.0283203 0.0523897
1 0.838135 0.764706 0.0249023 0.0441176
1 0.923584 0.975643 0.0297852 0.0431985
1 0.385254 0.259191 0.0263672 0.0459559
0 0.258545 0.846967 0.0297852 0.0523897
1 0.570068 0.596048 0.0288086 0.0523897
1 0.791748 0.925092 0.0229492 0.0487132
0 0.872559 0.746324 0.0263672 0.0477941
1 0.828857 0.625 0.0219727 0.0477941
0 0.93457 0.882812 0.0234375 0.0395221
0 0.828857 0.623621 0.0249023 0.0487132
0 0.309326 0.238971 0.0297852 0.0551471
0 0.202393 0.95818 0.0288086 0.0505515
1 0.801025 0.594669 0.0258789 0.0496324
0 0.438965 0.881434 0.0341797 0.0569853
1 0.987549 0.173254 0.0249023 0.0560662
0 0.165039 0.772518 0.0283203 0.0560662
0 0.0849609 0.238051 0.0361328 0.0588235
1 0.872559 0.744945 0.0263672 0.0450368
1 0.91626 0.495864 0.0249023 0.046875
1 0.377197 0.367647 0.0219727 0.0422794
1 0.416016 0.454963 0.0253906 0.0496324
1 0.203125 0.95818 0.03125 0.0542279
0 0.109375 0.389706 0.0292969 0.0625
0 0.0224609 0.193015 0.0332031 0.0661765
1 0.390869 0.346048 0.0219727 0.0431985
1 0.825684 0.953585 0.0283203 0.0487132
1 0.689941 0.389706 0.0302734 0.0661765
1 0.189209 0.542279 0.034668 0.0661765
