1 0.125488 0.491268 0.0214844 0.0487132
1 0.398926 0.14568 0.0244141 0.0505515
1 0.98999 0.820772 0.0170898 0.0459559
0 0.559814 0.877757 0.027832 0.0441176
0 0.619629 0.982996 0.03125 0.0266544
0 0.829102 0.823529 0.0234375 0.0459559
0 0.673096 0.713235 0.0229492 0.0422794
0 0.197021 0.532629 0.0249023 0.0487132
1 0.933594 0.332261 0.0185547 0.0358456
0 0.536377 0.49954 0.0258789 0.0431985
1 0.673828 0.712776 0.0214844 0.0450368
1 0.0766602 0.246783 0.0302734 0.0523897
1 0.985107 0.764706 0.0200195 0.0386029
0 0.564209 0.610754 0.0249023 0.046875
1 0.854736 0.0767463 0.0200195 0.0413603
1 0.53833 0.499081 0.0229492 0.0422794
1 0.608643 0.0147059 0.0258789 0.0294118
0 0.878906 0.0818015 0.0234375 0.0404412
0 0.383057 0.788603 0.027832 0.0514706
1 0.879639 0.0790441 0.0200195 0.0386029
1 0.921143 0.557445 0.0249023 0.0395221
0 0.509521 0.681066 0.0249023 0.0459559
1 0.121582 0.151654 0.03125 0.0514706
1 0.943848 0.321691 0.0205078 0.0404412
1 0.970215 0.199449 0.0205078 0.0386029
1 0.776611 0.872702 0.0209961 0.0376838
0 0.392822 0.657169 0.0239258 0.0459559
1 0.381836 0.786765 0.0273438 0.0477941
1 0.833496 0.86443 0.0205078 0.0395221
1 0.259521 0.846967 0.0288086 0.046875
0 0.0915527 0.0363051 0.0336914 0.0523897
0 0.121094 0.152574 0.03125 0.0533088
1 0.828125 0.822151 0.0214844 0.046875
1 0.455078 0.493107 0.0214844 0.0395221
0 0.532715 0.461857 0.0234375 0.0431985
1 0.377686 0.370864 0.0249023 0.0450368
1 0.876465 0.713235 0.0234375 0.0422794
0 0.235352 0.710938 0.0253906 0.046875
0 0.464844 0.670496 0.0253906 0.046875
1 0.977295 0.43704 0.0268555 0.0450368
1 0.910889 0.499081 0.0249023 0.0441176
1 0.735352 0.180147 0.0234375 0.0459559
1 0.0917969 0.0349265 0.0322266 0.0533088
1 0.708984 0.650735 0.0214844 0.0404412
1 0.372803 0.537224 0.0268555 0.0487132
1 0.410889 0.538143 0.0258789 0.0431985
1 0.744141 0.919118 0.0253906 0.0441176
1 0.0944824 0.351103 0.027832 0.0477941
1 0.196533 0.533088 0.0249023 0.0459559
1 0.76709 0.0859375 0.0205078 0.0395221
0 0.324707 0.632353 0.0244141 0.0441176
1 0.195801 0.930147 0.0263672 0.0441176
1 0.72998 0.102022 0.0234375 0.0459559
1 0.855469 0.867647 0.0263672 0.0459559
1 0.886719 0.236213 0.0263672 0.0441176
0 0.364746 0.688879 0.0244141 0.0487132
1 0.187744 0.46921 0.0268555 0.046875
1 0.359375 0.171415 0.0214844 0.0395221
1 0.677246 0.0588235 0.0224609 0.0404412
1 0.233887 0.348805 0.0244141 0.0487132
1 0.588867 0.362132 0.0234375 0.0422794
1 0.393311 0.870864 0.027832 0.0542279
1 0.440186 0.883732 0.027832 0.046875
0 0.269775 0.984375 0.027832 0.03125
0 0.0761719 0.246783 0.03125 0.0523897
1 0.991455 0.761029 0.0170898 0.0404412
1 0.647217 0.389706 0.0229492 0.0441176
1 0.879883 0.823529 0.0234375 0.0459559
1 0.0185547 0.460018 0.0263672 0.0505515
1 0.691895 0.445312 0.0234375 0.0450368
0 0.258057 0.846967 0.0258789 0.0431985
1 0.679688 0.130974 0.0253906 0.0431985
1 0.157227 0.501838 0.0234375 0.0459559
0 0.315918 0.880974 0.0253906 0.0487132
1 0.759766 0.0565257 0.0214844 0.0395221
1 0.520752 0.0693934 0.0229492 0.0413603
1 0.712646 0.476103 0.0249023 0.0386029
1 0.358887 0.200368 0.0195312 0.0422794
1 0.780029 0.691176 0.0258789 0.0477941
1 0.17627 0.829963 0.0244141 0.0422794
1 0.571777 0.104779 0.0224609 0.0404412
1 0.414551 0.460018 0.0263672 0.0487132
1 0.151855 0.22932 0.0283203 0.0523897
1 0.834473 0.125919 0.0234375 0.0422794
1 0.146484 0.302849 0.0273438 0.0487132
1 0.205322 0.85386 0.0268555 0.0441176
1 0.92041 0.84375 0.0263672 0.0441176
1 0.0900879 0.599724 0.0249023 0.0487132
0 0.0134277 0.202206 0.0258789 0.0588235
1 0.991699 0.542279 0.0166016 0.0477941
1 0.755859 0.789062 0.0253906 0.0450368
1 0.0317383 0.410386 0.0253906 0.0450368
1 0.726562 0.634651 0.0214844 0.0431985
1 0.851562 0.261949 0.0263672 0.0422794
1 0.395264 0.125919 0.0219727 0.0404412
0 0.29834 0.670496 0.0292969 0.046875
1 0.224609 0.786305 0.0273438 0.0487132
1 0.310059 0.130974 0.0283203 0.0487132
1 0.964844 0.75 0.0234375 0.0441176
1 0.783447 0.59421 0.0258789 0.0431985
1 0.797607 0.407629 0.0219727 0.0395221
1 0.694092 0.732996 0.0209961 0.0450368
1 0.163818 0.772518 0.0258789 0.0487132
1 0.171387 0.0174632 0.0273438 0.0349265
1 0.445801 0.475643 0.0205078 0.0395221
1 0.145752 0.587776 0.0249023 0.046875
1 0.80249 0.170496 0.0229492 0.0450368
1 0.534424 0.338695 0.0229492 0.0450368
1 0.803711 0.108915 0.0234375 0.0450368
1 0.417969 0.957261 0.0283203 0.0505515
1 0.828857 0.625 0.0268555 0.0533088
1 0.0144043 0.981158 0.0239258 0.0376838
1 0.990967 0.176471 0.0180664 0.0477941
1 0.612305 0.251379 0.0195312 0.0395221
1 0.0925293 0.811121 0.0268555 0.046875
1 0.128418 0.828585 0.0253906 0.0505515
1 0.408691 0.342371 0.0263672 0.0450368
1 0.407227 0.204044 0.0253906 0.0459559
1 0.825928 0.953585 0.0297852 0.0450368
1 0.569336 0.387408 0.0234375 0.0413603
1 0.668701 0.391544 0.0229492 0.0422794
1 0.460205 0.109835 0.0229492 0.046875
1 0.813232 0.442096 0.0249023 0.0422794
1 0.80835 0.298713 0.0239258 0.0404412
1 0.598877 0.301011 0.0239258 0.0413603
1 0.500732 0.174173 0.0258789 0.0450368
1 0.691895 0.384191 0.0234375 0.0441176
1 0.578125 0.24954 0.0214844 0.0450368
1 0.597168 0.229779 0.0205078 0.0422794
1 0.0307617 0.884651 0.0253906 0.0413603
1 0.0371094 0.918199 0.0253906 0.0422794
1 0.782959 0.272518 0.0258789 0.0450368
1 0.217285 0.0772059 0.0253906 0.0459559
1 0.80542 0.228401 0.0249023 0.0450368
1 0.108154 0.528952 0.0268555 0.0487132
1 0.132568 0.622702 0.0258789 0.046875
1 0.402832 0.159926 0.0214844 0.0441176
1 0.315918 0.25 0.0263672 0.0459559
1 0.333496 0.193934 0.0253906 0.0459559
1 0.206787 0.31296 0.0258789 0.0487132
1 0.483398 0.131893 0.0234375 0.0450368
1 0.244873 0.0252757 0.0249023 0.0450368
1 0.528564 0.27068 0.0239258 0.046875
1 0.980469 0.734375 0.0214844 0.0386029
1 0.985107 0.930147 0.0268555 0.0533088
