1 0.822021 0.616728 0.0375977 0.0533088
0 0.835938 0.123162 0.0214844 0.0459559
0 0.813965 0.119026 0.0234375 0.0487132
0 0.568359 0.596967 0.03125 0.0579044
1 0.109619 0.386949 0.0297852 0.0625
0 0.960938 0.868566 0.0253906 0.0441176
0 0.83374 0.77114 0.0297852 0.0496324
1 0.101807 0.0238971 0.0336914 0.0477941
0 0.189697 0.54136 0.034668 0.0698529
0 0.101562 0.0229779 0.0341797 0.0459559
1 0.310547 0.241268 0.0302734 0.0560662
1 0.787598 0.926011 0.0263672 0.0487132
0 0.799316 0.595129 0.0283203 0.0505515
1 0.834961 0.125919 0.0234375 0.0459559
0 0.921875 0.977022 0.0292969 0.0441176
1 0.813232 0.120404 0.0219727 0.0496324
1 0.832764 0.769761 0.0297852 0.0523897
0 0.828857 0.623162 0.0249023 0.0477941
1 0.960938 0.870864 0.0234375 0.0413603
0 0.872559 0.746324 0.0263672 0.0477941
1 0.923584 0.975643 0.0297852 0.0431985
1 0.56958 0.596507 0.027832 0.0496324
1 0.94751 0.561121 0.0249023 0.046875
1 0.385254 0.254596 0.0283203 0.0477941
1 0.203125 0.957261 0.0302734 0.0523897
0 0.309814 0.23989 0.0307617 0.0569853
1 0.98877 0.172335 0.0224609 0.0505515
0 0.258789 0.847426 0.0273438 0.0514706
0 0.439209 0.882353 0.0336914 0.0551471
1 0.828857 0.62454 0.0219727 0.046875
1 0.800049 0.594669 0.0268555 0.0496324
1 0.872559 0.745864 0.0283203 0.046875
0 0.934326 0.882812 0.0249023 0.0395221
0 0.202148 0.957261 0.0283203 0.0487132
1 0.91626 0.494945 0.0249023 0.046875
1 0.415527 0.454963 0.0244141 0.0459559
0 0.164551 0.772518 0.0283203 0.0560662
0 0.0852051 0.238971 0.034668 0.0625
0 0.109131 0.389246 0.0288086 0.0615809
1 0.377441 0.367188 0.0224609 0.0413603
0 0.0222168 0.193015 0.0336914 0.0680147
1 0.825928 0.954504 0.0297852 0.0505515
1 0.689941 0.389246 0.0302734 0.0634191
1 0.189453 0.54136 0.0341797 0.0661765
1 0.394287 0.342831 0.0249023 0.0422794
