0 0.567139 0.596967 0.0288086 0.0523897
0 0.0961914 0.581801 0.0283203 0.0459559
1 0.0209961 0.193934 0.0273438 0.0551471
0 0.789795 0.592831 0.0249023 0.0441176
1 0.09375 0.54182 0.0263672 0.0560662
0 0.439941 0.88557 0.0244141 0.046875
0 0.101562 0.376379 0.0253906 0.0505515
0 0.0217285 0.194393 0.0258789 0.0505515
0 0.872559 0.730699 0.0234375 0.0441176
1 0.932861 0.563419 0.0268555 0.0422794
1 0.916992 0.982537 0.03125 0.0349265
0 0.206543 0.316636 0.0263672 0.0523897
1 0.882812 0.241268 0.0214844 0.046875
0 0.828857 0.622702 0.0249023 0.0487132
1 0.789795 0.590993 0.0249023 0.0441176
1 0.440186 0.883732 0.0239258 0.0487132
0 0.0852051 0.238511 0.0307617 0.0523897
1 0.172119 0.0211397 0.027832 0.0386029
1 0.873291 0.730699 0.0249023 0.0459559
1 0.835938 0.865349 0.0205078 0.0395221
1 0.917236 0.492188 0.0297852 0.046875
1 0.197998 0.959559 0.0288086 0.0477941
1 0.929688 0.871324 0.0263672 0.0459559
0 0.82666 0.954963 0.0283203 0.0496324
1 0.858643 0.0840993 0.0219727 0.046875
0 0.198242 0.95818 0.0283203 0.046875
1 0.771484 0.741728 0.0214844 0.0459559
1 0.825928 0.955882 0.0297852 0.0496324
1 0.858643 0.254136 0.0219727 0.0413603
1 0.202637 0.0721507 0.0263672 0.0450368
1 0.828857 0.623162 0.0219727 0.0477941
1 0.09375 0.0261949 0.03125 0.0431985
1 0.258301 0.84421 0.0253906 0.046875
1 0.98877 0.173713 0.0224609 0.0496324
1 0.80835 0.300092 0.0239258 0.0413603
1 0.690674 0.387408 0.0268555 0.0505515
1 0.836914 0.125 0.0234375 0.0441176
1 0.810059 0.116728 0.0205078 0.0441176
0 0.202637 0.0703125 0.0253906 0.046875
1 0.568115 0.599724 0.0258789 0.046875
0 0.93042 0.870864 0.0268555 0.0487132
0 0.0942383 0.538143 0.0273438 0.0487132
1 0.825684 0.785846 0.0263672 0.0496324
1 0.785156 0.272059 0.0244141 0.0477941
1 0.551025 0.89614 0.0258789 0.0441176
1 0.235596 0.340074 0.0268555 0.0477941
1 0.862305 0.861673 0.0234375 0.046875
1 0.206787 0.315257 0.0258789 0.0477941
1 0.0952148 0.581801 0.0273438 0.0459559
1 0.768799 0.924632 0.0268555 0.0514706
1 0.196045 0.533088 0.027832 0.0533088
1 0.524414 0.269301 0.0234375 0.0404412
1 0.514893 0.195312 0.0219727 0.0450368
1 0.391602 0.871783 0.0224609 0.0487132
1 0.415039 0.922794 0.0234375 0.0459559
1 0.528076 0.309743 0.0219727 0.0404412
1 0.880615 0.826746 0.0249023 0.046875
1 0.755859 0.789062 0.0244141 0.0450368
1 0.395508 0.539982 0.0205078 0.0376838
0 0.164307 0.769761 0.0297852 0.0542279
1 0.539307 0.0574449 0.0258789 0.0450368
1 0.375977 0.539062 0.0224609 0.0413603
1 0.395508 0.224265 0.0234375 0.0459559
1 0.568359 0.0914522 0.0234375 0.0450368
1 0.981934 0.909007 0.0263672 0.0496324
1 0.415283 0.457721 0.0258789 0.0441176
1 0.378662 0.368107 0.0249023 0.0431985
1 0.409424 0.340533 0.0239258 0.0431985
1 0.311768 0.245864 0.027832 0.0450368
