0 0.525391 0.210478 0.0224609 0.0459559
0 0.858643 0.0836397 0.0219727 0.0459559
0 0.189453 0.54136 0.0341797 0.0698529
0 0.101807 0.0229779 0.034668 0.0459559
1 0.0849609 0.238511 0.0341797 0.0634191
0 0.790283 0.925092 0.0258789 0.0487132
1 0.102051 0.0238971 0.0341797 0.0477941
1 0.109375 0.387408 0.0292969 0.0634191
1 0.835205 0.764706 0.0249023 0.0477941
1 0.949951 0.556985 0.0297852 0.0477941
1 0.789551 0.924173 0.0253906 0.0487132
0 0.922607 0.977022 0.027832 0.0441176
0 0.799561 0.594669 0.027832 0.0514706
0 0.56958 0.598346 0.0317383 0.0551471
1 0.56958 0.596967 0.0288086 0.0523897
1 0.310059 0.23943 0.0302734 0.0560662
1 0.923584 0.975643 0.0297852 0.0431985
0 0.872559 0.746324 0.0283203 0.0477941
0 0.309326 0.238971 0.0307617 0.0551471
1 0.38501 0.256893 0.0288086 0.0487132
0 0.819336 0.126379 0.0234375 0.046875
0 0.258789 0.846967 0.0283203 0.0505515
1 0.828857 0.62454 0.0219727 0.0487132
1 0.960205 0.869945 0.0249023 0.0413603
0 0.93457 0.882353 0.0234375 0.0386029
1 0.203125 0.957261 0.0302734 0.0542279
1 0.800293 0.594669 0.0263672 0.0496324
1 0.988281 0.172335 0.0234375 0.0505515
1 0.91626 0.495864 0.0249023 0.046875
0 0.828857 0.622702 0.0249023 0.0505515
0 0.202393 0.957261 0.027832 0.0505515
0 0.439453 0.882353 0.0341797 0.0588235
0 0.164795 0.772518 0.0288086 0.0560662
0 0.0849609 0.238051 0.0361328 0.0588235
1 0.872559 0.745404 0.0263672 0.0459559
1 0.416016 0.455423 0.0253906 0.0487132
1 0.377197 0.367188 0.0219727 0.0413603
0 0.109375 0.389706 0.0292969 0.0625
0 0.0219727 0.193015 0.0332031 0.0680147
1 0.392334 0.342831 0.0229492 0.0422794
1 0.689941 0.389706 0.0302734 0.0661765
1 0.825684 0.953585 0.0283203 0.0487132
1 0.189209 0.542279 0.0336914 0.0661765
