1 0.100098 0.0238971 0.0341797 0.0477941
0 0.310791 0.897059 0.0297852 0.0533088
1 0.535889 0.91682 0.0258789 0.0487132
0 0.310547 0.241728 0.0292969 0.0514706
1 0.858643 0.0840993 0.0219727 0.046875
1 0.523193 0.20864 0.0180664 0.0404412
0 0.567871 0.597426 0.0302734 0.0551471
0 0.189697 0.54136 0.0327148 0.0661765
1 0.933594 0.880515 0.0253906 0.0441176
0 0.535889 0.915441 0.0297852 0.0496324
0 0.798584 0.595588 0.027832 0.0477941
1 0.921875 0.977482 0.0332031 0.0450368
1 0.826416 0.954963 0.0297852 0.0533088
0 0.439453 0.881893 0.0253906 0.046875
1 0.201904 0.95818 0.0307617 0.0542279
1 0.799316 0.594669 0.0263672 0.0477941
0 0.920898 0.977941 0.03125 0.0422794
1 0.569092 0.596507 0.027832 0.0496324
1 0.811035 0.119945 0.0234375 0.0487132
1 0.828857 0.624081 0.0219727 0.0477941
0 0.828857 0.772518 0.0297852 0.0542279
1 0.943604 0.56296 0.0297852 0.0505515
0 0.780762 0.921875 0.03125 0.0496324
1 0.917236 0.493566 0.0249023 0.0496324
0 0.828857 0.623162 0.0249023 0.0496324
1 0.98877 0.172335 0.0224609 0.0505515
1 0.835938 0.124081 0.0234375 0.0459559
0 0.201416 0.95818 0.027832 0.0487132
1 0.528564 0.309283 0.0209961 0.0413603
0 0.0852051 0.23943 0.0336914 0.0597426
0 0.934326 0.883272 0.0249023 0.0422794
1 0.5271 0.270221 0.0219727 0.0386029
0 0.872559 0.746324 0.0283203 0.0477941
1 0.399658 0.334099 0.0258789 0.0431985
0 0.258545 0.847886 0.0268555 0.0505515
0 0.165527 0.772978 0.0283203 0.0496324
1 0.415283 0.455882 0.0239258 0.0441176
1 0.310791 0.242647 0.0297852 0.0496324
0 0.108398 0.388787 0.0292969 0.0606618
1 0.969482 0.879136 0.0249023 0.0487132
0 0.0222168 0.192555 0.0327148 0.0652574
0 0.826416 0.953585 0.0297852 0.0542279
1 0.37793 0.367188 0.0244141 0.0450368
1 0.388428 0.25 0.0268555 0.0496324
1 0.189209 0.54182 0.0336914 0.0634191
1 0.689453 0.389706 0.03125 0.0661765
