1 0.311035 0.896599 0.0273438 0.046875
0 0.189697 0.54136 0.0327148 0.0643382
1 0.858643 0.0836397 0.0219727 0.0459559
0 0.568115 0.596507 0.0297852 0.0533088
1 0.88208 0.241728 0.0219727 0.0477941
1 0.79834 0.59329 0.0263672 0.0450368
1 0.934326 0.880515 0.0249023 0.0441176
1 0.857666 0.24954 0.0219727 0.0395221
1 0.569092 0.596507 0.0268555 0.0459559
1 0.920898 0.978401 0.03125 0.0431985
1 0.522705 0.20818 0.019043 0.0413603
0 0.798096 0.594669 0.0268555 0.0459559
1 0.405273 0.887868 0.0224609 0.0441176
0 0.438965 0.882353 0.0244141 0.0441176
1 0.390869 0.870404 0.0200195 0.0441176
1 0.537109 0.914982 0.0253906 0.046875
1 0.200684 0.95864 0.0283203 0.0496324
0 0.201172 0.95818 0.03125 0.0523897
1 0.916992 0.494026 0.0234375 0.0487132
1 0.828857 0.62454 0.0219727 0.046875
0 0.258301 0.846967 0.0263672 0.0505515
1 0.810791 0.119485 0.0219727 0.0477941
0 0.920898 0.97886 0.03125 0.0422794
1 0.943848 0.563419 0.0263672 0.0459559
1 0.989014 0.172794 0.0219727 0.0477941
1 0.835938 0.124081 0.0234375 0.0441176
0 0.0849609 0.238971 0.0332031 0.0588235
0 0.827393 0.772978 0.027832 0.0496324
0 0.933594 0.883272 0.0253906 0.0422794
0 0.872559 0.745864 0.0263672 0.0487132
0 0.828857 0.623621 0.0249023 0.0487132
1 0.526123 0.269761 0.0209961 0.0395221
1 0.528564 0.309743 0.0209961 0.0404412
1 0.970459 0.883272 0.0249023 0.0459559
0 0.165283 0.772059 0.027832 0.0496324
1 0.786377 0.272059 0.0229492 0.0404412
0 0.778564 0.922794 0.0297852 0.0477941
1 0.415039 0.454963 0.0234375 0.0422794
0 0.108154 0.389246 0.0288086 0.0579044
0 0.0219727 0.193015 0.0332031 0.0643382
1 0.797607 0.293658 0.0239258 0.0413603
1 0.388184 0.246783 0.0263672 0.0505515
1 0.310791 0.243566 0.0288086 0.0477941
1 0.377686 0.368566 0.0249023 0.0459559
0 0.826416 0.954504 0.0297852 0.0523897
1 0.689941 0.389706 0.0302734 0.0625
1 0.189453 0.542279 0.0332031 0.0625
1 0.403564 0.335478 0.0229492 0.0422794
