0 0.189697 0.54136 0.0327148 0.0643382
1 0.88208 0.241268 0.0219727 0.046875
0 0.392578 0.872243 0.0224609 0.0496324
1 0.858643 0.0840993 0.0219727 0.0450368
0 0.539062 0.914062 0.0253906 0.0487132
0 0.797852 0.594669 0.0273438 0.0459559
0 0.567627 0.596967 0.0297852 0.0542279
1 0.857666 0.24954 0.0219727 0.0395221
1 0.778076 0.920496 0.0288086 0.0505515
1 0.522461 0.20818 0.0195312 0.0413603
0 0.438721 0.882812 0.0249023 0.046875
1 0.798096 0.592831 0.0268555 0.0459559
1 0.53833 0.914062 0.0258789 0.046875
0 0.920898 0.97932 0.03125 0.0413603
1 0.920898 0.97886 0.03125 0.0422794
1 0.406982 0.890625 0.0219727 0.0459559
1 0.201416 0.95864 0.0307617 0.0533088
0 0.933594 0.882353 0.0253906 0.0422794
1 0.568848 0.597426 0.0273438 0.0477941
1 0.934326 0.880055 0.0249023 0.0431985
1 0.391846 0.871324 0.0200195 0.0459559
1 0.989014 0.172794 0.0219727 0.0477941
0 0.82666 0.773438 0.0263672 0.0487132
0 0.201172 0.95818 0.0273438 0.0487132
1 0.810791 0.119945 0.0219727 0.046875
1 0.828857 0.624081 0.0219727 0.0477941
1 0.916992 0.493566 0.0234375 0.0477941
0 0.258545 0.847426 0.0268555 0.0514706
0 0.828857 0.623162 0.0249023 0.0496324
0 0.0849609 0.238971 0.0332031 0.0588235
1 0.835938 0.12454 0.0234375 0.0431985
0 0.165039 0.772059 0.0283203 0.0496324
1 0.943848 0.563419 0.0263672 0.0477941
1 0.528564 0.309743 0.0209961 0.0404412
1 0.525635 0.269761 0.0209961 0.0395221
0 0.872559 0.744485 0.0263672 0.0496324
0 0.777832 0.922335 0.0283203 0.0487132
0 0.10791 0.388327 0.0283203 0.0579044
1 0.785889 0.272978 0.0229492 0.0422794
1 0.415039 0.454963 0.0234375 0.0422794
0 0.0219727 0.193474 0.0322266 0.0634191
1 0.388672 0.244945 0.0253906 0.0542279
0 0.826416 0.954504 0.0297852 0.0523897
1 0.971924 0.884191 0.0249023 0.0441176
1 0.799072 0.296415 0.0239258 0.0413603
1 0.689941 0.389706 0.0302734 0.0625
1 0.311035 0.243566 0.0283203 0.0477941
1 0.377686 0.368566 0.0249023 0.0459559
1 0.189209 0.542279 0.0327148 0.0625
1 0.405273 0.337316 0.0234375 0.0422794
