0 0.56665 0.597886 0.0288086 0.0542279
1 0.738037 0.144301 0.0209961 0.0386029
0 0.0854492 0.238051 0.0322266 0.0514706
1 0.0200195 0.194853 0.0273438 0.0551471
1 0.804688 0.987592 0.0292969 0.0248162
1 0.015625 0.982537 0.0273438 0.0349265
1 0.10083 0.367647 0.0229492 0.0441176
0 0.0915527 0.0284926 0.034668 0.0496324
0 0.0146484 0.984375 0.0292969 0.03125
0 0.163574 0.769761 0.0292969 0.0560662
0 0.914795 0.981618 0.027832 0.0330882
0 0.875732 0.725643 0.0268555 0.046875
1 0.196777 0.953585 0.0283203 0.046875
1 0.0852051 0.237592 0.0307617 0.0542279
1 0.835938 0.865349 0.0214844 0.0395221
1 0.172852 0.0206801 0.0292969 0.0413603
1 0.917236 0.492647 0.027832 0.0477941
0 0.020752 0.195772 0.0258789 0.0496324
1 0.164551 0.770221 0.0283203 0.0514706
1 0.885986 0.0909926 0.019043 0.0404412
0 0.196777 0.953585 0.0302734 0.0505515
1 0.092041 0.0284926 0.0336914 0.0459559
1 0.771484 0.728401 0.0224609 0.046875
1 0.788086 0.591912 0.0253906 0.0459559
1 0.858643 0.254136 0.0219727 0.0413603
1 0.931152 0.56296 0.0263672 0.0450368
1 0.552734 0.892004 0.0263672 0.0431985
1 0.257812 0.84421 0.0253906 0.0450368
1 0.828857 0.623162 0.0219727 0.0477941
1 0.690918 0.386489 0.0263672 0.046875
1 0.838379 0.12454 0.0234375 0.046875
1 0.928955 0.86489 0.0249023 0.0459559
1 0.98877 0.173713 0.0224609 0.0514706
1 0.567139 0.600184 0.0268555 0.0477941
1 0.859375 0.0836397 0.0214844 0.0459559
1 0.880615 0.825827 0.0249023 0.046875
0 0.205078 0.0762868 0.0253906 0.0477941
1 0.167236 0.484375 0.0200195 0.0422794
1 0.883545 0.240809 0.0249023 0.0459559
1 0.440186 0.884651 0.0249023 0.0487132
1 0.826416 0.794118 0.0249023 0.0477941
1 0.860352 0.862592 0.0234375 0.0487132
1 0.097168 0.529871 0.0273438 0.0487132
1 0.511719 0.191636 0.0253906 0.0431985
1 0.825928 0.955882 0.0297852 0.0496324
1 0.80957 0.119026 0.0234375 0.0450368
1 0.197266 0.53079 0.0244141 0.046875
1 0.18457 0.486673 0.0214844 0.0431985
1 0.76416 0.924173 0.0283203 0.0560662
1 0.810791 0.299632 0.0249023 0.0459559
1 0.755859 0.788603 0.0253906 0.0441176
1 0.786133 0.271599 0.0234375 0.0487132
1 0.391846 0.872702 0.0229492 0.0487132
1 0.524658 0.268382 0.0239258 0.0441176
1 0.98291 0.913143 0.0283203 0.0523897
1 0.095459 0.592371 0.0249023 0.046875
1 0.530273 0.314338 0.0234375 0.0441176
1 0.397949 0.220588 0.0224609 0.0459559
1 0.535156 0.0574449 0.0253906 0.0413603
1 0.205811 0.315257 0.0249023 0.0477941
1 0.416748 0.933824 0.0258789 0.0477941
1 0.373047 0.540441 0.0253906 0.0459559
1 0.378418 0.367647 0.0244141 0.0441176
1 0.238281 0.342831 0.0283203 0.0496324
1 0.414795 0.457721 0.0249023 0.0441176
1 0.571289 0.0988051 0.0234375 0.046875
1 0.409668 0.340074 0.0244141 0.0441176
1 0.311035 0.246324 0.0273438 0.0459559
1 0.399902 0.540441 0.0253906 0.0441176
