1 0.924072 0.975643 0.0297852 0.046875
1 0.109863 0.386949 0.0302734 0.0643382
0 0.38208 0.267463 0.0297852 0.0533088
0 0.859375 0.082261 0.0234375 0.046875
0 0.189453 0.542279 0.0351562 0.0735294
1 0.102539 0.0248162 0.0341797 0.0496324
0 0.102051 0.0238971 0.0361328 0.0477941
1 0.381836 0.267923 0.0273438 0.0505515
1 0.438965 0.880515 0.0302734 0.0588235
1 0.800781 0.59375 0.0253906 0.0514706
1 0.30957 0.237592 0.0283203 0.0597426
0 0.259521 0.848805 0.0307617 0.0542279
1 0.872559 0.746324 0.0263672 0.0477941
0 0.843018 0.767004 0.027832 0.046875
0 0.924805 0.975643 0.03125 0.0487132
0 0.800781 0.929228 0.0253906 0.0459559
1 0.258545 0.847886 0.0297852 0.0542279
0 0.203613 0.957261 0.03125 0.0542279
0 0.825928 0.953585 0.0249023 0.0450368
0 0.800781 0.59375 0.0263672 0.0496324
1 0.416016 0.454504 0.0283203 0.0560662
1 0.958496 0.556526 0.03125 0.0523897
1 0.987549 0.172794 0.0249023 0.0569853
0 0.439453 0.881434 0.0341797 0.0569853
0 0.570068 0.597426 0.0327148 0.0569853
0 0.308838 0.237592 0.0307617 0.0597426
1 0.916504 0.496324 0.0263672 0.0477941
0 0.828857 0.624081 0.0249023 0.0496324
1 0.203613 0.957261 0.03125 0.0560662
0 0.164551 0.772978 0.0292969 0.0569853
1 0.304199 0.905331 0.0292969 0.0569853
0 0.0852051 0.238971 0.034668 0.0625
1 0.689941 0.389706 0.03125 0.0661765
0 0.872559 0.746324 0.0263672 0.0477941
0 0.109375 0.387868 0.03125 0.0625
0 0.0224609 0.193474 0.0332031 0.0670956
1 0.189209 0.542279 0.034668 0.0661765
