0 0.383301 0.267463 0.0302734 0.0533088
1 0.386475 0.779412 0.0317383 0.0551471
0 0.936523 0.880055 0.0234375 0.0358456
0 0.189453 0.54182 0.0351562 0.0726103
1 0.30957 0.237592 0.0283203 0.0597426
0 0.102051 0.0238971 0.0361328 0.0477941
1 0.102539 0.0248162 0.0341797 0.0496324
0 0.925049 0.975643 0.0297852 0.0487132
0 0.860352 0.0827206 0.03125 0.0496324
0 0.825928 0.953585 0.0249023 0.046875
1 0.798096 0.928768 0.0239258 0.046875
0 0.841309 0.766085 0.0263672 0.0450368
1 0.93457 0.881893 0.0234375 0.0395221
1 0.438965 0.880055 0.0302734 0.0597426
0 0.798096 0.927849 0.0239258 0.0487132
1 0.828857 0.625919 0.0219727 0.0496324
0 0.259033 0.847886 0.0307617 0.0542279
0 0.800781 0.59421 0.0263672 0.0487132
0 0.203369 0.957261 0.0307617 0.0523897
1 0.800781 0.59421 0.0253906 0.0505515
1 0.924316 0.975184 0.0283203 0.0441176
1 0.41626 0.454504 0.0297852 0.0597426
1 0.872559 0.745864 0.0263672 0.046875
1 0.258545 0.847886 0.0297852 0.0523897
1 0.825928 0.953125 0.0249023 0.0441176
1 0.957031 0.556985 0.0283203 0.0514706
0 0.570068 0.597886 0.0327148 0.0579044
1 0.987549 0.173254 0.0249023 0.0560662
0 0.439453 0.881434 0.0341797 0.0588235
1 0.95166 0.865349 0.0234375 0.0395221
0 0.828857 0.624081 0.0249023 0.0496324
0 0.872559 0.746324 0.0263672 0.0477941
0 0.308594 0.237592 0.0302734 0.0597426
0 0.164795 0.772518 0.0288086 0.0560662
1 0.203857 0.957261 0.0307617 0.0542279
0 0.0852051 0.238971 0.034668 0.0625
1 0.916504 0.496324 0.0263672 0.0477941
1 0.303955 0.90579 0.0288086 0.0560662
0 0.109131 0.387868 0.0307617 0.0625
0 0.0222168 0.193015 0.0327148 0.0661765
1 0.689941 0.389706 0.03125 0.0661765
1 0.189453 0.54182 0.0341797 0.0670956
