0 0.858643 0.0840993 0.0219727 0.046875
1 0.439453 0.880974 0.0322266 0.0579044
0 0.948486 0.560202 0.0268555 0.046875
0 0.101562 0.0220588 0.0341797 0.0441176
0 0.960938 0.868566 0.0253906 0.0441176
1 0.528564 0.273897 0.0219727 0.0404412
0 0.812012 0.118566 0.0244141 0.0477941
0 0.189697 0.540901 0.0336914 0.0689338
1 0.101807 0.0229779 0.0327148 0.0459559
1 0.0852051 0.23943 0.0336914 0.0634191
1 0.786621 0.926011 0.0263672 0.0487132
0 0.83374 0.77114 0.0297852 0.0514706
0 0.835938 0.123621 0.0214844 0.046875
1 0.923584 0.976562 0.0297852 0.0431985
1 0.811523 0.120404 0.0234375 0.0496324
1 0.962646 0.870404 0.0249023 0.0422794
1 0.835205 0.12546 0.0219727 0.0450368
1 0.528076 0.306526 0.0219727 0.0376838
0 0.826416 0.953585 0.0297852 0.0523897
0 0.799316 0.595129 0.0283203 0.0505515
0 0.922607 0.977022 0.027832 0.0422794
1 0.832764 0.769761 0.0297852 0.0542279
1 0.94751 0.561581 0.0249023 0.0477941
0 0.309814 0.23989 0.0307617 0.0533088
1 0.109375 0.387408 0.0292969 0.0634191
0 0.258789 0.846967 0.0273438 0.0505515
0 0.438965 0.882353 0.0341797 0.0551471
1 0.202881 0.957261 0.0307617 0.0523897
0 0.872559 0.746324 0.0283203 0.0477941
0 0.828857 0.623162 0.0249023 0.0496324
1 0.310547 0.23989 0.03125 0.0533088
1 0.872559 0.745864 0.0283203 0.046875
1 0.829102 0.624081 0.0234375 0.0477941
0 0.0852051 0.238051 0.0356445 0.0588235
1 0.569092 0.596507 0.027832 0.0496324
1 0.988281 0.172335 0.0234375 0.0505515
1 0.91626 0.494945 0.0249023 0.046875
1 0.800049 0.594669 0.0268555 0.0496324
0 0.934326 0.882812 0.0249023 0.0395221
0 0.202148 0.957261 0.0283203 0.0487132
1 0.385498 0.256434 0.0249023 0.0477941
0 0.108887 0.389706 0.0292969 0.0625
0 0.164551 0.772518 0.0283203 0.0560662
1 0.415527 0.454963 0.0244141 0.0459559
0 0.0222168 0.193474 0.0336914 0.0670956
1 0.377441 0.367647 0.0224609 0.0422794
1 0.825928 0.954504 0.0297852 0.0505515
1 0.689941 0.389706 0.0302734 0.0643382
1 0.394531 0.342371 0.0253906 0.0431985
1 0.189209 0.54182 0.0336914 0.0652574
