0 0.015625 0.980239 0.0302734 0.0395221
1 0.883545 0.101562 0.0200195 0.0413603
1 0.858398 0.254136 0.0234375 0.0358456
1 0.876709 0.722426 0.0297852 0.0477941
0 0.566406 0.597886 0.0292969 0.0523897
0 0.914795 0.981618 0.027832 0.0330882
1 0.532227 0.320772 0.0234375 0.0404412
1 0.804443 0.987592 0.0297852 0.0248162
0 0.196045 0.950827 0.0307617 0.0523897
1 0.83667 0.865349 0.0219727 0.0395221
1 0.884521 0.236673 0.0249023 0.0413603
0 0.875732 0.724724 0.027832 0.046875
1 0.0197754 0.195772 0.0249023 0.0496324
1 0.917236 0.492647 0.027832 0.0477941
0 0.206299 0.0772059 0.0258789 0.0477941
1 0.553467 0.889706 0.0268555 0.0422794
1 0.787842 0.591912 0.0258789 0.0477941
1 0.73999 0.149357 0.0219727 0.0395221
1 0.773438 0.723346 0.0234375 0.0441176
1 0.398682 0.217831 0.0249023 0.0459559
1 0.828857 0.622702 0.0219727 0.046875
1 0.896729 0.107996 0.0219727 0.0413603
1 0.257812 0.84329 0.0253906 0.0450368
1 0.0148926 0.982537 0.0268555 0.0349265
1 0.205811 0.0776654 0.0258789 0.046875
1 0.100098 0.365809 0.0244141 0.0441176
1 0.196533 0.950368 0.0307617 0.0514706
1 0.732178 0.122243 0.0219727 0.0404412
1 0.566895 0.600643 0.0273438 0.0487132
1 0.172852 0.0206801 0.0292969 0.0413603
1 0.931152 0.5625 0.0263672 0.0459559
1 0.163818 0.77114 0.0268555 0.0514706
1 0.761719 0.925092 0.0292969 0.0560662
1 0.0915527 0.0289522 0.0336914 0.046875
1 0.827393 0.795496 0.0249023 0.0505515
1 0.100586 0.814798 0.0253906 0.0395221
1 0.838379 0.12454 0.0234375 0.046875
1 0.116211 0.814798 0.0214844 0.0395221
1 0.755615 0.789522 0.0249023 0.0441176
1 0.571289 0.101103 0.0234375 0.0477941
1 0.98877 0.174632 0.0224609 0.0496324
1 0.0854492 0.237592 0.0292969 0.0523897
1 0.880615 0.825827 0.0249023 0.046875
1 0.690674 0.386029 0.0268555 0.0477941
1 0.859375 0.0840993 0.0214844 0.0431985
1 0.859375 0.862592 0.0234375 0.0487132
1 0.885986 0.0882353 0.0200195 0.0404412
1 0.525146 0.268382 0.0249023 0.0459559
1 0.928955 0.861673 0.0249023 0.046875
1 0.810303 0.119026 0.0229492 0.0450368
1 0.440186 0.884651 0.0258789 0.0487132
1 0.371582 0.539522 0.0273438 0.0459559
1 0.98291 0.914062 0.0263672 0.0523897
1 0.147949 0.236673 0.0224609 0.0395221
1 0.391846 0.873621 0.0229492 0.0505515
1 0.810791 0.300092 0.0249023 0.0450368
1 0.509521 0.188879 0.0249023 0.046875
1 0.197021 0.530331 0.0239258 0.0459559
1 0.825928 0.955882 0.0297852 0.0496324
1 0.785645 0.271599 0.0234375 0.0487132
1 0.186279 0.485294 0.0219727 0.0441176
1 0.0949707 0.595588 0.0239258 0.0441176
1 0.154297 0.262408 0.0205078 0.0376838
1 0.311035 0.245864 0.0273438 0.046875
1 0.0981445 0.527574 0.0283203 0.0496324
1 0.416504 0.938419 0.0263672 0.0496324
1 0.37793 0.368107 0.0253906 0.0431985
1 0.414795 0.457261 0.0249023 0.0450368
1 0.205566 0.314798 0.0244141 0.046875
1 0.533936 0.0592831 0.0258789 0.0395221
1 0.165039 0.483456 0.0214844 0.0441176
1 0.403076 0.539982 0.0239258 0.0450368
1 0.409668 0.340533 0.0253906 0.0450368
1 0.23877 0.34375 0.0283203 0.0496324
