1 0.806396 0.988051 0.0297852 0.0238971
1 0.613037 0.0124081 0.0249023 0.0248162
1 0.835205 0.863051 0.019043 0.0386029
1 0.682373 0.0905331 0.0209961 0.0340074
1 0.88916 0.0965074 0.0234375 0.0459559
1 0.877441 0.723346 0.0263672 0.0441176
0 0.566406 0.598346 0.0292969 0.0514706
0 0.914062 0.982537 0.0283203 0.0349265
1 0.85791 0.253676 0.0234375 0.0404412
0 0.876465 0.723805 0.0263672 0.046875
1 0.917236 0.493107 0.027832 0.046875
1 0.566895 0.600643 0.0273438 0.046875
1 0.826416 0.799173 0.0249023 0.0505515
1 0.787109 0.592371 0.0253906 0.046875
1 0.553955 0.88511 0.0249023 0.0422794
1 0.774902 0.71875 0.0244141 0.0441176
1 0.828857 0.622243 0.0219727 0.0459559
1 0.755615 0.789522 0.0249023 0.0422794
1 0.172607 0.0202206 0.0297852 0.0404412
1 0.879883 0.825827 0.0234375 0.0450368
1 0.13208 0.606158 0.0200195 0.0413603
1 0.257568 0.84375 0.0249023 0.0441176
1 0.93042 0.56296 0.0268555 0.0450368
1 0.759033 0.926471 0.0288086 0.0496324
1 0.0192871 0.195772 0.0249023 0.0514706
1 0.207764 0.0790441 0.0249023 0.0477941
1 0.0146484 0.981618 0.0263672 0.0367647
1 0.0913086 0.0303309 0.0341797 0.0477941
1 0.690674 0.38557 0.0258789 0.046875
1 0.838379 0.12454 0.0234375 0.0431985
1 0.23584 0.716452 0.0224609 0.0413603
1 0.196533 0.94807 0.027832 0.0487132
1 0.571533 0.102941 0.0229492 0.0441176
1 0.85791 0.862592 0.0234375 0.046875
1 0.143066 0.590074 0.0205078 0.0441176
1 0.399658 0.214614 0.0249023 0.0487132
1 0.988281 0.175092 0.0234375 0.0487132
1 0.825928 0.955882 0.0297852 0.0496324
1 0.740967 0.154412 0.0219727 0.0404412
1 0.897705 0.106618 0.0219727 0.0441176
1 0.98291 0.915441 0.0283203 0.0514706
1 0.439697 0.88511 0.0258789 0.0441176
1 0.859375 0.0840993 0.0205078 0.0431985
1 0.809326 0.119026 0.0219727 0.0431985
1 0.524658 0.268382 0.0249023 0.0477941
1 0.0852051 0.236673 0.0297852 0.0542279
1 0.928223 0.858915 0.0234375 0.046875
1 0.53125 0.066636 0.0253906 0.0450368
1 0.588623 0.256434 0.0219727 0.0349265
1 0.883545 0.0877757 0.0200195 0.0431985
1 0.23291 0.758272 0.0224609 0.0422794
1 0.730713 0.116728 0.0209961 0.0422794
1 0.0993652 0.526195 0.0268555 0.0487132
1 0.591064 0.285846 0.0219727 0.0386029
1 0.391846 0.873621 0.0229492 0.0487132
1 0.508057 0.186121 0.0249023 0.0450368
1 0.371338 0.539982 0.0258789 0.0450368
1 0.196777 0.529871 0.0234375 0.0450368
1 0.11792 0.819853 0.0229492 0.0459559
1 0.186768 0.484835 0.0219727 0.0450368
1 0.785645 0.271599 0.0224609 0.046875
1 0.414551 0.457261 0.0244141 0.0431985
1 0.162354 0.483915 0.0239258 0.0450368
1 0.164307 0.77068 0.0268555 0.0505515
1 0.0944824 0.599265 0.0239258 0.0441176
1 0.811768 0.300551 0.0249023 0.0441176
1 0.37793 0.368107 0.0253906 0.0431985
1 0.416748 0.942096 0.0258789 0.0496324
1 0.409912 0.340533 0.0249023 0.0450368
1 0.311279 0.245864 0.0268555 0.0487132
1 0.0969238 0.814798 0.0258789 0.046875
1 0.148193 0.235754 0.0239258 0.0413603
1 0.0991211 0.363971 0.0263672 0.0459559
1 0.23877 0.34421 0.0283203 0.0505515
1 0.205322 0.314798 0.0249023 0.046875
1 0.154541 0.27114 0.0239258 0.0422794
1 0.404785 0.538603 0.0244141 0.0441176
