0 0.392578 0.65625 0.0263672 0.0477941
0 0.535645 0.501838 0.0263672 0.0441176
0 0.510498 0.0174632 0.0200195 0.0349265
1 0.762939 0.0698529 0.0219727 0.0477941
1 0.076416 0.247702 0.0288086 0.0523897
1 0.835205 0.985754 0.027832 0.0284926
1 0.361816 0.685662 0.0283203 0.0533088
1 0.393066 0.657169 0.0244141 0.0459559
0 0.032959 0.410386 0.0249023 0.0487132
1 0.116699 0.161765 0.0234375 0.0404412
0 0.116211 0.161305 0.0224609 0.0450368
1 0.561768 0.610754 0.0229492 0.0450368
0 0.978271 0.439798 0.0219727 0.0413603
1 0.450195 0.508272 0.0195312 0.0386029
1 0.274658 0.200368 0.019043 0.0367647
0 0.362305 0.686581 0.0292969 0.0496324
0 0.158691 0.499081 0.0214844 0.0422794
1 0.853027 0.078125 0.0205078 0.0422794
0 0.125488 0.484835 0.0214844 0.0505515
1 0.467529 0.115349 0.0317383 0.0487132
1 0.659668 0.0137868 0.0205078 0.0275735
1 0.064209 0.80239 0.0249023 0.0422794
0 0.464111 0.671415 0.0268555 0.046875
0 0.0178223 0.462776 0.027832 0.0523897
1 0.381836 0.787224 0.0214844 0.0413603
0 0.619385 0.983915 0.0288086 0.0321691
1 0.984375 0.765625 0.0205078 0.0367647
1 0.979004 0.441176 0.0234375 0.0404412
0 0.780762 0.6875 0.0244141 0.0496324
1 0.733643 0.184743 0.0229492 0.0441176
1 0.631592 0.880974 0.0209961 0.0376838
0 0.878906 0.0808824 0.0234375 0.0422794
1 0.0183105 0.463235 0.0268555 0.0514706
1 0.531982 0.461397 0.0249023 0.0441176
0 0.0871582 0.599724 0.0249023 0.0505515
1 0.188721 0.378676 0.0229492 0.0404412
1 0.828125 0.823989 0.0214844 0.046875
1 0.12793 0.139706 0.0224609 0.0404412
1 0.840576 0.683364 0.0219727 0.0395221
1 0.462891 0.671415 0.0253906 0.0450368
1 0.0869141 0.599265 0.0244141 0.0477941
1 0.706543 0.653952 0.0234375 0.0431985
1 0.538086 0.500919 0.0234375 0.0422794
1 0.092041 0.0349265 0.0317383 0.0533088
0 0.197266 0.53171 0.0244141 0.046875
0 0.828857 0.824908 0.0219727 0.0450368
1 0.780518 0.6875 0.0258789 0.0477941
1 0.259521 0.846048 0.0288086 0.0487132
1 0.989746 0.818474 0.0205078 0.0431985
1 0.157959 0.49954 0.0219727 0.0450368
1 0.0930176 0.8125 0.0268555 0.0496324
1 0.668457 0.392923 0.0224609 0.0450368
0 0.352783 0.801471 0.0219727 0.0459559
1 0.125732 0.492188 0.0229492 0.0523897
1 0.672852 0.711857 0.0234375 0.0450368
0 0.325195 0.630055 0.0253906 0.0450368
1 0.727295 0.636029 0.0229492 0.0441176
1 0.646729 0.389706 0.0249023 0.0441176
1 0.175781 0.828585 0.0263672 0.046875
1 0.171143 0.0160846 0.027832 0.0321691
1 0.693115 0.383732 0.0249023 0.046875
1 0.197266 0.532629 0.0253906 0.0450368
1 0.372803 0.536765 0.027832 0.0477941
1 0.742188 0.914522 0.0234375 0.0459559
1 0.879883 0.823529 0.0234375 0.0459559
1 0.510498 0.681066 0.0268555 0.0459559
1 0.0947266 0.350184 0.0273438 0.0459559
1 0.730957 0.100184 0.0234375 0.0459559
1 0.606201 0.015625 0.0258789 0.03125
1 0.232178 0.347886 0.0219727 0.046875
0 0.0917969 0.0363051 0.0332031 0.0505515
0 0.0759277 0.249081 0.0288086 0.0496324
1 0.855469 0.867647 0.0253906 0.0459559
1 0.910889 0.503217 0.0249023 0.0431985
1 0.712891 0.476562 0.0253906 0.0431985
1 0.854004 0.680607 0.0205078 0.0376838
1 0.377686 0.371324 0.0258789 0.0477941
1 0.195068 0.926471 0.0249023 0.0441176
1 0.45752 0.498162 0.0234375 0.0404412
1 0.146484 0.587776 0.0234375 0.046875
1 0.0324707 0.410386 0.0249023 0.0450368
1 0.4375 0.882353 0.0253906 0.0477941
1 0.69043 0.446691 0.0234375 0.0441176
1 0.960938 0.215993 0.0214844 0.0349265
1 0.885986 0.237132 0.0297852 0.0459559
1 0.761963 0.884191 0.0219727 0.0367647
1 0.589844 0.363511 0.0244141 0.0450368
1 0.851562 0.262408 0.0263672 0.0413603
1 0.128418 0.828585 0.0263672 0.0505515
1 0.755859 0.789062 0.0253906 0.0450368
1 0.991699 0.761029 0.0166016 0.0404412
1 0.802246 0.169118 0.0234375 0.0459559
1 0.187012 0.465074 0.0263672 0.0477941
1 0.992676 0.547335 0.0146484 0.046875
0 0.258301 0.846507 0.0263672 0.0422794
0 0.269775 0.984375 0.027832 0.03125
1 0.152344 0.228401 0.0273438 0.0505515
1 0.520508 0.0703125 0.0234375 0.0431985
1 0.394775 0.871324 0.027832 0.0533088
1 0.783447 0.59375 0.0258789 0.0441176
1 0.83374 0.126838 0.0249023 0.0422794
0 0.012207 0.205423 0.0224609 0.0523897
0 0.298096 0.671415 0.027832 0.0487132
1 0.945312 0.318015 0.0234375 0.0422794
1 0.694824 0.738511 0.0205078 0.046875
1 0.766846 0.0850184 0.0209961 0.0395221
1 0.678955 0.13511 0.0268555 0.0459559
0 0.235107 0.710938 0.0249023 0.046875
0 0.316406 0.879136 0.0253906 0.0487132
1 0.877441 0.710478 0.0234375 0.0422794
1 0.777344 0.870864 0.0214844 0.0395221
1 0.613037 0.251838 0.0209961 0.0404412
1 0.410156 0.537684 0.0263672 0.0459559
1 0.761475 0.0491728 0.0219727 0.0395221
1 0.360596 0.168199 0.0249023 0.0422794
1 0.97168 0.196232 0.0234375 0.0376838
1 0.53418 0.339154 0.0234375 0.0441176
1 0.92041 0.841912 0.0263672 0.0459559
1 0.205566 0.855239 0.0283203 0.046875
1 0.828125 0.624081 0.0253906 0.0514706
1 0.164795 0.772518 0.0258789 0.0487132
1 0.0141602 0.980699 0.0244141 0.0386029
1 0.45874 0.108915 0.0249023 0.046875
1 0.407715 0.34329 0.0263672 0.0450368
1 0.308594 0.128676 0.0273438 0.0514706
1 0.572266 0.10432 0.0234375 0.0413603
1 0.675781 0.0579044 0.0244141 0.0422794
1 0.797119 0.40625 0.0229492 0.0422794
1 0.806885 0.297794 0.0239258 0.0422794
1 0.108643 0.529412 0.0258789 0.0477941
1 0.991455 0.17693 0.0170898 0.0431985
1 0.223877 0.788143 0.0268555 0.0450368
1 0.417969 0.960018 0.0273438 0.0487132
1 0.597412 0.22886 0.0209961 0.0422794
1 0.804688 0.231618 0.0234375 0.0441176
1 0.408203 0.204504 0.0263672 0.046875
1 0.19751 0.365349 0.0229492 0.0376838
1 0.933594 0.330882 0.0214844 0.0404412
1 0.781982 0.273897 0.0258789 0.0459559
1 0.813232 0.442555 0.0268555 0.0431985
1 0.146729 0.304228 0.0258789 0.0477941
1 0.567627 0.386949 0.0239258 0.0422794
1 0.598145 0.300092 0.0244141 0.0450368
1 0.444336 0.471967 0.0234375 0.0431985
1 0.0400391 0.922794 0.0263672 0.0441176
1 0.39502 0.120404 0.0244141 0.0441176
1 0.132812 0.625 0.0253906 0.0477941
1 0.964111 0.752757 0.0249023 0.0422794
1 0.219971 0.0758272 0.0258789 0.0487132
1 0.828125 0.953125 0.0253906 0.0459559
1 0.803223 0.105239 0.0234375 0.0431985
1 0.5 0.175092 0.0263672 0.046875
1 0.414551 0.461857 0.0263672 0.0487132
1 0.577881 0.24954 0.0219727 0.046875
1 0.362061 0.202665 0.0229492 0.0413603
1 0.0305176 0.88511 0.0258789 0.0441176
1 0.916992 0.553309 0.0234375 0.0441176
1 0.985107 0.932445 0.0249023 0.0523897
1 0.483154 0.132812 0.0239258 0.046875
1 0.332764 0.19807 0.0249023 0.0450368
1 0.316406 0.25 0.0253906 0.0441176
1 0.529297 0.270221 0.0234375 0.0459559
1 0.981201 0.733456 0.0219727 0.0386029
1 0.403076 0.159467 0.0229492 0.046875
1 0.207275 0.311581 0.0239258 0.0459559
1 0.242432 0.0257353 0.0258789 0.0459559
