1 0.38208 0.785846 0.0219727 0.0422794
1 0.80542 0.988051 0.0297852 0.0238971
1 0.566162 0.601562 0.0297852 0.0487132
1 0.612061 0.0128676 0.0258789 0.0257353
0 0.82666 0.801471 0.0263672 0.0514706
1 0.787109 0.59329 0.0253906 0.046875
0 0.75708 0.924173 0.0288086 0.0487132
1 0.776855 0.717371 0.0244141 0.0431985
1 0.755859 0.79136 0.0263672 0.0441176
0 0.776123 0.715993 0.0229492 0.0441176
1 0.825928 0.801471 0.0249023 0.0496324
0 0.828125 0.621783 0.0253906 0.0487132
0 0.912354 0.982537 0.0297852 0.0349265
0 0.755615 0.789522 0.0249023 0.0422794
1 0.533691 0.328125 0.0224609 0.0441176
0 0.877441 0.722886 0.0263672 0.0450368
0 0.566406 0.601103 0.0273438 0.0477941
0 0.825684 0.954963 0.0283203 0.0496324
1 0.758301 0.926471 0.0302734 0.0514706
1 0.916992 0.492188 0.0234375 0.0450368
1 0.879639 0.825827 0.0249023 0.0450368
1 0.825928 0.955882 0.0297852 0.0496324
1 0.740967 0.159467 0.0219727 0.0395221
1 0.828857 0.622243 0.0219727 0.0459559
1 0.555908 0.884191 0.0268555 0.0441176
1 0.857666 0.862592 0.0249023 0.0450368
1 0.856934 0.254136 0.0234375 0.0413603
1 0.92749 0.857077 0.0249023 0.046875
1 0.679443 0.0606618 0.0209961 0.0367647
1 0.334229 0.182904 0.0200195 0.0441176
1 0.257324 0.84375 0.0253906 0.0441176
1 0.93042 0.5625 0.0268555 0.0441176
1 0.019043 0.195772 0.0253906 0.0514706
1 0.806152 0.209099 0.0205078 0.0358456
1 0.838379 0.12454 0.0234375 0.0431985
1 0.439697 0.88511 0.0258789 0.0441176
1 0.681152 0.097886 0.0224609 0.0395221
1 0.0908203 0.0294118 0.0332031 0.0477941
1 0.527832 0.066636 0.0244141 0.0450368
1 0.691162 0.38511 0.0258789 0.0459559
1 0.172363 0.019761 0.0292969 0.0395221
1 0.0144043 0.981618 0.0258789 0.0367647
1 0.236816 0.715533 0.0244141 0.0431985
1 0.0837402 0.235754 0.0288086 0.0523897
1 0.988281 0.175092 0.0234375 0.0487132
1 0.100342 0.524816 0.0258789 0.0496324
1 0.731689 0.116728 0.0209961 0.0422794
1 0.882812 0.0868566 0.0205078 0.0413603
1 0.809326 0.118566 0.0219727 0.0422794
1 0.858643 0.0836397 0.0200195 0.0422794
1 0.571045 0.103401 0.0229492 0.0431985
1 0.524658 0.268382 0.0249023 0.0477941
1 0.320557 0.167279 0.0200195 0.0441176
1 0.14502 0.589614 0.0205078 0.0450368
1 0.371094 0.539522 0.0253906 0.0459559
1 0.401123 0.213695 0.0239258 0.046875
1 0.196777 0.946232 0.0283203 0.0487132
1 0.391846 0.87454 0.0229492 0.0487132
1 0.0942383 0.601562 0.0234375 0.0450368
1 0.897705 0.106158 0.0200195 0.0431985
1 0.98291 0.91682 0.0283203 0.0542279
1 0.098877 0.362592 0.0268555 0.046875
1 0.20874 0.0799632 0.0249023 0.0477941
1 0.131836 0.607996 0.0205078 0.0431985
1 0.592529 0.290901 0.0229492 0.0431985
1 0.196777 0.529412 0.0234375 0.0441176
1 0.50708 0.183824 0.0249023 0.0459559
1 0.811523 0.301011 0.0234375 0.0413603
1 0.786133 0.271599 0.0234375 0.0450368
1 0.414062 0.456801 0.0244141 0.0441176
1 0.585205 0.255515 0.0229492 0.0404412
1 0.187744 0.482996 0.0239258 0.0450368
1 0.231201 0.76011 0.0239258 0.0441176
1 0.37793 0.368107 0.0253906 0.0431985
1 0.409668 0.340074 0.0253906 0.0441176
1 0.160889 0.485754 0.0239258 0.0450368
1 0.417969 0.942555 0.0253906 0.0487132
1 0.147949 0.235294 0.0244141 0.0422794
1 0.0957031 0.814798 0.0273438 0.0505515
1 0.153564 0.274816 0.0258789 0.0422794
1 0.164307 0.77068 0.0268555 0.0505515
1 0.405518 0.538143 0.0239258 0.0431985
1 0.23877 0.345129 0.0283203 0.0505515
1 0.311523 0.246324 0.0253906 0.0459559
1 0.119385 0.820312 0.0239258 0.046875
1 0.205078 0.314798 0.0244141 0.046875
