1 0.523438 0.20818 0.0175781 0.0413603
0 0.098877 0.0229779 0.0297852 0.0459559
1 0.0849609 0.238511 0.0332031 0.0634191
1 0.933594 0.880515 0.0253906 0.0441176
1 0.858643 0.0845588 0.0219727 0.0459559
0 0.798584 0.595588 0.027832 0.0477941
0 0.567871 0.597426 0.0302734 0.0551471
1 0.921875 0.977482 0.0332031 0.0450368
1 0.569336 0.596967 0.0273438 0.0487132
0 0.310547 0.241728 0.0302734 0.0514706
0 0.5354 0.91636 0.0297852 0.0496324
0 0.310791 0.897978 0.0307617 0.0533088
0 0.189453 0.540901 0.0332031 0.0670956
0 0.921875 0.977022 0.03125 0.0422794
1 0.202148 0.95818 0.03125 0.0542279
1 0.799316 0.594669 0.0263672 0.0477941
1 0.943604 0.56296 0.0297852 0.0505515
1 0.98877 0.172335 0.0224609 0.0505515
0 0.828857 0.772059 0.0297852 0.0533088
1 0.917236 0.493566 0.0249023 0.0496324
0 0.828857 0.622702 0.0249023 0.0487132
1 0.398438 0.334099 0.0253906 0.0413603
1 0.811035 0.119485 0.0234375 0.0477941
1 0.829102 0.623621 0.0234375 0.046875
0 0.20166 0.95818 0.0283203 0.0487132
0 0.438232 0.882812 0.0307617 0.0542279
0 0.934326 0.883272 0.0249023 0.0422794
1 0.528564 0.309283 0.0209961 0.0413603
0 0.0852051 0.238051 0.0356445 0.0588235
0 0.781982 0.921875 0.0317383 0.0514706
1 0.835938 0.124081 0.0234375 0.0459559
1 0.5271 0.27068 0.0219727 0.0395221
0 0.872559 0.745864 0.0283203 0.0487132
1 0.415283 0.455423 0.0239258 0.0450368
1 0.826416 0.954963 0.0297852 0.0514706
1 0.311035 0.242188 0.0302734 0.0505515
1 0.96875 0.878676 0.0253906 0.0477941
0 0.165283 0.773897 0.0268555 0.0514706
0 0.108643 0.388787 0.0297852 0.0606618
1 0.377686 0.367647 0.0239258 0.0441176
0 0.258545 0.846967 0.0268555 0.0505515
0 0.826416 0.954044 0.0297852 0.0514706
1 0.387939 0.25046 0.0268555 0.0487132
0 0.0219727 0.192555 0.0332031 0.0652574
1 0.189209 0.54182 0.034668 0.0652574
1 0.689453 0.389706 0.03125 0.0643382
