0 0.917236 0.493107 0.0249023 0.0431985
1 0.882812 0.241728 0.0205078 0.0459559
1 0.0935059 0.557445 0.0249023 0.0579044
1 0.0212402 0.194393 0.0268555 0.0542279
1 0.549805 0.898438 0.0273438 0.0431985
0 0.990967 0.414982 0.0180664 0.0376838
0 0.933594 0.565257 0.0253906 0.0459559
0 0.859375 0.0850184 0.0253906 0.046875
1 0.858643 0.252298 0.0219727 0.0395221
1 0.917236 0.491728 0.027832 0.0459559
0 0.0961914 0.576746 0.0263672 0.0431985
1 0.810059 0.116728 0.0205078 0.0441176
1 0.80835 0.299632 0.0219727 0.0404412
1 0.102783 0.376379 0.0258789 0.0505515
1 0.439941 0.883732 0.0244141 0.0487132
0 0.567139 0.596507 0.0288086 0.0533088
0 0.917969 0.981618 0.03125 0.0367647
0 0.439453 0.88557 0.0253906 0.046875
1 0.835938 0.866728 0.0205078 0.0386029
1 0.932617 0.564798 0.0234375 0.046875
0 0.771973 0.744945 0.0244141 0.0450368
1 0.790771 0.590074 0.0249023 0.0459559
0 0.102295 0.377757 0.0258789 0.0496324
0 0.0852051 0.238511 0.0297852 0.0523897
0 0.0219727 0.194853 0.0263672 0.0496324
1 0.825928 0.955882 0.0297852 0.0496324
1 0.09375 0.0275735 0.0322266 0.0459559
0 0.790283 0.590993 0.0258789 0.0459559
0 0.199219 0.0703125 0.0253906 0.0431985
0 0.69043 0.387408 0.0273438 0.0542279
1 0.828857 0.623621 0.0219727 0.046875
0 0.786133 0.271599 0.0234375 0.046875
1 0.836914 0.125 0.0234375 0.0422794
0 0.769531 0.925092 0.0263672 0.0523897
0 0.810791 0.118566 0.0219727 0.0459559
1 0.197998 0.959559 0.027832 0.0477941
1 0.200439 0.0698529 0.0258789 0.0441176
0 0.207275 0.317096 0.0258789 0.0514706
1 0.567871 0.599265 0.0263672 0.0477941
1 0.258545 0.844669 0.0249023 0.0459559
1 0.171875 0.0211397 0.0273438 0.0386029
0 0.197998 0.95864 0.0307617 0.0514706
1 0.824951 0.784007 0.0268555 0.0496324
1 0.195557 0.536305 0.0288086 0.0560662
1 0.989014 0.173254 0.0219727 0.0487132
0 0.873535 0.734375 0.0263672 0.0459559
1 0.390137 0.54182 0.0205078 0.0358456
1 0.863281 0.861213 0.0234375 0.0459559
1 0.207031 0.315717 0.0253906 0.0487132
1 0.873535 0.734375 0.0263672 0.0477941
1 0.234863 0.340533 0.0263672 0.046875
0 0.828857 0.622702 0.0249023 0.0487132
1 0.524414 0.269301 0.0234375 0.0404412
0 0.82666 0.954504 0.0283203 0.0505515
1 0.516357 0.19761 0.0209961 0.0422794
1 0.37793 0.538603 0.0205078 0.0367647
0 0.0932617 0.54136 0.0263672 0.0459559
1 0.095459 0.578125 0.0268555 0.0422794
1 0.77002 0.924632 0.0273438 0.0514706
1 0.981201 0.904871 0.0268555 0.0487132
1 0.527588 0.309743 0.0209961 0.0404412
0 0.93042 0.872702 0.0268555 0.046875
1 0.771484 0.744945 0.0234375 0.0487132
1 0.412842 0.920037 0.0229492 0.0459559
1 0.567871 0.0873162 0.0244141 0.0441176
1 0.755859 0.789062 0.0244141 0.0450368
0 0.164307 0.770221 0.0288086 0.0514706
1 0.39502 0.227022 0.0234375 0.0441176
1 0.880371 0.826287 0.0234375 0.0459559
1 0.391357 0.871324 0.0229492 0.0496324
1 0.542725 0.0556066 0.0249023 0.0450368
1 0.415283 0.457721 0.0258789 0.0441176
1 0.378662 0.368107 0.0249023 0.0431985
1 0.409424 0.340533 0.0239258 0.0431985
1 0.311035 0.245864 0.0283203 0.0450368
