1 0.311035 0.89614 0.0283203 0.0496324
1 0.921875 0.978401 0.03125 0.0431985
1 0.858643 0.0836397 0.0219727 0.0459559
0 0.536865 0.914062 0.0288086 0.0523897
0 0.189697 0.54136 0.0327148 0.0661765
1 0.798828 0.59421 0.0253906 0.046875
0 0.567871 0.596967 0.0302734 0.0542279
1 0.522705 0.20864 0.019043 0.0404412
1 0.390625 0.870404 0.0205078 0.0441176
1 0.568848 0.597426 0.0273438 0.0477941
1 0.404541 0.887408 0.0219727 0.0431985
1 0.536865 0.915441 0.0249023 0.0477941
0 0.798096 0.595129 0.0268555 0.046875
1 0.828857 0.625 0.0219727 0.0477941
1 0.201416 0.95818 0.0307617 0.0542279
1 0.811279 0.119485 0.0229492 0.0477941
1 0.917236 0.493107 0.0249023 0.0487132
0 0.20166 0.95818 0.0283203 0.0487132
0 0.439209 0.882353 0.0249023 0.0459559
1 0.942871 0.563879 0.0283203 0.0505515
1 0.98877 0.172335 0.0224609 0.0487132
0 0.258301 0.847426 0.0263672 0.0514706
0 0.920898 0.97886 0.03125 0.0422794
1 0.528564 0.309743 0.0209961 0.0404412
1 0.836914 0.124081 0.0234375 0.0441176
1 0.526611 0.269761 0.0209961 0.0395221
1 0.786377 0.272059 0.0229492 0.0404412
1 0.969482 0.882353 0.0249023 0.0441176
0 0.828857 0.623621 0.0249023 0.0487132
0 0.828125 0.772518 0.03125 0.0542279
1 0.796875 0.292739 0.0234375 0.0413603
0 0.933594 0.882812 0.0253906 0.0413603
0 0.0849609 0.238971 0.0341797 0.0606618
0 0.778809 0.921875 0.0302734 0.0496324
0 0.165283 0.773897 0.027832 0.0514706
0 0.872559 0.745404 0.0263672 0.0496324
1 0.415039 0.455423 0.0234375 0.0431985
0 0.108154 0.388327 0.0288086 0.0597426
0 0.0222168 0.192555 0.0327148 0.0652574
1 0.311035 0.243566 0.0292969 0.0496324
1 0.388184 0.247243 0.0263672 0.0514706
1 0.377686 0.368566 0.0249023 0.0459559
0 0.826416 0.953585 0.0297852 0.0542279
1 0.189209 0.54182 0.0336914 0.0634191
1 0.402588 0.334099 0.0229492 0.0431985
1 0.689941 0.389706 0.0302734 0.0643382
