0 0.102051 0.0234375 0.0351562 0.046875
1 0.933594 0.880974 0.0234375 0.0376838
1 0.109619 0.386949 0.0297852 0.0643382
1 0.30957 0.238511 0.0283203 0.0579044
0 0.189697 0.54182 0.034668 0.0726103
1 0.258545 0.845588 0.0307617 0.0551471
0 0.922607 0.976562 0.027832 0.0431985
0 0.792969 0.924173 0.0234375 0.0487132
1 0.384766 0.259651 0.0292969 0.0487132
1 0.839111 0.764706 0.0249023 0.0459559
1 0.102295 0.0243566 0.0336914 0.0487132
0 0.525391 0.20864 0.0244141 0.0459559
1 0.793213 0.925092 0.0249023 0.0505515
1 0.570068 0.596507 0.0297852 0.0533088
0 0.799805 0.595129 0.0283203 0.0523897
0 0.858398 0.0836397 0.0234375 0.0496324
0 0.56958 0.597886 0.0317383 0.0560662
0 0.93457 0.882812 0.0234375 0.0395221
1 0.957031 0.865349 0.0253906 0.0431985
0 0.872559 0.746324 0.0263672 0.0477941
1 0.308838 0.903952 0.0297852 0.0542279
0 0.203125 0.957261 0.03125 0.0542279
1 0.923584 0.975643 0.0297852 0.0431985
1 0.828857 0.625 0.0219727 0.0477941
0 0.258789 0.847426 0.0283203 0.0514706
1 0.801025 0.594669 0.0258789 0.0496324
0 0.828857 0.623621 0.0249023 0.0487132
0 0.308838 0.238511 0.0307617 0.0560662
1 0.416016 0.454504 0.0253906 0.0505515
1 0.987549 0.173254 0.0249023 0.0560662
0 0.438965 0.881434 0.0341797 0.0569853
1 0.872559 0.744945 0.0263672 0.046875
0 0.0852051 0.238051 0.0356445 0.0588235
1 0.953857 0.558364 0.0268555 0.0505515
1 0.203369 0.957261 0.0307617 0.0560662
0 0.164551 0.772518 0.0283203 0.0560662
1 0.91626 0.495864 0.0249023 0.046875
1 0.825684 0.953585 0.0263672 0.046875
0 0.109131 0.388327 0.0307617 0.0615809
0 0.0224609 0.193015 0.0332031 0.0661765
1 0.689941 0.389706 0.0302734 0.0661765
1 0.189209 0.542279 0.034668 0.0661765
