1 0.381592 0.539062 0.0258789 0.0284926
0 0.859375 0.0850184 0.0253906 0.046875
0 0.917236 0.492647 0.0249023 0.0422794
1 0.882812 0.241268 0.0205078 0.046875
0 0.234375 0.340993 0.0273438 0.0533088
1 0.858643 0.0840993 0.0219727 0.046875
0 0.7854 0.273897 0.0249023 0.0441176
0 0.172119 0.0215993 0.0268555 0.0413603
0 0.810791 0.118566 0.0219727 0.0459559
0 0.918945 0.981158 0.03125 0.0376838
0 0.791504 0.590993 0.0263672 0.0477941
0 0.770264 0.748621 0.0239258 0.046875
1 0.858643 0.255055 0.0200195 0.0413603
1 0.195068 0.537684 0.0297852 0.0569853
1 0.917236 0.492188 0.027832 0.046875
1 0.0935059 0.0275735 0.0327148 0.0477941
0 0.567139 0.596967 0.0297852 0.0523897
1 0.234375 0.340074 0.0263672 0.0477941
0 0.770508 0.925092 0.0273438 0.0523897
1 0.810303 0.119485 0.0219727 0.0441176
1 0.824951 0.782169 0.0268555 0.0496324
1 0.835938 0.866728 0.0205078 0.0386029
0 0.195557 0.538603 0.0307617 0.0588235
1 0.199951 0.0684743 0.0258789 0.0450368
1 0.791016 0.589614 0.0253906 0.046875
1 0.785156 0.272059 0.0234375 0.0477941
1 0.825928 0.955882 0.0297852 0.0496324
1 0.439941 0.883732 0.0244141 0.0487132
1 0.828857 0.623621 0.0219727 0.046875
1 0.690186 0.387868 0.0288086 0.0551471
0 0.690186 0.387408 0.027832 0.0560662
0 0.198242 0.95864 0.03125 0.0514706
1 0.807617 0.300092 0.0224609 0.0413603
0 0.0964355 0.577206 0.0249023 0.0404412
0 0.198975 0.0684743 0.0249023 0.0450368
1 0.933594 0.565257 0.0234375 0.0477941
1 0.989014 0.173254 0.0219727 0.0487132
1 0.836914 0.12454 0.0234375 0.0431985
1 0.568359 0.599265 0.0263672 0.0477941
0 0.0852051 0.238511 0.0307617 0.0523897
1 0.198242 0.959559 0.0283203 0.0496324
0 0.0219727 0.194393 0.0263672 0.0505515
1 0.171875 0.0215993 0.0273438 0.0395221
1 0.258789 0.845129 0.0253906 0.046875
1 0.770752 0.748621 0.0239258 0.0487132
0 0.828857 0.622702 0.0249023 0.0487132
1 0.872559 0.735294 0.0263672 0.0496324
0 0.09375 0.546415 0.0253906 0.0431985
0 0.872559 0.735754 0.0263672 0.046875
0 0.207275 0.316636 0.0268555 0.0542279
0 0.102295 0.378676 0.0268555 0.0496324
0 0.931152 0.874081 0.0283203 0.0459559
1 0.756348 0.789522 0.0244141 0.0459559
1 0.517334 0.199449 0.0219727 0.0441176
0 0.82666 0.954044 0.0283203 0.0514706
1 0.979736 0.905331 0.027832 0.0514706
1 0.524414 0.269301 0.0234375 0.0404412
1 0.864014 0.861673 0.0249023 0.046875
1 0.527588 0.310202 0.0209961 0.0413603
1 0.542969 0.0574449 0.0253906 0.0450368
1 0.394531 0.228401 0.0244141 0.0450368
1 0.770264 0.925551 0.027832 0.0514706
1 0.880371 0.826746 0.0234375 0.046875
1 0.567627 0.0863971 0.0239258 0.0441176
1 0.391357 0.871324 0.0229492 0.0496324
0 0.164307 0.770221 0.0288086 0.0514706
1 0.411621 0.917279 0.0224609 0.0441176
1 0.415283 0.457721 0.0258789 0.0459559
1 0.310791 0.245864 0.0288086 0.046875
1 0.378662 0.368566 0.0249023 0.0441176
1 0.40918 0.340074 0.0244141 0.0441176
