1 0.52417 0.210018 0.0180664 0.0413603
0 0.96167 0.868566 0.0249023 0.0441176
0 0.811523 0.119026 0.0234375 0.046875
1 0.858643 0.0840993 0.0219727 0.046875
0 0.82666 0.954504 0.0283203 0.0542279
0 0.568359 0.597426 0.0302734 0.0569853
1 0.529053 0.273897 0.0219727 0.0404412
0 0.835938 0.123621 0.0214844 0.046875
0 0.101562 0.0225184 0.0341797 0.0450368
1 0.438721 0.880515 0.0297852 0.0588235
1 0.258545 0.845588 0.0297852 0.0533088
0 0.799805 0.594669 0.0283203 0.0514706
1 0.786865 0.926011 0.0258789 0.0487132
1 0.102051 0.0234375 0.0332031 0.046875
0 0.922607 0.976103 0.0297852 0.0441176
0 0.828857 0.623621 0.0249023 0.0487132
1 0.109375 0.387408 0.0292969 0.0634191
1 0.8125 0.120404 0.0214844 0.0496324
0 0.872559 0.745864 0.0283203 0.0487132
1 0.528076 0.306526 0.0219727 0.0376838
1 0.962646 0.870404 0.0249023 0.0422794
1 0.832764 0.77068 0.0297852 0.0542279
1 0.923584 0.975643 0.0297852 0.0431985
0 0.309814 0.23943 0.0307617 0.0542279
1 0.835205 0.12546 0.0219727 0.0450368
1 0.94751 0.561581 0.0249023 0.0477941
1 0.310547 0.23989 0.03125 0.0533088
1 0.569092 0.597886 0.0288086 0.0505515
0 0.258789 0.846967 0.0273438 0.0505515
1 0.203125 0.957261 0.0302734 0.0523897
0 0.439453 0.881434 0.0332031 0.0588235
1 0.829102 0.625 0.0234375 0.0477941
0 0.202393 0.957261 0.027832 0.0487132
0 0.934326 0.882812 0.0249023 0.0413603
1 0.800049 0.594669 0.0268555 0.0496324
0 0.164551 0.772518 0.0283203 0.0542279
1 0.91626 0.494945 0.0249023 0.046875
1 0.385742 0.256434 0.0253906 0.0477941
1 0.98877 0.172335 0.0224609 0.0505515
1 0.872559 0.745404 0.0283203 0.0477941
0 0.0852051 0.238971 0.034668 0.0606618
0 0.108887 0.389706 0.0292969 0.0606618
1 0.415527 0.455423 0.0244141 0.046875
0 0.0224609 0.193474 0.0332031 0.0670956
1 0.377441 0.367647 0.0224609 0.0422794
1 0.689941 0.389246 0.0302734 0.0634191
1 0.826416 0.954504 0.0297852 0.0505515
1 0.394531 0.342371 0.0253906 0.0431985
1 0.189209 0.54182 0.0336914 0.0652574
