1 0.463379 0.495864 0.0224609 0.0358456
1 0.354736 0.800092 0.0288086 0.0413603
1 0.036377 0.404871 0.0288086 0.046875
0 0.433105 0.794577 0.0205078 0.0413603
0 0.878906 0.696232 0.0185547 0.0358456
0 0.353516 0.84421 0.0195312 0.0376838
0 0.103271 0.290901 0.0209961 0.046875
0 0.396729 0.863971 0.0219727 0.0404412
1 0.455078 0.165901 0.0253906 0.0431985
0 0.419922 0.963235 0.0273438 0.0459559
0 0.346924 0.509191 0.0200195 0.0404412
0 0.176025 0.829044 0.0200195 0.0367647
1 0.703857 0.650735 0.0239258 0.0386029
0 0.100586 0.867647 0.0205078 0.0349265
1 0.657471 0.306985 0.0200195 0.0404412
0 0.592285 0.369485 0.0195312 0.0404412
0 0.651123 0.339614 0.0200195 0.0358456
1 0.601318 0.0147059 0.0219727 0.0294118
0 0.821777 0.824908 0.0185547 0.0376838
1 0.432373 0.794577 0.0200195 0.0413603
1 0.764648 0.0868566 0.0195312 0.0358456
0 0.557129 0.610294 0.0244141 0.0404412
0 0.354004 0.680147 0.0195312 0.0404412
1 0.502441 0.92739 0.0195312 0.0386029
0 0.109131 0.533088 0.0229492 0.0404412
0 0.365234 0.0413603 0.0253906 0.0330882
0 0.209961 0.637868 0.0185547 0.0367647
0 0.670898 0.982077 0.0234375 0.0321691
0 0.601562 0.0151654 0.0224609 0.0303309
0 0.234131 0.704504 0.019043 0.0431985
0 0.154785 0.227941 0.0244141 0.0441176
1 0.195068 0.914982 0.0239258 0.0395221
1 0.80542 0.241728 0.0219727 0.0349265
0 0.109375 0.886029 0.0185547 0.0330882
1 0.980469 0.447151 0.0205078 0.0413603
0 0.043457 0.548254 0.0195312 0.0395221
0 0.0581055 0.87546 0.0234375 0.0413603
0 0.224121 0.0772059 0.0244141 0.0459559
1 0.463379 0.882353 0.0224609 0.0404412
1 0.126953 0.502757 0.0214844 0.0386029
1 0.095459 0.344669 0.0239258 0.0422794
0 0.133057 0.13511 0.0229492 0.0441176
1 0.133301 0.13511 0.0234375 0.0404412
0 0.684814 0.444853 0.0219727 0.0349265
0 0.463867 0.881893 0.0234375 0.0413603
1 0.234619 0.0275735 0.0239258 0.0422794
1 0.765625 0.0413603 0.0175781 0.0349265
1 0.683838 0.444853 0.0219727 0.0367647
0 0.0822754 0.601103 0.0268555 0.0514706
0 0.563721 0.375 0.0209961 0.0404412
0 0.052002 0.813879 0.0229492 0.0413603
1 0.182373 0.461857 0.0209961 0.0395221
1 0.0708008 0.255055 0.0273438 0.0542279
0 0.045166 0.931066 0.0209961 0.0386029
0 0.297852 0.808824 0.0195312 0.0367647
0 0.703125 0.651195 0.0234375 0.0376838
0 0.602295 0.451287 0.0200195 0.0367647
1 0.0825195 0.601562 0.0244141 0.0487132
1 0.665039 0.392463 0.0195312 0.0386029
1 0.36792 0.795496 0.0209961 0.0413603
0 0.125732 0.504136 0.0209961 0.0395221
1 0.797607 0.0969669 0.0200195 0.0376838
1 0.851562 0.262408 0.0234375 0.0358456
0 0.755127 0.789522 0.0249023 0.0441176
1 0.645264 0.387868 0.0200195 0.0404412
0 0.83667 0.68796 0.0200195 0.0431985
0 0.645264 0.390625 0.0209961 0.0386029
0 0.880371 0.825827 0.0205078 0.046875
0 0.0412598 0.119945 0.0229492 0.0376838
0 0.509277 0.0170037 0.0185547 0.0340074
1 0.365479 0.842831 0.0219727 0.0386029
0 0.172607 0.790441 0.019043 0.0367647
0 0.0368652 0.40579 0.0258789 0.0450368
0 0.32666 0.622702 0.0214844 0.0431985
0 0.762695 0.892923 0.0234375 0.0413603
1 0.815674 0.484375 0.019043 0.0330882
1 0.881348 0.825827 0.0234375 0.046875
1 0.592529 0.369485 0.0209961 0.0404412
1 0.118164 0.160846 0.0253906 0.0441176
0 0.394775 0.113971 0.0239258 0.0441176
1 0.878174 0.0795037 0.0219727 0.0413603
0 0.616455 0.887868 0.0229492 0.0441176
1 0.394531 0.113511 0.0224609 0.0431985
0 0.856201 0.679228 0.019043 0.0404412
0 0.0703125 0.797794 0.0214844 0.0404412
0 0.0656738 0.90579 0.0219727 0.0413603
0 0.0720215 0.255974 0.0239258 0.0505515
1 0.108887 0.53171 0.0244141 0.0431985
1 0.0588379 0.877298 0.0219727 0.0376838
1 0.871826 0.26011 0.0200195 0.0330882
0 0.235107 0.0298713 0.0239258 0.0450368
1 0.514404 0.684743 0.0258789 0.0441176
1 0.490723 0.941176 0.0205078 0.0367647
0 0.360596 0.162684 0.0219727 0.0422794
1 0.755371 0.787684 0.0244141 0.0441176
0 0.61792 0.980699 0.0229492 0.0386029
1 0.767578 0.198529 0.0195312 0.03125
1 0.305664 0.117188 0.0234375 0.0450368
0 0.207031 0.608456 0.0214844 0.0404412
0 0.168945 0.0170037 0.0283203 0.0340074
1 0.48877 0.360754 0.0234375 0.0395221
1 0.346924 0.509651 0.019043 0.0431985
1 0.360107 0.161305 0.0219727 0.0413603
0 0.784668 0.680607 0.0244141 0.0487132
0 0.223633 0.796415 0.0234375 0.0395221
1 0.154541 0.228401 0.0249023 0.046875
1 0.223633 0.0767463 0.0234375 0.0431985
0 0.607178 0.486213 0.0219727 0.0367647
1 0.200684 0.360294 0.0224609 0.0404412
1 0.940674 0.694393 0.0219727 0.0376838
1 0.419922 0.963235 0.0273438 0.0441176
0 0.735596 0.909926 0.0219727 0.0441176
1 0.211426 0.306526 0.0234375 0.0431985
1 0.146484 0.301471 0.0234375 0.0404412
0 0.207031 0.854779 0.0244141 0.0441176
0 0.776367 0.862592 0.0234375 0.0413603
0 0.304688 0.118107 0.0253906 0.0450368
1 0.0439453 0.932445 0.0214844 0.0376838
0 0.0549316 0.111213 0.0229492 0.0422794
1 0.914795 0.548713 0.0219727 0.0386029
1 0.22876 0.34421 0.0229492 0.0395221
0 0.536377 0.504136 0.0229492 0.0358456
1 0.828125 0.62546 0.0205078 0.0431985
1 0.678955 0.142004 0.0200195 0.0395221
1 0.729492 0.18796 0.0195312 0.0413603
1 0.561035 0.300092 0.0185547 0.0376838
0 0.642578 0.886489 0.0244141 0.046875
0 0.656738 0.306066 0.0205078 0.0386029
0 0.348145 0.800551 0.0214844 0.0422794
1 0.993408 0.561121 0.0131836 0.0450368
1 0.598389 0.299632 0.0209961 0.0386029
0 0.423828 0.880974 0.0234375 0.0431985
0 0.542236 0.422794 0.0200195 0.0404412
0 0.296387 0.675551 0.0205078 0.0533088
1 0.921143 0.618107 0.0219727 0.0376838
1 0.330078 0.200827 0.0224609 0.0413603
1 0.48291 0.884651 0.0224609 0.0431985
0 0.459473 0.674632 0.0234375 0.0441176
1 0.282959 0.185202 0.0249023 0.0431985
1 0.0288086 0.890625 0.0234375 0.0441176
1 0.0522461 0.813879 0.0253906 0.0431985
1 0.146729 0.589614 0.0229492 0.0450368
0 0.0134277 0.981618 0.0219727 0.0367647
0 0.0925293 0.0363051 0.0307617 0.0487132
1 0.371094 0.539982 0.0224609 0.046875
1 0.991699 0.761029 0.0166016 0.0404412
1 0.85083 0.082261 0.0219727 0.0395221
1 0.910156 0.590993 0.0214844 0.0349265
1 0.36792 0.207261 0.0200195 0.0413603
1 0.728516 0.634191 0.0224609 0.0441176
1 0.703613 0.193015 0.0205078 0.0386029
1 0.927979 0.331801 0.0219727 0.0367647
1 0.714355 0.481618 0.0224609 0.0404412
1 0.688721 0.179228 0.0200195 0.0330882
1 0.839111 0.943474 0.027832 0.046875
0 0.0168457 0.467371 0.0249023 0.0487132
1 0.498535 0.34329 0.0205078 0.0358456
1 0.785645 0.0505515 0.0166016 0.0386029
1 0.402832 0.160846 0.0224609 0.0404412
1 0.571045 0.213695 0.0200195 0.0358456
1 0.834229 0.547794 0.0219727 0.0330882
1 0.162354 0.494485 0.0219727 0.0441176
1 0.547363 0.317096 0.0224609 0.0367647
1 0.572754 0.105699 0.0224609 0.0404412
1 0.612549 0.251379 0.0209961 0.0376838
1 0.757812 0.21875 0.0175781 0.0349265
1 0.855469 0.867647 0.0253906 0.0459559
1 0.782471 0.586397 0.0239258 0.0422794
1 0.133057 0.632353 0.0239258 0.0441176
1 0.197998 0.535846 0.0249023 0.0459559
0 0.127686 0.828125 0.0219727 0.0441176
1 0.919434 0.837316 0.0234375 0.0441176
0 0.319092 0.87454 0.0249023 0.0487132
1 0.802246 0.168658 0.0234375 0.0376838
0 0.0935059 0.813879 0.0209961 0.0413603
1 0.267578 0.215533 0.0244141 0.0431985
1 0.582764 0.201287 0.0209961 0.0330882
1 0.415527 0.778033 0.0195312 0.0431985
1 0.46167 0.174173 0.0200195 0.0395221
1 0.801758 0.0487132 0.0185547 0.0349265
1 0.889648 0.238511 0.0234375 0.0395221
1 0.445557 0.153952 0.0219727 0.0376838
1 0.316162 0.252298 0.0258789 0.0487132
1 0.406982 0.538143 0.0229492 0.0413603
1 0.405762 0.346967 0.0244141 0.0450368
1 0.596436 0.231158 0.0180664 0.0376838
1 0.410889 0.205423 0.0239258 0.0413603
0 0.258545 0.847886 0.0239258 0.0431985
0 0.121582 0.471507 0.0234375 0.0386029
1 0.520264 0.0730699 0.0229492 0.0431985
0 0.268555 0.983915 0.0273438 0.0321691
1 0.374756 0.36489 0.0249023 0.0459559
1 0.94458 0.732996 0.0200195 0.0395221
1 0.964844 0.755974 0.0214844 0.0431985
1 0.497559 0.17693 0.0224609 0.0431985
1 0.459473 0.105699 0.0234375 0.0386029
1 0.575439 0.251838 0.0200195 0.0367647
1 0.990723 0.18796 0.0185547 0.0413603
1 0.531006 0.340074 0.0209961 0.0386029
1 0.412354 0.464154 0.0249023 0.0477941
1 0.832031 0.129596 0.0253906 0.0404412
1 0.829834 0.516544 0.0219727 0.0404412
1 0.803467 0.294118 0.0229492 0.0386029
1 0.779297 0.274357 0.0214844 0.0395221
1 0.182129 0.384191 0.0224609 0.0404412
1 0.794434 0.400735 0.0224609 0.0404412
1 0.98999 0.130055 0.0170898 0.0413603
1 0.960938 0.223346 0.0234375 0.0386029
1 0.981934 0.741268 0.0205078 0.0376838
1 0.532471 0.272518 0.0258789 0.0431985
1 0.441406 0.472886 0.0224609 0.0431985
1 0.987793 0.939798 0.0244141 0.0450368
0 0.0102539 0.213695 0.0205078 0.0487132
1 0.483887 0.13511 0.0224609 0.0422794
1 0.971924 0.182904 0.0219727 0.0404412
1 0.517578 0.823529 0.0214844 0.0422794
1 0.814209 0.448529 0.0219727 0.0404412
1 0.94751 0.316176 0.0249023 0.0441176
1 0.532715 0.802849 0.0244141 0.0431985
