0 0.0163574 0.980699 0.0317383 0.0386029
0 0.0915527 0.0284926 0.034668 0.0496324
1 0.0153809 0.982537 0.0297852 0.0349265
0 0.914795 0.981158 0.027832 0.0321691
1 0.804443 0.988051 0.0297852 0.0238971
1 0.0195312 0.194393 0.0273438 0.0542279
1 0.83667 0.865349 0.0219727 0.0395221
0 0.0202637 0.195772 0.0258789 0.0496324
0 0.875732 0.725184 0.027832 0.0459559
1 0.10083 0.366728 0.0239258 0.0441176
1 0.858643 0.253217 0.0219727 0.0395221
1 0.917236 0.492647 0.027832 0.0459559
1 0.205566 0.0776654 0.0253906 0.046875
1 0.531006 0.319393 0.0219727 0.0413603
1 0.154785 0.258732 0.0205078 0.0358456
1 0.196533 0.952665 0.0288086 0.0487132
0 0.196533 0.952206 0.0307617 0.0514706
1 0.739014 0.147059 0.0200195 0.0386029
1 0.896729 0.108456 0.0219727 0.0404412
1 0.553223 0.891085 0.0263672 0.0431985
1 0.172852 0.0206801 0.0292969 0.0413603
1 0.092041 0.0289522 0.0336914 0.046875
1 0.147949 0.236673 0.0214844 0.0395221
1 0.164551 0.770221 0.0283203 0.0514706
1 0.257812 0.84329 0.0253906 0.0450368
1 0.828857 0.622702 0.0219727 0.046875
1 0.788086 0.592371 0.0253906 0.046875
1 0.0854492 0.238051 0.0302734 0.0533088
1 0.884521 0.237592 0.0249023 0.0450368
0 0.205811 0.0767463 0.0258789 0.0487132
1 0.731689 0.123162 0.0209961 0.0386029
1 0.772949 0.725643 0.0224609 0.0450368
1 0.931152 0.5625 0.0263672 0.0459559
1 0.838379 0.125 0.0234375 0.0459559
1 0.690918 0.386489 0.0263672 0.0487132
1 0.567383 0.600184 0.0273438 0.0477941
1 0.98877 0.174632 0.0224609 0.0496324
1 0.928955 0.863971 0.0249023 0.0459559
1 0.879883 0.825827 0.0234375 0.046875
1 0.763428 0.925092 0.0297852 0.0560662
1 0.859375 0.0845588 0.0214844 0.0441176
1 0.826416 0.795037 0.0249023 0.0496324
1 0.885986 0.0891544 0.0200195 0.0404412
1 0.859375 0.862592 0.0234375 0.0505515
1 0.755615 0.789522 0.0249023 0.0459559
1 0.809082 0.119026 0.0224609 0.0450368
1 0.398926 0.219669 0.0244141 0.0459559
1 0.825928 0.955882 0.0297852 0.0496324
1 0.440186 0.884651 0.0249023 0.0487132
1 0.571289 0.0997243 0.0234375 0.046875
1 0.98291 0.914062 0.0283203 0.0523897
1 0.525146 0.268382 0.0249023 0.0459559
1 0.810791 0.299632 0.0249023 0.0459559
1 0.391846 0.872702 0.0229492 0.0487132
1 0.51001 0.190717 0.0249023 0.0450368
1 0.372559 0.540441 0.0263672 0.0459559
1 0.185547 0.485754 0.0214844 0.0431985
1 0.197021 0.530331 0.0239258 0.0459559
1 0.0976562 0.528493 0.0283203 0.0496324
1 0.785889 0.272059 0.0229492 0.0477941
1 0.095459 0.59421 0.0249023 0.0450368
1 0.417236 0.936121 0.0258789 0.046875
1 0.16626 0.482996 0.0209961 0.0431985
1 0.535156 0.0579044 0.0253906 0.0422794
1 0.378174 0.368107 0.0249023 0.0431985
1 0.414795 0.457261 0.0249023 0.0450368
1 0.238525 0.342831 0.0288086 0.0496324
1 0.409912 0.340074 0.0249023 0.0441176
1 0.205078 0.315257 0.0244141 0.0477941
1 0.311035 0.245864 0.0273438 0.046875
1 0.401855 0.540441 0.0253906 0.0441176
