0 0.383301 0.267004 0.0302734 0.0523897
1 0.386475 0.779412 0.0307617 0.0569853
0 0.95166 0.866268 0.0234375 0.0395221
1 0.935059 0.882353 0.0234375 0.0404412
0 0.936523 0.880974 0.0234375 0.0358456
0 0.524414 0.207261 0.0234375 0.046875
0 0.102295 0.0238971 0.0356445 0.0477941
1 0.30957 0.238051 0.0283203 0.0588235
0 0.189697 0.542279 0.034668 0.0735294
0 0.859375 0.082261 0.0234375 0.046875
1 0.800781 0.59375 0.0253906 0.0496324
1 0.102295 0.0248162 0.034668 0.0496324
1 0.438965 0.880974 0.0302734 0.0597426
0 0.925049 0.975643 0.0297852 0.046875
0 0.203613 0.957261 0.03125 0.0523897
0 0.259521 0.847886 0.0307617 0.0542279
1 0.825928 0.953125 0.0249023 0.0441176
1 0.924316 0.975184 0.0283203 0.0441176
0 0.825928 0.953585 0.0249023 0.046875
0 0.79834 0.928768 0.0234375 0.0487132
1 0.416504 0.454504 0.0302734 0.0597426
1 0.872559 0.745864 0.0263672 0.0487132
0 0.841309 0.766085 0.0263672 0.046875
0 0.801025 0.59375 0.0258789 0.0496324
1 0.258545 0.847886 0.0297852 0.0523897
1 0.958008 0.556985 0.03125 0.0514706
1 0.987549 0.172794 0.0249023 0.0569853
1 0.950684 0.866268 0.0234375 0.0395221
0 0.438965 0.881434 0.0341797 0.0569853
0 0.570068 0.597886 0.0327148 0.0579044
0 0.308594 0.237592 0.0302734 0.0597426
1 0.916504 0.496783 0.0263672 0.046875
0 0.164795 0.772518 0.0288086 0.0560662
0 0.829102 0.623621 0.0234375 0.0487132
0 0.872559 0.746324 0.0263672 0.0477941
0 0.0849609 0.238971 0.0351562 0.0625
1 0.203613 0.957261 0.03125 0.0542279
1 0.303955 0.90579 0.0288086 0.0560662
0 0.109131 0.387868 0.0307617 0.0625
1 0.689941 0.389706 0.03125 0.0661765
0 0.0224609 0.193015 0.0332031 0.0661765
1 0.189453 0.54182 0.0341797 0.0670956
