0 0.189697 0.54182 0.034668 0.0726103
0 0.795898 0.927849 0.0234375 0.0450368
1 0.796387 0.92693 0.0244141 0.046875
0 0.102295 0.0234375 0.0356445 0.046875
1 0.102295 0.0248162 0.0336914 0.0496324
1 0.30957 0.237592 0.0283203 0.0597426
1 0.840576 0.765625 0.0268555 0.0459559
0 0.92334 0.975643 0.0283203 0.0431985
1 0.109619 0.386949 0.0297852 0.0643382
0 0.840576 0.766085 0.0249023 0.046875
0 0.859375 0.082261 0.0234375 0.0487132
0 0.525146 0.206801 0.0258789 0.0477941
1 0.439209 0.880515 0.0297852 0.0588235
1 0.828857 0.625 0.0219727 0.0477941
0 0.259277 0.847886 0.0302734 0.0542279
0 0.203125 0.957261 0.03125 0.0542279
0 0.800781 0.59421 0.0263672 0.0487132
0 0.872559 0.746324 0.0263672 0.0477941
1 0.258301 0.847886 0.0292969 0.0542279
0 0.570068 0.597886 0.0327148 0.0560662
1 0.800781 0.59421 0.0253906 0.0505515
0 0.439453 0.881434 0.0341797 0.0588235
1 0.93457 0.882353 0.0234375 0.0404412
1 0.924316 0.976103 0.0283203 0.0441176
1 0.416504 0.454504 0.0302734 0.0597426
1 0.872559 0.745404 0.0263672 0.0459559
0 0.828857 0.623621 0.0249023 0.0487132
1 0.955566 0.556066 0.0283203 0.0514706
1 0.987549 0.173254 0.0249023 0.0560662
0 0.308594 0.237592 0.0302734 0.0597426
1 0.825928 0.952665 0.0249023 0.046875
0 0.164795 0.772978 0.0288086 0.0569853
0 0.0849609 0.238511 0.0361328 0.0597426
1 0.305664 0.904871 0.0302734 0.0542279
1 0.203613 0.95818 0.03125 0.0560662
1 0.91626 0.495864 0.0249023 0.046875
0 0.109131 0.387868 0.0307617 0.0625
1 0.954834 0.865349 0.0249023 0.0431985
0 0.0222168 0.193474 0.0327148 0.0652574
1 0.689941 0.390165 0.03125 0.0670956
1 0.189209 0.54182 0.034668 0.0670956
