1 0.0148926 0.97932 0.0288086 0.0413603
1 0.162354 0.767463 0.0268555 0.0496324
0 0.126709 0.823989 0.0258789 0.0487132
1 0.410645 0.539982 0.0244141 0.0413603
1 0.0766602 0.243566 0.0283203 0.0477941
0 0.655029 0.011489 0.027832 0.0229779
1 0.879883 0.824908 0.0234375 0.0450368
1 0.807861 0.988051 0.0297852 0.0238971
0 0.0959473 0.35432 0.0239258 0.0450368
0 0.0922852 0.600184 0.0224609 0.0441176
0 0.610596 0.0128676 0.0249023 0.0257353
0 0.0942383 0.815717 0.0283203 0.0542279
1 0.406006 0.203585 0.0258789 0.0487132
0 0.522217 0.0684743 0.0249023 0.0450368
1 0.132324 0.610294 0.0224609 0.0404412
0 0.405762 0.204044 0.0263672 0.0496324
1 0.0314941 0.410846 0.0239258 0.0422794
0 0.0146484 0.981158 0.0253906 0.0376838
1 0.259521 0.846507 0.027832 0.0459559
0 0.410156 0.339614 0.0253906 0.0450368
0 0.678467 0.0588235 0.0219727 0.0422794
0 0.314453 0.886949 0.0253906 0.0441176
0 0.267822 0.985294 0.0288086 0.0275735
0 0.090332 0.0335478 0.0341797 0.0505515
1 0.146973 0.585478 0.0205078 0.0441176
0 0.440674 0.884191 0.0288086 0.0514706
0 0.825684 0.955882 0.0263672 0.0477941
0 0.0202637 0.444853 0.0249023 0.0441176
1 0.588623 0.363511 0.0239258 0.0413603
0 0.132812 0.611213 0.0214844 0.0422794
0 0.77832 0.704504 0.0234375 0.0431985
0 0.834473 0.862592 0.0205078 0.0413603
1 0.0202637 0.445312 0.0229492 0.0450368
1 0.731201 0.105239 0.0239258 0.046875
1 0.414795 0.459559 0.0258789 0.0441176
1 0.750732 0.921875 0.0258789 0.0496324
1 0.824951 0.955423 0.027832 0.046875
0 0.828857 0.621783 0.0249023 0.0505515
1 0.186035 0.838695 0.0234375 0.0413603
1 0.4104 0.340074 0.0258789 0.0459559
1 0.928223 0.564338 0.0263672 0.0441176
1 0.381104 0.786765 0.0229492 0.0441176
1 0.534668 0.331342 0.0244141 0.0505515
1 0.829102 0.622243 0.0234375 0.0477941
0 0.0769043 0.242647 0.0307617 0.0496324
1 0.572021 0.104779 0.0249023 0.0459559
1 0.854004 0.258272 0.0234375 0.0422794
1 0.739746 0.172335 0.0244141 0.0487132
0 0.877441 0.71875 0.0263672 0.0477941
1 0.125 0.824449 0.0273438 0.0496324
1 0.471924 0.671875 0.0229492 0.0477941
1 0.371826 0.539062 0.0258789 0.046875
0 0.751221 0.920956 0.0258789 0.0514706
1 0.925781 0.851562 0.0263672 0.0431985
0 0.163574 0.772059 0.0253906 0.0477941
1 0.678467 0.0597426 0.0239258 0.0422794
0 0.196777 0.53125 0.0234375 0.0422794
0 0.374268 0.692555 0.0219727 0.0431985
1 0.440186 0.88557 0.0288086 0.046875
1 0.0957031 0.355239 0.0263672 0.046875
1 0.202881 0.850643 0.0229492 0.0395221
0 0.391846 0.658088 0.0219727 0.0441176
1 0.914795 0.496783 0.027832 0.0487132
0 0.472168 0.671415 0.0224609 0.046875
1 0.103271 0.524357 0.0249023 0.046875
1 0.652344 0.397518 0.0224609 0.0431985
0 0.188477 0.477022 0.0244141 0.0459559
1 0.499756 0.674173 0.0249023 0.0523897
0 0.146973 0.585018 0.0205078 0.0413603
1 0.211914 0.0790441 0.0263672 0.0514706
1 0.521973 0.0693934 0.0244141 0.0450368
0 0.257324 0.844669 0.0253906 0.0441176
0 0.237549 0.711397 0.0249023 0.0404412
0 0.879883 0.824908 0.0234375 0.046875
0 0.500488 0.673254 0.0224609 0.0523897
0 0.157227 0.493566 0.0234375 0.0441176
1 0.09375 0.815257 0.0283203 0.0514706
1 0.314209 0.143842 0.0239258 0.046875
1 0.838135 0.12454 0.0249023 0.0450368
0 0.195801 0.935202 0.0244141 0.0413603
1 0.0927734 0.602022 0.0234375 0.0459559
1 0.609863 0.247243 0.0195312 0.0386029
1 0.571777 0.390165 0.0224609 0.0395221
1 0.377686 0.369026 0.0249023 0.0450368
1 0.147949 0.234375 0.0263672 0.0422794
0 0.755615 0.788603 0.0258789 0.0441176
0 0.785156 0.595129 0.0292969 0.0450368
1 0.0913086 0.0321691 0.0332031 0.0533088
0 0.559326 0.881434 0.0258789 0.0459559
1 0.599609 0.231618 0.0195312 0.0386029
1 0.171875 0.0183824 0.0302734 0.0367647
0 0.0163574 0.19807 0.0258789 0.0505515
1 0.881104 0.0854779 0.0219727 0.0422794
0 0.826416 0.811121 0.0249023 0.0505515
1 0.858643 0.0827206 0.0200195 0.0422794
0 0.300537 0.66636 0.0239258 0.0459559
1 0.667969 0.393842 0.0214844 0.0413603
0 0.857178 0.865349 0.0249023 0.046875
1 0.151611 0.292739 0.027832 0.0431985
0 0.56543 0.60386 0.0273438 0.0459559
1 0.391602 0.875 0.0234375 0.0496324
1 0.804932 0.176471 0.0229492 0.0422794
0 0.320801 0.641085 0.0234375 0.0413603
1 0.808838 0.117647 0.0229492 0.0441176
1 0.226562 0.772978 0.0253906 0.0441176
1 0.335205 0.185202 0.0249023 0.0450368
1 0.596924 0.297335 0.0229492 0.0431985
1 0.526123 0.268842 0.0258789 0.0487132
1 0.811523 0.301471 0.0253906 0.0422794
1 0.238525 0.346048 0.027832 0.0505515
1 0.691162 0.38557 0.0249023 0.046875
1 0.989014 0.175551 0.0219727 0.0496324
1 0.582031 0.247243 0.0234375 0.0422794
1 0.896973 0.106618 0.0234375 0.0441176
1 0.503906 0.176011 0.0253906 0.0487132
1 0.80542 0.211397 0.0249023 0.0422794
1 0.205811 0.313879 0.0249023 0.046875
1 0.785156 0.271599 0.0253906 0.046875
1 0.983643 0.920496 0.027832 0.0560662
1 0.419678 0.947151 0.0258789 0.0487132
1 0.314209 0.247702 0.0258789 0.0450368
