1 0.30957 0.238971 0.0292969 0.0588235
0 0.525391 0.210018 0.0224609 0.0450368
1 0.308838 0.900735 0.027832 0.0496324
1 0.439453 0.880055 0.0322266 0.0560662
0 0.791016 0.926471 0.0253906 0.0477941
1 0.950195 0.556985 0.03125 0.0477941
0 0.101562 0.0229779 0.0341797 0.0459559
0 0.189453 0.54136 0.0341797 0.0698529
0 0.819336 0.127757 0.0234375 0.0441176
1 0.102051 0.0238971 0.0341797 0.0477941
0 0.799316 0.595588 0.0283203 0.0514706
0 0.922607 0.977022 0.027832 0.0441176
1 0.790527 0.925092 0.0253906 0.046875
1 0.38501 0.257812 0.0288086 0.0487132
0 0.872559 0.746324 0.0283203 0.0477941
1 0.987793 0.172335 0.0244141 0.0542279
1 0.835938 0.764706 0.0253906 0.0477941
1 0.923584 0.975643 0.0297852 0.0431985
1 0.828857 0.624081 0.0219727 0.0477941
1 0.959229 0.869026 0.0249023 0.0413603
0 0.56958 0.597426 0.0288086 0.0514706
0 0.93457 0.882353 0.0234375 0.0404412
1 0.203125 0.95818 0.03125 0.0542279
0 0.828857 0.622702 0.0249023 0.0487132
1 0.416016 0.454963 0.0253906 0.0477941
1 0.801025 0.594669 0.0258789 0.0496324
0 0.310059 0.23943 0.0302734 0.0579044
0 0.439209 0.881893 0.0336914 0.0560662
1 0.377197 0.367647 0.0219727 0.0422794
0 0.258789 0.847426 0.0283203 0.0514706
1 0.91626 0.495404 0.0249023 0.0459559
0 0.202393 0.95818 0.0288086 0.0505515
0 0.0852051 0.23943 0.034668 0.0615809
1 0.872559 0.744945 0.0283203 0.046875
0 0.164551 0.772518 0.0283203 0.0542279
1 0.39209 0.344669 0.0224609 0.0422794
1 0.689453 0.389246 0.0302734 0.0652574
0 0.108887 0.387868 0.0292969 0.0606618
1 0.825684 0.953585 0.0283203 0.0487132
0 0.0222168 0.193015 0.0327148 0.0661765
1 0.189453 0.54182 0.0341797 0.0652574
