1 0.30957 0.238051 0.0283203 0.0588235
0 0.925049 0.976562 0.0297852 0.046875
0 0.102051 0.0238971 0.0361328 0.0477941
0 0.840576 0.766085 0.0249023 0.0450368
0 0.525146 0.207261 0.0258789 0.046875
1 0.439209 0.880515 0.0297852 0.0588235
1 0.840576 0.765625 0.0268555 0.0459559
0 0.859375 0.0818015 0.0234375 0.0477941
1 0.102295 0.0248162 0.034668 0.0496324
0 0.189453 0.542279 0.0341797 0.0716912
1 0.828857 0.62546 0.0219727 0.0487132
0 0.800781 0.595129 0.0263672 0.0487132
1 0.258545 0.847886 0.0297852 0.0523897
0 0.872559 0.746324 0.0263672 0.0477941
0 0.203125 0.957261 0.03125 0.0542279
0 0.259033 0.847886 0.0307617 0.0542279
1 0.797119 0.92693 0.0249023 0.046875
0 0.570068 0.597426 0.0327148 0.0569853
1 0.800781 0.594669 0.0253906 0.0496324
1 0.41626 0.454504 0.0297852 0.0597426
1 0.924316 0.975184 0.0283203 0.0441176
1 0.93457 0.882353 0.0234375 0.0404412
1 0.956299 0.556985 0.0268555 0.0514706
0 0.829102 0.624081 0.0234375 0.0496324
1 0.987549 0.172335 0.0249023 0.0560662
1 0.872559 0.745404 0.0263672 0.0459559
1 0.303955 0.904871 0.0297852 0.0542279
0 0.308594 0.237592 0.0302734 0.0597426
0 0.164551 0.772518 0.0283203 0.0560662
0 0.438965 0.882353 0.0341797 0.0569853
1 0.203613 0.95818 0.03125 0.0560662
0 0.0852051 0.23943 0.034668 0.0634191
1 0.825928 0.953125 0.0249023 0.0459559
1 0.91626 0.495864 0.0249023 0.046875
1 0.953125 0.86443 0.0234375 0.0413603
1 0.689941 0.389246 0.03125 0.0652574
0 0.109131 0.388327 0.0297852 0.0615809
0 0.0224609 0.193474 0.0332031 0.0652574
1 0.189209 0.54182 0.0336914 0.0670956
