1 0.532715 0.918658 0.0283203 0.0560662
1 0.52417 0.210018 0.0180664 0.0413603
0 0.784424 0.926011 0.027832 0.0487132
0 0.921875 0.977022 0.0292969 0.0422794
1 0.810791 0.120404 0.0219727 0.0477941
1 0.785645 0.926471 0.0273438 0.0477941
1 0.963867 0.873621 0.0234375 0.046875
0 0.101318 0.0225184 0.0336914 0.0450368
0 0.964844 0.872243 0.0234375 0.0514706
0 0.533936 0.919118 0.0307617 0.0496324
0 0.569336 0.597886 0.03125 0.0523897
0 0.811035 0.117647 0.0234375 0.0477941
1 0.835938 0.125 0.0214844 0.0441176
0 0.832031 0.769761 0.0292969 0.0560662
1 0.109131 0.386949 0.0288086 0.0643382
0 0.798584 0.595588 0.027832 0.0496324
1 0.569092 0.596967 0.027832 0.0487132
1 0.310303 0.240349 0.0317383 0.0542279
0 0.189697 0.54136 0.0336914 0.0680147
1 0.831299 0.77068 0.0297852 0.0560662
1 0.202637 0.957261 0.0302734 0.0542279
0 0.826416 0.953585 0.0297852 0.0523897
1 0.922607 0.976562 0.0297852 0.0431985
0 0.828857 0.623162 0.0249023 0.0496324
0 0.872559 0.745864 0.0283203 0.0487132
1 0.528076 0.273897 0.0209961 0.0386029
1 0.872559 0.745864 0.0283203 0.046875
1 0.529297 0.306526 0.0214844 0.0450368
1 0.946045 0.560662 0.0297852 0.0477941
1 0.799805 0.594669 0.0273438 0.0496324
0 0.309814 0.23989 0.0307617 0.0533088
1 0.385986 0.255515 0.0258789 0.0477941
0 0.439209 0.882353 0.0336914 0.0569853
1 0.988281 0.172335 0.0234375 0.0505515
1 0.828857 0.624081 0.0219727 0.0477941
1 0.415527 0.455423 0.0234375 0.046875
0 0.0852051 0.238971 0.034668 0.0606618
1 0.91626 0.494945 0.0249023 0.046875
0 0.201904 0.957261 0.027832 0.0487132
0 0.258789 0.846967 0.0273438 0.0505515
0 0.934326 0.883272 0.0249023 0.0422794
0 0.165283 0.773897 0.0268555 0.0514706
1 0.189453 0.54182 0.0341797 0.0652574
1 0.377441 0.366728 0.0244141 0.0441176
0 0.108887 0.389246 0.0292969 0.0615809
0 0.0224609 0.193015 0.0332031 0.0661765
1 0.39502 0.340533 0.0244141 0.0431985
1 0.826416 0.953585 0.0297852 0.0505515
1 0.689941 0.390165 0.0302734 0.0652574
