1 0.311035 0.896599 0.0273438 0.046875
1 0.522705 0.20864 0.019043 0.0404412
0 0.189697 0.54136 0.0327148 0.0643382
1 0.88208 0.241268 0.0219727 0.046875
1 0.858643 0.0840993 0.0200195 0.0450368
1 0.933594 0.880974 0.0253906 0.0431985
1 0.921875 0.978401 0.03125 0.0431985
1 0.857666 0.25 0.0219727 0.0386029
0 0.567871 0.596967 0.0302734 0.0542279
0 0.797852 0.595129 0.0273438 0.046875
1 0.79834 0.59375 0.0263672 0.0459559
1 0.568848 0.596507 0.0273438 0.0477941
0 0.438965 0.882353 0.0244141 0.0441176
1 0.537109 0.914982 0.0253906 0.046875
1 0.390869 0.870404 0.0200195 0.0459559
1 0.405029 0.887868 0.0229492 0.0441176
0 0.201172 0.959099 0.03125 0.0542279
1 0.810791 0.119485 0.0219727 0.0459559
1 0.828857 0.62454 0.0219727 0.046875
1 0.201416 0.95818 0.0307617 0.0542279
1 0.916992 0.494026 0.0234375 0.0487132
0 0.920898 0.97886 0.03125 0.0422794
0 0.258301 0.847426 0.0263672 0.0514706
1 0.943848 0.56296 0.0263672 0.046875
1 0.835938 0.12454 0.0234375 0.0431985
1 0.989014 0.172335 0.0219727 0.0487132
0 0.0849609 0.238971 0.0341797 0.0606618
1 0.528564 0.309743 0.0200195 0.0404412
0 0.829102 0.623162 0.0234375 0.0477941
0 0.933594 0.882812 0.0253906 0.0413603
0 0.827393 0.772978 0.0297852 0.0533088
1 0.526123 0.270221 0.0209961 0.0386029
0 0.165039 0.772978 0.0283203 0.0514706
0 0.872559 0.744945 0.0263672 0.0487132
0 0.108154 0.388327 0.0288086 0.0597426
1 0.970459 0.883272 0.0249023 0.0441176
1 0.786377 0.272059 0.0229492 0.0404412
0 0.778076 0.921875 0.0297852 0.0496324
1 0.415283 0.455423 0.0239258 0.0431985
0 0.0222168 0.193474 0.0327148 0.0634191
1 0.388184 0.246783 0.0263672 0.0505515
1 0.797363 0.294577 0.0244141 0.0413603
1 0.311035 0.243566 0.0292969 0.0477941
0 0.826416 0.953585 0.0297852 0.0523897
1 0.377686 0.368566 0.0249023 0.0459559
1 0.689941 0.389246 0.0302734 0.0634191
1 0.189453 0.54182 0.0332031 0.0615809
1 0.403564 0.335478 0.0229492 0.0422794
