0 0.86084 0.082261 0.03125 0.0487132
1 0.80127 0.59329 0.0253906 0.0505515
1 0.924072 0.974724 0.0297852 0.0487132
1 0.381592 0.267923 0.0268555 0.0505515
0 0.102295 0.0238971 0.0356445 0.0477941
0 0.524414 0.206342 0.0234375 0.0487132
1 0.102539 0.0248162 0.0341797 0.0496324
1 0.309326 0.237592 0.0288086 0.0579044
0 0.189453 0.542279 0.0341797 0.0735294
0 0.381592 0.267004 0.0297852 0.0523897
1 0.872559 0.745864 0.0263672 0.0487132
0 0.924805 0.975184 0.03125 0.0496324
0 0.203613 0.957261 0.03125 0.0542279
0 0.258789 0.847426 0.0292969 0.0514706
0 0.801514 0.929228 0.0239258 0.0441176
0 0.825928 0.953125 0.0249023 0.0459559
1 0.987549 0.172335 0.0249023 0.0560662
0 0.843018 0.767004 0.027832 0.046875
1 0.916504 0.496324 0.0263672 0.0477941
1 0.416016 0.454504 0.0273438 0.0542279
1 0.958496 0.556066 0.03125 0.0533088
0 0.800781 0.59375 0.0263672 0.0496324
0 0.570312 0.597426 0.0332031 0.0569853
0 0.308594 0.237132 0.0302734 0.0588235
0 0.164551 0.772518 0.0283203 0.0560662
0 0.438965 0.882353 0.0341797 0.0569853
1 0.303955 0.905331 0.0288086 0.0569853
1 0.203613 0.957261 0.03125 0.0560662
0 0.828857 0.623621 0.0249023 0.0505515
0 0.0852051 0.238971 0.034668 0.0625
1 0.689941 0.389706 0.03125 0.0661765
0 0.872559 0.746324 0.0263672 0.0477941
0 0.0224609 0.193015 0.0332031 0.0661765
1 0.189209 0.54136 0.0336914 0.0680147
0 0.109131 0.388327 0.0307617 0.0615809
