0 0.524658 0.206801 0.0258789 0.0459559
1 0.840576 0.765625 0.0268555 0.0459559
0 0.102051 0.0238971 0.0361328 0.0477941
1 0.828857 0.62546 0.0219727 0.0487132
0 0.189697 0.542279 0.034668 0.0716912
0 0.840576 0.766085 0.0268555 0.046875
0 0.825928 0.953585 0.0249023 0.0487132
1 0.30957 0.237592 0.0283203 0.0597426
0 0.935059 0.883732 0.0234375 0.0376838
0 0.860352 0.0827206 0.03125 0.0496324
0 0.925049 0.976562 0.0297852 0.046875
1 0.102295 0.0248162 0.034668 0.0496324
0 0.797119 0.929228 0.0249023 0.0459559
1 0.796875 0.927849 0.0253906 0.0487132
1 0.800781 0.59421 0.0253906 0.0487132
0 0.203613 0.957261 0.03125 0.0542279
1 0.438965 0.880055 0.0302734 0.0597426
0 0.259277 0.848805 0.0302734 0.0542279
1 0.93457 0.881893 0.0234375 0.0395221
1 0.258301 0.847886 0.0292969 0.0523897
1 0.924072 0.975184 0.0297852 0.0441176
0 0.439453 0.881434 0.0341797 0.0588235
0 0.800781 0.59421 0.0263672 0.0487132
0 0.570068 0.597886 0.0327148 0.0579044
1 0.956299 0.556985 0.027832 0.0514706
1 0.416504 0.453125 0.0302734 0.0588235
1 0.872559 0.745864 0.0263672 0.046875
1 0.825928 0.953125 0.0249023 0.0459559
1 0.987549 0.172794 0.0249023 0.0569853
0 0.872559 0.746324 0.0263672 0.0477941
0 0.308594 0.237592 0.0302734 0.0597426
0 0.165039 0.772518 0.0283203 0.0560662
1 0.953125 0.86443 0.0234375 0.0413603
0 0.0852051 0.23943 0.034668 0.0634191
1 0.303955 0.904871 0.0297852 0.0542279
0 0.829102 0.623621 0.0234375 0.0505515
1 0.916504 0.496324 0.0263672 0.0477941
1 0.203369 0.957261 0.0307617 0.0560662
1 0.689941 0.390165 0.0302734 0.0670956
0 0.0222168 0.193015 0.0327148 0.0661765
0 0.109375 0.387868 0.0302734 0.0625
1 0.189453 0.54182 0.0341797 0.0670956
