1 0.79248 0.925551 0.0273438 0.0496324
0 0.385254 0.261949 0.0283203 0.0459559
1 0.378662 0.36443 0.0229492 0.0431985
0 0.189453 0.54182 0.0351562 0.0726103
1 0.109619 0.387408 0.0307617 0.0634191
1 0.933594 0.880974 0.0253906 0.0395221
1 0.388428 0.349265 0.0209961 0.0404412
1 0.839111 0.764706 0.0249023 0.0441176
1 0.439209 0.880515 0.0297852 0.0588235
0 0.102051 0.0234375 0.0351562 0.046875
1 0.102539 0.0243566 0.0341797 0.0487132
0 0.922607 0.976562 0.027832 0.0431985
1 0.310303 0.23989 0.0297852 0.0588235
0 0.799805 0.594669 0.0283203 0.0533088
0 0.858643 0.0836397 0.0249023 0.0496324
0 0.792969 0.925092 0.0253906 0.0505515
1 0.384766 0.259191 0.0292969 0.0496324
1 0.258789 0.847886 0.0292969 0.0523897
0 0.525391 0.20818 0.0244141 0.046875
1 0.308838 0.903952 0.0297852 0.0542279
0 0.872559 0.746324 0.0263672 0.0477941
1 0.957031 0.865349 0.0253906 0.0413603
0 0.93457 0.882812 0.0234375 0.0395221
0 0.258301 0.846967 0.0302734 0.0523897
1 0.923584 0.975643 0.0297852 0.0431985
1 0.828857 0.625 0.0219727 0.0477941
0 0.56958 0.597886 0.0317383 0.0560662
0 0.202881 0.957261 0.0317383 0.0542279
0 0.828857 0.623621 0.0249023 0.0487132
1 0.801025 0.59421 0.0258789 0.0505515
0 0.439453 0.881434 0.0341797 0.0588235
0 0.308838 0.238051 0.0297852 0.0569853
1 0.416016 0.454963 0.0253906 0.0496324
1 0.987549 0.173254 0.0249023 0.0560662
1 0.953857 0.558364 0.0268555 0.0487132
1 0.872559 0.745864 0.0263672 0.046875
0 0.164795 0.772518 0.0288086 0.0560662
1 0.203125 0.95818 0.03125 0.0560662
0 0.0852051 0.238971 0.034668 0.0625
1 0.916504 0.495864 0.0263672 0.046875
1 0.825684 0.953585 0.0263672 0.0487132
0 0.108887 0.387868 0.0302734 0.0625
1 0.689941 0.389706 0.03125 0.0661765
0 0.0222168 0.193015 0.0336914 0.0680147
1 0.189453 0.54182 0.0351562 0.0670956
