1 0.979736 0.44761 0.0200195 0.0422794
0 0.603271 0.0160846 0.0258789 0.0321691
0 0.655518 0.315717 0.0170898 0.0358456
1 0.732422 0.189798 0.0253906 0.0560662
1 0.703857 0.654871 0.0258789 0.0505515
0 0.697021 0.741728 0.0219727 0.0459559
0 0.208496 0.627757 0.0205078 0.0404412
0 0.616455 0.887408 0.0219727 0.0413603
0 0.560547 0.515625 0.0195312 0.0386029
1 0.704102 0.0303309 0.0195312 0.0367647
1 0.359619 0.683364 0.0288086 0.0505515
0 0.979736 0.443015 0.0200195 0.0441176
1 0.351562 0.799632 0.0234375 0.0441176
1 0.463135 0.881893 0.0209961 0.0413603
1 0.0585938 0.882353 0.0224609 0.0404412
0 0.0737305 0.252757 0.0253906 0.0514706
1 0.617188 0.886949 0.0214844 0.0422794
1 0.326416 0.62546 0.0249023 0.0431985
0 0.991455 0.116728 0.0170898 0.0459559
0 0.560547 0.875919 0.0253906 0.0459559
0 0.535645 0.501838 0.0244141 0.0441176
1 0.0646973 0.905331 0.0229492 0.0422794
0 0.510742 0.0174632 0.0195312 0.0349265
0 0.294678 0.801471 0.0239258 0.0404412
1 0.603271 0.0147059 0.0249023 0.0294118
1 0.367432 0.793658 0.0229492 0.0413603
0 0.828125 0.825827 0.0234375 0.046875
1 0.589355 0.21875 0.0234375 0.0404412
0 0.782471 0.683824 0.0258789 0.0477941
1 0.459961 0.160386 0.0195312 0.0395221
1 0.727295 0.634191 0.0229492 0.0441176
1 0.393311 0.657169 0.0239258 0.0459559
1 0.637207 0.882353 0.0234375 0.0404412
0 0.703857 0.653033 0.0249023 0.0487132
1 0.194824 0.920496 0.0263672 0.0450368
0 0.297119 0.673254 0.0268555 0.046875
0 0.731934 0.1875 0.0244141 0.0459559
1 0.519775 0.827206 0.0209961 0.0367647
0 0.619141 0.982537 0.0263672 0.0349265
1 0.175537 0.827665 0.0268555 0.046875
1 0.297363 0.672794 0.0273438 0.0496324
1 0.383057 0.787224 0.0209961 0.0395221
0 0.728027 0.636029 0.0224609 0.0441176
0 0.878906 0.0776654 0.0214844 0.0413603
1 0.431641 0.788143 0.0224609 0.0413603
0 0.560303 0.609835 0.0219727 0.046875
0 0.350586 0.80239 0.0234375 0.0441176
1 0.696533 0.380515 0.0249023 0.0404412
1 0.259277 0.845588 0.0283203 0.0477941
0 0.418701 0.963235 0.027832 0.0477941
1 0.52002 0.0716912 0.0234375 0.0422794
1 0.739502 0.915441 0.0288086 0.0477941
0 0.359863 0.682904 0.0263672 0.0459559
1 0.6604 0.0119485 0.0219727 0.0238971
1 0.991455 0.118107 0.0170898 0.0431985
1 0.666748 0.392923 0.0229492 0.0450368
1 0.0180664 0.465074 0.0263672 0.0514706
0 0.289795 0.774357 0.0229492 0.0413603
1 0.123535 0.475643 0.0244141 0.0431985
0 0.0107422 0.209099 0.0214844 0.0505515
1 0.373047 0.536305 0.0273438 0.046875
1 0.0947266 0.349724 0.0263672 0.0450368
1 0.781738 0.684743 0.0273438 0.0459559
1 0.989014 0.817555 0.0200195 0.0413603
1 0.0141602 0.980699 0.0253906 0.0386029
0 0.530273 0.460018 0.0234375 0.0450368
1 0.67334 0.709099 0.0244141 0.046875
1 0.0739746 0.252298 0.0268555 0.0542279
1 0.688965 0.444853 0.0244141 0.0404412
1 0.0852051 0.599724 0.0249023 0.046875
1 0.827148 0.826746 0.0234375 0.046875
1 0.032959 0.409467 0.0249023 0.0450368
1 0.908691 0.503676 0.0263672 0.0441176
1 0.130127 0.137408 0.0239258 0.0450368
1 0.766357 0.0854779 0.0209961 0.0422794
1 0.783203 0.591452 0.0263672 0.0431985
1 0.802002 0.168199 0.0239258 0.0459559
1 0.801514 0.103401 0.0239258 0.0413603
1 0.128662 0.828585 0.0258789 0.0505515
1 0.433594 0.88511 0.0283203 0.0441176
1 0.447266 0.15579 0.0195312 0.0395221
1 0.695801 0.744485 0.0224609 0.0441176
1 0.838867 0.685202 0.0234375 0.0450368
1 0.117188 0.159926 0.0244141 0.0459559
1 0.513428 0.682445 0.0297852 0.0487132
1 0.460938 0.672335 0.0263672 0.0487132
1 0.832764 0.127298 0.0249023 0.0431985
1 0.197266 0.533548 0.0253906 0.046875
1 0.645264 0.389706 0.0239258 0.0441176
1 0.166504 0.772059 0.0253906 0.0496324
1 0.530762 0.808824 0.0234375 0.0404412
1 0.732422 0.097886 0.0253906 0.046875
1 0.456543 0.170496 0.0185547 0.0395221
0 0.318115 0.878676 0.0249023 0.0459559
1 0.169678 0.0160846 0.0268555 0.0321691
1 0.851562 0.262408 0.0263672 0.0413603
1 0.067627 0.798713 0.0229492 0.0422794
0 0.234375 0.710018 0.0253906 0.0450368
1 0.828125 0.625 0.0214844 0.0477941
1 0.377441 0.371324 0.0263672 0.0514706
1 0.206299 0.855239 0.0288086 0.0487132
1 0.579346 0.211397 0.0209961 0.0404412
1 0.914795 0.590993 0.0219727 0.0367647
0 0.257812 0.847426 0.0253906 0.0441176
1 0.885986 0.237592 0.034668 0.0487132
1 0.990967 0.761489 0.0180664 0.0413603
1 0.604248 0.472426 0.0209961 0.0422794
1 0.145996 0.589154 0.0263672 0.0477941
1 0.159424 0.498621 0.0249023 0.046875
1 0.416748 0.783088 0.0229492 0.0441176
1 0.395508 0.870404 0.0253906 0.0496324
1 0.755859 0.789062 0.0253906 0.0450368
1 0.67334 0.0574449 0.0244141 0.0431985
1 0.126465 0.503217 0.0214844 0.0450368
1 0.991699 0.551471 0.0166016 0.0477941
1 0.611572 0.252757 0.0209961 0.0422794
1 0.406982 0.346507 0.0268555 0.0459559
1 0.418701 0.961857 0.0268555 0.0450368
1 0.092041 0.0349265 0.0327148 0.0551471
1 0.198486 0.362592 0.0239258 0.0395221
0 0.269531 0.984375 0.0273438 0.03125
1 0.598145 0.300551 0.0234375 0.0441176
1 0.762939 0.0464154 0.0229492 0.0413603
1 0.762939 0.884651 0.0239258 0.0376838
1 0.231201 0.346048 0.0239258 0.0487132
1 0.185791 0.463235 0.0258789 0.0477941
1 0.56543 0.380974 0.0234375 0.0450368
1 0.713623 0.477941 0.0249023 0.0441176
1 0.813965 0.443934 0.0263672 0.0422794
1 0.855469 0.679688 0.0205078 0.0431985
1 0.879883 0.823989 0.0234375 0.0487132
1 0.590576 0.36443 0.0239258 0.0450368
1 0.457764 0.107077 0.0239258 0.0450368
1 0.94043 0.693934 0.0234375 0.0404412
1 0.18457 0.381893 0.0224609 0.0431985
1 0.394287 0.116268 0.0249023 0.0450368
1 0.408447 0.204963 0.0258789 0.0459559
1 0.942139 0.726562 0.0219727 0.0413603
1 0.916992 0.616268 0.0234375 0.0395221
1 0.532959 0.339154 0.0249023 0.0459559
1 0.776855 0.867647 0.0224609 0.0404412
1 0.15332 0.227941 0.0263672 0.0496324
1 0.458984 0.497702 0.0253906 0.0413603
1 0.597168 0.228401 0.0205078 0.0431985
1 0.408447 0.537684 0.0258789 0.0459559
1 0.991455 0.179228 0.0170898 0.0422794
1 0.796875 0.404412 0.0234375 0.0422794
1 0.946045 0.316636 0.0268555 0.0450368
1 0.0935059 0.8125 0.0268555 0.0514706
1 0.919434 0.840533 0.0263672 0.0487132
1 0.222168 0.0767463 0.0263672 0.0487132
1 0.972656 0.190257 0.0253906 0.0404412
1 0.0297852 0.886029 0.0263672 0.0477941
1 0.959961 0.21921 0.0234375 0.0376838
1 0.804932 0.236673 0.0258789 0.046875
1 0.678711 0.136949 0.0273438 0.0496324
1 0.572754 0.104779 0.0244141 0.0422794
1 0.57666 0.24954 0.0224609 0.0413603
1 0.224121 0.792739 0.0263672 0.046875
1 0.361084 0.165441 0.0239258 0.0441176
1 0.14624 0.303768 0.0268555 0.0505515
1 0.80542 0.296415 0.0249023 0.0431985
1 0.932861 0.332721 0.0219727 0.0422794
1 0.306885 0.120864 0.0268555 0.046875
1 0.855469 0.867647 0.0263672 0.0477941
1 0.915039 0.55193 0.0234375 0.0413603
1 0.499268 0.175551 0.0258789 0.0477941
1 0.279541 0.193015 0.0229492 0.0404412
1 0.781006 0.274357 0.0258789 0.0450368
1 0.403076 0.159467 0.0229492 0.046875
1 0.0419922 0.927849 0.0253906 0.0450368
1 0.87793 0.706801 0.0234375 0.0441176
1 0.109131 0.530331 0.0268555 0.0496324
1 0.530518 0.270221 0.0249023 0.0459559
1 0.981201 0.734835 0.0219727 0.0395221
1 0.132324 0.628217 0.0263672 0.0487132
1 0.268555 0.215074 0.0234375 0.0422794
1 0.831299 0.950827 0.0268555 0.046875
1 0.483643 0.134191 0.0249023 0.0477941
1 0.208984 0.308364 0.0253906 0.0487132
1 0.332031 0.200368 0.0253906 0.0459559
1 0.23999 0.0289522 0.0249023 0.046875
1 0.31665 0.24954 0.0258789 0.0431985
1 0.963867 0.754596 0.0234375 0.0441176
1 0.414062 0.463695 0.0263672 0.0487132
1 0.442139 0.472426 0.0219727 0.0441176
1 0.98584 0.935202 0.0263672 0.0505515
1 0.365479 0.204044 0.0219727 0.0422794
