1 0.404297 0.886029 0.0205078 0.0367647
0 0.536377 0.914522 0.0288086 0.0496324
1 0.390869 0.869945 0.0200195 0.0431985
0 0.79834 0.595588 0.0283203 0.0477941
0 0.567871 0.596967 0.0302734 0.0542279
1 0.858643 0.0836397 0.0219727 0.0459559
1 0.934326 0.880515 0.0249023 0.0441176
0 0.189697 0.540901 0.0327148 0.0652574
1 0.921143 0.978401 0.0327148 0.0431985
1 0.522705 0.20864 0.019043 0.0404412
1 0.79834 0.594669 0.0263672 0.0459559
1 0.536865 0.915901 0.0249023 0.046875
0 0.920898 0.977941 0.03125 0.0422794
1 0.568848 0.596967 0.0273438 0.0487132
0 0.201172 0.959099 0.03125 0.0542279
0 0.439209 0.882353 0.0249023 0.0441176
1 0.796143 0.292739 0.0229492 0.0376838
0 0.828857 0.623162 0.0249023 0.0477941
1 0.201416 0.95818 0.0307617 0.0542279
1 0.916992 0.493566 0.0234375 0.0477941
1 0.811279 0.119485 0.0229492 0.0477941
1 0.943848 0.563419 0.0263672 0.0459559
1 0.989014 0.172794 0.0219727 0.0496324
0 0.258789 0.847886 0.0273438 0.0505515
1 0.829102 0.62454 0.0234375 0.046875
0 0.828125 0.772518 0.03125 0.0542279
1 0.786621 0.27068 0.0234375 0.0395221
0 0.779297 0.921875 0.03125 0.0496324
0 0.933594 0.883272 0.0253906 0.0422794
1 0.528564 0.309743 0.0209961 0.0404412
1 0.835938 0.12454 0.0234375 0.0450368
0 0.872559 0.745404 0.0263672 0.0496324
0 0.0849609 0.238971 0.0341797 0.0606618
1 0.526611 0.269761 0.0219727 0.0395221
0 0.165527 0.772978 0.0283203 0.0496324
0 0.108154 0.388327 0.0288086 0.0597426
1 0.415039 0.455882 0.0234375 0.0441176
0 0.0219727 0.193015 0.0332031 0.0643382
1 0.969482 0.881893 0.0268555 0.046875
1 0.311035 0.243107 0.0292969 0.0487132
0 0.826416 0.953585 0.0297852 0.0523897
1 0.401367 0.33364 0.0234375 0.0422794
1 0.388428 0.248162 0.0268555 0.0496324
1 0.37793 0.368566 0.0244141 0.0459559
1 0.189209 0.542279 0.0336914 0.0625
1 0.689453 0.389706 0.03125 0.0643382
