1 0.876709 0.722426 0.0297852 0.0477941
0 0.0158691 0.980239 0.0307617 0.0395221
0 0.914795 0.980699 0.0268555 0.03125
0 0.56665 0.597886 0.0288086 0.0523897
1 0.804688 0.988051 0.0292969 0.0238971
1 0.858398 0.253676 0.0234375 0.0367647
1 0.53125 0.319853 0.0224609 0.0404412
1 0.115723 0.814798 0.0205078 0.0376838
1 0.83667 0.86443 0.0219727 0.0395221
1 0.0197754 0.194853 0.027832 0.0551471
1 0.101562 0.815257 0.0253906 0.0386029
1 0.917236 0.492647 0.027832 0.0459559
1 0.164551 0.770221 0.0283203 0.0514706
0 0.163818 0.769761 0.0288086 0.0560662
0 0.0202637 0.195312 0.0268555 0.0505515
0 0.875732 0.724724 0.027832 0.046875
1 0.0151367 0.982077 0.0283203 0.0358456
0 0.196289 0.951287 0.0302734 0.0514706
1 0.257812 0.84421 0.0253906 0.0450368
1 0.884521 0.237132 0.0249023 0.0441176
1 0.10083 0.366728 0.0239258 0.0441176
1 0.788086 0.592371 0.0253906 0.046875
1 0.553467 0.890625 0.0268555 0.0422794
1 0.172852 0.0202206 0.0292969 0.0404412
1 0.196533 0.952206 0.027832 0.0496324
1 0.772949 0.724265 0.0234375 0.0441176
1 0.739502 0.148438 0.0209961 0.0376838
1 0.896729 0.108456 0.0219727 0.0404412
1 0.931152 0.5625 0.0263672 0.0441176
1 0.828857 0.622702 0.0219727 0.046875
1 0.731689 0.122702 0.0219727 0.0395221
1 0.0915527 0.0289522 0.0336914 0.046875
1 0.0854492 0.237132 0.0302734 0.0533088
1 0.567383 0.600184 0.0273438 0.0477941
0 0.205811 0.0767463 0.0258789 0.0487132
1 0.762451 0.925092 0.0297852 0.0560662
1 0.39917 0.21875 0.0239258 0.0441176
1 0.838379 0.12454 0.0234375 0.0450368
1 0.690918 0.386949 0.0263672 0.0496324
1 0.147705 0.237132 0.0219727 0.0404412
1 0.880615 0.825827 0.0249023 0.046875
1 0.827393 0.795496 0.0249023 0.0505515
1 0.755615 0.788603 0.0249023 0.0441176
1 0.988281 0.174632 0.0234375 0.0496324
1 0.859375 0.862592 0.0234375 0.0505515
1 0.859375 0.0845588 0.0214844 0.0441176
1 0.440186 0.884651 0.0249023 0.0487132
1 0.928955 0.862592 0.0249023 0.046875
1 0.885986 0.0882353 0.0200195 0.0404412
1 0.571289 0.100184 0.0234375 0.0477941
1 0.810059 0.119026 0.0224609 0.0450368
1 0.525146 0.268382 0.0249023 0.0459559
1 0.154297 0.26057 0.0214844 0.0376838
1 0.0979004 0.528033 0.0288086 0.0505515
1 0.372803 0.540441 0.0268555 0.0441176
1 0.825928 0.955882 0.0297852 0.0496324
1 0.98291 0.914062 0.0283203 0.0523897
1 0.391602 0.872702 0.0224609 0.0505515
1 0.810791 0.300092 0.0249023 0.0450368
1 0.197021 0.529871 0.0239258 0.046875
1 0.785645 0.272059 0.0224609 0.0477941
1 0.185791 0.485294 0.0219727 0.0441176
1 0.509766 0.190257 0.0253906 0.0459559
1 0.0952148 0.594669 0.0244141 0.0459559
1 0.311279 0.246324 0.027832 0.0477941
1 0.416748 0.9375 0.0258789 0.0477941
1 0.414795 0.457261 0.0249023 0.0450368
1 0.378174 0.367647 0.0249023 0.0441176
1 0.165527 0.482996 0.0214844 0.0431985
1 0.534912 0.058364 0.0258789 0.0413603
1 0.205322 0.314798 0.0249023 0.046875
1 0.402344 0.539982 0.0244141 0.0450368
1 0.409912 0.340533 0.0249023 0.0450368
1 0.23877 0.34329 0.0283203 0.0505515
