1 0.606445 0.243566 0.0195312 0.0367647
0 0.654785 0.011489 0.0283203 0.0229779
1 0.681641 0.110294 0.0263672 0.0459559
0 0.911621 0.983915 0.03125 0.0321691
0 0.313965 0.888327 0.0263672 0.0431985
1 0.871826 0.117188 0.019043 0.0395221
0 0.681396 0.107996 0.0249023 0.0395221
1 0.0151367 0.198529 0.0263672 0.0514706
0 0.237061 0.711397 0.0258789 0.0422794
1 0.200684 0.851103 0.0234375 0.0367647
1 0.806885 0.988051 0.0297852 0.0238971
0 0.732422 0.109375 0.0253906 0.0441176
1 0.588623 0.36489 0.0239258 0.0422794
1 0.854736 0.255515 0.027832 0.0459559
1 0.564941 0.60432 0.0263672 0.0431985
1 0.0773926 0.240349 0.027832 0.0487132
0 0.610596 0.0128676 0.0249023 0.0257353
1 0.731689 0.107996 0.0239258 0.046875
1 0.238037 0.712316 0.0229492 0.0477941
0 0.571533 0.391085 0.0200195 0.0376838
0 0.0773926 0.241268 0.0307617 0.0505515
1 0.55835 0.880055 0.0258789 0.0450368
1 0.879883 0.824908 0.0234375 0.0450368
0 0.833496 0.862592 0.0205078 0.0413603
0 0.778809 0.70818 0.0263672 0.0431985
0 0.196777 0.938879 0.0263672 0.0413603
0 0.258545 0.844669 0.0249023 0.0441176
0 0.522705 0.0684743 0.0249023 0.046875
1 0.600586 0.232537 0.0195312 0.0386029
0 0.440674 0.884651 0.0288086 0.046875
0 0.391846 0.658088 0.0219727 0.0441176
0 0.0905762 0.0335478 0.0336914 0.0505515
0 0.406006 0.204963 0.0258789 0.0496324
0 0.375732 0.692555 0.0229492 0.0431985
0 0.409912 0.340074 0.0258789 0.0459559
0 0.678467 0.0597426 0.0219727 0.0422794
0 0.828125 0.621324 0.0253906 0.0514706
1 0.498047 0.673713 0.0244141 0.0496324
0 0.300781 0.66682 0.0234375 0.0450368
1 0.825928 0.955882 0.0297852 0.0477941
1 0.571289 0.105239 0.0273438 0.0523897
0 0.825684 0.955882 0.0263672 0.0477941
1 0.534912 0.331342 0.0249023 0.0505515
1 0.414795 0.457721 0.0258789 0.0441176
0 0.498535 0.672794 0.0224609 0.0496324
0 0.588379 0.36443 0.0234375 0.0395221
0 0.877441 0.720129 0.0283203 0.0487132
1 0.188721 0.47932 0.0249023 0.0450368
1 0.572754 0.390625 0.0224609 0.0386029
1 0.678955 0.0602022 0.0239258 0.0413603
1 0.829102 0.622243 0.0234375 0.0477941
1 0.259033 0.845588 0.027832 0.0459559
1 0.371582 0.539062 0.0263672 0.046875
1 0.410156 0.340533 0.0273438 0.046875
1 0.928955 0.564338 0.0268555 0.0441176
1 0.740234 0.170496 0.0244141 0.046875
0 0.752441 0.922794 0.0273438 0.0496324
0 0.880371 0.824908 0.0234375 0.0505515
1 0.196289 0.939338 0.0263672 0.0441176
1 0.21167 0.0795037 0.0258789 0.0523897
1 0.652344 0.397059 0.0224609 0.0441176
1 0.522217 0.0689338 0.0239258 0.0459559
1 0.314941 0.147978 0.0244141 0.0459559
1 0.439941 0.88557 0.0283203 0.046875
0 0.857178 0.86443 0.0249023 0.046875
1 0.0148926 0.981618 0.0258789 0.0367647
1 0.381104 0.786765 0.0219727 0.0422794
1 0.915771 0.495864 0.0297852 0.0487132
0 0.558594 0.882353 0.0253906 0.0459559
0 0.473389 0.670496 0.0219727 0.046875
0 0.0170898 0.197151 0.0253906 0.0505515
1 0.751465 0.922794 0.0263672 0.0496324
1 0.925781 0.85386 0.0263672 0.0459559
1 0.163574 0.77114 0.0263672 0.0459559
0 0.320312 0.643842 0.0234375 0.0431985
0 0.785156 0.594669 0.0292969 0.0459559
1 0.838135 0.12454 0.0249023 0.0450368
1 0.196777 0.53079 0.0234375 0.0431985
1 0.157471 0.493107 0.0239258 0.0413603
1 0.0961914 0.355699 0.0263672 0.0459559
1 0.172119 0.0188419 0.0297852 0.0376838
0 0.826416 0.808824 0.0249023 0.0514706
1 0.0913086 0.0317096 0.0332031 0.0523897
1 0.666748 0.394761 0.0219727 0.0413603
0 0.755615 0.788603 0.0258789 0.0441176
1 0.0932617 0.602022 0.0234375 0.0459559
1 0.151367 0.289982 0.0263672 0.0431985
1 0.88208 0.0859375 0.0219727 0.0431985
1 0.596436 0.295956 0.0229492 0.0441176
0 0.56543 0.603401 0.0273438 0.0450368
1 0.124512 0.823529 0.0273438 0.0477941
1 0.146729 0.585018 0.0209961 0.0431985
1 0.0219727 0.444853 0.0224609 0.0404412
1 0.525635 0.268842 0.0258789 0.0487132
1 0.03125 0.410386 0.0234375 0.0413603
1 0.858643 0.0831801 0.0219727 0.0431985
1 0.377686 0.368107 0.0249023 0.0450368
1 0.391602 0.875 0.0234375 0.0496324
1 0.132812 0.610294 0.0214844 0.0422794
1 0.80542 0.178768 0.0219727 0.0413603
1 0.812012 0.301471 0.0263672 0.0441176
1 0.147705 0.234375 0.0268555 0.0441176
1 0.102539 0.523897 0.0244141 0.0477941
1 0.80835 0.118566 0.0219727 0.0441176
1 0.335449 0.184743 0.0253906 0.0459559
1 0.691406 0.38557 0.0253906 0.046875
1 0.989014 0.175092 0.0219727 0.0505515
1 0.897461 0.107077 0.0234375 0.0450368
1 0.58252 0.246324 0.0234375 0.0422794
1 0.238525 0.346048 0.027832 0.0505515
1 0.0944824 0.815257 0.0288086 0.0514706
1 0.805664 0.210478 0.0244141 0.0422794
1 0.504639 0.176011 0.0268555 0.0487132
1 0.419678 0.946232 0.0258789 0.0487132
1 0.227295 0.770221 0.0249023 0.0441176
1 0.785156 0.271599 0.0253906 0.046875
1 0.205322 0.314338 0.0249023 0.0477941
1 0.983643 0.919577 0.027832 0.0560662
1 0.314209 0.247243 0.0258789 0.0459559
