0 0.990967 0.415441 0.0180664 0.0367647
1 0.77002 0.752757 0.0273438 0.0459559
1 0.792236 0.590074 0.027832 0.0477941
0 0.859375 0.0840993 0.0205078 0.0450368
1 0.882812 0.241728 0.0205078 0.0459559
0 0.92041 0.980239 0.03125 0.0395221
0 0.917236 0.492647 0.0249023 0.0441176
0 0.439453 0.883732 0.0253906 0.0487132
1 0.858643 0.254596 0.0200195 0.0404412
1 0.835938 0.866728 0.0205078 0.0367647
0 0.233643 0.341452 0.0258789 0.0487132
0 0.825684 0.78079 0.0263672 0.0450368
1 0.811035 0.116728 0.0205078 0.0441176
0 0.810791 0.118566 0.0219727 0.0459559
1 0.19873 0.0652574 0.0253906 0.0459559
0 0.567627 0.596967 0.0288086 0.0523897
1 0.917236 0.492647 0.0297852 0.0477941
0 0.198242 0.0661765 0.0253906 0.0459559
1 0.09375 0.027114 0.0322266 0.046875
1 0.439453 0.883732 0.0244141 0.0487132
0 0.793457 0.589614 0.0253906 0.046875
0 0.198242 0.959559 0.03125 0.0533088
1 0.690186 0.386489 0.027832 0.0560662
0 0.785889 0.271599 0.0229492 0.0450368
0 0.770996 0.924632 0.0263672 0.0514706
1 0.83667 0.12546 0.0219727 0.0413603
1 0.806885 0.301011 0.0219727 0.0431985
1 0.989014 0.172794 0.0219727 0.0477941
1 0.828857 0.623621 0.0219727 0.046875
1 0.547119 0.899816 0.0258789 0.0459559
0 0.689941 0.387408 0.0283203 0.0560662
1 0.568359 0.598346 0.0263672 0.0477941
1 0.518066 0.199449 0.0205078 0.0386029
1 0.824951 0.779871 0.0268555 0.046875
1 0.393799 0.231618 0.0239258 0.0404412
0 0.0852051 0.238511 0.0307617 0.0542279
0 0.0222168 0.193934 0.0268555 0.0514706
1 0.258789 0.845588 0.0253906 0.0477941
0 0.932861 0.878676 0.0249023 0.0459559
1 0.93457 0.565717 0.0234375 0.046875
1 0.171631 0.0215993 0.0268555 0.0395221
0 0.828857 0.622702 0.0249023 0.0487132
0 0.871826 0.741268 0.0249023 0.0450368
1 0.543213 0.0579044 0.0249023 0.0441176
1 0.770508 0.925092 0.0273438 0.0505515
1 0.524658 0.269301 0.0219727 0.0404412
0 0.756592 0.79136 0.0239258 0.0422794
1 0.872803 0.738971 0.0249023 0.0477941
1 0.198486 0.959559 0.0288086 0.0496324
0 0.102783 0.380515 0.027832 0.0514706
0 0.207764 0.316636 0.0268555 0.0523897
1 0.528076 0.310662 0.0209961 0.0404412
1 0.193359 0.539062 0.0292969 0.0560662
0 0.77002 0.754596 0.0244141 0.0441176
0 0.826416 0.954963 0.0297852 0.0496324
1 0.567383 0.0850184 0.0234375 0.0431985
0 0.164551 0.770221 0.0292969 0.0514706
1 0.864746 0.861213 0.0234375 0.0459559
1 0.880371 0.826287 0.0234375 0.0459559
1 0.979736 0.902574 0.0268555 0.0514706
1 0.391357 0.871324 0.0229492 0.0496324
1 0.411133 0.915441 0.0234375 0.0422794
1 0.415283 0.457721 0.0258789 0.0477941
1 0.311768 0.245864 0.027832 0.0450368
1 0.409424 0.340074 0.0239258 0.0441176
1 0.378662 0.368566 0.0249023 0.0441176
