1 0.454346 0.490349 0.0209961 0.0395221
1 0.681396 0.71875 0.0258789 0.0441176
1 0.673828 0.713235 0.0214844 0.0459559
0 0.756592 0.789062 0.0288086 0.0487132
0 0.619629 0.982996 0.0322266 0.0248162
1 0.892822 0.120404 0.0219727 0.0386029
1 0.989014 0.820772 0.0170898 0.0422794
0 0.561279 0.519761 0.0219727 0.0376838
0 0.195801 0.92739 0.0244141 0.0441176
1 0.98584 0.763787 0.0205078 0.0367647
0 0.126953 0.488051 0.0214844 0.0496324
1 0.397461 0.141544 0.0234375 0.0514706
1 0.854736 0.0776654 0.0200195 0.0413603
0 0.854736 0.078125 0.0219727 0.0404412
1 0.381104 0.785846 0.0249023 0.0459559
1 0.833496 0.86443 0.0205078 0.0395221
0 0.608887 0.0137868 0.0234375 0.0275735
1 0.125732 0.487592 0.0219727 0.0523897
1 0.828857 0.821232 0.0219727 0.046875
1 0.0766602 0.245864 0.0302734 0.0523897
0 0.440674 0.884651 0.0288086 0.0505515
0 0.829102 0.82261 0.0234375 0.0459559
1 0.446289 0.477022 0.0195312 0.0367647
0 0.709717 0.649816 0.0229492 0.0404412
1 0.977295 0.436121 0.0249023 0.0450368
1 0.013916 0.203125 0.0249023 0.0569853
1 0.921875 0.559283 0.0253906 0.0376838
1 0.410645 0.539062 0.0244141 0.046875
0 0.53833 0.49954 0.0229492 0.0395221
1 0.196289 0.532629 0.0253906 0.0450368
0 0.196777 0.533088 0.0244141 0.0477941
0 0.381348 0.787224 0.0263672 0.0487132
0 0.392822 0.657169 0.0239258 0.0459559
1 0.856201 0.867647 0.0249023 0.0459559
1 0.910889 0.499081 0.0249023 0.0441176
1 0.259766 0.846967 0.0283203 0.046875
0 0.559814 0.877298 0.027832 0.0450368
1 0.377441 0.370864 0.0253906 0.0450368
1 0.710205 0.649357 0.0219727 0.0431985
1 0.767578 0.0863971 0.0214844 0.0404412
1 0.359375 0.172794 0.0214844 0.0386029
0 0.0136719 0.202206 0.0263672 0.0588235
1 0.886719 0.236213 0.0263672 0.0441176
1 0.692383 0.445772 0.0234375 0.0441176
0 0.879883 0.082261 0.0234375 0.0395221
1 0.735352 0.179228 0.0234375 0.0459559
1 0.186523 0.46921 0.0253906 0.046875
1 0.520508 0.0693934 0.0234375 0.0431985
0 0.672852 0.713695 0.0234375 0.0413603
1 0.72998 0.102482 0.0234375 0.046875
1 0.440186 0.886029 0.0288086 0.0514706
1 0.744385 0.920956 0.0258789 0.0441176
0 0.563965 0.610294 0.0244141 0.0459559
1 0.372559 0.537224 0.0273438 0.0487132
1 0.414551 0.460018 0.0273438 0.0487132
1 0.677734 0.0588235 0.0224609 0.0404412
1 0.195801 0.930147 0.0263672 0.0441176
1 0.692139 0.731158 0.0219727 0.0450368
1 0.755859 0.79136 0.0263672 0.0459559
1 0.76001 0.0560662 0.0209961 0.0386029
1 0.879883 0.823529 0.0234375 0.0459559
0 0.508057 0.680147 0.0258789 0.0459559
0 0.235596 0.711397 0.0249023 0.0441176
1 0.589355 0.363511 0.0234375 0.0450368
1 0.991699 0.761029 0.0166016 0.0404412
1 0.647949 0.390625 0.0224609 0.0441176
1 0.393311 0.871324 0.027832 0.0551471
1 0.156982 0.501379 0.0229492 0.046875
1 0.0942383 0.351103 0.0283203 0.0496324
1 0.835205 0.12546 0.0249023 0.0431985
1 0.712646 0.476103 0.0249023 0.0386029
1 0.726318 0.633272 0.0219727 0.0422794
1 0.921143 0.84421 0.0268555 0.0431985
1 0.876465 0.714154 0.0234375 0.0422794
1 0.804688 0.110294 0.0234375 0.0441176
0 0.269775 0.984375 0.0268555 0.03125
1 0.571045 0.105699 0.0219727 0.0422794
0 0.258057 0.846967 0.0258789 0.0431985
0 0.465576 0.670956 0.0258789 0.0477941
0 0.0761719 0.246324 0.0322266 0.0533088
1 0.798584 0.408088 0.0219727 0.0386029
1 0.780029 0.691636 0.0258789 0.0487132
1 0.359131 0.199908 0.0200195 0.0413603
1 0.990967 0.176011 0.0180664 0.046875
1 0.679688 0.129596 0.0253906 0.0422794
0 0.533203 0.462316 0.0234375 0.0422794
0 0.315918 0.882353 0.0244141 0.0477941
1 0.40918 0.342371 0.0273438 0.046875
1 0.224609 0.785386 0.0273438 0.0487132
1 0.851562 0.261949 0.0263672 0.0422794
0 0.365723 0.689798 0.0244141 0.0487132
1 0.1521 0.22932 0.027832 0.0523897
1 0.205322 0.85386 0.0268555 0.0441176
1 0.534424 0.338235 0.0229492 0.0441176
1 0.309814 0.131434 0.0288086 0.0496324
1 0.0183105 0.45864 0.0258789 0.0496324
1 0.829102 0.625919 0.0234375 0.0496324
0 0.324463 0.632812 0.0239258 0.0431985
1 0.145752 0.587316 0.0249023 0.0459559
1 0.80249 0.170496 0.0229492 0.0450368
1 0.090332 0.600184 0.0244141 0.0496324
1 0.234375 0.348805 0.0253906 0.0505515
1 0.612305 0.251838 0.0195312 0.0386029
1 0.569824 0.389246 0.0234375 0.0413603
1 0.147461 0.30239 0.0273438 0.0477941
1 0.992188 0.54182 0.015625 0.046875
1 0.395264 0.126838 0.0219727 0.0404412
1 0.964844 0.748162 0.0253906 0.0441176
1 0.813232 0.442096 0.0249023 0.0422794
1 0.176758 0.830882 0.0244141 0.0422794
1 0.0317383 0.409926 0.0253906 0.0441176
1 0.783447 0.59421 0.0258789 0.0431985
1 0.460449 0.110294 0.0224609 0.0459559
1 0.668701 0.391544 0.0219727 0.0422794
1 0.163818 0.772518 0.0258789 0.0487132
1 0.418701 0.956801 0.027832 0.0496324
1 0.0144043 0.981158 0.0239258 0.0376838
1 0.825928 0.954044 0.0297852 0.0441176
0 0.298584 0.669577 0.0288086 0.046875
1 0.128174 0.829044 0.0258789 0.0514706
1 0.407715 0.204044 0.0263672 0.0459559
1 0.691895 0.38511 0.0244141 0.0441176
1 0.0910645 0.0349265 0.0356445 0.0569853
1 0.171631 0.0179228 0.027832 0.0358456
1 0.0925293 0.81204 0.0258789 0.046875
1 0.107666 0.529871 0.0268555 0.046875
1 0.0307617 0.884651 0.0244141 0.0413603
1 0.598145 0.300092 0.0244141 0.0431985
1 0.597656 0.229779 0.0205078 0.0422794
1 0.80957 0.299173 0.0244141 0.0395221
1 0.501221 0.174173 0.0249023 0.0450368
1 0.578369 0.249081 0.0219727 0.0441176
1 0.402832 0.159926 0.0214844 0.0441176
1 0.132812 0.622243 0.0253906 0.0459559
1 0.80542 0.227482 0.0249023 0.0450368
1 0.0366211 0.917739 0.0253906 0.0413603
1 0.216797 0.0776654 0.0253906 0.0487132
1 0.782959 0.272059 0.0258789 0.0441176
1 0.33374 0.192555 0.0258789 0.046875
1 0.206543 0.31296 0.0263672 0.0487132
1 0.245117 0.0252757 0.0253906 0.0450368
1 0.48291 0.131893 0.0234375 0.0450368
1 0.31543 0.24954 0.0263672 0.046875
1 0.528076 0.270221 0.0239258 0.0477941
1 0.980469 0.734835 0.0214844 0.0395221
1 0.984375 0.929228 0.0263672 0.0533088
