1 0.398926 0.147518 0.0244141 0.0505515
0 0.535889 0.5 0.0258789 0.0441176
0 0.619629 0.982996 0.0322266 0.0266544
1 0.125244 0.491268 0.0219727 0.0487132
0 0.440186 0.884651 0.0297852 0.0505515
0 0.564209 0.610294 0.0249023 0.0459559
0 0.744141 0.920037 0.0273438 0.0459559
1 0.98584 0.764706 0.0205078 0.0367647
1 0.0766602 0.246324 0.0302734 0.0514706
1 0.989746 0.820772 0.0185547 0.0441176
0 0.828857 0.823529 0.0219727 0.0459559
1 0.854004 0.0772059 0.0205078 0.0404412
1 0.673828 0.713235 0.0214844 0.0459559
1 0.532715 0.461857 0.0244141 0.0431985
1 0.19043 0.376838 0.0244141 0.0386029
1 0.509766 0.679688 0.0263672 0.046875
1 0.12207 0.151654 0.0302734 0.0496324
1 0.53833 0.499081 0.0229492 0.0422794
0 0.51001 0.680607 0.0288086 0.0505515
1 0.934326 0.332261 0.0200195 0.0358456
1 0.920166 0.556985 0.0249023 0.0404412
0 0.392822 0.657169 0.0239258 0.0459559
1 0.7771 0.872243 0.0209961 0.0386029
1 0.833496 0.86443 0.0205078 0.0395221
1 0.259277 0.846967 0.0283203 0.046875
1 0.943604 0.321232 0.0219727 0.0395221
1 0.608643 0.0147059 0.0258789 0.0294118
0 0.358398 0.797335 0.0234375 0.0413603
1 0.879639 0.0790441 0.0200195 0.0386029
1 0.970215 0.199449 0.0205078 0.0386029
1 0.846191 0.685662 0.0263672 0.0367647
1 0.381592 0.785386 0.0249023 0.0450368
0 0.464844 0.670496 0.0253906 0.046875
0 0.364502 0.688419 0.0249023 0.0496324
1 0.455322 0.494026 0.0219727 0.0395221
1 0.828125 0.82307 0.0214844 0.046875
1 0.910889 0.5 0.0249023 0.0441176
1 0.743896 0.918199 0.0249023 0.0441176
1 0.978271 0.4375 0.0249023 0.0441176
1 0.195557 0.930147 0.0258789 0.0441176
1 0.234131 0.348805 0.0239258 0.046875
1 0.708496 0.650735 0.0224609 0.0404412
0 0.0761719 0.246783 0.03125 0.0523897
1 0.377686 0.370864 0.0249023 0.0450368
0 0.235352 0.711397 0.0244141 0.0459559
1 0.885986 0.236673 0.027832 0.0450368
1 0.372559 0.536765 0.0273438 0.0477941
0 0.324951 0.631893 0.0239258 0.0431985
1 0.196777 0.533088 0.0253906 0.0441176
1 0.991699 0.761029 0.0166016 0.0404412
1 0.876465 0.713235 0.0234375 0.0422794
1 0.735352 0.180147 0.0234375 0.0459559
1 0.0944824 0.351103 0.0288086 0.0477941
1 0.677246 0.058364 0.0224609 0.0395221
0 0.269775 0.984375 0.0268555 0.03125
0 0.0134277 0.202206 0.0258789 0.0588235
1 0.0185547 0.460478 0.0263672 0.0496324
1 0.157227 0.501379 0.0224609 0.046875
1 0.44043 0.884651 0.0273438 0.046875
1 0.855469 0.867647 0.0263672 0.0459559
1 0.393311 0.870864 0.027832 0.0542279
1 0.76709 0.0854779 0.0205078 0.0386029
1 0.4104 0.538143 0.0249023 0.046875
1 0.0895996 0.599724 0.0249023 0.0487132
1 0.780029 0.691176 0.0258789 0.0477941
1 0.359619 0.171415 0.0219727 0.0395221
1 0.17627 0.829963 0.0244141 0.0422794
1 0.755859 0.789062 0.0253906 0.0450368
1 0.0917969 0.0344669 0.0332031 0.0542279
1 0.187744 0.46829 0.0268555 0.046875
1 0.879883 0.823529 0.0234375 0.0477941
1 0.72998 0.102022 0.0234375 0.0459559
1 0.679688 0.131434 0.0253906 0.0422794
0 0.316162 0.880974 0.0249023 0.0487132
1 0.834473 0.125919 0.0234375 0.0422794
1 0.588867 0.362592 0.0234375 0.0431985
0 0.258057 0.846507 0.0258789 0.0422794
1 0.691406 0.445772 0.0234375 0.0459559
1 0.647461 0.390165 0.0234375 0.0450368
1 0.992188 0.543199 0.015625 0.0477941
1 0.712646 0.476103 0.0249023 0.0386029
0 0.298096 0.670496 0.0288086 0.046875
1 0.572266 0.104779 0.0224609 0.0404412
1 0.205322 0.854779 0.0268555 0.0441176
1 0.726562 0.63511 0.0214844 0.0422794
1 0.92041 0.84375 0.0263672 0.0441176
1 0.145264 0.587316 0.0249023 0.0459559
1 0.0922852 0.811121 0.0263672 0.046875
1 0.151855 0.22932 0.0283203 0.0523897
1 0.414551 0.460018 0.0263672 0.0487132
1 0.360352 0.198989 0.0205078 0.0413603
1 0.0317383 0.410386 0.0253906 0.0450368
1 0.694092 0.732996 0.0209961 0.0450368
1 0.759766 0.0560662 0.0214844 0.0404412
1 0.964844 0.75 0.0234375 0.0441176
1 0.224609 0.786305 0.0273438 0.0487132
1 0.146484 0.303309 0.0263672 0.0477941
1 0.851562 0.261949 0.0263672 0.0422794
1 0.309814 0.130515 0.027832 0.0496324
1 0.80249 0.170037 0.0229492 0.0459559
1 0.520752 0.0698529 0.0229492 0.0422794
1 0.171387 0.0170037 0.0273438 0.0340074
1 0.163818 0.772518 0.0258789 0.0487132
1 0.797607 0.407629 0.0219727 0.0395221
1 0.395508 0.12546 0.0234375 0.0395221
1 0.128174 0.828585 0.0258789 0.0505515
1 0.41748 0.95818 0.0273438 0.0487132
1 0.828857 0.62454 0.0249023 0.0523897
1 0.783447 0.59375 0.0258789 0.0441176
1 0.612549 0.251379 0.0200195 0.0395221
1 0.990967 0.176011 0.0180664 0.046875
1 0.534424 0.338235 0.0229492 0.0441176
1 0.803955 0.108456 0.0229492 0.0441176
1 0.445312 0.475643 0.0214844 0.0395221
1 0.407959 0.204504 0.0258789 0.0450368
1 0.0141602 0.981158 0.0244141 0.0376838
1 0.826416 0.953585 0.0297852 0.0450368
1 0.808594 0.298713 0.0234375 0.0404412
1 0.569336 0.387408 0.0234375 0.0413603
1 0.460205 0.110294 0.0229492 0.0477941
1 0.500732 0.174632 0.0249023 0.0459559
1 0.598145 0.300551 0.0244141 0.0441176
1 0.0373535 0.918199 0.0258789 0.0441176
1 0.668701 0.391544 0.0229492 0.0422794
1 0.408691 0.342371 0.0263672 0.0450368
1 0.813232 0.442096 0.0249023 0.0422794
1 0.782471 0.272518 0.0258789 0.0450368
1 0.692139 0.384191 0.0239258 0.0441176
1 0.805664 0.228401 0.0244141 0.0450368
1 0.597168 0.229779 0.0205078 0.0422794
1 0.217285 0.0767463 0.0253906 0.046875
1 0.0305176 0.884651 0.0249023 0.0413603
1 0.577881 0.24954 0.0219727 0.0450368
1 0.132568 0.623162 0.0258789 0.0477941
1 0.108154 0.528952 0.0268555 0.0487132
1 0.402832 0.159926 0.0214844 0.0441176
1 0.315918 0.25 0.0263672 0.0459559
1 0.333496 0.193934 0.0253906 0.0459559
1 0.483154 0.131893 0.0239258 0.0450368
1 0.980469 0.734375 0.0214844 0.0386029
1 0.206787 0.3125 0.0249023 0.0477941
1 0.528564 0.270221 0.0239258 0.0459559
1 0.244873 0.0252757 0.0249023 0.0450368
1 0.985107 0.930147 0.0268555 0.0533088
