0 0.310059 0.131434 0.0283203 0.0533088
1 0.828857 0.824449 0.0219727 0.0514706
0 0.691406 0.728401 0.0253906 0.0505515
1 0.985107 0.763787 0.0200195 0.0367647
1 0.410645 0.539062 0.0234375 0.0450368
0 0.726562 0.633732 0.0214844 0.0431985
1 0.98999 0.820772 0.0170898 0.0422794
0 0.893799 0.119026 0.0219727 0.0431985
0 0.560791 0.519761 0.0219727 0.0358456
0 0.756592 0.789062 0.027832 0.046875
1 0.359375 0.174632 0.0195312 0.0386029
0 0.834473 0.86443 0.0205078 0.0395221
0 0.196289 0.533088 0.0244141 0.0459559
1 0.855469 0.0776654 0.0205078 0.0413603
0 0.990967 0.17693 0.0180664 0.0431985
1 0.893555 0.119945 0.0234375 0.0395221
0 0.729492 0.10386 0.0234375 0.0459559
1 0.856445 0.866268 0.0234375 0.0487132
0 0.855469 0.0785846 0.0205078 0.0395221
0 0.381592 0.787224 0.0268555 0.0487132
0 0.520996 0.0689338 0.0244141 0.0422794
0 0.780518 0.692096 0.0249023 0.0477941
0 0.40918 0.342371 0.0273438 0.046875
1 0.381104 0.785386 0.0249023 0.046875
1 0.910889 0.498621 0.0249023 0.0431985
0 0.880371 0.823529 0.0234375 0.0477941
1 0.414062 0.459559 0.0263672 0.0477941
1 0.691406 0.730239 0.0224609 0.046875
1 0.73584 0.178768 0.0234375 0.0450368
1 0.767578 0.0877757 0.0205078 0.0395221
1 0.710693 0.649357 0.0219727 0.0413603
0 0.608887 0.0133272 0.0234375 0.0266544
1 0.0769043 0.245404 0.0307617 0.0533088
1 0.377686 0.369485 0.0258789 0.0441176
0 0.829102 0.822151 0.0234375 0.0450368
1 0.886719 0.235754 0.0253906 0.0431985
1 0.372559 0.538143 0.0263672 0.046875
0 0.392334 0.65671 0.0249023 0.0487132
1 0.520996 0.0693934 0.0234375 0.0413603
1 0.759766 0.0569853 0.0214844 0.0367647
1 0.196289 0.532629 0.0244141 0.0450368
0 0.076416 0.245864 0.0327148 0.0542279
0 0.23584 0.711397 0.0244141 0.0441176
1 0.72998 0.102941 0.0234375 0.0459559
1 0.879883 0.824449 0.0234375 0.0459559
1 0.693848 0.445312 0.0234375 0.0413603
1 0.259521 0.846967 0.0288086 0.046875
0 0.535889 0.496783 0.0249023 0.0431985
1 0.409424 0.341912 0.0268555 0.0459559
1 0.755859 0.79136 0.0263672 0.0459559
0 0.55957 0.877298 0.0273438 0.046875
0 0.856201 0.866728 0.0249023 0.0459559
1 0.677734 0.0592831 0.0224609 0.0395221
0 0.710205 0.650276 0.0229492 0.0395221
1 0.745361 0.920496 0.0249023 0.0431985
1 0.990723 0.176011 0.0185547 0.0450368
1 0.359619 0.194853 0.019043 0.0422794
1 0.648926 0.391544 0.0224609 0.0441176
1 0.440674 0.886029 0.0288086 0.0514706
1 0.876465 0.714614 0.0234375 0.0431985
1 0.780029 0.692096 0.0249023 0.0477941
0 0.258057 0.846507 0.0258789 0.0422794
1 0.72583 0.633272 0.0219727 0.0422794
1 0.571045 0.105699 0.0229492 0.0404412
1 0.310303 0.130974 0.0258789 0.0487132
1 0.461182 0.110294 0.0219727 0.0441176
1 0.805664 0.110754 0.0234375 0.0450368
0 0.879639 0.082261 0.0219727 0.0395221
1 0.798584 0.408548 0.0219727 0.0376838
1 0.679199 0.130974 0.0273438 0.0431985
0 0.269775 0.984375 0.0268555 0.03125
1 0.589355 0.363511 0.0234375 0.0450368
1 0.71167 0.476562 0.0249023 0.0376838
1 0.835938 0.12546 0.0253906 0.0431985
1 0.991699 0.76057 0.0166016 0.0395221
1 0.196289 0.931066 0.0263672 0.0441176
1 0.0141602 0.202206 0.0253906 0.0551471
1 0.224609 0.784467 0.0273438 0.0487132
1 0.921143 0.845129 0.0249023 0.0413603
0 0.315918 0.882353 0.0244141 0.0477941
1 0.186279 0.470588 0.0249023 0.0459559
1 0.813232 0.442096 0.0249023 0.0422794
1 0.156738 0.501838 0.0234375 0.0477941
0 0.673096 0.713695 0.0229492 0.0431985
1 0.393311 0.875 0.027832 0.0533088
1 0.534424 0.337776 0.0229492 0.0450368
1 0.851562 0.261029 0.0263672 0.0422794
0 0.564209 0.608915 0.0249023 0.046875
1 0.921875 0.559743 0.0253906 0.0404412
1 0.0944824 0.351562 0.027832 0.0487132
0 0.465576 0.670956 0.0249023 0.0477941
1 0.828857 0.625 0.0219727 0.0477941
0 0.366455 0.689798 0.0239258 0.046875
1 0.992188 0.540901 0.015625 0.046875
0 0.50708 0.680147 0.0249023 0.0477941
1 0.783691 0.59375 0.0263672 0.0441176
0 0.533691 0.462776 0.0234375 0.0413603
1 0.407471 0.204044 0.0268555 0.0459559
1 0.151367 0.230239 0.0273438 0.0505515
0 0.323975 0.633732 0.0239258 0.0431985
1 0.203857 0.852941 0.0258789 0.0441176
1 0.96582 0.746324 0.0234375 0.0441176
1 0.803223 0.171415 0.0234375 0.0450368
1 0.611816 0.250919 0.0195312 0.0386029
1 0.570312 0.388327 0.0234375 0.0413603
0 0.298828 0.669118 0.0273438 0.0477941
1 0.668701 0.392004 0.0219727 0.0431985
1 0.395508 0.128217 0.0214844 0.0413603
1 0.234619 0.347426 0.0258789 0.0514706
1 0.145508 0.587316 0.0244141 0.0459559
1 0.163818 0.772518 0.0258789 0.0487132
1 0.0302734 0.88557 0.0244141 0.0395221
1 0.824951 0.954504 0.0297852 0.0450368
1 0.0144043 0.981158 0.0239258 0.0376838
1 0.171631 0.0174632 0.027832 0.0349265
1 0.402588 0.160386 0.0219727 0.0431985
1 0.177246 0.830882 0.0244141 0.0404412
1 0.0183105 0.45818 0.0249023 0.0487132
1 0.5979 0.299632 0.0249023 0.0441176
1 0.418701 0.955423 0.027832 0.0487132
1 0.0314941 0.409926 0.0258789 0.0441176
1 0.691406 0.38511 0.0244141 0.0441176
1 0.12793 0.828125 0.0253906 0.0496324
1 0.147217 0.301011 0.0288086 0.0487132
1 0.0917969 0.0326287 0.0332031 0.0542279
1 0.578857 0.248621 0.0229492 0.0431985
1 0.597656 0.230239 0.0205078 0.0413603
1 0.501709 0.174632 0.0258789 0.0459559
1 0.0908203 0.600184 0.0244141 0.0496324
1 0.245605 0.0243566 0.0263672 0.0450368
1 0.216553 0.0776654 0.0258789 0.0487132
1 0.334229 0.192555 0.0258789 0.046875
1 0.0922852 0.8125 0.0253906 0.0477941
1 0.804932 0.225184 0.0249023 0.0441176
1 0.132812 0.621783 0.0253906 0.0450368
1 0.0368652 0.91682 0.0249023 0.0395221
1 0.107178 0.530331 0.0258789 0.0459559
1 0.48291 0.131893 0.0224609 0.0450368
1 0.810303 0.299632 0.0249023 0.0404412
1 0.783203 0.271599 0.0253906 0.0450368
1 0.31543 0.249081 0.0273438 0.0477941
1 0.527832 0.270221 0.0244141 0.0477941
1 0.984375 0.929228 0.0263672 0.0533088
1 0.206543 0.313419 0.0263672 0.0477941
1 0.980469 0.734835 0.0205078 0.0395221
