0 0.990967 0.415441 0.0180664 0.0367647
1 0.793701 0.590993 0.027832 0.0496324
1 0.769531 0.754596 0.0273438 0.0441176
0 0.805664 0.304228 0.0214844 0.0459559
1 0.835938 0.867647 0.0185547 0.0367647
1 0.518799 0.201287 0.0209961 0.0349265
0 0.858643 0.0840993 0.0200195 0.0450368
1 0.882812 0.242188 0.0214844 0.046875
1 0.920166 0.97886 0.0327148 0.0422794
0 0.917236 0.492647 0.0249023 0.0441176
1 0.312256 0.892463 0.0268555 0.0496324
0 0.171875 0.0225184 0.0273438 0.0413603
1 0.163818 0.772059 0.0297852 0.0551471
1 0.858643 0.254596 0.0200195 0.0404412
0 0.197266 0.0629596 0.0244141 0.046875
0 0.810791 0.118566 0.0219727 0.0459559
1 0.0949707 0.0248162 0.0297852 0.0422794
0 0.771484 0.924173 0.0263672 0.0505515
0 0.824951 0.779412 0.0268555 0.0459559
0 0.92041 0.980239 0.03125 0.0395221
1 0.810547 0.119485 0.0214844 0.0441176
0 0.785156 0.272059 0.0234375 0.0477941
1 0.786133 0.272059 0.0234375 0.0459559
1 0.756592 0.789522 0.0249023 0.0441176
0 0.793701 0.591912 0.0268555 0.0477941
0 0.567627 0.596967 0.0288086 0.0523897
0 0.566406 0.0840993 0.0224609 0.0413603
0 0.439453 0.884651 0.0244141 0.0487132
1 0.197266 0.0629596 0.0253906 0.046875
1 0.543213 0.0574449 0.0249023 0.0431985
1 0.828857 0.624081 0.0219727 0.0477941
0 0.19873 0.95818 0.03125 0.0523897
1 0.825928 0.955882 0.0297852 0.0496324
0 0.933594 0.881434 0.0234375 0.0422794
1 0.83667 0.125 0.0219727 0.0422794
0 0.232178 0.339614 0.0239258 0.0505515
0 0.689453 0.387868 0.0283203 0.0588235
1 0.917236 0.492647 0.0297852 0.0477941
1 0.566406 0.0836397 0.0224609 0.0422794
1 0.568359 0.598346 0.0263672 0.0477941
1 0.98877 0.173254 0.0224609 0.0487132
1 0.259033 0.845588 0.0258789 0.0477941
0 0.0222168 0.193474 0.027832 0.0523897
0 0.756592 0.790901 0.0239258 0.0413603
0 0.0852051 0.238511 0.0307617 0.0542279
1 0.546143 0.904412 0.0258789 0.0459559
1 0.824219 0.778952 0.0263672 0.046875
0 0.871826 0.743566 0.0249023 0.0459559
1 0.771484 0.924173 0.0273438 0.0505515
1 0.524658 0.268842 0.0229492 0.0413603
0 0.769531 0.757812 0.0253906 0.0413603
1 0.806396 0.30239 0.0229492 0.0459559
1 0.171387 0.0215993 0.0273438 0.0395221
1 0.690186 0.386949 0.0288086 0.0588235
1 0.865479 0.858915 0.0219727 0.046875
0 0.164795 0.770221 0.0297852 0.0514706
0 0.826416 0.954044 0.0297852 0.0514706
0 0.828857 0.622702 0.0249023 0.0487132
1 0.936035 0.565257 0.0263672 0.0459559
1 0.528076 0.310202 0.0219727 0.0413603
0 0.103271 0.381434 0.0297852 0.0533088
1 0.879883 0.827206 0.0234375 0.0459559
1 0.872803 0.740349 0.0249023 0.0487132
1 0.19873 0.95864 0.0292969 0.0496324
0 0.208496 0.317096 0.0263672 0.0514706
1 0.4104 0.912684 0.0219727 0.0422794
1 0.391357 0.871324 0.0229492 0.0477941
1 0.393311 0.232537 0.0249023 0.0441176
1 0.978271 0.899357 0.0249023 0.0487132
1 0.415283 0.457721 0.0258789 0.0477941
1 0.311279 0.245404 0.027832 0.0459559
1 0.378906 0.368107 0.0253906 0.0450368
1 0.408691 0.340074 0.0244141 0.0441176
1 0.190674 0.54182 0.0297852 0.0542279
