1 0.383301 0.47932 0.0195312 0.0340074
1 0.613281 0.0128676 0.0253906 0.0257353
1 0.834473 0.862592 0.0185547 0.0376838
1 0.876465 0.721048 0.0283203 0.046875
1 0.806152 0.988051 0.0302734 0.0238971
0 0.825928 0.954504 0.0297852 0.0487132
0 0.566406 0.597886 0.0292969 0.0505515
1 0.890625 0.0992647 0.0234375 0.0459559
0 0.876465 0.723346 0.0263672 0.0459559
1 0.679199 0.0620404 0.0205078 0.0358456
0 0.91333 0.982537 0.027832 0.0349265
1 0.787109 0.592371 0.0253906 0.046875
1 0.826416 0.800092 0.0249023 0.0505515
1 0.682373 0.0914522 0.0209961 0.0358456
1 0.917236 0.493107 0.027832 0.046875
1 0.85791 0.253676 0.0234375 0.0404412
1 0.566895 0.600184 0.0263672 0.0459559
1 0.775635 0.717831 0.0249023 0.0441176
1 0.759766 0.92739 0.03125 0.0514706
1 0.755615 0.789522 0.0249023 0.0422794
1 0.828857 0.622702 0.0219727 0.046875
1 0.554443 0.884651 0.0258789 0.0431985
1 0.880371 0.825827 0.0234375 0.0450368
1 0.93042 0.56296 0.0268555 0.0450368
1 0.172607 0.0202206 0.0288086 0.0404412
1 0.85791 0.862592 0.0234375 0.0450368
1 0.25708 0.84375 0.0249023 0.0441176
1 0.740967 0.155331 0.0209961 0.0404412
1 0.838379 0.12454 0.0234375 0.0431985
1 0.825928 0.955882 0.0297852 0.0496324
1 0.13208 0.607537 0.0200195 0.0422794
1 0.928223 0.858915 0.0234375 0.046875
1 0.0910645 0.0303309 0.034668 0.0477941
1 0.530518 0.0661765 0.0239258 0.0422794
1 0.019043 0.195312 0.0253906 0.0523897
1 0.690674 0.38557 0.0258789 0.046875
1 0.0146484 0.981618 0.0253906 0.0367647
1 0.143799 0.590533 0.0209961 0.0450368
1 0.858643 0.0840993 0.0200195 0.0431985
1 0.196533 0.947151 0.027832 0.0505515
1 0.208252 0.0785846 0.0249023 0.0487132
1 0.98291 0.915441 0.0283203 0.0533088
1 0.236084 0.715993 0.0229492 0.0422794
1 0.571533 0.103401 0.0229492 0.0431985
1 0.988281 0.175092 0.0234375 0.0487132
1 0.0849609 0.236673 0.0292969 0.0542279
1 0.507812 0.185662 0.0244141 0.0441176
1 0.400146 0.213695 0.0249023 0.0487132
1 0.439697 0.886029 0.0258789 0.0441176
1 0.524658 0.268382 0.0249023 0.0477941
1 0.897705 0.106618 0.0200195 0.0441176
1 0.588379 0.256434 0.0224609 0.0349265
1 0.883545 0.0873162 0.019043 0.0422794
1 0.0996094 0.525735 0.0263672 0.0477941
1 0.809082 0.119026 0.0224609 0.0431985
1 0.391602 0.873621 0.0224609 0.0487132
1 0.590576 0.287224 0.0229492 0.0395221
1 0.371338 0.539522 0.0268555 0.0459559
1 0.730713 0.116728 0.0209961 0.0422794
1 0.197021 0.530331 0.0239258 0.0441176
1 0.232666 0.758732 0.0229492 0.0431985
1 0.187012 0.484375 0.0224609 0.0459559
1 0.118408 0.819853 0.0229492 0.0477941
1 0.0942383 0.600184 0.0234375 0.0441176
1 0.161621 0.484375 0.0244141 0.0459559
1 0.414551 0.457721 0.0244141 0.0441176
1 0.811768 0.301011 0.0249023 0.0431985
1 0.786133 0.272059 0.0234375 0.0459559
1 0.37793 0.367647 0.0253906 0.0441176
1 0.417236 0.942096 0.0258789 0.0496324
1 0.164307 0.77068 0.0268555 0.0505515
1 0.409912 0.340533 0.0258789 0.0450368
1 0.311523 0.245864 0.0273438 0.0487132
1 0.147949 0.235294 0.0244141 0.0422794
1 0.098877 0.363511 0.0268555 0.046875
1 0.23877 0.34421 0.0283203 0.0505515
1 0.0966797 0.814798 0.0263672 0.0487132
1 0.205322 0.314798 0.0249023 0.046875
1 0.154053 0.272518 0.0249023 0.0431985
1 0.405029 0.538603 0.0239258 0.0441176
