0 0.860107 0.0836397 0.0297852 0.0477941
1 0.795654 0.926011 0.0229492 0.046875
1 0.109375 0.387408 0.0302734 0.0652574
0 0.102295 0.0234375 0.0356445 0.046875
1 0.102295 0.0248162 0.034668 0.0496324
1 0.30957 0.238051 0.0283203 0.0606618
0 0.800049 0.595129 0.027832 0.0523897
0 0.829102 0.623621 0.0234375 0.0487132
0 0.525146 0.207721 0.0258789 0.0477941
1 0.438965 0.880055 0.0302734 0.0597426
0 0.259033 0.847886 0.0307617 0.0542279
0 0.203125 0.957261 0.0322266 0.0542279
0 0.570068 0.597886 0.0327148 0.0560662
1 0.839844 0.765625 0.0263672 0.0459559
1 0.258789 0.847886 0.0292969 0.0542279
1 0.828857 0.625 0.0219727 0.0477941
0 0.439453 0.880515 0.0341797 0.0588235
1 0.416016 0.454504 0.0273438 0.0542279
1 0.30835 0.90579 0.0317383 0.0560662
0 0.164795 0.772518 0.0288086 0.0560662
1 0.987549 0.172794 0.0249023 0.0551471
1 0.801025 0.594669 0.0258789 0.0496324
0 0.30835 0.238051 0.0307617 0.0588235
1 0.95459 0.556985 0.0263672 0.0514706
1 0.924316 0.975184 0.0283203 0.0422794
1 0.93457 0.882353 0.0234375 0.0404412
0 0.0849609 0.237592 0.0361328 0.0597426
1 0.203613 0.957261 0.03125 0.0560662
1 0.689941 0.389246 0.0302734 0.0652574
1 0.872559 0.744485 0.0263672 0.0459559
1 0.825684 0.952665 0.0263672 0.046875
1 0.91626 0.495864 0.0249023 0.046875
0 0.109131 0.388327 0.0307617 0.0634191
0 0.0224609 0.193015 0.0332031 0.0661765
1 0.954834 0.86489 0.0249023 0.0459559
1 0.189209 0.54182 0.034668 0.0670956
