1 0.858643 0.0840993 0.0219727 0.0450368
1 0.101318 0.0234375 0.0336914 0.046875
1 0.785645 0.926471 0.0263672 0.0477941
0 0.568359 0.596967 0.0302734 0.0560662
0 0.963379 0.867647 0.0283203 0.0477941
0 0.811035 0.118107 0.0234375 0.046875
0 0.101074 0.0225184 0.0341797 0.0450368
0 0.189697 0.540901 0.0336914 0.0689338
0 0.533936 0.918199 0.0307617 0.0496324
1 0.963379 0.872702 0.0234375 0.0450368
1 0.109131 0.386949 0.0288086 0.0643382
0 0.921875 0.977022 0.0292969 0.0441176
1 0.810791 0.119945 0.0219727 0.046875
0 0.798828 0.595588 0.0273438 0.0477941
1 0.922607 0.976562 0.0297852 0.0431985
1 0.831299 0.771599 0.0297852 0.0560662
1 0.835938 0.125 0.0214844 0.0441176
1 0.569336 0.596048 0.0273438 0.0487132
0 0.826416 0.953585 0.0297852 0.0523897
1 0.946045 0.559743 0.027832 0.0477941
1 0.872559 0.745864 0.0283203 0.046875
1 0.202637 0.957261 0.0302734 0.0523897
1 0.528076 0.273897 0.0209961 0.0386029
0 0.832031 0.769761 0.0292969 0.0560662
1 0.529053 0.306985 0.0219727 0.0441176
0 0.872559 0.746324 0.0283203 0.0477941
1 0.98877 0.172794 0.0224609 0.0496324
1 0.385986 0.255974 0.0249023 0.046875
1 0.799316 0.595129 0.0263672 0.0487132
0 0.828857 0.623621 0.0249023 0.0487132
1 0.829102 0.625 0.0234375 0.0477941
1 0.91626 0.494945 0.0249023 0.046875
0 0.439209 0.882353 0.0336914 0.0569853
0 0.309814 0.240809 0.0307617 0.0551471
0 0.258789 0.846967 0.0273438 0.0505515
0 0.202148 0.957261 0.0283203 0.0487132
1 0.415527 0.455423 0.0234375 0.0450368
0 0.934326 0.882812 0.0249023 0.0413603
0 0.165283 0.772978 0.0288086 0.0514706
0 0.0852051 0.23943 0.034668 0.0615809
0 0.109131 0.389246 0.0288086 0.0615809
1 0.377441 0.366728 0.0234375 0.0422794
0 0.0222168 0.193015 0.0336914 0.0661765
1 0.689697 0.389706 0.0297852 0.0625
1 0.189209 0.54136 0.0336914 0.0661765
1 0.826416 0.954504 0.0297852 0.0505515
1 0.395264 0.340533 0.0239258 0.0431985
