1 0.882812 0.241268 0.0214844 0.046875
0 0.858643 0.0836397 0.0219727 0.0441176
1 0.0852051 0.238511 0.0307617 0.0579044
0 0.917236 0.494026 0.0249023 0.0450368
1 0.3125 0.893382 0.0273438 0.0477941
1 0.858643 0.253217 0.0219727 0.0395221
0 0.543701 0.904871 0.0307617 0.0487132
0 0.803711 0.30239 0.0224609 0.0441176
0 0.689209 0.388327 0.0288086 0.0597426
1 0.164062 0.772059 0.0292969 0.0551471
1 0.775879 0.920496 0.0283203 0.0523897
0 0.543701 0.0588235 0.0229492 0.0404412
1 0.93457 0.879596 0.0234375 0.0422794
0 0.258789 0.845588 0.0253906 0.0496324
1 0.828857 0.623162 0.0219727 0.0459559
1 0.920898 0.97886 0.03125 0.0422794
1 0.568848 0.598346 0.0273438 0.0496324
1 0.0964355 0.0238971 0.0307617 0.0459559
1 0.917236 0.492647 0.0297852 0.0477941
1 0.259033 0.846048 0.0258789 0.0487132
0 0.933594 0.881434 0.0253906 0.0422794
0 0.774902 0.920956 0.0263672 0.0514706
1 0.785156 0.272978 0.0224609 0.0477941
0 0.0852051 0.238971 0.0317383 0.0569853
1 0.989014 0.172794 0.0219727 0.0477941
1 0.824219 0.776195 0.0253906 0.046875
0 0.567627 0.597886 0.0297852 0.0542279
1 0.810791 0.119485 0.0219727 0.0459559
1 0.879639 0.827206 0.0249023 0.0441176
0 0.199463 0.95818 0.0317383 0.0523897
1 0.519531 0.202206 0.0214844 0.0422794
0 0.5625 0.0767463 0.0214844 0.0450368
1 0.83667 0.12454 0.0219727 0.0431985
0 0.920898 0.980239 0.03125 0.0395221
1 0.939941 0.564798 0.03125 0.0487132
1 0.104248 0.382353 0.0297852 0.0588235
1 0.866455 0.856158 0.0219727 0.046875
0 0.229492 0.339154 0.0214844 0.0496324
0 0.438965 0.884651 0.0224609 0.046875
1 0.171387 0.0220588 0.0283203 0.0422794
1 0.543945 0.90671 0.0273438 0.0487132
0 0.0219727 0.193474 0.0302734 0.0597426
0 0.171631 0.0225184 0.0288086 0.0431985
1 0.199219 0.95864 0.0292969 0.0496324
1 0.872559 0.741728 0.0263672 0.0496324
0 0.10498 0.382812 0.0302734 0.0560662
0 0.757324 0.788143 0.0224609 0.0413603
1 0.525146 0.269761 0.0219727 0.0413603
0 0.796387 0.592831 0.0244141 0.0459559
0 0.164795 0.77114 0.0288086 0.0496324
1 0.409912 0.907629 0.0219727 0.046875
1 0.528076 0.310202 0.0209961 0.0413603
0 0.193115 0.0592831 0.0288086 0.0523897
1 0.803955 0.301011 0.0229492 0.0450368
0 0.871826 0.743566 0.0268555 0.0459559
1 0.391357 0.871783 0.0229492 0.046875
0 0.826416 0.954044 0.0297852 0.0514706
0 0.828857 0.622243 0.0249023 0.0477941
0 0.769531 0.764706 0.0253906 0.0404412
0 0.210693 0.318934 0.0249023 0.0533088
1 0.689697 0.386949 0.0297852 0.0606618
1 0.415283 0.454963 0.0239258 0.0459559
1 0.97583 0.892463 0.0268555 0.0459559
1 0.311279 0.244485 0.0268555 0.0459559
1 0.392578 0.234835 0.0253906 0.046875
1 0.378174 0.368566 0.0258789 0.0459559
1 0.408691 0.339614 0.0234375 0.0450368
1 0.189453 0.54182 0.03125 0.0579044
