0 0.82666 0.954504 0.0283203 0.0523897
0 0.858643 0.0836397 0.0219727 0.0459559
0 0.962402 0.866268 0.0283203 0.0450368
0 0.533691 0.919118 0.0302734 0.0477941
0 0.835938 0.122702 0.0214844 0.046875
0 0.568359 0.596967 0.0302734 0.0560662
0 0.101562 0.0225184 0.0341797 0.0450368
0 0.189697 0.540901 0.0336914 0.0689338
1 0.101807 0.0238971 0.0336914 0.0477941
1 0.0852051 0.238511 0.0336914 0.0634191
0 0.921875 0.977022 0.0283203 0.0422794
0 0.798828 0.595129 0.0273438 0.0487132
1 0.785889 0.926471 0.0258789 0.0477941
1 0.109131 0.387408 0.0288086 0.0634191
1 0.835205 0.125 0.0219727 0.0441176
0 0.811523 0.118107 0.0234375 0.046875
1 0.963135 0.871324 0.0249023 0.0441176
0 0.872559 0.746324 0.0283203 0.0477941
1 0.528564 0.272978 0.0229492 0.0404412
1 0.569092 0.596507 0.027832 0.0496324
0 0.829102 0.623162 0.0234375 0.0477941
0 0.309814 0.240349 0.0307617 0.0542279
1 0.202881 0.957261 0.0307617 0.0542279
1 0.922607 0.976562 0.0297852 0.0431985
1 0.310547 0.240349 0.03125 0.0542279
1 0.946777 0.561581 0.0263672 0.0477941
1 0.832031 0.769301 0.0283203 0.0514706
1 0.529297 0.306526 0.0214844 0.0431985
0 0.0849609 0.238051 0.0361328 0.0588235
1 0.800293 0.595129 0.0263672 0.0487132
0 0.258789 0.846967 0.0273438 0.0505515
0 0.439209 0.882353 0.0327148 0.0569853
1 0.988281 0.172335 0.0234375 0.0505515
0 0.934326 0.882812 0.0249023 0.0395221
1 0.828857 0.62454 0.0219727 0.046875
1 0.385742 0.255974 0.0253906 0.046875
1 0.872559 0.745864 0.0283203 0.046875
0 0.202148 0.957261 0.0283203 0.0487132
1 0.91626 0.494945 0.0249023 0.046875
1 0.415527 0.454963 0.0244141 0.0459559
0 0.164551 0.772518 0.0283203 0.0542279
0 0.109131 0.389246 0.0288086 0.0615809
1 0.377441 0.366728 0.0234375 0.0422794
0 0.0222168 0.193015 0.0336914 0.0661765
1 0.39502 0.340993 0.0244141 0.0422794
1 0.825928 0.953585 0.0297852 0.0505515
1 0.689941 0.390165 0.03125 0.0652574
1 0.189209 0.542279 0.0336914 0.0661765
