0 0.726074 0.132812 0.015625 0.0376838
0 0.47998 0.570312 0.0224609 0.0321691
0 0.728027 0.193934 0.015625 0.0367647
0 0.704346 0.196691 0.0161133 0.0330882
0 0.194336 0.242188 0.0166016 0.0395221
1 0.491211 0.357996 0.0195312 0.0376838
0 0.794922 0.221507 0.0195312 0.0349265
0 0.500488 0.341452 0.0185547 0.0358456
0 0.909424 0.585938 0.0170898 0.0340074
1 0.979736 0.44761 0.0219727 0.0386029
0 0.814941 0.451746 0.0185547 0.0376838
0 0.933594 0.488971 0.0205078 0.0330882
0 0.165771 0.568934 0.0180664 0.0349265
0 0.352783 0.84375 0.019043 0.0367647
0 0.0715332 0.256434 0.0200195 0.0386029
1 0.564209 0.303309 0.0180664 0.0349265
0 0.231445 0.959099 0.0175781 0.0395221
0 0.817139 0.810202 0.0170898 0.0413603
0 0.493652 0.609375 0.0205078 0.03125
0 0.99292 0.758272 0.0141602 0.0386029
0 0.617432 0.976562 0.0209961 0.0376838
0 0.367188 0.84421 0.0175781 0.0413603
0 0.224365 0.799173 0.0209961 0.0321691
0 0.572266 0.107996 0.0205078 0.0340074
0 0.993652 0.105699 0.0126953 0.0367647
1 0.941406 0.247243 0.0234375 0.0349265
0 0.942871 0.682445 0.0185547 0.0358456
0 0.529297 0.339614 0.0214844 0.0376838
0 0.0112305 0.84421 0.0185547 0.0376838
0 0.878174 0.0753676 0.019043 0.0422794
0 0.881836 0.828125 0.015625 0.0386029
0 0.971924 0.177849 0.0200195 0.0358456
0 0.947754 0.316176 0.0234375 0.0404412
0 0.458252 0.107537 0.0229492 0.03125
1 0.529785 0.340993 0.0195312 0.0349265
0 0.980469 0.446691 0.0205078 0.0404412
0 0.858643 0.673254 0.019043 0.0340074
0 0.570557 0.210938 0.0219727 0.0358456
0 0.214844 0.742647 0.0175781 0.0330882
0 0.991455 0.186581 0.0170898 0.0386029
0 0.921875 0.621783 0.0175781 0.0340074
0 0.547607 0.314798 0.0180664 0.0340074
0 0.64624 0.391544 0.0180664 0.0367647
0 0.0683594 0.796415 0.0175781 0.0376838
1 0.546875 0.317555 0.0214844 0.0340074
0 0.0090332 0.988511 0.0180664 0.0229779
0 0.455078 0.247702 0.0195312 0.0321691
0 0.803223 0.046875 0.0185547 0.0367647
0 0.0383301 0.405331 0.0209961 0.0386029
0 0.793945 0.402114 0.0195312 0.0395221
0 0.0319824 0.53171 0.0170898 0.0395221
0 0.126221 0.503217 0.019043 0.0358456
0 0.781738 0.58364 0.0234375 0.0441176
0 0.953125 0.0602022 0.0185547 0.0376838
0 0.00854492 0.217371 0.0170898 0.0395221
0 0.15625 0.229779 0.0224609 0.0386029
0 0.656494 0.302849 0.0180664 0.0340074
0 0.764893 0.897059 0.0229492 0.0386029
0 0.527832 0.674632 0.0234375 0.0257353
0 0.377441 0.0344669 0.0234375 0.0340074
0 0.574707 0.253676 0.0205078 0.0349265
0 0.133301 0.134191 0.0205078 0.0386029
1 0.925781 0.334099 0.0234375 0.0395221
0 0.515625 0.466452 0.0214844 0.0376838
0 0.118896 0.161765 0.019043 0.0367647
0 0.616699 0.888787 0.0205078 0.0422794
0 0.268311 0.220588 0.0219727 0.0386029
1 0.959229 0.224724 0.0219727 0.0376838
0 0.544189 0.511949 0.0229492 0.0349265
1 0.412109 0.205882 0.0214844 0.0422794
0 0.168701 0.015625 0.0249023 0.03125
0 0.368164 0.795956 0.0166016 0.0367647
0 0.211182 0.304228 0.019043 0.0404412
0 0.534424 0.802849 0.0209961 0.0395221
1 0.532715 0.272518 0.0224609 0.0376838
0 0.716064 0.483915 0.0200195 0.0413603
0 0.215332 0.929228 0.0166016 0.0441176
0 0.618408 0.421415 0.0170898 0.0376838
0 0.945312 0.736213 0.0185547 0.0330882
0 0.19873 0.539062 0.0214844 0.0395221
0 0.965576 0.758732 0.0219727 0.0413603
0 0.990479 0.130974 0.0170898 0.0358456
0 0.834229 0.552849 0.0219727 0.0376838
0 0.206543 0.855239 0.0224609 0.0431985
0 0.51709 0.822151 0.0195312 0.0376838
0 0.592041 0.372243 0.0180664 0.0386029
0 0.728271 0.630515 0.0209961 0.0404412
0 0.4021 0.160386 0.0209961 0.0376838
0 0.84375 0.128217 0.0205078 0.0358456
0 0.108643 0.53171 0.0219727 0.0376838
0 0.598389 0.300092 0.0200195 0.0395221
0 0.982178 0.741268 0.0170898 0.0358456
0 0.258789 0.846507 0.0224609 0.0386029
0 0.85083 0.0836397 0.0200195 0.0404412
0 0.563965 0.373621 0.0205078 0.0395221
0 0.319824 0.873162 0.0224609 0.0441176
0 0.348389 0.801011 0.019043 0.0395221
0 0.987549 0.941176 0.0249023 0.0404412
0 0.754883 0.788143 0.0234375 0.0413603
0 0.829834 0.517463 0.0219727 0.0386029
0 0.919434 0.837776 0.0234375 0.0395221
0 0.0410156 0.120404 0.0214844 0.0386029
0 0.0161133 0.469669 0.0224609 0.0422794
0 0.602295 0.448529 0.019043 0.0386029
0 0.786621 0.67693 0.0224609 0.0450368
0 0.606934 0.48943 0.0195312 0.0340074
0 0.0554199 0.11443 0.0209961 0.0358456
0 0.828857 0.625 0.0200195 0.0404412
1 0.94751 0.316176 0.0249023 0.0422794
0 0.776123 0.859375 0.0219727 0.0367647
0 0.360596 0.162224 0.0200195 0.0376838
0 0.127686 0.827206 0.0209961 0.0441176
0 0.269043 0.983456 0.0244141 0.0330882
0 0.39502 0.113511 0.0234375 0.0431985
0 0.0922852 0.0358456 0.0283203 0.0441176
