1 0.892822 0.120404 0.0219727 0.0386029
0 0.561768 0.52114 0.0200195 0.0386029
1 0.98999 0.820772 0.0170898 0.0441176
0 0.619141 0.982996 0.0322266 0.0248162
1 0.673828 0.713695 0.0214844 0.0450368
0 0.726562 0.633272 0.0214844 0.0422794
1 0.397949 0.144301 0.0234375 0.0514706
0 0.195557 0.92739 0.0249023 0.0422794
1 0.53833 0.499081 0.0219727 0.0422794
1 0.608887 0.0151654 0.0244141 0.0303309
1 0.833496 0.86443 0.0205078 0.0395221
1 0.985107 0.764706 0.0200195 0.0367647
0 0.744629 0.920956 0.0273438 0.0441176
0 0.608887 0.0137868 0.0244141 0.0275735
1 0.125488 0.48943 0.0214844 0.0505515
0 0.440186 0.884651 0.0297852 0.0505515
1 0.381348 0.786305 0.0253906 0.046875
1 0.013916 0.203125 0.0249023 0.0569853
1 0.454834 0.491268 0.0209961 0.0395221
0 0.880615 0.823529 0.0249023 0.0477941
1 0.0766602 0.246324 0.0302734 0.0533088
1 0.828125 0.821232 0.0214844 0.046875
1 0.854736 0.0772059 0.0200195 0.0404412
1 0.880371 0.0795037 0.0205078 0.0395221
0 0.55957 0.877298 0.0273438 0.0450368
1 0.709717 0.649357 0.0209961 0.0431985
0 0.536377 0.49954 0.0249023 0.0431985
0 0.709229 0.650735 0.0219727 0.0404412
0 0.828857 0.823529 0.0219727 0.0459559
1 0.856445 0.867188 0.0234375 0.0487132
0 0.196777 0.533088 0.0244141 0.0477941
0 0.381836 0.787684 0.0273438 0.0496324
1 0.921143 0.557904 0.0249023 0.0386029
0 0.856201 0.867647 0.0249023 0.0459559
0 0.879883 0.082261 0.0234375 0.0395221
1 0.259521 0.846967 0.0288086 0.046875
1 0.410645 0.539062 0.0244141 0.046875
1 0.377441 0.370404 0.0253906 0.0441176
0 0.392822 0.657169 0.0239258 0.0459559
1 0.977295 0.436581 0.0249023 0.0459559
1 0.196533 0.533088 0.0249023 0.0459559
1 0.910889 0.499081 0.0268555 0.0441176
0 0.673096 0.713235 0.0229492 0.0422794
0 0.563477 0.610754 0.0234375 0.0450368
1 0.879883 0.823529 0.0234375 0.0459559
1 0.735352 0.179228 0.0234375 0.0459559
1 0.744141 0.920037 0.0253906 0.0422794
1 0.885986 0.236213 0.0268555 0.0441176
1 0.445801 0.476562 0.0205078 0.0376838
1 0.187744 0.469669 0.0268555 0.0459559
0 0.508545 0.680607 0.0249023 0.046875
0 0.0134277 0.202206 0.0258789 0.0588235
1 0.72998 0.102022 0.0234375 0.0459559
1 0.876465 0.713695 0.0234375 0.0431985
1 0.359375 0.172335 0.0214844 0.0395221
1 0.414551 0.460478 0.0263672 0.0477941
1 0.767578 0.0859375 0.0205078 0.0395221
1 0.439697 0.886029 0.0297852 0.0514706
1 0.195801 0.930147 0.0263672 0.0441176
1 0.677246 0.0588235 0.0224609 0.0404412
1 0.520508 0.0693934 0.0234375 0.0431985
1 0.692383 0.446691 0.0234375 0.0441176
1 0.921143 0.84421 0.0268555 0.0431985
1 0.991699 0.761029 0.0166016 0.0404412
0 0.235596 0.711397 0.0249023 0.0441176
1 0.726562 0.634191 0.0214844 0.0422794
1 0.755859 0.79136 0.0263672 0.0459559
1 0.589355 0.363511 0.0224609 0.0450368
1 0.779541 0.692096 0.0258789 0.0477941
1 0.0944824 0.351103 0.027832 0.0477941
1 0.647705 0.390625 0.0229492 0.0441176
1 0.156982 0.501838 0.0229492 0.0459559
1 0.37207 0.537224 0.0273438 0.0505515
1 0.393555 0.870864 0.0273438 0.0560662
0 0.533203 0.462316 0.0234375 0.0422794
1 0.693359 0.732077 0.0214844 0.0450368
0 0.465088 0.670956 0.0258789 0.0477941
1 0.76001 0.0560662 0.0209961 0.0386029
1 0.571045 0.105699 0.0209961 0.0404412
1 0.679932 0.130055 0.0249023 0.0413603
1 0.835205 0.12546 0.0249023 0.0431985
1 0.712158 0.476103 0.0249023 0.0386029
0 0.269531 0.984375 0.0273438 0.03125
0 0.076416 0.246783 0.0317383 0.0542279
1 0.0183105 0.459099 0.0258789 0.0487132
1 0.358887 0.200368 0.0195312 0.0422794
0 0.324463 0.632812 0.0239258 0.0431985
0 0.365234 0.689338 0.0244141 0.0477941
1 0.829102 0.625919 0.0234375 0.0496324
1 0.152344 0.22932 0.0273438 0.0523897
1 0.783447 0.59421 0.0258789 0.0431985
1 0.234131 0.348346 0.0249023 0.0496324
0 0.258057 0.846967 0.0258789 0.0431985
1 0.851562 0.261949 0.0263672 0.0422794
1 0.224609 0.785386 0.0273438 0.0487132
1 0.804932 0.109375 0.0229492 0.0441176
1 0.798096 0.407629 0.0209961 0.0395221
1 0.147217 0.302849 0.0268555 0.046875
1 0.176514 0.829963 0.0249023 0.0422794
0 0.315674 0.881893 0.0249023 0.0487132
1 0.990967 0.176471 0.0180664 0.0477941
1 0.310059 0.131434 0.0283203 0.0496324
1 0.205078 0.85386 0.0263672 0.0441176
1 0.408936 0.342371 0.0268555 0.0450368
1 0.992188 0.542279 0.015625 0.0477941
1 0.395508 0.126379 0.0214844 0.0413603
1 0.145752 0.587776 0.0249023 0.046875
1 0.163818 0.772518 0.0258789 0.0487132
1 0.0900879 0.599724 0.0249023 0.0487132
1 0.0317383 0.410386 0.0253906 0.0450368
1 0.964844 0.749081 0.0253906 0.0441176
1 0.802246 0.170496 0.0234375 0.0450368
1 0.825928 0.954044 0.0297852 0.0441176
1 0.612305 0.251838 0.0195312 0.0386029
1 0.668701 0.391544 0.0219727 0.0422794
1 0.534424 0.338235 0.0229492 0.0441176
1 0.0141602 0.981158 0.0244141 0.0376838
1 0.407959 0.204044 0.0258789 0.0459559
1 0.460205 0.110294 0.0219727 0.0459559
1 0.128174 0.828125 0.0258789 0.0496324
1 0.418457 0.957261 0.0283203 0.0505515
1 0.569824 0.387868 0.0234375 0.0404412
1 0.813232 0.442096 0.0249023 0.0422794
1 0.0922852 0.81204 0.0263672 0.046875
1 0.0910645 0.0349265 0.0356445 0.0569853
1 0.171387 0.0174632 0.0273438 0.0349265
0 0.298584 0.669577 0.0288086 0.046875
1 0.691895 0.384651 0.0244141 0.0431985
1 0.10791 0.530331 0.0263672 0.0459559
1 0.598389 0.300092 0.0239258 0.0431985
1 0.0307617 0.884651 0.0244141 0.0413603
1 0.80957 0.298713 0.0244141 0.0404412
1 0.402588 0.159926 0.0219727 0.0441176
1 0.578125 0.249081 0.0214844 0.0441176
1 0.501221 0.174173 0.0249023 0.0450368
1 0.597656 0.229779 0.0195312 0.0422794
1 0.132568 0.622243 0.0258789 0.0459559
1 0.80542 0.227482 0.0249023 0.0450368
1 0.216797 0.0772059 0.0253906 0.0477941
1 0.0368652 0.917739 0.0258789 0.0413603
1 0.782959 0.271599 0.0258789 0.0450368
1 0.333984 0.193015 0.0253906 0.0459559
1 0.206787 0.313419 0.0258789 0.0477941
1 0.48291 0.131893 0.0224609 0.0450368
1 0.315674 0.24954 0.0268555 0.046875
1 0.980469 0.734835 0.0214844 0.0395221
1 0.245117 0.0252757 0.0253906 0.0450368
1 0.528076 0.270221 0.0239258 0.0459559
1 0.984375 0.930147 0.0263672 0.0533088
