1 0.804932 0.988051 0.0307617 0.0238971
0 0.0964355 0.589154 0.0288086 0.0514706
0 0.102051 0.373621 0.0244141 0.0431985
0 0.873291 0.728401 0.0249023 0.0450368
0 0.915771 0.980699 0.0297852 0.0386029
1 0.197754 0.95818 0.0283203 0.046875
0 0.206055 0.317096 0.0253906 0.0514706
1 0.875 0.727941 0.0253906 0.0441176
0 0.929688 0.869026 0.0253906 0.0487132
1 0.204102 0.0749081 0.0263672 0.0450368
1 0.835938 0.865349 0.0205078 0.0395221
1 0.172363 0.0206801 0.0283203 0.0395221
1 0.928955 0.869945 0.0249023 0.0450368
1 0.882812 0.241728 0.0214844 0.0459559
1 0.0930176 0.027114 0.0327148 0.0450368
1 0.258301 0.84421 0.0244141 0.0450368
0 0.197754 0.956801 0.0283203 0.0459559
1 0.932129 0.56296 0.0263672 0.0431985
1 0.917236 0.492647 0.0297852 0.0477941
1 0.858643 0.254136 0.0219727 0.0413603
1 0.177734 0.484835 0.0253906 0.0431985
0 0.0961914 0.533548 0.0283203 0.0487132
0 0.0209961 0.195312 0.0244141 0.0523897
1 0.98877 0.173713 0.0224609 0.0496324
1 0.838379 0.12454 0.0234375 0.0487132
1 0.196533 0.532629 0.0239258 0.0413603
0 0.0852051 0.238051 0.0307617 0.0533088
1 0.55249 0.894301 0.0258789 0.0422794
1 0.0952148 0.587316 0.0283203 0.0496324
1 0.771484 0.734375 0.0214844 0.0459559
1 0.828857 0.623162 0.0219727 0.0477941
1 0.858398 0.0836397 0.0234375 0.0477941
1 0.44043 0.884651 0.0234375 0.046875
1 0.810303 0.116728 0.0219727 0.0441176
1 0.789307 0.592371 0.0249023 0.0450368
1 0.809082 0.300551 0.0253906 0.0441176
1 0.825928 0.955882 0.0297852 0.0496324
1 0.86084 0.862592 0.0234375 0.0487132
1 0.690918 0.387408 0.0263672 0.0487132
1 0.826416 0.788143 0.0249023 0.0487132
1 0.567627 0.600184 0.0258789 0.0459559
0 0.203613 0.0721507 0.0253906 0.046875
1 0.786133 0.27114 0.0234375 0.0477941
1 0.236328 0.340533 0.0263672 0.046875
1 0.880615 0.826746 0.0249023 0.046875
1 0.981934 0.911765 0.0283203 0.0533088
0 0.164551 0.77068 0.0292969 0.0523897
1 0.206299 0.314798 0.0249023 0.046875
1 0.514404 0.192096 0.0239258 0.0459559
1 0.52417 0.268842 0.0229492 0.0413603
1 0.766846 0.923254 0.0268555 0.0542279
1 0.536621 0.0565257 0.0263672 0.0413603
1 0.391357 0.871783 0.0219727 0.0487132
1 0.755859 0.788603 0.0244141 0.0441176
1 0.528564 0.310662 0.0229492 0.0404412
1 0.396973 0.222886 0.0224609 0.0450368
1 0.374512 0.540441 0.0234375 0.0459559
1 0.569336 0.0946691 0.0234375 0.0441176
1 0.415527 0.926471 0.0244141 0.0459559
1 0.415283 0.457721 0.0249023 0.0441176
1 0.378418 0.368107 0.0244141 0.0431985
1 0.397705 0.539062 0.0219727 0.0413603
1 0.409668 0.340533 0.0244141 0.0431985
1 0.311523 0.245864 0.0273438 0.0431985
