1 0.78418 0.924173 0.0273438 0.046875
0 0.858643 0.0845588 0.0219727 0.0459559
1 0.810791 0.119945 0.0219727 0.046875
0 0.784424 0.924173 0.0288086 0.046875
0 0.10083 0.0220588 0.0336914 0.0441176
1 0.921875 0.977022 0.03125 0.0459559
1 0.109375 0.387408 0.0292969 0.0634191
0 0.534912 0.919118 0.0297852 0.0496324
0 0.810791 0.117647 0.0239258 0.0496324
1 0.310547 0.240809 0.03125 0.0533088
1 0.835938 0.12454 0.0234375 0.0450368
0 0.922852 0.975643 0.03125 0.0431985
0 0.568604 0.597426 0.0288086 0.0496324
1 0.569092 0.596507 0.027832 0.0496324
1 0.202393 0.956342 0.0307617 0.0542279
0 0.189697 0.540901 0.0336914 0.0689338
0 0.799072 0.595588 0.0288086 0.0496324
1 0.966309 0.875919 0.0234375 0.0459559
1 0.799805 0.594669 0.0273438 0.0496324
1 0.945312 0.561121 0.0283203 0.0487132
1 0.917236 0.493566 0.0249023 0.0496324
0 0.966553 0.874081 0.0249023 0.0496324
1 0.828857 0.62454 0.0219727 0.046875
0 0.310059 0.241268 0.03125 0.0542279
0 0.438232 0.882812 0.0327148 0.0542279
1 0.527588 0.272059 0.0209961 0.0386029
1 0.529053 0.308364 0.0209961 0.0413603
1 0.98877 0.172335 0.0224609 0.0505515
1 0.415527 0.454963 0.0234375 0.0459559
1 0.385742 0.252757 0.0283203 0.0459559
0 0.830322 0.77068 0.0297852 0.0560662
0 0.828857 0.623162 0.0249023 0.0477941
0 0.934326 0.883272 0.0249023 0.0422794
0 0.826416 0.953585 0.0297852 0.0523897
0 0.0852051 0.23943 0.034668 0.0615809
1 0.377686 0.366728 0.0239258 0.0422794
0 0.872559 0.746324 0.0283203 0.0496324
0 0.201904 0.957261 0.027832 0.046875
0 0.108887 0.389246 0.0292969 0.0615809
0 0.165283 0.773438 0.0268555 0.0523897
1 0.189209 0.54136 0.034668 0.0661765
0 0.258789 0.847426 0.0263672 0.0514706
1 0.395752 0.339614 0.0249023 0.0431985
0 0.0219727 0.193015 0.0332031 0.0661765
1 0.826416 0.954044 0.0297852 0.0514706
1 0.689941 0.390165 0.03125 0.0652574
