1 0.0974121 0.572151 0.0268555 0.0744485
0 0.0854492 0.237592 0.0322266 0.0523897
0 0.0158691 0.980699 0.0307617 0.0386029
1 0.804932 0.988051 0.0307617 0.0238971
1 0.0197754 0.194853 0.027832 0.0551471
1 0.0158691 0.982537 0.0268555 0.0349265
1 0.739014 0.144761 0.0209961 0.0395221
1 0.10083 0.367647 0.0239258 0.0441176
0 0.828125 0.622243 0.0253906 0.0496324
1 0.896729 0.107996 0.0219727 0.0395221
1 0.731689 0.12454 0.0200195 0.0376838
0 0.914795 0.980239 0.027832 0.0321691
0 0.163574 0.77068 0.0292969 0.0560662
1 0.196777 0.952665 0.0283203 0.0487132
1 0.83667 0.865349 0.0219727 0.0395221
0 0.875732 0.725184 0.0268555 0.0459559
1 0.0852051 0.237592 0.0307617 0.0542279
1 0.78833 0.592371 0.0249023 0.046875
1 0.917969 0.492647 0.0283203 0.0477941
1 0.858398 0.253217 0.0234375 0.0395221
1 0.172607 0.0206801 0.0297852 0.0413603
1 0.164551 0.77068 0.0283203 0.0523897
0 0.0205078 0.195312 0.0263672 0.0505515
1 0.772705 0.726562 0.0229492 0.0450368
0 0.196777 0.953125 0.0302734 0.0514706
1 0.0917969 0.0284926 0.0341797 0.0477941
1 0.931152 0.5625 0.0263672 0.0441176
1 0.828857 0.622702 0.0219727 0.046875
1 0.257812 0.84329 0.0263672 0.0450368
1 0.553223 0.891544 0.0263672 0.0441176
1 0.690674 0.386489 0.0268555 0.0487132
1 0.884521 0.23943 0.0249023 0.0450368
1 0.530029 0.318015 0.0219727 0.0422794
1 0.838379 0.12546 0.0234375 0.046875
1 0.928955 0.86489 0.0249023 0.0459559
1 0.987793 0.174632 0.0244141 0.0514706
1 0.567383 0.600184 0.0273438 0.0477941
1 0.859375 0.862592 0.0234375 0.0505515
1 0.880615 0.825827 0.0249023 0.046875
1 0.763672 0.924173 0.0292969 0.0560662
1 0.859375 0.0845588 0.0214844 0.0459559
0 0.205322 0.0767463 0.0258789 0.0487132
1 0.885986 0.089614 0.0200195 0.0413603
1 0.826416 0.794118 0.0249023 0.0477941
1 0.755615 0.789522 0.0249023 0.0441176
1 0.825928 0.955882 0.0297852 0.0496324
1 0.440186 0.884651 0.0249023 0.0487132
1 0.0974121 0.528952 0.027832 0.0487132
1 0.98291 0.913143 0.0283203 0.0523897
1 0.510498 0.191176 0.0249023 0.0441176
1 0.785889 0.271599 0.0229492 0.0487132
1 0.810303 0.119026 0.0229492 0.0450368
1 0.398438 0.220129 0.0234375 0.0450368
1 0.525146 0.267923 0.0249023 0.0450368
1 0.810791 0.300092 0.0249023 0.046875
1 0.185303 0.486213 0.0219727 0.0441176
1 0.391846 0.872702 0.0229492 0.0487132
1 0.571289 0.0992647 0.0234375 0.0477941
1 0.197266 0.529871 0.0244141 0.046875
1 0.167236 0.483456 0.0219727 0.0441176
1 0.372803 0.540441 0.0258789 0.0459559
1 0.095459 0.59329 0.0249023 0.046875
1 0.416748 0.935202 0.0258789 0.046875
1 0.535156 0.0574449 0.0263672 0.0413603
1 0.205566 0.314798 0.0253906 0.046875
1 0.378174 0.368107 0.0249023 0.0431985
1 0.238525 0.34329 0.0288086 0.0505515
1 0.414795 0.457261 0.0249023 0.0450368
1 0.409912 0.340074 0.0249023 0.0441176
1 0.311279 0.245864 0.027832 0.046875
1 0.401367 0.540441 0.0253906 0.0441176
