1 0.400391 0.351103 0.0410156 0.0477941
1 0.871094 0.116728 0.0175781 0.0386029
1 0.612061 0.0128676 0.0258789 0.0257353
1 0.381836 0.786765 0.0205078 0.0404412
0 0.834473 0.863051 0.0185547 0.0386029
1 0.587402 0.365349 0.0205078 0.0321691
0 0.775879 0.715074 0.0234375 0.0441176
0 0.85791 0.862592 0.0234375 0.0450368
1 0.577393 0.391085 0.0200195 0.0340074
1 0.857666 0.863051 0.0249023 0.0459559
1 0.879883 0.825368 0.0234375 0.0441176
0 0.556641 0.88511 0.0263672 0.0422794
1 0.755127 0.924632 0.0288086 0.0514706
1 0.806152 0.18704 0.0205078 0.0376838
1 0.680908 0.104779 0.0229492 0.0404412
0 0.787109 0.59421 0.0273438 0.0450368
1 0.828857 0.622702 0.0219727 0.046875
1 0.389648 0.66682 0.0195312 0.0450368
1 0.741211 0.162684 0.0234375 0.0404412
0 0.877441 0.722426 0.0263672 0.0459559
1 0.302002 0.664982 0.0219727 0.0413603
0 0.827393 0.802849 0.0268555 0.0505515
0 0.880371 0.824908 0.0234375 0.046875
1 0.916992 0.492647 0.0234375 0.0459559
1 0.439453 0.88511 0.0273438 0.0459559
1 0.315186 0.650276 0.0200195 0.0376838
1 0.534424 0.330882 0.0239258 0.0477941
1 0.731689 0.116728 0.0229492 0.0422794
0 0.828857 0.621783 0.0249023 0.0505515
0 0.912354 0.982996 0.0297852 0.0340074
1 0.556641 0.882353 0.0263672 0.0441176
1 0.406738 0.538143 0.0234375 0.0395221
1 0.03125 0.411305 0.0195312 0.0376838
0 0.755615 0.924173 0.0297852 0.0487132
1 0.857178 0.253217 0.0249023 0.0431985
1 0.25708 0.84375 0.0249023 0.0441176
1 0.0795898 0.235754 0.0273438 0.0487132
0 0.565918 0.601562 0.0263672 0.046875
1 0.526611 0.0680147 0.0258789 0.0441176
1 0.679199 0.0611213 0.0224609 0.0395221
1 0.0241699 0.4375 0.0219727 0.0386029
1 0.92749 0.856158 0.0249023 0.046875
1 0.929688 0.563419 0.0253906 0.0441176
1 0.0185547 0.196232 0.0253906 0.0505515
1 0.838379 0.12454 0.0234375 0.0431985
0 0.755371 0.789062 0.0244141 0.0431985
0 0.825684 0.955882 0.0283203 0.0477941
1 0.237549 0.715074 0.0239258 0.0441176
1 0.318359 0.162684 0.0195312 0.0459559
1 0.88208 0.0863971 0.0200195 0.0422794
1 0.0908203 0.0303309 0.0332031 0.0477941
1 0.172363 0.019761 0.0292969 0.0395221
1 0.09375 0.601562 0.0234375 0.0450368
1 0.197021 0.944853 0.027832 0.0477941
1 0.0146484 0.981618 0.0253906 0.0367647
1 0.414062 0.457261 0.0253906 0.0450368
1 0.690918 0.384651 0.0273438 0.046875
1 0.401855 0.212316 0.0234375 0.0459559
1 0.371094 0.539062 0.0253906 0.046875
1 0.391602 0.87454 0.0234375 0.0487132
1 0.378906 0.688879 0.0214844 0.0431985
1 0.209717 0.0795037 0.0258789 0.0487132
1 0.571289 0.10386 0.0234375 0.0441176
1 0.145264 0.588235 0.0200195 0.0422794
1 0.524658 0.268382 0.0249023 0.0477941
1 0.858643 0.0831801 0.0200195 0.0431985
1 0.988281 0.174632 0.0214844 0.0496324
1 0.097168 0.360754 0.0263672 0.0487132
1 0.809082 0.119026 0.0224609 0.0431985
1 0.10083 0.524357 0.0249023 0.046875
1 0.594238 0.295496 0.0234375 0.0395221
1 0.811523 0.30193 0.0234375 0.0413603
1 0.897705 0.105699 0.0219727 0.0441176
1 0.196777 0.529871 0.0234375 0.0431985
1 0.785645 0.272059 0.0234375 0.0441176
1 0.410156 0.340533 0.0253906 0.0450368
1 0.13208 0.608915 0.0209961 0.0413603
1 0.506592 0.181526 0.0258789 0.046875
1 0.98291 0.917739 0.0283203 0.0542279
1 0.418213 0.943474 0.0258789 0.0505515
1 0.15332 0.279412 0.0253906 0.0404412
1 0.120117 0.822151 0.0253906 0.0487132
1 0.377686 0.368107 0.0249023 0.0431985
1 0.80542 0.209559 0.0219727 0.0386029
1 0.334961 0.182445 0.0214844 0.046875
1 0.1875 0.483456 0.0244141 0.0459559
1 0.583984 0.252298 0.0224609 0.0413603
1 0.164307 0.77068 0.0268555 0.046875
1 0.160156 0.487132 0.0234375 0.0422794
1 0.147949 0.235294 0.0244141 0.0422794
1 0.0949707 0.814338 0.027832 0.0514706
1 0.23877 0.345129 0.0283203 0.0505515
1 0.3125 0.246783 0.0253906 0.0450368
1 0.205078 0.314798 0.0244141 0.046875
1 0.229492 0.763327 0.0253906 0.046875
