0 0.102051 0.0234375 0.0361328 0.046875
1 0.839844 0.764706 0.0253906 0.0441176
1 0.794434 0.925092 0.0224609 0.046875
1 0.102295 0.0243566 0.034668 0.0487132
1 0.109619 0.386949 0.0297852 0.0643382
0 0.189453 0.542279 0.0351562 0.0716912
0 0.838867 0.764706 0.0234375 0.0477941
0 0.924072 0.976562 0.0297852 0.046875
1 0.439209 0.880515 0.0297852 0.0588235
0 0.936035 0.880974 0.0234375 0.0395221
1 0.310303 0.23943 0.0297852 0.0597426
0 0.794434 0.925092 0.0234375 0.0487132
0 0.858643 0.0831801 0.0249023 0.0487132
1 0.933594 0.881893 0.0234375 0.0395221
0 0.800049 0.595129 0.027832 0.0523897
1 0.41626 0.453585 0.0297852 0.0579044
0 0.524902 0.20864 0.0224609 0.0477941
1 0.828857 0.625 0.0219727 0.0477941
1 0.924316 0.976103 0.0283203 0.0441176
1 0.308838 0.904412 0.0297852 0.0551471
0 0.202881 0.95818 0.0288086 0.0505515
1 0.872559 0.745404 0.0263672 0.0459559
0 0.56958 0.597886 0.0317383 0.0560662
0 0.258789 0.847426 0.0283203 0.0514706
0 0.872559 0.746324 0.0263672 0.0477941
1 0.987549 0.172794 0.0249023 0.0551471
1 0.800781 0.594669 0.0253906 0.0496324
0 0.439453 0.881434 0.0341797 0.0569853
0 0.829102 0.623621 0.0234375 0.0487132
1 0.95459 0.556526 0.0263672 0.0487132
0 0.308594 0.238511 0.0302734 0.0579044
0 0.164795 0.772518 0.0288086 0.0560662
1 0.203613 0.95818 0.03125 0.0560662
0 0.0852051 0.238051 0.0366211 0.0606618
1 0.825684 0.952665 0.0263672 0.0487132
1 0.91626 0.496324 0.0249023 0.0477941
1 0.956299 0.86489 0.0249023 0.0441176
0 0.108887 0.388327 0.0302734 0.0615809
1 0.689941 0.389246 0.03125 0.0652574
0 0.0224609 0.193474 0.0332031 0.0670956
1 0.189209 0.54182 0.034668 0.0670956
