1 0.857666 0.252298 0.0219727 0.0358456
1 0.805664 0.988051 0.03125 0.0238971
1 0.533203 0.32307 0.0224609 0.0450368
1 0.883545 0.235294 0.0249023 0.0404412
0 0.914062 0.981618 0.0283203 0.0330882
1 0.83667 0.865349 0.0219727 0.0395221
0 0.876465 0.724265 0.0283203 0.0477941
1 0.876465 0.723805 0.0283203 0.0431985
0 0.56665 0.598805 0.0297852 0.0523897
1 0.235107 0.727022 0.0219727 0.0349265
1 0.132324 0.602941 0.0195312 0.0404412
1 0.553467 0.888787 0.0268555 0.0422794
1 0.787842 0.592371 0.0258789 0.046875
1 0.917236 0.492647 0.027832 0.0477941
1 0.566895 0.601103 0.0273438 0.0477941
1 0.773438 0.721967 0.0244141 0.0450368
1 0.398926 0.216912 0.0244141 0.0459559
1 0.234131 0.758732 0.0209961 0.0376838
1 0.828857 0.623162 0.0219727 0.0477941
1 0.0148926 0.982077 0.0268555 0.0358456
1 0.690674 0.38557 0.0268555 0.0487132
1 0.206543 0.0776654 0.0253906 0.046875
1 0.82666 0.796415 0.0263672 0.0505515
1 0.732178 0.121783 0.0219727 0.0413603
1 0.897705 0.106158 0.019043 0.0395221
1 0.257812 0.84375 0.0244141 0.0441176
1 0.196289 0.949449 0.0302734 0.0496324
1 0.760986 0.926471 0.0288086 0.0551471
1 0.740479 0.150276 0.0219727 0.0395221
1 0.755615 0.789522 0.0249023 0.0441176
1 0.172363 0.0202206 0.0273438 0.0404412
1 0.880615 0.825827 0.0249023 0.046875
1 0.0195312 0.195772 0.0253906 0.0514706
1 0.838379 0.125 0.0234375 0.0441176
1 0.571533 0.102482 0.0239258 0.046875
1 0.0991211 0.814798 0.0253906 0.0413603
1 0.93042 0.5625 0.0268555 0.0459559
1 0.98877 0.174632 0.0224609 0.0477941
1 0.0915527 0.0294118 0.0336914 0.0477941
1 0.440186 0.884651 0.0249023 0.0487132
1 0.859375 0.0840993 0.0214844 0.0431985
1 0.533447 0.0602022 0.0249023 0.0395221
1 0.116943 0.815717 0.0219727 0.0413603
1 0.858643 0.862592 0.0249023 0.0487132
1 0.525146 0.268382 0.0249023 0.0459559
1 0.810059 0.118566 0.0224609 0.0441176
1 0.0854492 0.237592 0.0292969 0.0523897
1 0.0993652 0.365349 0.0249023 0.0450368
1 0.164551 0.77068 0.0273438 0.0505515
1 0.885254 0.0886949 0.0205078 0.0413603
1 0.391846 0.873621 0.0229492 0.0487132
1 0.825928 0.955882 0.0297852 0.0496324
1 0.371582 0.539522 0.0273438 0.0459559
1 0.98291 0.914522 0.0283203 0.0533088
1 0.928955 0.860294 0.0249023 0.0477941
1 0.810791 0.300092 0.0249023 0.0450368
1 0.786133 0.271599 0.0234375 0.0487132
1 0.197021 0.530331 0.0239258 0.0459559
1 0.509033 0.18796 0.0258789 0.046875
1 0.186279 0.485294 0.0219727 0.0441176
1 0.41626 0.939798 0.0258789 0.0505515
1 0.0947266 0.597426 0.0234375 0.0441176
1 0.0983887 0.527114 0.027832 0.0505515
1 0.414795 0.457721 0.0249023 0.0441176
1 0.148193 0.236213 0.0229492 0.0404412
1 0.37793 0.367647 0.0253906 0.0441176
1 0.164551 0.483456 0.0214844 0.0441176
1 0.311035 0.245864 0.0273438 0.0487132
1 0.409668 0.340533 0.0253906 0.0450368
1 0.403809 0.539522 0.0234375 0.0441176
1 0.23877 0.34375 0.0283203 0.0496324
1 0.205322 0.314798 0.0249023 0.046875
1 0.154785 0.266544 0.0214844 0.0404412
