0 0.82666 0.953585 0.0263672 0.0505515
0 0.189453 0.54182 0.0351562 0.0726103
0 0.102051 0.0234375 0.0351562 0.046875
1 0.839111 0.764706 0.0249023 0.0459559
1 0.102051 0.0243566 0.0341797 0.0487132
1 0.384521 0.259651 0.0297852 0.0487132
1 0.439209 0.880055 0.0297852 0.0579044
0 0.922607 0.976562 0.027832 0.0431985
1 0.933594 0.880974 0.0234375 0.0395221
0 0.858398 0.0836397 0.0234375 0.0477941
1 0.310547 0.23989 0.0292969 0.0588235
0 0.799805 0.594669 0.0283203 0.0533088
1 0.793457 0.924173 0.0224609 0.0505515
1 0.570068 0.596048 0.0288086 0.0523897
0 0.93457 0.882812 0.0234375 0.0395221
0 0.525879 0.20864 0.0244141 0.0459559
1 0.309082 0.903493 0.0292969 0.0533088
0 0.56958 0.597426 0.0317383 0.0551471
0 0.872559 0.746324 0.0283203 0.0477941
1 0.828857 0.625 0.0219727 0.0477941
0 0.438965 0.881434 0.0341797 0.0569853
1 0.924072 0.976103 0.0297852 0.0441176
0 0.202637 0.957721 0.0292969 0.0514706
0 0.258545 0.846967 0.0297852 0.0523897
1 0.956299 0.865349 0.0249023 0.0431985
1 0.801025 0.59421 0.0258789 0.0505515
0 0.828857 0.623621 0.0249023 0.0487132
1 0.416016 0.454963 0.0263672 0.0514706
1 0.953857 0.558364 0.0268555 0.0487132
1 0.872559 0.744945 0.0263672 0.046875
1 0.203613 0.957261 0.03125 0.0560662
0 0.309082 0.238511 0.0302734 0.0579044
1 0.987549 0.173254 0.0249023 0.0560662
1 0.916504 0.495864 0.0263672 0.046875
0 0.0852051 0.238971 0.034668 0.0625
0 0.164795 0.772978 0.0288086 0.0569853
1 0.825684 0.952665 0.0263672 0.0487132
1 0.689941 0.389706 0.03125 0.0661765
0 0.109131 0.388327 0.0297852 0.0615809
0 0.0224609 0.193474 0.0332031 0.0652574
1 0.189209 0.54182 0.034668 0.0670956
