0 0.858643 0.0845588 0.0200195 0.0441176
0 0.977295 0.89568 0.0297852 0.0487132
0 0.917236 0.493566 0.0249023 0.0441176
1 0.543945 0.0588235 0.0234375 0.0404412
1 0.858643 0.254596 0.0200195 0.0404412
0 0.785889 0.273897 0.0249023 0.0422794
0 0.804443 0.303309 0.0219727 0.0441176
1 0.920898 0.97886 0.03125 0.0422794
0 0.545166 0.905331 0.0249023 0.0496324
1 0.0957031 0.0238971 0.0292969 0.0422794
0 0.259033 0.845588 0.0249023 0.0514706
1 0.438965 0.883732 0.0234375 0.046875
1 0.195801 0.0602022 0.0244141 0.046875
1 0.3125 0.892463 0.0273438 0.0496324
1 0.772217 0.921875 0.0268555 0.0496324
1 0.54541 0.907629 0.0263672 0.0487132
0 0.825684 0.777114 0.0263672 0.0450368
0 0.438965 0.884651 0.0234375 0.046875
0 0.564697 0.0799632 0.0219727 0.0422794
0 0.171875 0.0225184 0.0273438 0.0413603
1 0.10376 0.381893 0.0288086 0.0579044
1 0.828857 0.623162 0.0219727 0.0477941
1 0.786133 0.272978 0.0234375 0.0459559
1 0.810303 0.119485 0.0219727 0.0441176
1 0.917236 0.492188 0.0297852 0.046875
1 0.259033 0.846048 0.0258789 0.0487132
0 0.689453 0.388327 0.0292969 0.0597426
0 0.567627 0.597426 0.0297852 0.0533088
1 0.519531 0.200827 0.0214844 0.0413603
1 0.824219 0.777114 0.0253906 0.046875
0 0.795166 0.592371 0.0249023 0.046875
0 0.198975 0.95864 0.0317383 0.0533088
0 0.920898 0.980699 0.03125 0.0386029
1 0.865479 0.857996 0.0219727 0.046875
1 0.83667 0.125 0.0219727 0.0422794
0 0.933594 0.881434 0.0234375 0.0422794
1 0.568848 0.597886 0.0273438 0.0487132
0 0.772461 0.922794 0.0273438 0.0514706
1 0.989014 0.172794 0.0219727 0.0496324
0 0.195312 0.0625 0.0263672 0.0477941
1 0.879639 0.827206 0.0249023 0.0441176
0 0.0852051 0.238511 0.0307617 0.0542279
1 0.936768 0.565717 0.0268555 0.046875
0 0.0219727 0.193474 0.0292969 0.0560662
1 0.199219 0.95864 0.0292969 0.0496324
1 0.872559 0.741728 0.0263672 0.0496324
1 0.525146 0.269301 0.0219727 0.0404412
0 0.230713 0.338695 0.0229492 0.0505515
1 0.804688 0.301011 0.0234375 0.046875
0 0.756592 0.789982 0.0239258 0.0413603
1 0.171387 0.0220588 0.0273438 0.0404412
1 0.528076 0.310662 0.0219727 0.0404412
0 0.871826 0.743566 0.0268555 0.0459559
0 0.104248 0.382353 0.0268555 0.0514706
0 0.828857 0.622702 0.0249023 0.0487132
0 0.164795 0.770221 0.0297852 0.0514706
1 0.690186 0.387408 0.0297852 0.0597426
1 0.410156 0.909926 0.0224609 0.0441176
1 0.391602 0.871783 0.0224609 0.046875
0 0.769531 0.762408 0.0253906 0.0413603
0 0.209473 0.318474 0.0263672 0.0505515
0 0.82666 0.954044 0.0283203 0.0514706
1 0.311279 0.245404 0.0268555 0.0459559
1 0.976562 0.894301 0.0253906 0.0496324
1 0.393066 0.233456 0.0253906 0.0459559
1 0.415283 0.455882 0.0249023 0.0459559
1 0.378662 0.368566 0.0258789 0.0459559
1 0.408936 0.339614 0.0239258 0.0450368
1 0.189941 0.54182 0.0302734 0.0560662
