0 0.858643 0.0845588 0.0200195 0.0441176
1 0.561035 0.0744485 0.0234375 0.0441176
1 0.0852051 0.238511 0.0307617 0.0579044
0 0.91626 0.494026 0.0249023 0.046875
1 0.857666 0.250919 0.0219727 0.0386029
0 0.542969 0.90671 0.0302734 0.0487132
1 0.164062 0.772518 0.0292969 0.0542279
0 0.933594 0.882353 0.0253906 0.0422794
1 0.93457 0.879596 0.0234375 0.0422794
0 0.775879 0.920956 0.0263672 0.0514706
0 0.258789 0.846507 0.0253906 0.0514706
0 0.228516 0.337316 0.0214844 0.0459559
1 0.259033 0.846507 0.0258789 0.0496324
1 0.776367 0.920496 0.0273438 0.0523897
1 0.568848 0.597886 0.0263672 0.046875
0 0.568359 0.598805 0.0283203 0.046875
0 0.920898 0.980239 0.03125 0.0395221
1 0.828857 0.624081 0.0219727 0.0459559
1 0.171387 0.0225184 0.0283203 0.0431985
0 0.0852051 0.238971 0.0317383 0.0569853
0 0.199707 0.959099 0.0322266 0.0542279
1 0.0966797 0.0238971 0.03125 0.0477941
1 0.92041 0.97886 0.03125 0.0422794
0 0.543213 0.0588235 0.0209961 0.0404412
1 0.826416 0.955882 0.0297852 0.0496324
0 0.410156 0.908088 0.0224609 0.0441176
0 0.391357 0.871324 0.0209961 0.0477941
1 0.810791 0.119485 0.0219727 0.0441176
0 0.758301 0.786305 0.0224609 0.0395221
1 0.917236 0.492647 0.0249023 0.0477941
1 0.519775 0.203125 0.0219727 0.0422794
1 0.824951 0.775735 0.0249023 0.0477941
1 0.543457 0.908088 0.0283203 0.0477941
1 0.784668 0.272978 0.0224609 0.0459559
0 0.796875 0.592831 0.0253906 0.0459559
0 0.10498 0.383272 0.0302734 0.0569853
1 0.83667 0.12454 0.0219727 0.0413603
0 0.212646 0.319393 0.0249023 0.0505515
1 0.989014 0.172335 0.0219727 0.0487132
1 0.391602 0.871783 0.0234375 0.0487132
0 0.0222168 0.193934 0.0307617 0.0588235
1 0.525146 0.270221 0.0219727 0.0404412
0 0.871826 0.744026 0.0249023 0.0450368
0 0.769287 0.765165 0.0249023 0.0395221
1 0.879883 0.828125 0.0234375 0.0422794
0 0.165039 0.77114 0.0292969 0.0496324
1 0.872803 0.741728 0.0249023 0.0496324
0 0.171387 0.0225184 0.0283203 0.0431985
1 0.104736 0.382812 0.0297852 0.0597426
0 0.826416 0.954044 0.0297852 0.0514706
1 0.199463 0.95864 0.0297852 0.0514706
1 0.938965 0.565257 0.0263672 0.0477941
1 0.528076 0.309743 0.0209961 0.0404412
0 0.438965 0.884651 0.0234375 0.046875
1 0.867188 0.85432 0.0234375 0.046875
0 0.828857 0.623162 0.0249023 0.0477941
0 0.560791 0.0735294 0.0209961 0.0422794
1 0.803955 0.301011 0.0229492 0.0450368
0 0.192627 0.0556066 0.027832 0.0542279
1 0.311035 0.244485 0.0263672 0.0459559
1 0.689697 0.387408 0.0297852 0.0597426
1 0.415527 0.455423 0.0244141 0.0450368
1 0.975098 0.891544 0.0263672 0.0441176
1 0.408691 0.339614 0.0234375 0.0431985
1 0.392578 0.236213 0.0253906 0.0496324
1 0.378174 0.369026 0.0249023 0.0450368
1 0.189453 0.54182 0.03125 0.0579044
