0 0.310791 0.242188 0.0297852 0.0505515
0 0.536865 0.914062 0.0288086 0.0523897
1 0.311279 0.897059 0.027832 0.0477941
1 0.858643 0.0845588 0.0219727 0.0459559
1 0.921875 0.978401 0.03125 0.0431985
0 0.189697 0.540901 0.0327148 0.0652574
1 0.404541 0.886029 0.0209961 0.0386029
1 0.933594 0.880515 0.0253906 0.0441176
0 0.567871 0.596967 0.0302734 0.0542279
1 0.390381 0.869945 0.0200195 0.0431985
1 0.798828 0.59375 0.0253906 0.0477941
1 0.569336 0.596967 0.0273438 0.046875
0 0.798584 0.595588 0.027832 0.0477941
1 0.522949 0.20864 0.0185547 0.0404412
1 0.536865 0.915441 0.0249023 0.0477941
0 0.439209 0.882353 0.0249023 0.0441176
1 0.796387 0.292739 0.0224609 0.0376838
1 0.828857 0.62454 0.0219727 0.046875
1 0.201416 0.95818 0.0307617 0.0523897
0 0.200928 0.95864 0.0317383 0.0533088
1 0.811279 0.119485 0.0229492 0.0477941
1 0.917236 0.494026 0.0249023 0.0487132
1 0.943115 0.563419 0.0297852 0.0496324
0 0.259033 0.846048 0.0268555 0.0487132
0 0.920898 0.97886 0.03125 0.0422794
1 0.786621 0.271599 0.0224609 0.0395221
0 0.0852051 0.23943 0.034668 0.0615809
1 0.989014 0.172794 0.0219727 0.0496324
1 0.835938 0.12454 0.0234375 0.0450368
1 0.528564 0.309743 0.0209961 0.0404412
0 0.933594 0.883272 0.0253906 0.0422794
0 0.828857 0.623162 0.0249023 0.0477941
1 0.526611 0.269761 0.0209961 0.0395221
0 0.828125 0.772059 0.03125 0.0551471
0 0.779297 0.922794 0.0302734 0.0477941
1 0.415039 0.455423 0.0234375 0.0431985
0 0.872559 0.745864 0.0263672 0.0487132
0 0.108398 0.388787 0.0292969 0.0606618
0 0.165283 0.773897 0.0268555 0.0514706
1 0.310791 0.243107 0.0297852 0.0487132
1 0.969482 0.881434 0.0249023 0.0459559
0 0.0222168 0.193015 0.0336914 0.0661765
1 0.388428 0.247702 0.0268555 0.0505515
1 0.401367 0.33364 0.0234375 0.0422794
1 0.37793 0.368566 0.0253906 0.0459559
0 0.826416 0.954504 0.0297852 0.0523897
1 0.689941 0.389706 0.03125 0.0643382
1 0.189209 0.54182 0.0336914 0.0634191
