1 0.951416 0.556526 0.0327148 0.0505515
1 0.309326 0.902574 0.027832 0.0514706
0 0.101807 0.0229779 0.034668 0.0459559
0 0.189697 0.54182 0.034668 0.0689338
1 0.258545 0.845129 0.0297852 0.0542279
1 0.438721 0.880515 0.0297852 0.0588235
1 0.102295 0.0238971 0.0336914 0.0477941
0 0.56958 0.597426 0.0317383 0.0551471
1 0.95874 0.868107 0.0249023 0.0395221
0 0.525391 0.209099 0.0234375 0.046875
0 0.799561 0.59421 0.027832 0.0523897
1 0.923584 0.975643 0.0297852 0.0431985
0 0.922607 0.977022 0.027832 0.0441176
1 0.837402 0.764706 0.0263672 0.0459559
1 0.310547 0.240349 0.0292969 0.0579044
1 0.56958 0.596048 0.0288086 0.0523897
1 0.385254 0.258732 0.0283203 0.0487132
0 0.872559 0.745864 0.0263672 0.0487132
1 0.791748 0.925551 0.0239258 0.0496324
0 0.258789 0.846967 0.0283203 0.0505515
0 0.309082 0.238971 0.0302734 0.0551471
1 0.828857 0.62454 0.0219727 0.0487132
0 0.93457 0.882353 0.0234375 0.0404412
0 0.202637 0.95818 0.0283203 0.0487132
1 0.801025 0.594669 0.0258789 0.0496324
1 0.987549 0.172794 0.0249023 0.0551471
0 0.439453 0.881434 0.0332031 0.0569853
0 0.828857 0.623162 0.0249023 0.0496324
1 0.203369 0.95818 0.0307617 0.0542279
1 0.872559 0.744485 0.0263672 0.0459559
1 0.377441 0.367647 0.0214844 0.0422794
1 0.91626 0.495404 0.0249023 0.0459559
0 0.0852051 0.238051 0.0356445 0.0588235
1 0.415771 0.454963 0.0249023 0.0496324
0 0.164795 0.772518 0.027832 0.0560662
1 0.390869 0.345588 0.0219727 0.0422794
0 0.109131 0.389706 0.0288086 0.0606618
0 0.0222168 0.193015 0.0327148 0.0661765
1 0.825684 0.953585 0.0283203 0.0487132
1 0.689941 0.389706 0.0302734 0.0661765
1 0.189453 0.54182 0.0341797 0.0652574
