1 0.878906 0.078125 0.0214844 0.0422794
0 0.617188 0.982996 0.0244141 0.0340074
1 0.839844 0.686121 0.0253906 0.0431985
1 0.394043 0.654412 0.0244141 0.0441176
0 0.82666 0.826746 0.0234375 0.0413603
0 0.498535 0.931526 0.0195312 0.0376838
1 0.782959 0.683824 0.0288086 0.0477941
1 0.696045 0.185662 0.0200195 0.0386029
1 0.49585 0.933824 0.0219727 0.0404412
1 0.799316 0.10386 0.0214844 0.0367647
1 0.00634766 0.914062 0.0126953 0.0413603
0 0.561035 0.517923 0.0195312 0.0395221
0 0.354248 0.844669 0.0200195 0.0367647
0 0.980469 0.444393 0.0205078 0.0413603
0 0.19458 0.91636 0.0249023 0.0422794
1 0.672607 0.70864 0.0239258 0.0459559
0 0.710938 0.0183824 0.0214844 0.0275735
1 0.695312 0.746324 0.0234375 0.0459559
1 0.384033 0.785846 0.0200195 0.0386029
1 0.210205 0.63557 0.0209961 0.0395221
0 0.224121 0.794577 0.0283203 0.046875
1 0.259277 0.845129 0.0283203 0.046875
0 0.207764 0.613051 0.0219727 0.0404412
1 0.731689 0.190717 0.0249023 0.0505515
0 0.839111 0.68704 0.0219727 0.0431985
0 0.560303 0.876838 0.0249023 0.0441176
0 0.652344 0.339154 0.0205078 0.0349265
0 0.756348 0.790441 0.0263672 0.0514706
1 0.684814 0.444853 0.0229492 0.0404412
1 0.19458 0.91682 0.0258789 0.0450368
0 0.395508 0.11489 0.0244141 0.0477941
1 0.365479 0.840993 0.0209961 0.0386029
0 0.327148 0.622702 0.0224609 0.0450368
1 0.82959 0.517463 0.0205078 0.0367647
0 0.0839844 0.599724 0.0273438 0.0523897
0 0.60083 0.455882 0.0200195 0.0386029
1 0.168457 0.774357 0.0234375 0.0450368
0 0.209473 0.638327 0.0185547 0.0358456
1 0.766113 0.0859375 0.0195312 0.0395221
1 0.419434 0.963235 0.0273438 0.0459559
0 0.601562 0.0142463 0.0253906 0.0284926
1 0.697998 0.377757 0.0209961 0.0386029
0 0.367676 0.794577 0.0224609 0.0395221
0 0.878906 0.0772059 0.0214844 0.0422794
1 0.0134277 0.97932 0.0258789 0.0413603
1 0.660156 0.011489 0.0214844 0.0229779
1 0.878906 0.704044 0.0205078 0.0422794
0 0.0732422 0.254596 0.0244141 0.0496324
1 0.555908 0.308364 0.0200195 0.0376838
0 0.696045 0.746324 0.0200195 0.0459559
0 0.0170898 0.466912 0.0263672 0.0551471
1 0.12793 0.828585 0.0253906 0.046875
1 0.759766 0.214614 0.0185547 0.0340074
1 0.0178223 0.466452 0.0258789 0.0505515
1 0.702637 0.189798 0.0205078 0.0395221
0 0.616699 0.887408 0.0224609 0.0431985
1 0.908691 0.507353 0.0234375 0.0404412
0 0.418945 0.963695 0.0273438 0.046875
1 0.764893 0.0441176 0.0200195 0.0386029
0 0.0141602 0.980699 0.0244141 0.0386029
1 0.0817871 0.715074 0.0219727 0.0404412
1 0.175781 0.829504 0.0244141 0.0450368
1 0.0839844 0.602022 0.0244141 0.0496324
0 0.28833 0.772059 0.0219727 0.0422794
0 0.509277 0.0170037 0.0195312 0.0340074
0 0.639404 0.881434 0.0219727 0.0441176
1 0.207031 0.856158 0.0273438 0.046875
0 0.0344238 0.409467 0.0258789 0.0505515
0 0.666016 0.392923 0.0214844 0.0431985
1 0.645264 0.387408 0.0229492 0.0431985
1 0.855469 0.679228 0.0214844 0.0422794
0 0.606689 0.483915 0.0209961 0.0395221
1 0.969482 0.678309 0.0200195 0.0330882
0 0.558594 0.610754 0.0224609 0.0431985
0 0.463623 0.881893 0.0209961 0.0413603
1 0.0517578 0.811581 0.0234375 0.0422794
1 0.296631 0.802849 0.0229492 0.0431985
0 0.167725 0.772518 0.0239258 0.046875
1 0.481689 0.884651 0.0209961 0.0395221
1 0.832031 0.128217 0.0234375 0.0413603
0 0.72998 0.188879 0.0234375 0.046875
1 0.0961914 0.346967 0.0263672 0.046875
1 0.563965 0.377757 0.0234375 0.0459559
1 0.514893 0.683824 0.027832 0.0477941
1 0.0581055 0.879136 0.0224609 0.0395221
1 0.39502 0.869026 0.0224609 0.0450368
0 0.296143 0.802849 0.0219727 0.0431985
1 0.0651855 0.905331 0.0239258 0.0441176
1 0.431885 0.790441 0.0219727 0.0404412
0 0.535645 0.504136 0.0244141 0.0413603
1 0.762207 0.889706 0.0234375 0.0422794
0 0.783203 0.683364 0.0253906 0.0450368
1 0.828125 0.625919 0.0205078 0.0459559
0 0.35791 0.681985 0.0244141 0.0404412
0 0.428467 0.884191 0.0239258 0.0441176
1 0.123047 0.472426 0.0234375 0.0404412
1 0.782227 0.589154 0.0273438 0.0422794
0 0.0102539 0.211397 0.0205078 0.0496324
1 0.702637 0.0372243 0.0205078 0.0321691
1 0.582764 0.201746 0.0219727 0.0340074
0 0.703369 0.651654 0.0249023 0.0459559
1 0.733154 0.0960478 0.0239258 0.0431985
0 0.67334 0.709099 0.0234375 0.0450368
1 0.755615 0.788143 0.0249023 0.0450368
0 0.349121 0.801471 0.0224609 0.0441176
1 0.371338 0.536765 0.0249023 0.0477941
1 0.598389 0.300551 0.0219727 0.0422794
1 0.80249 0.168199 0.0249023 0.0422794
0 0.296631 0.674173 0.0249023 0.046875
1 0.572998 0.216912 0.0229492 0.0404412
1 0.459961 0.673254 0.0273438 0.046875
1 0.19751 0.358456 0.0239258 0.0441176
1 0.520508 0.0721507 0.0234375 0.0431985
1 0.879639 0.824908 0.0219727 0.046875
1 0.0732422 0.255055 0.0263672 0.0523897
1 0.991699 0.761489 0.0166016 0.0395221
0 0.234131 0.709099 0.0239258 0.0431985
0 0.728027 0.633272 0.0224609 0.0459559
1 0.131348 0.136489 0.0244141 0.0450368
1 0.851562 0.263327 0.0263672 0.0413603
1 0.126465 0.503676 0.0214844 0.0441176
0 0.736816 0.911305 0.0263672 0.0487132
1 0.445801 0.15579 0.0205078 0.0431985
1 0.394775 0.113971 0.0229492 0.0441176
1 0.168945 0.0160846 0.0273438 0.0321691
1 0.146484 0.588235 0.0234375 0.0459559
1 0.237793 0.0289522 0.0263672 0.0450368
1 0.888428 0.237592 0.0297852 0.0487132
1 0.991455 0.184743 0.0170898 0.0422794
1 0.59668 0.22932 0.0195312 0.0413603
1 0.914062 0.549173 0.0234375 0.0395221
1 0.833496 0.948529 0.0283203 0.0441176
1 0.931396 0.33364 0.0219727 0.0404412
0 0.656006 0.309743 0.0209961 0.0386029
1 0.612061 0.252757 0.0219727 0.0404412
1 0.59082 0.366728 0.0234375 0.0404412
1 0.672852 0.0533088 0.0234375 0.0422794
1 0.117676 0.159467 0.0244141 0.0450368
0 0.258057 0.847886 0.0249023 0.0431985
0 0.318604 0.87546 0.0249023 0.046875
1 0.40332 0.161305 0.0234375 0.0431985
1 0.989746 0.127757 0.0185547 0.0422794
1 0.0424805 0.931066 0.0234375 0.0441176
1 0.223877 0.794118 0.0258789 0.0441176
1 0.941406 0.693474 0.0234375 0.0413603
1 0.361084 0.164522 0.0239258 0.0422794
1 0.160645 0.496783 0.0253906 0.046875
1 0.2229 0.0767463 0.0249023 0.0487132
1 0.409424 0.205423 0.0249023 0.0450368
1 0.911865 0.590533 0.0219727 0.0358456
1 0.406738 0.347426 0.0263672 0.0459559
1 0.108887 0.53125 0.0263672 0.0477941
0 0.529297 0.45818 0.0214844 0.0431985
1 0.992676 0.554688 0.0146484 0.046875
1 0.0922852 0.0363051 0.0322266 0.0542279
1 0.19751 0.534926 0.0258789 0.0477941
1 0.185059 0.460478 0.0244141 0.0459559
1 0.0297852 0.888327 0.0273438 0.046875
1 0.943604 0.731158 0.0219727 0.0395221
1 0.0939941 0.8125 0.0258789 0.0477941
1 0.22998 0.345129 0.0234375 0.0450368
1 0.376465 0.369945 0.0263672 0.0505515
1 0.776611 0.86443 0.0229492 0.0395221
1 0.458252 0.106618 0.0249023 0.0441176
1 0.459473 0.171875 0.0205078 0.0422794
1 0.0686035 0.798713 0.0229492 0.0441176
1 0.855469 0.867647 0.0253906 0.0459559
1 0.689209 0.180147 0.0219727 0.0386029
1 0.919678 0.838235 0.0249023 0.0477941
1 0.132568 0.630515 0.0258789 0.0477941
1 0.576904 0.25 0.0249023 0.0422794
1 0.415283 0.780331 0.0219727 0.0441176
1 0.154053 0.228401 0.0258789 0.0487132
1 0.714111 0.480239 0.0258789 0.0450368
1 0.331299 0.201287 0.0249023 0.0441176
1 0.677979 0.138327 0.0258789 0.0487132
1 0.80542 0.23989 0.0249023 0.0422794
1 0.460205 0.49954 0.0249023 0.0413603
1 0.305908 0.118107 0.0249023 0.0450368
1 0.519531 0.827206 0.0214844 0.0404412
1 0.813232 0.445312 0.0249023 0.0431985
1 0.960938 0.222426 0.0253906 0.0386029
1 0.145752 0.303768 0.0268555 0.0487132
1 0.572266 0.105239 0.0234375 0.0413603
1 0.981201 0.736213 0.0200195 0.0386029
1 0.407715 0.537684 0.0253906 0.0459559
0 0.268799 0.984375 0.0268555 0.03125
1 0.795898 0.402114 0.0234375 0.0413603
1 0.947021 0.316176 0.0249023 0.0441176
1 0.498047 0.175551 0.0263672 0.0514706
1 0.532227 0.338695 0.0234375 0.0431985
1 0.18335 0.381434 0.0239258 0.0422794
1 0.964844 0.755055 0.0234375 0.0431985
1 0.281738 0.188419 0.0244141 0.0422794
1 0.316162 0.251379 0.0258789 0.046875
1 0.209961 0.307904 0.0253906 0.0477941
1 0.972656 0.188419 0.0234375 0.0422794
1 0.366211 0.204044 0.0214844 0.0441176
1 0.780029 0.274357 0.0239258 0.0431985
1 0.803955 0.295037 0.0249023 0.0441176
1 0.918945 0.616268 0.0234375 0.0413603
1 0.531738 0.804228 0.0234375 0.0422794
1 0.483643 0.134651 0.0249023 0.0450368
1 0.531494 0.270221 0.0258789 0.0459559
1 0.413574 0.464154 0.0263672 0.0496324
1 0.986816 0.936581 0.0263672 0.0496324
1 0.441895 0.472426 0.0224609 0.0441176
1 0.267578 0.214614 0.0244141 0.0431985
