1 0.82251 0.617188 0.0375977 0.0542279
0 0.790283 0.92693 0.0268555 0.0487132
1 0.30957 0.238511 0.0292969 0.0579044
1 0.109375 0.387408 0.0292969 0.0634191
1 0.309326 0.899816 0.0268555 0.0496324
0 0.858643 0.0836397 0.0219727 0.0459559
0 0.189697 0.54182 0.034668 0.0707721
1 0.102051 0.0234375 0.0332031 0.046875
1 0.0849609 0.238971 0.0332031 0.0625
0 0.101807 0.0225184 0.0336914 0.0450368
0 0.922607 0.976562 0.027832 0.0431985
0 0.872559 0.745404 0.0283203 0.0477941
0 0.569336 0.597886 0.03125 0.0542279
0 0.799561 0.594669 0.027832 0.0514706
1 0.835205 0.765165 0.0249023 0.0487132
1 0.949219 0.559743 0.0253906 0.0477941
1 0.789307 0.924173 0.0258789 0.0487132
0 0.828857 0.623621 0.0249023 0.0487132
1 0.56958 0.596507 0.027832 0.0514706
0 0.93457 0.882353 0.0234375 0.0404412
0 0.818848 0.125 0.0234375 0.0477941
1 0.38501 0.256434 0.0288086 0.0477941
1 0.923584 0.976562 0.0297852 0.0431985
1 0.203125 0.95818 0.0302734 0.0542279
0 0.310059 0.23989 0.0302734 0.0569853
1 0.828857 0.625 0.0219727 0.0477941
1 0.988281 0.172335 0.0234375 0.0505515
0 0.258789 0.846967 0.0283203 0.0505515
1 0.800781 0.594669 0.0263672 0.0496324
0 0.0849609 0.238051 0.0351562 0.0588235
0 0.202393 0.957261 0.0288086 0.0505515
1 0.415771 0.454963 0.0249023 0.0477941
0 0.439453 0.881434 0.0332031 0.0588235
1 0.960205 0.869945 0.0249023 0.0413603
0 0.164551 0.772518 0.0283203 0.0542279
1 0.377197 0.367647 0.0219727 0.0422794
1 0.91626 0.495404 0.0249023 0.0459559
1 0.872559 0.744945 0.0283203 0.0450368
0 0.108887 0.387868 0.0292969 0.0606618
0 0.0222168 0.193015 0.0336914 0.0661765
1 0.39209 0.342831 0.0234375 0.0422794
1 0.825684 0.953585 0.0283203 0.0487132
1 0.689941 0.390165 0.03125 0.0652574
1 0.189209 0.542279 0.034668 0.0661765
