1 0.611328 0.0128676 0.0253906 0.0257353
1 0.387939 0.69761 0.0180664 0.0386029
1 0.13916 0.603401 0.0234375 0.0487132
1 0.170166 0.800551 0.0219727 0.0459559
1 0.657471 0.397518 0.027832 0.0431985
1 0.55835 0.881893 0.0297852 0.046875
0 0.834473 0.863511 0.0205078 0.0395221
0 0.91626 0.494485 0.0249023 0.0441176
1 0.740234 0.165441 0.0234375 0.0441176
1 0.731689 0.115349 0.0229492 0.0431985
0 0.44043 0.884651 0.0273438 0.0450368
0 0.911865 0.983915 0.0297852 0.0321691
0 0.776367 0.711397 0.0234375 0.0459559
0 0.68042 0.107077 0.0229492 0.0395221
1 0.857666 0.86443 0.0249023 0.046875
0 0.587402 0.36443 0.0224609 0.0358456
1 0.856201 0.252298 0.0249023 0.0450368
1 0.879883 0.824449 0.0234375 0.0441176
0 0.75415 0.923713 0.0288086 0.0496324
0 0.678467 0.0592831 0.0209961 0.0413603
0 0.731934 0.115809 0.0244141 0.0441176
0 0.880371 0.824908 0.0234375 0.0487132
0 0.877441 0.721507 0.0263672 0.0459559
0 0.825684 0.955423 0.0283203 0.0487132
1 0.828857 0.622702 0.0219727 0.046875
0 0.826416 0.806066 0.0249023 0.0533088
1 0.806885 0.185662 0.0239258 0.0404412
1 0.475342 0.668658 0.0200195 0.0413603
1 0.439453 0.88511 0.0273438 0.0459559
1 0.403809 0.20864 0.0234375 0.0496324
0 0.786621 0.59421 0.0283203 0.046875
1 0.917236 0.494485 0.027832 0.0477941
1 0.381592 0.786765 0.0219727 0.0404412
1 0.678711 0.0606618 0.0234375 0.0404412
1 0.575439 0.391544 0.0209961 0.0349265
0 0.828857 0.621783 0.0249023 0.0505515
1 0.825928 0.955882 0.0297852 0.0477941
1 0.408691 0.538143 0.0234375 0.0413603
1 0.534912 0.330882 0.0249023 0.0496324
1 0.0183105 0.196691 0.0258789 0.0514706
1 0.49292 0.671415 0.0219727 0.0413603
1 0.300781 0.66636 0.0224609 0.0422794
1 0.236816 0.713235 0.0244141 0.0441176
1 0.25708 0.84375 0.0249023 0.0441176
1 0.378174 0.691176 0.0229492 0.0441176
0 0.557373 0.884191 0.0268555 0.0441176
1 0.838379 0.12454 0.0234375 0.0431985
1 0.0910645 0.0317096 0.0336914 0.0505515
1 0.88208 0.0863971 0.0200195 0.0422794
1 0.929688 0.563879 0.0253906 0.0450368
1 0.31665 0.647978 0.0229492 0.0422794
1 0.414062 0.457261 0.0253906 0.0450368
1 0.371094 0.539062 0.0253906 0.0450368
1 0.196045 0.942096 0.027832 0.0496324
0 0.755615 0.789062 0.0249023 0.0431985
1 0.571533 0.102941 0.0249023 0.0441176
1 0.523438 0.0684743 0.0244141 0.0450368
1 0.859375 0.0836397 0.0205078 0.0441176
1 0.31665 0.15579 0.0229492 0.0450368
0 0.565918 0.602022 0.0263672 0.0459559
1 0.926514 0.855239 0.0268555 0.0450368
1 0.390137 0.662224 0.0224609 0.0431985
1 0.691162 0.38557 0.0249023 0.046875
1 0.525146 0.268382 0.0249023 0.0477941
1 0.0932617 0.600643 0.0214844 0.0431985
1 0.391357 0.87454 0.0229492 0.0487132
1 0.210205 0.078125 0.0258789 0.0514706
1 0.172119 0.0193015 0.0288086 0.0386029
1 0.0144043 0.981618 0.0249023 0.0367647
1 0.595703 0.296875 0.0244141 0.0404412
1 0.809326 0.118107 0.0219727 0.0431985
1 0.0966797 0.358456 0.0253906 0.0459559
1 0.410156 0.339614 0.0253906 0.0450368
1 0.989014 0.174632 0.0219727 0.0496324
1 0.078125 0.238511 0.0263672 0.0487132
1 0.811768 0.301471 0.0249023 0.0422794
1 0.897705 0.106158 0.0219727 0.0450368
1 0.14624 0.586857 0.0200195 0.0431985
1 0.101562 0.523897 0.0244141 0.0459559
1 0.753418 0.923713 0.0283203 0.0533088
1 0.196777 0.530331 0.0224609 0.0422794
1 0.0310059 0.410386 0.0219727 0.0395221
1 0.785645 0.272059 0.0234375 0.0459559
1 0.37793 0.368107 0.0253906 0.0431985
1 0.419189 0.943934 0.0258789 0.0496324
1 0.805664 0.210018 0.0234375 0.0413603
1 0.506104 0.179228 0.0258789 0.0459559
1 0.583008 0.247702 0.0234375 0.0431985
1 0.132568 0.608915 0.0209961 0.0413603
1 0.187256 0.482077 0.0239258 0.0450368
1 0.147949 0.234835 0.0253906 0.0431985
1 0.12207 0.821232 0.0253906 0.0450368
1 0.15918 0.488971 0.0214844 0.0404412
1 0.0944824 0.814338 0.027832 0.0514706
1 0.335693 0.183364 0.0239258 0.046875
1 0.0239258 0.4375 0.0234375 0.0422794
1 0.98291 0.918658 0.0283203 0.0542279
1 0.163818 0.77068 0.0258789 0.0450368
1 0.238525 0.346048 0.027832 0.0505515
1 0.313232 0.247243 0.0249023 0.0441176
1 0.204834 0.314338 0.0239258 0.0477941
1 0.152588 0.284007 0.0249023 0.0422794
1 0.22876 0.766544 0.0249023 0.0441176
