0 0.813232 0.120864 0.0249023 0.0523897
0 0.82666 0.954504 0.0283203 0.0542279
1 0.109375 0.386949 0.0292969 0.0625
0 0.189697 0.54136 0.0336914 0.0698529
1 0.786865 0.926011 0.0258789 0.0487132
0 0.101318 0.0220588 0.0336914 0.0441176
0 0.835938 0.122702 0.0214844 0.046875
0 0.960938 0.868566 0.0253906 0.0441176
0 0.799561 0.595588 0.027832 0.0496324
1 0.52417 0.209559 0.0180664 0.0422794
1 0.101807 0.0234375 0.0336914 0.046875
0 0.832764 0.767923 0.0297852 0.0542279
1 0.8125 0.120404 0.0214844 0.0496324
1 0.835205 0.12546 0.0219727 0.0450368
1 0.960938 0.870864 0.0234375 0.0413603
1 0.923584 0.976562 0.0297852 0.0431985
0 0.922607 0.977022 0.0297852 0.0459559
1 0.832764 0.769761 0.0297852 0.0542279
0 0.309814 0.238971 0.0297852 0.0533088
0 0.828857 0.623162 0.0249023 0.0477941
1 0.527588 0.304688 0.0209961 0.0358456
1 0.94751 0.561581 0.0249023 0.0477941
0 0.439209 0.881434 0.0336914 0.0569853
1 0.203125 0.957261 0.0302734 0.0523897
0 0.872559 0.746324 0.0283203 0.0477941
0 0.259033 0.846967 0.027832 0.0505515
1 0.310547 0.23943 0.0302734 0.0523897
1 0.569092 0.596507 0.027832 0.0496324
0 0.164795 0.772518 0.027832 0.0542279
1 0.988281 0.172794 0.0234375 0.0514706
1 0.800293 0.595129 0.0263672 0.0487132
1 0.385498 0.256434 0.0249023 0.0477941
1 0.872559 0.745864 0.0283203 0.046875
1 0.828857 0.62454 0.0219727 0.046875
0 0.934326 0.882812 0.0249023 0.0395221
0 0.0849609 0.23943 0.0341797 0.0615809
0 0.202393 0.957261 0.027832 0.0487132
1 0.91626 0.495404 0.0249023 0.0477941
1 0.415527 0.455423 0.0234375 0.0450368
0 0.108887 0.388327 0.0292969 0.0597426
0 0.0222168 0.193474 0.0336914 0.0670956
1 0.377197 0.367188 0.0219727 0.0413603
1 0.825928 0.954504 0.0297852 0.0505515
1 0.689941 0.389706 0.0302734 0.0643382
1 0.394043 0.342831 0.0244141 0.0422794
1 0.189209 0.54182 0.0336914 0.0652574
