1 0.0974121 0.571232 0.0268555 0.0744485
0 0.56665 0.597886 0.0288086 0.0542279
1 0.804932 0.988511 0.0307617 0.0229779
0 0.0161133 0.980699 0.03125 0.0386029
1 0.0197754 0.194853 0.027832 0.0551471
1 0.739014 0.14614 0.0200195 0.0386029
0 0.0913086 0.0289522 0.0351562 0.0505515
1 0.0148926 0.982996 0.0297852 0.0340074
0 0.163574 0.77068 0.0292969 0.0560662
1 0.205566 0.0776654 0.0253906 0.046875
1 0.83667 0.865349 0.0219727 0.0395221
1 0.917236 0.492647 0.027832 0.0459559
0 0.914795 0.981158 0.027832 0.0321691
1 0.896729 0.107996 0.0219727 0.0395221
1 0.858643 0.252757 0.0219727 0.0386029
1 0.731689 0.124081 0.0200195 0.0386029
0 0.828857 0.622243 0.0249023 0.0496324
0 0.875732 0.725184 0.0268555 0.0459559
1 0.10083 0.367647 0.0239258 0.0441176
1 0.196777 0.952665 0.0283203 0.0487132
1 0.788086 0.591912 0.0253906 0.0459559
0 0.0205078 0.195312 0.0263672 0.0505515
1 0.0854492 0.238051 0.0302734 0.0533088
1 0.172852 0.0206801 0.0292969 0.0413603
1 0.772705 0.726103 0.0229492 0.0441176
1 0.828857 0.622702 0.0219727 0.046875
1 0.931152 0.5625 0.0263672 0.0441176
1 0.164795 0.77068 0.0288086 0.0523897
0 0.197021 0.952206 0.0307617 0.0514706
1 0.553223 0.891085 0.0263672 0.0431985
1 0.0917969 0.0289522 0.0341797 0.046875
1 0.257812 0.84421 0.0253906 0.0450368
1 0.884521 0.238971 0.0249023 0.0441176
1 0.530029 0.318474 0.0219727 0.0413603
1 0.690918 0.386489 0.0263672 0.0487132
1 0.838379 0.12454 0.0234375 0.046875
0 0.205566 0.0767463 0.0253906 0.0487132
1 0.567383 0.600643 0.0273438 0.0487132
1 0.98877 0.174632 0.0224609 0.0496324
1 0.928955 0.863971 0.0249023 0.0459559
1 0.859375 0.0840993 0.0214844 0.0450368
1 0.879883 0.825827 0.0234375 0.046875
1 0.82666 0.794118 0.0263672 0.0477941
1 0.885986 0.0891544 0.0200195 0.0404412
1 0.755615 0.789522 0.0249023 0.0441176
1 0.763428 0.925092 0.0288086 0.0560662
1 0.810059 0.119026 0.0224609 0.0450368
1 0.859375 0.862592 0.0253906 0.0505515
1 0.810791 0.299632 0.0249023 0.0459559
1 0.440186 0.884651 0.0249023 0.0505515
1 0.825928 0.955882 0.0297852 0.0496324
1 0.510498 0.191176 0.0249023 0.0441176
1 0.98291 0.913603 0.0283203 0.0514706
1 0.398682 0.220129 0.0239258 0.0450368
1 0.786133 0.271599 0.0234375 0.0487132
1 0.391846 0.872702 0.0229492 0.0505515
1 0.524902 0.267923 0.0244141 0.0450368
1 0.197266 0.529871 0.0244141 0.046875
1 0.185303 0.486213 0.0219727 0.0441176
1 0.571289 0.0997243 0.0234375 0.046875
1 0.372559 0.540441 0.0263672 0.0459559
1 0.0974121 0.528952 0.0288086 0.0487132
1 0.166748 0.483456 0.0219727 0.0441176
1 0.095459 0.59329 0.0249023 0.046875
1 0.416748 0.936121 0.0268555 0.0487132
1 0.535156 0.0574449 0.0263672 0.0413603
1 0.414795 0.457261 0.0249023 0.0450368
1 0.378418 0.368107 0.0253906 0.0431985
1 0.205322 0.315257 0.0249023 0.0477941
1 0.23877 0.34329 0.0283203 0.0505515
1 0.409912 0.340074 0.0249023 0.0441176
1 0.311035 0.245864 0.0273438 0.046875
1 0.401611 0.540441 0.0258789 0.0441176
