0 0.533691 0.919118 0.0302734 0.0477941
1 0.858643 0.0840993 0.0219727 0.0450368
0 0.96167 0.866268 0.027832 0.046875
0 0.101318 0.0225184 0.034668 0.0450368
0 0.189453 0.54136 0.0341797 0.0698529
1 0.810791 0.120404 0.0219727 0.0477941
1 0.101807 0.0234375 0.0336914 0.046875
0 0.799316 0.595129 0.0283203 0.0505515
0 0.569336 0.597886 0.03125 0.0523897
1 0.109131 0.386949 0.0288086 0.0625
1 0.785889 0.926011 0.0258789 0.0487132
0 0.811523 0.118566 0.0234375 0.0477941
0 0.922607 0.976562 0.0297852 0.0431985
1 0.962402 0.871324 0.0234375 0.0422794
1 0.835205 0.125 0.0219727 0.0441176
1 0.528564 0.274816 0.0209961 0.0386029
1 0.569336 0.596048 0.0273438 0.0487132
1 0.310547 0.240349 0.03125 0.0542279
1 0.529297 0.306526 0.0214844 0.0431985
0 0.872559 0.746324 0.0283203 0.0477941
1 0.922607 0.976562 0.0297852 0.0431985
1 0.946777 0.561121 0.0263672 0.0487132
1 0.202637 0.957261 0.0302734 0.0542279
1 0.385742 0.256434 0.0253906 0.0477941
0 0.309814 0.23943 0.0307617 0.0542279
1 0.832031 0.769301 0.0283203 0.0533088
1 0.800293 0.595129 0.0263672 0.0487132
1 0.98877 0.172335 0.0224609 0.0505515
1 0.91626 0.495864 0.0249023 0.046875
0 0.0847168 0.238511 0.0356445 0.0579044
1 0.872559 0.745864 0.0283203 0.046875
0 0.439209 0.882353 0.0336914 0.0551471
0 0.202148 0.957261 0.0273438 0.0487132
1 0.415527 0.454963 0.0244141 0.0459559
0 0.934326 0.882812 0.0249023 0.0413603
0 0.258789 0.846967 0.0273438 0.0505515
1 0.828857 0.62454 0.0219727 0.046875
0 0.164795 0.772518 0.0288086 0.0542279
1 0.377441 0.367188 0.0234375 0.0431985
0 0.108887 0.389246 0.0283203 0.0615809
0 0.0222168 0.193015 0.0336914 0.0661765
1 0.689941 0.389706 0.0302734 0.0643382
1 0.39502 0.341912 0.0244141 0.0422794
1 0.189209 0.54136 0.034668 0.0661765
1 0.825928 0.954504 0.0297852 0.0505515
