1 0.588135 0.36489 0.0249023 0.0422794
1 0.327148 0.162684 0.0292969 0.0496324
0 0.196289 0.938879 0.0253906 0.0431985
1 0.681641 0.108456 0.0263672 0.0459559
1 0.558838 0.880055 0.0297852 0.0487132
0 0.654297 0.011489 0.0283203 0.0229779
0 0.911621 0.982996 0.03125 0.0340074
0 0.258301 0.84375 0.0253906 0.0441176
0 0.834473 0.862592 0.0205078 0.0395221
0 0.610596 0.0128676 0.0249023 0.0257353
1 0.017334 0.197151 0.0268555 0.0542279
0 0.740234 0.168199 0.0244141 0.0477941
1 0.855469 0.253217 0.0253906 0.0431985
0 0.680908 0.108915 0.0239258 0.0395221
1 0.740234 0.169118 0.0253906 0.0459559
1 0.879883 0.824908 0.0234375 0.0450368
0 0.440674 0.884651 0.027832 0.046875
0 0.678467 0.0592831 0.0219727 0.0413603
1 0.825928 0.955882 0.0297852 0.0477941
0 0.523193 0.0684743 0.0249023 0.046875
0 0.571777 0.391085 0.0205078 0.0376838
0 0.375977 0.692555 0.0234375 0.0450368
1 0.495605 0.673713 0.0224609 0.0459559
0 0.390625 0.659926 0.0244141 0.0422794
0 0.778564 0.709099 0.0258789 0.0431985
0 0.0178223 0.196691 0.0249023 0.0496324
0 0.828125 0.621783 0.0263672 0.0523897
0 0.496094 0.673713 0.0234375 0.0477941
0 0.300781 0.667279 0.0234375 0.0441176
0 0.731934 0.112592 0.0234375 0.0450368
1 0.414062 0.457261 0.0253906 0.046875
1 0.573486 0.390625 0.0219727 0.0386029
1 0.409668 0.340993 0.0273438 0.0459559
1 0.237793 0.712776 0.0234375 0.046875
0 0.877441 0.720129 0.0283203 0.0487132
1 0.572021 0.102482 0.0258789 0.046875
1 0.678955 0.0602022 0.0239258 0.0413603
1 0.439941 0.88557 0.0283203 0.046875
1 0.258545 0.845129 0.027832 0.046875
0 0.752686 0.922794 0.027832 0.0477941
1 0.371582 0.539982 0.0263672 0.046875
0 0.825684 0.954963 0.0283203 0.0496324
1 0.534912 0.331342 0.0258789 0.0505515
0 0.410156 0.340074 0.0263672 0.0459559
1 0.829102 0.622702 0.0234375 0.0487132
1 0.196533 0.940257 0.0268555 0.0441176
1 0.522217 0.0689338 0.0239258 0.0459559
0 0.880371 0.824908 0.0234375 0.0487132
0 0.474365 0.670037 0.0219727 0.0441176
0 0.857178 0.86443 0.0249023 0.046875
1 0.314941 0.150735 0.0244141 0.0441176
0 0.405518 0.205423 0.0258789 0.0505515
1 0.651855 0.397518 0.0224609 0.0431985
1 0.0773926 0.23943 0.0268555 0.0487132
1 0.91626 0.494485 0.0297852 0.0477941
1 0.928955 0.563879 0.0268555 0.0450368
0 0.558105 0.882812 0.0263672 0.046875
0 0.587891 0.36443 0.0234375 0.0395221
1 0.381348 0.786765 0.0224609 0.0422794
0 0.785156 0.594669 0.0292969 0.0459559
0 0.826416 0.807904 0.0249023 0.0533088
1 0.838135 0.12454 0.0249023 0.0450368
1 0.211182 0.0790441 0.0258789 0.0514706
1 0.665771 0.395221 0.0209961 0.0422794
1 0.806152 0.179688 0.0224609 0.0413603
0 0.319092 0.64568 0.0239258 0.0431985
1 0.88208 0.0859375 0.0219727 0.0431985
1 0.0910645 0.0317096 0.0327148 0.0505515
1 0.0146484 0.982077 0.0253906 0.0358456
1 0.172119 0.0183824 0.0288086 0.0367647
1 0.925781 0.85432 0.0263672 0.046875
1 0.752441 0.922794 0.0273438 0.0496324
1 0.391602 0.875 0.0234375 0.0496324
0 0.755615 0.788603 0.0258789 0.0441176
1 0.525391 0.268382 0.0253906 0.0496324
1 0.858643 0.0831801 0.0219727 0.0450368
1 0.0964355 0.357077 0.0249023 0.0450368
1 0.196533 0.530331 0.0229492 0.0422794
1 0.59668 0.295496 0.0234375 0.0450368
1 0.37793 0.368566 0.0253906 0.0441176
1 0.187988 0.480699 0.0244141 0.0459559
1 0.811523 0.301471 0.0253906 0.0441176
1 0.0930176 0.600643 0.0219727 0.0431985
1 0.80835 0.118107 0.0219727 0.0450368
0 0.565918 0.602482 0.0273438 0.046875
1 0.146484 0.585018 0.0205078 0.0431985
1 0.335449 0.183824 0.0253906 0.0441176
1 0.988281 0.174632 0.0234375 0.0514706
1 0.157959 0.491728 0.0229492 0.0422794
1 0.897461 0.106618 0.0234375 0.0459559
1 0.691162 0.386029 0.0258789 0.0477941
1 0.163818 0.77114 0.0258789 0.0459559
1 0.151611 0.287224 0.0258789 0.0431985
1 0.102295 0.523438 0.0239258 0.046875
1 0.147949 0.234375 0.0263672 0.0441176
1 0.132324 0.609835 0.0214844 0.0413603
1 0.505127 0.17693 0.0268555 0.0487132
1 0.03125 0.409926 0.0234375 0.0404412
1 0.785156 0.271599 0.0253906 0.046875
1 0.123535 0.821691 0.0263672 0.0441176
1 0.805664 0.210478 0.0244141 0.0422794
1 0.58252 0.244485 0.0244141 0.0441176
1 0.0227051 0.442096 0.0219727 0.0422794
1 0.419189 0.945312 0.0268555 0.0487132
1 0.238525 0.346048 0.027832 0.0505515
1 0.0944824 0.815257 0.0288086 0.0514706
1 0.227783 0.768382 0.0249023 0.0441176
1 0.98291 0.919118 0.0283203 0.0551471
1 0.205322 0.313879 0.0239258 0.046875
1 0.313965 0.247243 0.0253906 0.0441176
