0 0.655029 0.011489 0.027832 0.0229779
1 0.871094 0.116268 0.0185547 0.0376838
1 0.406982 0.205423 0.027832 0.0523897
0 0.678467 0.0602022 0.0219727 0.0413603
1 0.806885 0.988051 0.0297852 0.0238971
1 0.0151367 0.198989 0.0263672 0.0523897
0 0.314209 0.887868 0.0258789 0.0441176
1 0.564941 0.60386 0.0263672 0.0441176
1 0.162109 0.769301 0.0273438 0.0496324
1 0.196045 0.938419 0.0258789 0.0459559
1 0.0148926 0.981158 0.0258789 0.0376838
1 0.588623 0.36443 0.0239258 0.0431985
0 0.610596 0.0128676 0.0249023 0.0257353
1 0.196777 0.53125 0.0234375 0.0441176
1 0.879639 0.824908 0.0249023 0.0450368
0 0.196777 0.53125 0.0234375 0.0441176
0 0.267822 0.985294 0.0297852 0.0275735
0 0.0771484 0.242188 0.03125 0.0505515
0 0.522217 0.0684743 0.0249023 0.046875
0 0.834473 0.863051 0.0205078 0.0422794
1 0.877441 0.71921 0.0263672 0.046875
1 0.0769043 0.240809 0.0288086 0.0496324
0 0.405762 0.204504 0.0263672 0.0505515
0 0.77832 0.704963 0.0234375 0.0422794
0 0.146484 0.585018 0.0205078 0.0413603
0 0.440674 0.884191 0.0297852 0.0514706
1 0.473145 0.670956 0.0224609 0.0477941
0 0.0151367 0.980699 0.0292969 0.0386029
0 0.587891 0.36443 0.0244141 0.0395221
0 0.409912 0.339614 0.0258789 0.046875
0 0.156982 0.493107 0.0239258 0.0431985
1 0.414795 0.459099 0.0268555 0.0450368
0 0.828857 0.621324 0.0268555 0.0514706
0 0.825684 0.955882 0.0263672 0.0477941
1 0.606689 0.244485 0.0200195 0.0386029
1 0.157227 0.493566 0.0244141 0.0422794
0 0.188721 0.47886 0.0249023 0.0459559
1 0.188721 0.841452 0.0229492 0.0395221
1 0.371582 0.539522 0.0263672 0.0477941
1 0.124512 0.823529 0.0273438 0.0496324
1 0.824951 0.955423 0.0297852 0.046875
1 0.829102 0.622243 0.0234375 0.0477941
1 0.498779 0.673713 0.0249023 0.0514706
0 0.375 0.693015 0.0234375 0.0441176
1 0.380859 0.786765 0.0234375 0.0441176
1 0.259277 0.846048 0.0283203 0.046875
1 0.132812 0.610294 0.0214844 0.0422794
1 0.410156 0.340074 0.0273438 0.0477941
1 0.572021 0.102941 0.0258789 0.0459559
0 0.877441 0.719669 0.0283203 0.0477941
1 0.534912 0.331801 0.0249023 0.0514706
0 0.391846 0.658088 0.0219727 0.0459559
0 0.16333 0.771599 0.0258789 0.046875
0 0.237305 0.710938 0.0253906 0.0413603
1 0.572266 0.390625 0.0234375 0.0386029
0 0.751953 0.921875 0.0273438 0.0496324
1 0.854004 0.257353 0.0234375 0.0422794
1 0.678467 0.0606618 0.0239258 0.0404412
0 0.499512 0.673254 0.0234375 0.0505515
1 0.928955 0.564338 0.0268555 0.0441176
1 0.600098 0.231618 0.0205078 0.0386029
0 0.25708 0.844669 0.0258789 0.0459559
1 0.440674 0.886949 0.0297852 0.0496324
1 0.521729 0.0693934 0.0249023 0.0450368
1 0.652344 0.397518 0.0224609 0.0431985
1 0.020752 0.444853 0.0229492 0.0441176
1 0.0317383 0.410386 0.0224609 0.0431985
0 0.0163574 0.19807 0.0258789 0.0523897
0 0.4729 0.670956 0.0219727 0.0477941
1 0.751465 0.921875 0.0263672 0.0514706
1 0.740234 0.170956 0.0244141 0.0477941
1 0.211426 0.0795037 0.0263672 0.0523897
1 0.146729 0.585018 0.0209961 0.0450368
0 0.880371 0.824908 0.0234375 0.0505515
1 0.202881 0.851562 0.0229492 0.0395221
1 0.915771 0.495864 0.0297852 0.0487132
1 0.925781 0.852941 0.0263672 0.0441176
0 0.857178 0.865349 0.0249023 0.0487132
1 0.731201 0.106158 0.0239258 0.0487132
0 0.196045 0.9375 0.0258789 0.0422794
1 0.0959473 0.355239 0.0268555 0.046875
1 0.315186 0.145221 0.0229492 0.0477941
0 0.300781 0.66636 0.0234375 0.0459559
0 0.826416 0.809743 0.0249023 0.0514706
1 0.09375 0.815257 0.0292969 0.0533088
1 0.838135 0.12454 0.0249023 0.0450368
1 0.171875 0.0188419 0.0292969 0.0376838
0 0.785156 0.594669 0.0292969 0.0459559
1 0.151367 0.290441 0.0273438 0.0441176
1 0.102783 0.523897 0.0249023 0.0477941
0 0.558838 0.882353 0.0258789 0.0459559
0 0.755615 0.788603 0.0258789 0.0441176
1 0.0932617 0.602022 0.0234375 0.0459559
1 0.0913086 0.0317096 0.0332031 0.0523897
1 0.667236 0.393842 0.0219727 0.0413603
1 0.37793 0.368566 0.0253906 0.0459559
1 0.88208 0.0854779 0.0219727 0.0422794
1 0.391357 0.875 0.0239258 0.0514706
0 0.56543 0.60386 0.0273438 0.0459559
1 0.596436 0.296875 0.0229492 0.0441176
0 0.320801 0.642463 0.0234375 0.0422794
1 0.858643 0.0831801 0.0200195 0.0431985
1 0.147705 0.234835 0.0268555 0.0431985
1 0.804443 0.17739 0.0219727 0.0422794
1 0.80835 0.118107 0.0219727 0.0450368
1 0.526123 0.268842 0.0258789 0.0487132
1 0.811523 0.30193 0.0253906 0.0431985
1 0.335449 0.184743 0.0253906 0.0459559
1 0.691162 0.38511 0.0258789 0.0459559
1 0.582031 0.246324 0.0234375 0.0422794
1 0.989014 0.175092 0.0219727 0.0505515
1 0.226807 0.77114 0.0249023 0.0459559
1 0.238525 0.346048 0.027832 0.0523897
1 0.897461 0.106618 0.0234375 0.0441176
1 0.80542 0.211397 0.0249023 0.0422794
1 0.205322 0.313419 0.0249023 0.0477941
1 0.50415 0.176471 0.0258789 0.0496324
1 0.419434 0.947151 0.0263672 0.0487132
1 0.785156 0.271599 0.0253906 0.046875
1 0.983643 0.919577 0.0297852 0.0560662
1 0.314209 0.247243 0.0258789 0.0459559
