1 0.951416 0.556526 0.0327148 0.0487132
0 0.525879 0.209559 0.0224609 0.0459559
1 0.109619 0.387408 0.0297852 0.0652574
0 0.189697 0.54136 0.034668 0.0716912
1 0.308838 0.901654 0.027832 0.0496324
0 0.101807 0.0229779 0.034668 0.0459559
1 0.102295 0.0243566 0.0336914 0.0487132
0 0.79126 0.926011 0.0249023 0.0487132
1 0.837402 0.764706 0.0263672 0.0459559
1 0.923584 0.975643 0.0297852 0.0431985
1 0.95874 0.868107 0.0249023 0.0395221
1 0.791504 0.925092 0.0234375 0.0487132
1 0.56958 0.596048 0.0288086 0.0523897
1 0.828857 0.625 0.0219727 0.0477941
0 0.56958 0.597426 0.0317383 0.0551471
0 0.799805 0.595129 0.0283203 0.0523897
0 0.922607 0.977022 0.0297852 0.0441176
1 0.310547 0.240809 0.0292969 0.0569853
0 0.825684 0.953585 0.0283203 0.0505515
1 0.38501 0.258272 0.0288086 0.0496324
1 0.801025 0.59421 0.0258789 0.0505515
1 0.872559 0.745404 0.0263672 0.0459559
0 0.309082 0.238511 0.0302734 0.0560662
1 0.377197 0.367647 0.0219727 0.0422794
0 0.258545 0.846967 0.0297852 0.0523897
1 0.203369 0.957261 0.0307617 0.0560662
1 0.987549 0.173254 0.0249023 0.0560662
1 0.91626 0.495864 0.0249023 0.046875
0 0.872559 0.746324 0.0283203 0.0477941
0 0.93457 0.882812 0.0234375 0.0395221
0 0.202393 0.957261 0.0288086 0.0505515
1 0.415771 0.454963 0.0249023 0.0496324
0 0.828857 0.623621 0.0249023 0.0487132
0 0.439453 0.882353 0.0341797 0.0588235
0 0.0849609 0.238051 0.0361328 0.0588235
0 0.164795 0.772518 0.0288086 0.0560662
1 0.391357 0.345129 0.0229492 0.0431985
0 0.108887 0.388327 0.0302734 0.0615809
1 0.825684 0.953585 0.0283203 0.0487132
0 0.0224609 0.193015 0.0332031 0.0680147
1 0.689941 0.389706 0.03125 0.0661765
1 0.189453 0.54136 0.0341797 0.0661765
