0 0.189697 0.542739 0.0356445 0.0744485
1 0.30957 0.238051 0.0292969 0.0588235
1 0.102051 0.0248162 0.0341797 0.0496324
0 0.525146 0.20818 0.0249023 0.046875
0 0.101807 0.0234375 0.0356445 0.046875
0 0.860107 0.0831801 0.0297852 0.0487132
1 0.439209 0.880515 0.0297852 0.0588235
1 0.794678 0.926011 0.0229492 0.0487132
0 0.800537 0.595129 0.0268555 0.0487132
0 0.872559 0.745404 0.0263672 0.0477941
0 0.259277 0.848805 0.0302734 0.0560662
1 0.839844 0.764706 0.0263672 0.0459559
1 0.828857 0.62546 0.0219727 0.0487132
1 0.258789 0.847886 0.0292969 0.0523897
1 0.416504 0.454044 0.0302734 0.0588235
0 0.439453 0.881434 0.0341797 0.0588235
0 0.203125 0.957261 0.0322266 0.0542279
0 0.828857 0.624081 0.0249023 0.0496324
1 0.93457 0.881893 0.0234375 0.0413603
0 0.56958 0.597886 0.0327148 0.0560662
1 0.308594 0.904871 0.03125 0.0560662
1 0.801025 0.594669 0.0258789 0.0496324
1 0.987549 0.172794 0.0249023 0.0569853
0 0.164795 0.772059 0.0288086 0.0569853
1 0.95459 0.556985 0.0263672 0.0514706
0 0.308594 0.237592 0.03125 0.0579044
1 0.872559 0.744485 0.0263672 0.0459559
1 0.924316 0.975184 0.0283203 0.0422794
0 0.0852051 0.238051 0.0356445 0.0606618
1 0.203369 0.957261 0.0317383 0.0560662
1 0.825684 0.952665 0.0263672 0.046875
1 0.91626 0.495864 0.0249023 0.046875
0 0.109131 0.387868 0.0307617 0.0625
0 0.0222168 0.193015 0.0327148 0.0661765
1 0.689941 0.389706 0.0302734 0.0661765
1 0.955322 0.86489 0.0249023 0.0441176
1 0.189209 0.54182 0.0356445 0.0689338
