0 0.83374 0.768382 0.0297852 0.0533088
0 0.101562 0.0225184 0.0341797 0.0450368
0 0.960938 0.866268 0.0283203 0.0450368
0 0.812012 0.119026 0.0244141 0.046875
1 0.858643 0.0831801 0.0219727 0.046875
1 0.786621 0.926011 0.0263672 0.0487132
0 0.189697 0.54136 0.0336914 0.0698529
1 0.101807 0.0234375 0.0336914 0.046875
1 0.528564 0.273897 0.0219727 0.0404412
1 0.811768 0.120864 0.0219727 0.0487132
0 0.799316 0.595129 0.0283203 0.0505515
0 0.922607 0.976103 0.0297852 0.0441176
1 0.962646 0.870404 0.0249023 0.0422794
1 0.109375 0.387408 0.0292969 0.0634191
0 0.309814 0.23989 0.0297852 0.0533088
1 0.923584 0.975643 0.0297852 0.0431985
1 0.528564 0.306985 0.0219727 0.0386029
0 0.828857 0.623162 0.0249023 0.0477941
1 0.832764 0.77068 0.0297852 0.0542279
1 0.835205 0.125 0.0219727 0.0459559
1 0.202881 0.957261 0.0297852 0.0523897
0 0.872559 0.745864 0.0263672 0.0487132
1 0.947754 0.561121 0.0263672 0.0487132
1 0.569092 0.596507 0.027832 0.0496324
1 0.829102 0.62454 0.0234375 0.046875
1 0.800049 0.594669 0.0268555 0.0496324
0 0.934326 0.882812 0.0249023 0.0395221
1 0.310547 0.23989 0.0302734 0.0533088
1 0.988281 0.172335 0.0234375 0.0505515
1 0.872559 0.744485 0.0283203 0.0477941
0 0.201904 0.957261 0.027832 0.0487132
0 0.0849609 0.238051 0.0351562 0.0588235
1 0.91626 0.495864 0.0249023 0.046875
0 0.439209 0.882353 0.0336914 0.0551471
0 0.258789 0.846967 0.0273438 0.0505515
0 0.164795 0.772518 0.027832 0.0542279
1 0.415527 0.454963 0.0234375 0.0459559
1 0.385742 0.256434 0.0253906 0.0477941
0 0.109131 0.389246 0.0288086 0.0615809
0 0.0219727 0.193474 0.0332031 0.0670956
1 0.377441 0.367647 0.0224609 0.0422794
1 0.825928 0.954504 0.0297852 0.0505515
1 0.689941 0.390165 0.0302734 0.0634191
1 0.189209 0.54182 0.0336914 0.0652574
1 0.394775 0.342371 0.0249023 0.0431985
