1 0.989014 0.606618 0.0219727 0.0275735
1 0.393799 0.654871 0.0239258 0.0431985
1 0.852295 0.0804228 0.0200195 0.0395221
1 0.80127 0.0473346 0.0175781 0.0376838
1 0.857666 0.680607 0.0219727 0.0431985
0 0.603271 0.46875 0.0209961 0.0514706
0 0.0964355 0.346507 0.0288086 0.0496324
0 0.384033 0.785846 0.0200195 0.0386029
1 0.783203 0.683364 0.0283203 0.046875
0 0.828125 0.626379 0.0234375 0.0431985
0 0.980469 0.445312 0.0205078 0.0413603
0 0.560547 0.518382 0.0195312 0.0404412
1 0.00610352 0.915901 0.012207 0.0413603
1 0.194824 0.91636 0.0253906 0.0441176
1 0.672607 0.70818 0.0239258 0.0450368
1 0.799072 0.103401 0.0209961 0.0358456
1 0.764404 0.204963 0.0200195 0.0367647
1 0.488281 0.359835 0.0244141 0.0395221
1 0.549805 0.313879 0.0234375 0.0376838
1 0.832764 0.544577 0.0200195 0.0321691
0 0.145996 0.589154 0.0224609 0.0422794
0 0.710693 0.0179228 0.0209961 0.0284926
1 0.210449 0.636489 0.0214844 0.0395221
1 0.258301 0.847886 0.0283203 0.0487132
0 0.601562 0.0142463 0.0253906 0.0284926
1 0.881104 0.246783 0.0249023 0.0395221
1 0.878174 0.702665 0.0200195 0.0413603
1 0.0134277 0.97932 0.0258789 0.0413603
1 0.491943 0.940257 0.0209961 0.0349265
1 0.122803 0.472426 0.0239258 0.0404412
0 0.354004 0.84421 0.0205078 0.0376838
1 0.660645 0.0119485 0.0205078 0.0238971
0 0.878174 0.702665 0.0219727 0.0431985
1 0.878174 0.0790441 0.0219727 0.0422794
1 0.365723 0.841912 0.0205078 0.0404412
0 0.878906 0.0772059 0.0214844 0.0422794
0 0.652344 0.340533 0.0205078 0.0340074
0 0.837402 0.68796 0.0205078 0.0431985
0 0.208252 0.612132 0.0219727 0.0386029
0 0.644775 0.389706 0.0219727 0.0404412
0 0.695801 0.746783 0.0205078 0.0450368
0 0.395752 0.113971 0.0239258 0.0477941
0 0.856201 0.679688 0.0200195 0.0431985
0 0.419434 0.963695 0.0283203 0.046875
1 0.729492 0.188879 0.0234375 0.0450368
0 0.755615 0.790441 0.0249023 0.0459559
1 0.766113 0.0863971 0.0195312 0.0386029
1 0.49585 0.34375 0.0219727 0.0367647
0 0.617188 0.982537 0.0244141 0.0349265
0 0.223633 0.794118 0.0273438 0.0459559
0 0.600342 0.453585 0.0200195 0.0376838
0 0.558594 0.610754 0.0234375 0.0413603
1 0.969482 0.678309 0.0200195 0.0330882
0 0.109131 0.532629 0.0258789 0.0450368
0 0.12793 0.827665 0.0244141 0.046875
1 0.296875 0.803768 0.0224609 0.0413603
0 0.0837402 0.600643 0.027832 0.0523897
1 0.742676 0.467371 0.0283203 0.0376838
1 0.126465 0.503676 0.0205078 0.0441176
0 0.560303 0.876838 0.0249023 0.0441176
1 0.419922 0.963235 0.0283203 0.0459559
0 0.327148 0.623162 0.0234375 0.0441176
0 0.639893 0.883272 0.0209961 0.0441176
1 0.685547 0.445772 0.0234375 0.0386029
1 0.908691 0.507812 0.0234375 0.0395221
1 0.557617 0.306526 0.0195312 0.0358456
1 0.645264 0.387408 0.0219727 0.0431985
0 0.509277 0.0170037 0.0195312 0.0340074
0 0.665527 0.392923 0.0205078 0.0431985
1 0.175537 0.829504 0.0239258 0.0431985
0 0.209717 0.638327 0.019043 0.0376838
0 0.367432 0.794577 0.0219727 0.0395221
1 0.871826 0.259191 0.0219727 0.0330882
1 0.698486 0.377298 0.0209961 0.0395221
1 0.206787 0.856158 0.0268555 0.046875
0 0.616943 0.888327 0.0219727 0.0431985
1 0.0959473 0.346507 0.0268555 0.0459559
1 0.0825195 0.715074 0.0224609 0.0404412
0 0.72998 0.188419 0.0224609 0.0459559
1 0.0654297 0.905331 0.0234375 0.0441176
0 0.0141602 0.980699 0.0244141 0.0386029
1 0.394775 0.869485 0.0219727 0.0441176
1 0.108887 0.530331 0.0273438 0.0477941
1 0.0732422 0.255055 0.0263672 0.0523897
1 0.764893 0.0422794 0.0200195 0.0386029
0 0.356689 0.681526 0.0229492 0.0395221
1 0.431641 0.790441 0.0214844 0.0404412
0 0.296387 0.802849 0.0214844 0.0431985
0 0.0170898 0.466912 0.0263672 0.0551471
1 0.759521 0.215533 0.0180664 0.0358456
0 0.463623 0.881893 0.0219727 0.0413603
1 0.515137 0.684283 0.0273438 0.046875
1 0.0581055 0.878676 0.0224609 0.0404412
1 0.702637 0.0376838 0.0205078 0.03125
0 0.072998 0.254596 0.0249023 0.0496324
1 0.131836 0.136949 0.0244141 0.0441176
1 0.0522461 0.8125 0.0263672 0.0441176
0 0.427734 0.883732 0.0244141 0.0431985
1 0.371582 0.537684 0.0244141 0.0459559
1 0.828125 0.626379 0.0205078 0.0450368
0 0.167969 0.772059 0.0234375 0.0477941
0 0.287842 0.77114 0.0219727 0.0422794
1 0.482422 0.884651 0.0214844 0.0413603
1 0.563721 0.377298 0.0229492 0.0450368
0 0.123047 0.473346 0.0244141 0.0422794
0 0.536133 0.505055 0.0234375 0.0413603
1 0.237305 0.0289522 0.0273438 0.046875
0 0.703369 0.651654 0.0249023 0.0459559
1 0.991699 0.762408 0.0166016 0.0395221
0 0.728516 0.63557 0.0214844 0.0450368
1 0.460205 0.674632 0.027832 0.0496324
1 0.835205 0.94761 0.027832 0.0459559
1 0.762207 0.889706 0.0234375 0.0404412
1 0.394287 0.113511 0.0229492 0.0450368
0 0.783203 0.682904 0.0244141 0.0459559
0 0.606201 0.484835 0.0219727 0.0395221
1 0.702637 0.190717 0.0205078 0.0395221
0 0.296875 0.675551 0.0234375 0.0477941
1 0.880615 0.824908 0.0219727 0.046875
1 0.733398 0.0960478 0.0234375 0.0431985
1 0.582764 0.202206 0.0219727 0.0349265
1 0.168701 0.0160846 0.027832 0.0321691
1 0.755859 0.788143 0.0244141 0.0450368
0 0.67334 0.709099 0.0224609 0.0450368
1 0.19751 0.358915 0.0239258 0.0431985
1 0.852295 0.263787 0.0249023 0.0386029
0 0.348877 0.801471 0.0219727 0.0441176
1 0.146484 0.588235 0.0234375 0.0459559
1 0.802002 0.168658 0.0239258 0.0413603
0 0.0351562 0.407169 0.0244141 0.0496324
1 0.117676 0.159467 0.0244141 0.0450368
1 0.572998 0.216452 0.0229492 0.0395221
1 0.832031 0.128217 0.0253906 0.0413603
1 0.0942383 0.8125 0.0253906 0.0477941
1 0.829834 0.518382 0.0219727 0.0404412
1 0.445557 0.15625 0.0209961 0.0422794
0 0.736328 0.909467 0.0263672 0.046875
1 0.598389 0.300551 0.0219727 0.0422794
1 0.0693359 0.798713 0.0234375 0.0441176
1 0.361084 0.164062 0.0239258 0.0413603
1 0.0922852 0.0363051 0.0332031 0.0542279
1 0.673096 0.051011 0.0239258 0.0431985
1 0.160889 0.496783 0.0258789 0.046875
0 0.65625 0.309743 0.0214844 0.0386029
0 0.234375 0.710018 0.0234375 0.0431985
1 0.94043 0.693474 0.0234375 0.0413603
1 0.990479 0.186581 0.0170898 0.0422794
1 0.223633 0.795037 0.0253906 0.0441176
1 0.914062 0.548254 0.0234375 0.0395221
1 0.0427246 0.931066 0.0229492 0.0422794
1 0.782471 0.588695 0.0268555 0.0413603
1 0.94458 0.732537 0.0219727 0.0386029
1 0.184814 0.460478 0.0249023 0.0459559
1 0.93042 0.33364 0.0219727 0.0422794
1 0.403076 0.160386 0.0229492 0.0431985
1 0.133057 0.630055 0.0258789 0.046875
1 0.406494 0.346967 0.0258789 0.0450368
0 0.258057 0.847886 0.0249023 0.0431985
1 0.197998 0.534926 0.0258789 0.0477941
1 0.029541 0.888327 0.0268555 0.046875
1 0.591797 0.367647 0.0234375 0.0404412
1 0.154297 0.228401 0.0263672 0.0487132
0 0.318604 0.875 0.0249023 0.0477941
1 0.612061 0.252298 0.0219727 0.0395221
1 0.989746 0.128676 0.0185547 0.0422794
1 0.52002 0.0726103 0.0234375 0.0441176
1 0.2229 0.0762868 0.0249023 0.0477941
1 0.776611 0.863971 0.0229492 0.0404412
1 0.409912 0.205882 0.0249023 0.0441176
1 0.888916 0.238511 0.0249023 0.0450368
1 0.59668 0.229779 0.0195312 0.0404412
1 0.305664 0.119026 0.0244141 0.0450368
1 0.855469 0.867647 0.0253906 0.0459559
1 0.992676 0.554688 0.0146484 0.046875
1 0.910889 0.590533 0.0219727 0.0358456
1 0.919678 0.838235 0.0249023 0.0477941
1 0.229492 0.344669 0.0234375 0.0441176
1 0.376465 0.368566 0.0263672 0.0496324
0 0.529053 0.45818 0.0209961 0.0450368
1 0.714111 0.480239 0.0249023 0.0431985
1 0.572266 0.105239 0.0234375 0.0413603
1 0.331299 0.201287 0.0249023 0.0422794
1 0.677979 0.139246 0.0249023 0.046875
1 0.459717 0.172335 0.0209961 0.0413603
1 0.210693 0.307904 0.0258789 0.0459559
1 0.45874 0.106618 0.0249023 0.0422794
1 0.145752 0.304228 0.0268555 0.0477941
1 0.689209 0.180147 0.0219727 0.0367647
1 0.460693 0.50046 0.0249023 0.0413603
0 0.0102539 0.212316 0.0205078 0.0514706
1 0.281738 0.188419 0.0244141 0.0404412
1 0.518799 0.826746 0.0209961 0.0413603
1 0.415283 0.779412 0.0219727 0.0441176
1 0.183105 0.381893 0.0234375 0.0413603
1 0.498047 0.175092 0.0263672 0.0505515
1 0.964844 0.755055 0.0234375 0.0431985
1 0.80542 0.23989 0.0249023 0.0404412
1 0.576904 0.25046 0.0239258 0.0413603
1 0.981201 0.736673 0.0200195 0.0376838
1 0.960938 0.222426 0.0253906 0.0386029
0 0.268799 0.984375 0.0268555 0.03125
1 0.947021 0.316176 0.0249023 0.0422794
1 0.795654 0.402114 0.0229492 0.0413603
1 0.315918 0.251838 0.0263672 0.0477941
1 0.407471 0.538143 0.0249023 0.0450368
1 0.366211 0.204044 0.0214844 0.0441176
1 0.813965 0.446232 0.0234375 0.0431985
1 0.972656 0.18796 0.0234375 0.0413603
1 0.531738 0.339154 0.0224609 0.0422794
1 0.780273 0.274816 0.0234375 0.0422794
1 0.919434 0.616268 0.0234375 0.0395221
1 0.803955 0.294577 0.0249023 0.0431985
1 0.483643 0.134651 0.0239258 0.0450368
1 0.531738 0.804228 0.0234375 0.0422794
1 0.531982 0.269761 0.0258789 0.0450368
1 0.41333 0.463695 0.0268555 0.0487132
1 0.986816 0.9375 0.0263672 0.0477941
1 0.267334 0.214614 0.0249023 0.0431985
1 0.441895 0.472426 0.0224609 0.0441176
