1 0.523682 0.209559 0.0180664 0.0404412
1 0.30957 0.897978 0.0283203 0.0496324
0 0.534424 0.919118 0.0297852 0.0496324
0 0.101074 0.0225184 0.0341797 0.0450368
0 0.567871 0.597426 0.0302734 0.0551471
1 0.101318 0.0234375 0.0336914 0.046875
0 0.922852 0.976562 0.03125 0.046875
0 0.189697 0.54182 0.0336914 0.0689338
1 0.785156 0.926011 0.0263672 0.0487132
1 0.0849609 0.238511 0.0332031 0.0615809
0 0.799072 0.595129 0.0288086 0.0505515
0 0.811035 0.117647 0.0234375 0.0477941
1 0.810791 0.119945 0.0219727 0.046875
1 0.109131 0.387408 0.0288086 0.0634191
1 0.922852 0.975643 0.03125 0.0431985
1 0.835938 0.125 0.0214844 0.0441176
1 0.829834 0.77114 0.0297852 0.0569853
0 0.96582 0.873162 0.0234375 0.0514706
1 0.872559 0.745864 0.0283203 0.046875
0 0.831299 0.77068 0.0297852 0.0560662
0 0.826416 0.953585 0.0297852 0.0523897
1 0.569336 0.596507 0.0273438 0.0496324
0 0.309814 0.240349 0.0307617 0.0542279
0 0.828857 0.623162 0.0249023 0.0477941
1 0.202637 0.957261 0.0302734 0.0542279
1 0.964844 0.87454 0.0234375 0.0487132
0 0.872559 0.746324 0.0283203 0.0496324
0 0.439209 0.882353 0.0327148 0.0569853
0 0.0849609 0.238051 0.0351562 0.0588235
1 0.799805 0.594669 0.0273438 0.0496324
1 0.310547 0.240349 0.03125 0.0542279
1 0.988281 0.171875 0.0234375 0.0514706
1 0.527588 0.272978 0.0209961 0.0386029
1 0.917236 0.493566 0.0249023 0.0496324
0 0.258789 0.846967 0.0273438 0.0505515
0 0.201904 0.957261 0.027832 0.0487132
1 0.945312 0.560662 0.0292969 0.0477941
0 0.934326 0.883272 0.0249023 0.0422794
1 0.829102 0.624081 0.0234375 0.0477941
1 0.528809 0.307445 0.0224609 0.0450368
0 0.165527 0.772978 0.0283203 0.0496324
1 0.38623 0.255055 0.0263672 0.0487132
1 0.415527 0.454963 0.0244141 0.0459559
0 0.108887 0.389246 0.0292969 0.0615809
0 0.0219727 0.192555 0.0332031 0.0670956
1 0.377686 0.367188 0.0239258 0.0431985
1 0.395264 0.339614 0.0239258 0.0431985
1 0.189209 0.542279 0.034668 0.0661765
1 0.689941 0.389706 0.0302734 0.0643382
1 0.826416 0.954044 0.0297852 0.0514706
