1 0.165527 0.772059 0.0292969 0.0569853
1 0.109619 0.386949 0.0297852 0.0643382
0 0.102295 0.0234375 0.0356445 0.046875
1 0.79541 0.926011 0.0234375 0.046875
0 0.525146 0.207721 0.0258789 0.0459559
0 0.859375 0.082261 0.0234375 0.0487132
1 0.310547 0.23989 0.0292969 0.0606618
1 0.102539 0.0243566 0.0341797 0.0487132
0 0.800049 0.595129 0.027832 0.0523897
1 0.438965 0.880055 0.0302734 0.0597426
0 0.872559 0.746324 0.0263672 0.0477941
0 0.203125 0.957261 0.03125 0.0542279
0 0.259521 0.848805 0.0307617 0.0542279
1 0.840576 0.765625 0.0268555 0.0459559
0 0.570068 0.597426 0.0327148 0.0569853
1 0.258545 0.847886 0.0297852 0.0542279
0 0.828857 0.624081 0.0249023 0.0496324
1 0.828857 0.62546 0.0219727 0.0487132
1 0.41626 0.454504 0.0297852 0.0597426
0 0.164795 0.772518 0.0288086 0.0560662
0 0.439453 0.880974 0.0341797 0.0597426
1 0.93457 0.882353 0.0234375 0.0404412
1 0.308105 0.90579 0.03125 0.0560662
1 0.800781 0.594669 0.0253906 0.0496324
1 0.987549 0.173254 0.0249023 0.0560662
0 0.308594 0.238051 0.0302734 0.0588235
1 0.924316 0.975184 0.0283203 0.0422794
1 0.95459 0.556985 0.0263672 0.0514706
0 0.0852051 0.237592 0.0366211 0.0597426
1 0.872559 0.745404 0.0263672 0.0459559
1 0.203613 0.957261 0.03125 0.0560662
0 0.109375 0.387868 0.0302734 0.0625
1 0.825684 0.952665 0.0263672 0.046875
1 0.91626 0.495864 0.0249023 0.046875
1 0.689941 0.389246 0.0302734 0.0652574
0 0.0224609 0.193474 0.0332031 0.0652574
1 0.955322 0.86489 0.0249023 0.0441176
1 0.189209 0.542279 0.034668 0.0661765
