0 0.28418 0.184283 0.0224609 0.0395221
0 0.510254 0.0160846 0.0195312 0.0321691
1 0.516113 0.822151 0.0195312 0.0413603
0 0.601807 0.0151654 0.0209961 0.0303309
0 0.0983887 0.869026 0.0170898 0.0358456
0 0.49292 0.609375 0.0209961 0.0330882
1 0.829102 0.517923 0.0234375 0.0376838
0 0.583252 0.197151 0.019043 0.0321691
1 0.917969 0.832261 0.0263672 0.0450368
0 0.177979 0.494026 0.0180664 0.0358456
1 0.500488 0.341912 0.0185547 0.0367647
0 0.367188 0.84421 0.0175781 0.0413603
0 0.81958 0.130974 0.019043 0.0284926
1 0.979736 0.447151 0.0219727 0.0395221
0 0.0285645 0.891085 0.0209961 0.0395221
0 0.194092 0.238511 0.0180664 0.0395221
0 0.817139 0.8125 0.0170898 0.0404412
0 0.32959 0.202665 0.0195312 0.0358456
0 0.726562 0.132353 0.0166016 0.0367647
0 0.42041 0.876838 0.0185547 0.0367647
1 0.896973 0.340993 0.0185547 0.0349265
0 0.728027 0.193934 0.0166016 0.0367647
0 0.570557 0.210938 0.0219727 0.0358456
0 0.859375 0.673713 0.0185547 0.0349265
0 0.994141 0.106158 0.0117188 0.0358456
0 0.529541 0.34375 0.0209961 0.0330882
1 0.563965 0.303309 0.0185547 0.0349265
0 0.781738 0.58318 0.0234375 0.0450368
1 0.490723 0.357996 0.0205078 0.0376838
0 0.992188 0.118566 0.0136719 0.0477941
1 0.575439 0.253217 0.0209961 0.0358456
0 0.704346 0.196232 0.0170898 0.0340074
0 0.617432 0.977022 0.0209961 0.0386029
0 0.993408 0.293199 0.0131836 0.0404412
0 0.910156 0.587316 0.0185547 0.0349265
0 0.499268 0.172794 0.0209961 0.0404412
0 0.215088 0.741728 0.0170898 0.0349265
1 0.971924 0.17739 0.019043 0.0367647
0 0.455078 0.247243 0.0195312 0.0330882
0 0.572266 0.107537 0.0205078 0.0349265
0 0.0385742 0.404871 0.0214844 0.0395221
0 0.352783 0.842831 0.0200195 0.0367647
0 0.99292 0.757812 0.0141602 0.0395221
0 0.980469 0.446232 0.0205078 0.0395221
0 0.990967 0.186581 0.0180664 0.0386029
1 0.941406 0.247702 0.0234375 0.0358456
1 0.445068 0.154412 0.0209961 0.0349265
0 0.375977 0.0358456 0.0234375 0.03125
1 0.498291 0.173713 0.0219727 0.0386029
0 0.0405273 0.251838 0.0214844 0.0330882
0 0.547607 0.314338 0.0180664 0.0349265
0 0.521484 0.61443 0.0146484 0.0413603
0 0.814941 0.450827 0.0205078 0.0376838
0 0.921875 0.622702 0.0175781 0.0340074
0 0.125977 0.503676 0.0195312 0.0367647
0 0.803223 0.046875 0.0185547 0.0367647
0 0.527344 0.674632 0.0253906 0.0238971
0 0.00854492 0.988511 0.0170898 0.0229779
1 0.529785 0.340993 0.0195312 0.0349265
0 0.223877 0.799173 0.0219727 0.0321691
0 0.953125 0.0620404 0.0185547 0.0376838
0 0.878174 0.0762868 0.019043 0.0422794
0 0.0102539 0.841912 0.0175781 0.0404412
1 0.571533 0.214154 0.0219727 0.0349265
0 0.971924 0.178309 0.0200195 0.0367647
0 0.942871 0.682904 0.0205078 0.0349265
0 0.0322266 0.53171 0.0175781 0.0395221
0 0.0717773 0.256434 0.0214844 0.0404412
1 0.546875 0.317096 0.0214844 0.0349265
0 0.764404 0.897059 0.0229492 0.0386029
0 0.987549 0.941176 0.0249023 0.0404412
0 0.458496 0.107996 0.0224609 0.0321691
0 0.119141 0.161305 0.0195312 0.0376838
0 0.656494 0.303309 0.0180664 0.0349265
0 0.843018 0.128217 0.0200195 0.0358456
0 0.515869 0.466452 0.0209961 0.0376838
0 0.615967 0.25 0.0170898 0.0330882
0 0.574951 0.253676 0.0200195 0.0349265
0 0.793457 0.402114 0.0205078 0.0395221
1 0.925781 0.334099 0.0214844 0.0395221
0 0.216309 0.930147 0.015625 0.0404412
0 0.133301 0.134651 0.0214844 0.0395221
1 0.412109 0.205423 0.0214844 0.0431985
0 0.88208 0.827206 0.0170898 0.0404412
0 0.534424 0.802849 0.0209961 0.0395221
0 0.168945 0.015625 0.0253906 0.03125
0 0.0688477 0.796875 0.0185547 0.0386029
0 0.00878906 0.217831 0.0175781 0.0404412
0 0.19873 0.538603 0.0224609 0.0404412
0 0.645996 0.391085 0.0185547 0.0376838
0 0.990723 0.131434 0.0185547 0.0367647
0 0.616455 0.888787 0.0209961 0.0422794
0 0.368164 0.796415 0.0175781 0.0376838
0 0.516846 0.82261 0.0200195 0.0386029
0 0.542969 0.511949 0.0224609 0.0349265
1 0.959229 0.224265 0.0219727 0.0386029
0 0.210938 0.303768 0.0195312 0.0413603
0 0.268066 0.219669 0.0224609 0.0404412
0 0.206543 0.854779 0.0224609 0.0441176
0 0.834229 0.55239 0.0219727 0.0386029
0 0.108643 0.53171 0.0219727 0.0376838
0 0.716064 0.483456 0.0200195 0.0404412
0 0.965576 0.758732 0.0219727 0.0431985
0 0.15625 0.22886 0.0234375 0.0404412
1 0.532715 0.272978 0.0224609 0.0386029
0 0.61792 0.422335 0.0170898 0.0376838
0 0.592041 0.372243 0.0180664 0.0386029
0 0.728271 0.630515 0.0209961 0.0404412
0 0.85083 0.0831801 0.0200195 0.0413603
0 0.4021 0.160386 0.0209961 0.0376838
0 0.563965 0.373621 0.0205078 0.0395221
0 0.258545 0.846967 0.0229492 0.0376838
0 0.598145 0.299632 0.0195312 0.0386029
0 0.829834 0.517004 0.0219727 0.0395221
0 0.348389 0.801011 0.0200195 0.0395221
0 0.754883 0.788143 0.0234375 0.0431985
0 0.919434 0.837776 0.0234375 0.0413603
0 0.319824 0.873621 0.0224609 0.0450368
0 0.981934 0.741268 0.0185547 0.0358456
0 0.0158691 0.46921 0.0219727 0.0431985
0 0.0410156 0.120404 0.0214844 0.0386029
0 0.786377 0.67693 0.0239258 0.046875
0 0.0556641 0.113971 0.0205078 0.0367647
0 0.602051 0.448529 0.0185547 0.0404412
0 0.269287 0.983456 0.0249023 0.0330882
0 0.127686 0.827206 0.0209961 0.0441176
0 0.606934 0.48989 0.0195312 0.0349265
0 0.776123 0.860294 0.0219727 0.0367647
0 0.828857 0.62454 0.0200195 0.0395221
1 0.946777 0.316176 0.0234375 0.0422794
0 0.945312 0.734375 0.0185547 0.0349265
0 0.395264 0.113051 0.0229492 0.0441176
0 0.0922852 0.0358456 0.0283203 0.0441176
0 0.361084 0.161765 0.0200195 0.0386029
