1 0.882812 0.240809 0.0214844 0.0477941
1 0.165283 0.772059 0.027832 0.0551471
0 0.539307 0.910386 0.0288086 0.0505515
1 0.858643 0.0836397 0.0219727 0.0441176
1 0.311523 0.89568 0.0283203 0.0487132
1 0.858643 0.252298 0.0219727 0.0395221
0 0.797607 0.594669 0.0268555 0.0477941
1 0.569336 0.596967 0.0273438 0.046875
1 0.521484 0.207261 0.0195312 0.0413603
0 0.933594 0.882353 0.0253906 0.0404412
0 0.391357 0.870864 0.0219727 0.046875
1 0.172363 0.0206801 0.0263672 0.0395221
0 0.438965 0.883732 0.0244141 0.0487132
0 0.567871 0.597426 0.0302734 0.0551471
1 0.797607 0.592831 0.0268555 0.0459559
1 0.408203 0.894761 0.0224609 0.046875
1 0.810791 0.119945 0.0219727 0.046875
1 0.777344 0.920956 0.0292969 0.0514706
0 0.200928 0.959559 0.0317383 0.0551471
0 0.827393 0.774357 0.027832 0.046875
1 0.539307 0.911765 0.0258789 0.0477941
1 0.200684 0.95864 0.0292969 0.0514706
0 0.187988 0.0431985 0.0253906 0.0459559
0 0.258545 0.847426 0.0268555 0.0514706
1 0.921143 0.978401 0.0327148 0.0431985
1 0.828857 0.624081 0.0219727 0.0477941
1 0.989014 0.172335 0.0219727 0.0487132
1 0.934326 0.880055 0.0249023 0.0431985
1 0.528564 0.310662 0.0209961 0.0404412
0 0.171875 0.0215993 0.0273438 0.0431985
1 0.835938 0.124081 0.0234375 0.0441176
1 0.525391 0.270221 0.0214844 0.0404412
0 0.828857 0.623162 0.0249023 0.0496324
0 0.777344 0.922335 0.0273438 0.0487132
1 0.917236 0.493566 0.0249023 0.0496324
1 0.39209 0.872243 0.0214844 0.0441176
1 0.942139 0.563879 0.0297852 0.0523897
0 0.165039 0.772059 0.0283203 0.0496324
0 0.871826 0.743107 0.0268555 0.0505515
0 0.826416 0.954504 0.0297852 0.0523897
0 0.0849609 0.238511 0.03125 0.0560662
1 0.785645 0.272518 0.0234375 0.0450368
0 0.0222168 0.193474 0.0307617 0.0597426
1 0.415039 0.455423 0.0234375 0.0431985
1 0.389648 0.244485 0.0253906 0.0533088
0 0.106934 0.387408 0.0273438 0.0560662
1 0.799805 0.299632 0.0234375 0.0441176
1 0.311523 0.243566 0.0273438 0.0441176
1 0.972656 0.884651 0.0253906 0.0431985
1 0.377686 0.369026 0.0249023 0.0450368
1 0.689941 0.389706 0.03125 0.0643382
1 0.406494 0.338235 0.0239258 0.0441176
1 0.189209 0.542279 0.0317383 0.0606618
