1 0.100342 0.0238971 0.034668 0.0477941
0 0.100342 0.0229779 0.034668 0.0459559
1 0.858643 0.0840993 0.0219727 0.046875
1 0.933594 0.880974 0.0253906 0.0450368
1 0.523438 0.209099 0.0185547 0.0413603
0 0.310791 0.897978 0.0297852 0.0533088
0 0.310547 0.241728 0.0302734 0.0514706
0 0.567871 0.596967 0.0302734 0.0560662
0 0.79834 0.595588 0.0283203 0.0477941
1 0.921875 0.977482 0.0332031 0.0450368
0 0.189697 0.542279 0.0336914 0.0661765
1 0.569092 0.596967 0.027832 0.0487132
0 0.921875 0.977941 0.03125 0.0422794
0 0.5354 0.91682 0.0297852 0.0505515
1 0.799316 0.594669 0.0263672 0.0477941
1 0.202148 0.959099 0.03125 0.0560662
1 0.398682 0.334559 0.0258789 0.0422794
0 0.439453 0.881893 0.0263672 0.0487132
0 0.828857 0.623162 0.0249023 0.0496324
0 0.828857 0.772059 0.0297852 0.0551471
1 0.943604 0.56296 0.0297852 0.0505515
1 0.529053 0.309283 0.0209961 0.0413603
1 0.811035 0.119485 0.0234375 0.0477941
0 0.20166 0.959099 0.0283203 0.0487132
1 0.917236 0.494026 0.0249023 0.0487132
1 0.98877 0.172335 0.0224609 0.0505515
1 0.829102 0.624081 0.0234375 0.0477941
1 0.5271 0.270221 0.0219727 0.0386029
1 0.835938 0.124081 0.0234375 0.0459559
1 0.415283 0.455423 0.0239258 0.0450368
1 0.311035 0.242188 0.0302734 0.0505515
0 0.781982 0.921875 0.0327148 0.0514706
0 0.872559 0.746324 0.0283203 0.0477941
0 0.934326 0.883272 0.0249023 0.0441176
1 0.825928 0.954963 0.0297852 0.0514706
0 0.0849609 0.238971 0.0341797 0.0606618
1 0.377686 0.367188 0.0239258 0.0450368
0 0.108643 0.388787 0.0288086 0.0606618
0 0.258789 0.847886 0.0263672 0.0505515
0 0.165283 0.773897 0.0268555 0.0514706
1 0.96875 0.879136 0.0253906 0.046875
0 0.826416 0.954504 0.0297852 0.0523897
1 0.388428 0.25046 0.0268555 0.0487132
0 0.0222168 0.192555 0.0327148 0.0652574
1 0.189209 0.54182 0.034668 0.0652574
1 0.689941 0.390165 0.03125 0.0652574
