1 0.076416 0.243566 0.0288086 0.0477941
1 0.162109 0.769301 0.0273438 0.0496324
1 0.807861 0.988051 0.0297852 0.0238971
1 0.564453 0.60386 0.0263672 0.0441176
0 0.405762 0.204044 0.0263672 0.0533088
1 0.0151367 0.198989 0.0263672 0.0542279
1 0.879883 0.824908 0.0234375 0.0450368
0 0.0922852 0.599724 0.0224609 0.0450368
1 0.132568 0.610294 0.0219727 0.0422794
0 0.522217 0.0680147 0.0258789 0.0459559
0 0.610596 0.0128676 0.0249023 0.0257353
0 0.678467 0.0592831 0.0219727 0.0413603
0 0.125 0.823529 0.0283203 0.0496324
0 0.314453 0.886949 0.0253906 0.0441176
0 0.834473 0.862592 0.0205078 0.0413603
0 0.825684 0.955882 0.0263672 0.0477941
0 0.410156 0.339614 0.0253906 0.0450368
0 0.0944824 0.815717 0.0288086 0.0542279
0 0.441162 0.884651 0.0288086 0.046875
1 0.588867 0.363051 0.0234375 0.0404412
0 0.0771484 0.242188 0.03125 0.0505515
0 0.0148926 0.981158 0.0258789 0.0376838
0 0.132812 0.611213 0.0214844 0.0422794
0 0.268066 0.985754 0.0283203 0.0284926
1 0.406006 0.204504 0.0258789 0.0487132
1 0.572021 0.10432 0.0249023 0.046875
0 0.77832 0.704963 0.0234375 0.0422794
1 0.0319824 0.410846 0.0229492 0.0422794
1 0.472168 0.671415 0.0224609 0.046875
1 0.124512 0.824449 0.0273438 0.0496324
1 0.534668 0.331801 0.0244141 0.0496324
1 0.146729 0.585478 0.0209961 0.0441176
1 0.371582 0.539062 0.0253906 0.046875
1 0.414551 0.45864 0.0263672 0.0441176
0 0.197021 0.53125 0.0229492 0.0422794
0 0.877441 0.71921 0.0263672 0.0487132
1 0.259277 0.846507 0.0283203 0.0459559
1 0.410156 0.340533 0.0273438 0.046875
0 0.828125 0.621783 0.0253906 0.0505515
1 0.0205078 0.445312 0.0234375 0.0450368
1 0.499268 0.673713 0.0249023 0.0514706
1 0.730957 0.105239 0.0244141 0.046875
0 0.751221 0.920956 0.0258789 0.0514706
0 0.188477 0.477022 0.0244141 0.0459559
1 0.829102 0.622243 0.0234375 0.0477941
1 0.824951 0.955423 0.027832 0.046875
1 0.678467 0.0602022 0.0239258 0.0413603
0 0.156982 0.493566 0.0239258 0.0441176
0 0.374512 0.693015 0.0224609 0.0422794
1 0.187744 0.839614 0.0239258 0.0413603
1 0.751221 0.921875 0.0258789 0.0496324
0 0.146973 0.585018 0.0205078 0.0413603
0 0.391846 0.658088 0.0219727 0.0441176
1 0.380859 0.786765 0.0234375 0.0441176
1 0.440186 0.88557 0.0288086 0.046875
1 0.740234 0.171415 0.0244141 0.0487132
1 0.0935059 0.815257 0.0288086 0.0533088
1 0.521973 0.0693934 0.0244141 0.0450368
1 0.854004 0.257353 0.0234375 0.0422794
0 0.880371 0.824908 0.0234375 0.0505515
1 0.609375 0.247243 0.0195312 0.0386029
1 0.925781 0.852022 0.0263672 0.0441176
1 0.928955 0.564338 0.0268555 0.0441176
0 0.472656 0.670956 0.0214844 0.0459559
1 0.914795 0.496324 0.0297852 0.0477941
1 0.103271 0.524357 0.0249023 0.046875
1 0.202881 0.850643 0.0229492 0.0395221
0 0.5 0.673713 0.0234375 0.0514706
0 0.25708 0.844669 0.0258789 0.0459559
0 0.237549 0.710938 0.0249023 0.0413603
0 0.0166016 0.19807 0.0253906 0.0505515
1 0.0959473 0.355239 0.0268555 0.046875
1 0.652344 0.397518 0.0224609 0.0431985
1 0.571777 0.391085 0.0234375 0.0395221
0 0.755615 0.788603 0.0258789 0.0441176
1 0.838135 0.125 0.0249023 0.0441176
1 0.0930176 0.602022 0.0239258 0.0459559
1 0.600098 0.231618 0.0195312 0.0386029
0 0.16333 0.772059 0.0249023 0.0459559
0 0.196045 0.936581 0.0249023 0.0422794
1 0.211914 0.0795037 0.0263672 0.0505515
0 0.857178 0.865349 0.0249023 0.046875
0 0.785156 0.59421 0.0292969 0.0450368
0 0.559326 0.881434 0.0268555 0.0459559
0 0.826416 0.810202 0.0249023 0.0505515
1 0.151855 0.292279 0.0273438 0.0441176
1 0.314453 0.144301 0.0234375 0.0477941
1 0.377686 0.368566 0.0249023 0.0441176
1 0.171875 0.0183824 0.0292969 0.0367647
0 0.300781 0.66636 0.0234375 0.0459559
1 0.881104 0.0854779 0.0219727 0.0422794
1 0.0913086 0.0321691 0.0332031 0.0533088
1 0.858643 0.0831801 0.0200195 0.0431985
1 0.147705 0.234375 0.0268555 0.0422794
0 0.56543 0.60386 0.0273438 0.0459559
1 0.667725 0.393842 0.0219727 0.0413603
1 0.391602 0.875 0.0234375 0.0496324
1 0.596436 0.297335 0.0229492 0.0431985
1 0.804443 0.176471 0.0219727 0.0422794
1 0.80835 0.118107 0.0219727 0.0431985
1 0.526123 0.269301 0.0249023 0.0477941
1 0.811523 0.30193 0.0253906 0.0431985
1 0.226562 0.772059 0.0253906 0.0459559
0 0.320801 0.641544 0.0234375 0.0422794
1 0.238525 0.346048 0.027832 0.0505515
1 0.582031 0.246783 0.0234375 0.0413603
1 0.335205 0.184743 0.0249023 0.0459559
1 0.989014 0.175092 0.0219727 0.0487132
1 0.691406 0.38557 0.0253906 0.046875
1 0.897461 0.106618 0.0234375 0.0441176
1 0.205566 0.314338 0.0244141 0.0477941
1 0.80542 0.211397 0.0249023 0.0422794
1 0.50415 0.176011 0.0258789 0.0487132
1 0.785156 0.271599 0.0253906 0.046875
1 0.419678 0.947151 0.0258789 0.0487132
1 0.983643 0.920496 0.027832 0.0560662
1 0.313965 0.246783 0.0253906 0.0450368
