0 0.82666 0.954044 0.0263672 0.0514706
1 0.308838 0.900735 0.027832 0.0496324
0 0.525391 0.210018 0.0224609 0.0450368
0 0.101807 0.0229779 0.034668 0.0459559
1 0.109375 0.386949 0.0292969 0.0625
1 0.439209 0.880515 0.0297852 0.0588235
1 0.102051 0.0238971 0.0332031 0.0477941
0 0.189697 0.54182 0.034668 0.0707721
1 0.310547 0.240809 0.0302734 0.0569853
1 0.950684 0.556985 0.03125 0.0477941
1 0.923584 0.975643 0.0297852 0.0431985
0 0.799805 0.594669 0.0283203 0.0514706
1 0.56958 0.596507 0.0288086 0.0514706
0 0.922607 0.977022 0.027832 0.0441176
0 0.56958 0.596967 0.0288086 0.0523897
1 0.959229 0.869026 0.0249023 0.0395221
1 0.38501 0.258272 0.0288086 0.0496324
1 0.791016 0.925092 0.0253906 0.0487132
0 0.872559 0.746324 0.0263672 0.0477941
1 0.83667 0.764706 0.0268555 0.0477941
1 0.828857 0.62454 0.0219727 0.0487132
0 0.93457 0.883272 0.0234375 0.0386029
0 0.309814 0.238511 0.0307617 0.0560662
1 0.800781 0.594669 0.0263672 0.0496324
0 0.828857 0.623621 0.0249023 0.0487132
0 0.202393 0.957261 0.0288086 0.0505515
1 0.987549 0.173254 0.0249023 0.0560662
1 0.203369 0.957261 0.0307617 0.0542279
0 0.258789 0.847426 0.0273438 0.0514706
0 0.438965 0.881434 0.0341797 0.0569853
1 0.91626 0.495864 0.0249023 0.046875
0 0.165039 0.772518 0.0283203 0.0560662
1 0.377197 0.367647 0.0219727 0.0422794
1 0.872559 0.744485 0.0263672 0.0459559
1 0.416016 0.454963 0.0253906 0.0496324
0 0.0849609 0.23943 0.0341797 0.0615809
1 0.39209 0.34421 0.0224609 0.0431985
0 0.108887 0.389706 0.0292969 0.0606618
1 0.689941 0.389246 0.0302734 0.0652574
0 0.0222168 0.193015 0.0327148 0.0661765
1 0.825684 0.953585 0.0283203 0.0487132
1 0.189453 0.542279 0.0341797 0.0661765
