1 0.394043 0.357077 0.0380859 0.0505515
1 0.564697 0.0831801 0.0249023 0.0413603
0 0.858643 0.0845588 0.0200195 0.0459559
1 0.858643 0.0836397 0.0219727 0.0459559
0 0.990967 0.415441 0.0180664 0.0367647
0 0.545654 0.904412 0.0249023 0.0477941
0 0.804443 0.303768 0.0219727 0.0450368
0 0.259521 0.845588 0.0297852 0.0514706
0 0.977295 0.89568 0.0297852 0.0505515
1 0.543457 0.0579044 0.0244141 0.0422794
1 0.312256 0.892463 0.027832 0.0496324
0 0.917236 0.493107 0.0249023 0.0450368
1 0.0957031 0.0243566 0.0292969 0.0431985
1 0.882812 0.241728 0.0214844 0.0477941
1 0.92041 0.97886 0.03125 0.0422794
0 0.825684 0.778033 0.0263672 0.0450368
0 0.171875 0.0225184 0.0273438 0.0413603
0 0.689453 0.388327 0.0292969 0.0597426
1 0.858643 0.253676 0.0219727 0.0404412
0 0.920898 0.980699 0.03125 0.0386029
0 0.794678 0.592831 0.0258789 0.0477941
0 0.567627 0.596967 0.0297852 0.0542279
1 0.519287 0.200827 0.0219727 0.0395221
0 0.772217 0.923713 0.027832 0.0496324
1 0.196289 0.0611213 0.0253906 0.046875
1 0.825928 0.955882 0.0297852 0.0496324
0 0.196045 0.0629596 0.0258789 0.046875
1 0.786133 0.272518 0.0234375 0.046875
0 0.438965 0.884651 0.0234375 0.0487132
1 0.828857 0.623162 0.0219727 0.0477941
0 0.198975 0.95864 0.0317383 0.0533088
1 0.259033 0.846048 0.0258789 0.0487132
1 0.771973 0.922794 0.0273438 0.0496324
1 0.917236 0.492647 0.0297852 0.0477941
1 0.810791 0.119026 0.0219727 0.0450368
0 0.565674 0.0813419 0.0229492 0.0431985
1 0.83667 0.12454 0.0219727 0.0431985
0 0.756592 0.790441 0.0239258 0.0404412
0 0.933594 0.881434 0.0234375 0.0422794
1 0.545654 0.90579 0.0268555 0.0487132
1 0.989014 0.173254 0.0219727 0.0487132
1 0.568848 0.597886 0.0273438 0.0487132
0 0.871826 0.743566 0.0249023 0.0459559
1 0.524658 0.269301 0.0229492 0.0404412
1 0.824219 0.778033 0.0253906 0.046875
0 0.826416 0.954044 0.0297852 0.0514706
0 0.0224609 0.193015 0.0273438 0.0533088
1 0.936768 0.565717 0.0268555 0.046875
1 0.865723 0.858915 0.0234375 0.046875
0 0.0849609 0.238511 0.0302734 0.0523897
1 0.528076 0.310202 0.0219727 0.0413603
0 0.231445 0.339614 0.0234375 0.0505515
1 0.171387 0.0220588 0.0273438 0.0404412
0 0.828857 0.622702 0.0249023 0.0487132
1 0.410156 0.909926 0.0214844 0.0441176
0 0.164795 0.77068 0.0297852 0.0505515
1 0.198975 0.95864 0.0297852 0.0514706
1 0.805664 0.30193 0.0234375 0.046875
1 0.879883 0.827206 0.0234375 0.0441176
0 0.769775 0.761029 0.0249023 0.0422794
1 0.872559 0.740349 0.0263672 0.0505515
0 0.10376 0.382353 0.0268555 0.0514706
1 0.391602 0.871783 0.0234375 0.0487132
1 0.689697 0.387408 0.0297852 0.0597426
1 0.976562 0.89568 0.0253906 0.0505515
0 0.208984 0.318474 0.0253906 0.0505515
1 0.393311 0.232537 0.0258789 0.0459559
1 0.311279 0.244945 0.027832 0.046875
1 0.415283 0.456801 0.0249023 0.0459559
1 0.378662 0.368566 0.0258789 0.0459559
1 0.408936 0.339614 0.0239258 0.0450368
1 0.190186 0.542279 0.0297852 0.0551471
