0 0.0969238 0.0248162 0.0297852 0.0459559
1 0.398926 0.350184 0.0361328 0.0496324
1 0.882812 0.241728 0.0214844 0.0477941
1 0.0974121 0.0243566 0.0327148 0.0487132
1 0.311768 0.894761 0.027832 0.0487132
1 0.858643 0.0840993 0.0200195 0.0450368
1 0.164062 0.772518 0.0292969 0.0542279
1 0.82666 0.953585 0.03125 0.0487132
0 0.179932 0.035386 0.0356445 0.0542279
1 0.858643 0.253217 0.0219727 0.0395221
1 0.105225 0.384651 0.0288086 0.0597426
0 0.921143 0.97886 0.0327148 0.0422794
0 0.82666 0.775735 0.0283203 0.0477941
0 0.933594 0.881434 0.0253906 0.0422794
1 0.258789 0.847426 0.0273438 0.0514706
0 0.4104 0.899816 0.0209961 0.0459559
0 0.567627 0.597426 0.0307617 0.0551471
1 0.172119 0.0215993 0.0288086 0.0431985
1 0.797607 0.591912 0.0268555 0.0477941
1 0.824951 0.774816 0.0268555 0.0496324
0 0.258789 0.846507 0.0273438 0.0514706
0 0.391602 0.870864 0.0214844 0.046875
1 0.568848 0.597426 0.0273438 0.0477941
1 0.810791 0.119485 0.0219727 0.0477941
1 0.7771 0.921415 0.0288086 0.0523897
1 0.934326 0.879596 0.0249023 0.0441176
0 0.200439 0.959099 0.0317383 0.0542279
1 0.540771 0.909467 0.0258789 0.0450368
0 0.871826 0.742647 0.0268555 0.0514706
0 0.828857 0.623621 0.0249023 0.0505515
0 0.776855 0.921875 0.0283203 0.0514706
1 0.520264 0.204963 0.0219727 0.0441176
1 0.828857 0.624081 0.0219727 0.0496324
1 0.920166 0.977482 0.0327148 0.0450368
1 0.525146 0.270221 0.0219727 0.0404412
1 0.200195 0.95864 0.0292969 0.0514706
1 0.836914 0.12454 0.0234375 0.0431985
1 0.989014 0.172794 0.0219727 0.0496324
1 0.917236 0.493566 0.0249023 0.0496324
0 0.164795 0.77114 0.0288086 0.0496324
0 0.0849609 0.238971 0.0322266 0.0569853
0 0.438965 0.884651 0.0234375 0.046875
1 0.871826 0.742647 0.0268555 0.0514706
1 0.528564 0.309743 0.0219727 0.0404412
0 0.82666 0.954504 0.03125 0.0523897
1 0.391846 0.871783 0.0229492 0.046875
0 0.172119 0.0225184 0.027832 0.0431985
0 0.105957 0.384191 0.0292969 0.0569853
1 0.878906 0.827206 0.0234375 0.0422794
0 0.0224609 0.193934 0.03125 0.0606618
1 0.94043 0.563879 0.03125 0.0523897
1 0.868652 0.849265 0.0234375 0.0441176
1 0.785645 0.272978 0.0234375 0.0459559
1 0.312012 0.244485 0.0283203 0.0459559
0 0.190186 0.0496324 0.027832 0.0514706
1 0.80249 0.300092 0.0249023 0.0450368
1 0.415527 0.454963 0.0244141 0.0459559
1 0.973389 0.888327 0.0249023 0.0413603
1 0.391113 0.241268 0.0273438 0.0523897
1 0.689941 0.389246 0.03125 0.0634191
1 0.37793 0.368566 0.0253906 0.0459559
1 0.408203 0.339154 0.0234375 0.0459559
1 0.189209 0.54182 0.0317383 0.0597426
