0 0.838135 0.764246 0.0249023 0.0487132
1 0.839111 0.764246 0.0268555 0.046875
0 0.102051 0.0234375 0.0351562 0.046875
1 0.378418 0.36489 0.0224609 0.0441176
0 0.189453 0.54182 0.0351562 0.0726103
1 0.438721 0.880515 0.0297852 0.0588235
1 0.109619 0.387408 0.0297852 0.0634191
1 0.310547 0.240349 0.0292969 0.0579044
1 0.388428 0.349265 0.0209961 0.0404412
1 0.570068 0.596048 0.0288086 0.0523897
0 0.924072 0.976562 0.0297852 0.046875
1 0.384766 0.259191 0.0292969 0.0496324
0 0.825684 0.953585 0.0283203 0.0505515
1 0.102295 0.0243566 0.0336914 0.0487132
1 0.957031 0.865349 0.0253906 0.0431985
0 0.799805 0.594669 0.0283203 0.0533088
0 0.525391 0.20864 0.0244141 0.0459559
0 0.793213 0.925092 0.0249023 0.0505515
1 0.258545 0.847886 0.0288086 0.0523897
0 0.858643 0.0840993 0.0249023 0.0505515
0 0.258301 0.846967 0.0302734 0.0523897
0 0.56958 0.597886 0.0317383 0.0560662
1 0.828857 0.62454 0.0219727 0.0487132
1 0.923584 0.976103 0.0297852 0.0441176
1 0.309082 0.903033 0.0292969 0.0542279
0 0.93457 0.882812 0.0234375 0.0395221
0 0.872559 0.745864 0.0283203 0.0487132
0 0.202393 0.957261 0.0288086 0.0505515
1 0.953125 0.558364 0.0263672 0.0487132
1 0.800781 0.59421 0.0263672 0.0505515
0 0.164795 0.772518 0.0288086 0.0560662
1 0.872559 0.744945 0.0263672 0.046875
1 0.987549 0.172794 0.0249023 0.0569853
0 0.309082 0.238051 0.0302734 0.0569853
0 0.438965 0.881434 0.0341797 0.0569853
0 0.828857 0.623621 0.0249023 0.0487132
1 0.416016 0.454963 0.0253906 0.0496324
1 0.203369 0.95818 0.0307617 0.0542279
1 0.91626 0.495404 0.0249023 0.0477941
1 0.825684 0.953585 0.0263672 0.0487132
0 0.0849609 0.238971 0.0341797 0.0625
0 0.109131 0.388327 0.0297852 0.0615809
0 0.0222168 0.193474 0.0336914 0.0652574
1 0.689941 0.389706 0.03125 0.0661765
1 0.189453 0.54182 0.0351562 0.0670956
