1 0.311523 0.89568 0.0273438 0.046875
1 0.882812 0.241728 0.0214844 0.0477941
1 0.858643 0.0836397 0.0219727 0.0459559
1 0.165039 0.772518 0.0283203 0.0542279
0 0.189697 0.540441 0.0317383 0.0625
1 0.858643 0.252757 0.0219727 0.0404412
0 0.933594 0.882353 0.0253906 0.0422794
0 0.827393 0.775276 0.027832 0.046875
1 0.568848 0.597426 0.0283203 0.0477941
0 0.438965 0.882812 0.0244141 0.0487132
0 0.391113 0.870404 0.0214844 0.0459559
1 0.521484 0.206801 0.0195312 0.0422794
1 0.172119 0.0211397 0.0268555 0.0404412
0 0.567627 0.596967 0.0307617 0.0542279
1 0.872559 0.743566 0.0263672 0.0496324
1 0.407959 0.89568 0.0219727 0.0450368
1 0.797607 0.592831 0.0268555 0.0459559
1 0.200439 0.95864 0.0288086 0.0496324
1 0.825928 0.954963 0.0297852 0.0533088
1 0.811279 0.119945 0.0229492 0.046875
0 0.188232 0.0436581 0.0268555 0.046875
0 0.828857 0.622702 0.0249023 0.0505515
1 0.777344 0.920956 0.0292969 0.0514706
0 0.200684 0.95864 0.03125 0.0533088
0 0.258545 0.847426 0.0268555 0.0514706
1 0.539795 0.911765 0.0258789 0.0477941
0 0.165039 0.772059 0.0283203 0.0496324
1 0.92041 0.977022 0.03125 0.0459559
1 0.989014 0.172794 0.0219727 0.0496324
1 0.934326 0.879596 0.0249023 0.0422794
0 0.777344 0.921875 0.0283203 0.0496324
0 0.0852051 0.238971 0.0317383 0.0569853
1 0.525391 0.270221 0.0214844 0.0404412
1 0.528076 0.310202 0.0209961 0.0413603
1 0.835938 0.12454 0.0234375 0.0450368
1 0.828857 0.624081 0.0219727 0.0477941
1 0.917236 0.493566 0.0249023 0.0496324
0 0.171631 0.0225184 0.027832 0.0431985
0 0.871826 0.742647 0.0268555 0.0496324
1 0.39209 0.872243 0.0224609 0.0441176
1 0.942139 0.563879 0.0297852 0.0523897
0 0.826416 0.954504 0.0297852 0.0523897
0 0.106445 0.387408 0.0273438 0.0560662
0 0.0222168 0.193474 0.0307617 0.0597426
1 0.785645 0.272518 0.0234375 0.0450368
1 0.415283 0.454963 0.0239258 0.0422794
1 0.800537 0.300092 0.0239258 0.0431985
1 0.972656 0.88557 0.0253906 0.0413603
1 0.311523 0.244026 0.0273438 0.0450368
1 0.390137 0.244026 0.0263672 0.0523897
1 0.37793 0.369026 0.0253906 0.0450368
1 0.689941 0.389246 0.03125 0.0634191
1 0.406738 0.338235 0.0244141 0.0441176
1 0.189453 0.542279 0.0322266 0.0606618
