1 0.38208 0.267923 0.0268555 0.0505515
0 0.102051 0.0238971 0.0361328 0.0477941
0 0.524414 0.206801 0.0234375 0.0477941
0 0.189697 0.54182 0.034668 0.0726103
0 0.860352 0.082261 0.03125 0.0487132
1 0.438965 0.880055 0.0302734 0.0597426
1 0.828857 0.62546 0.0219727 0.0487132
0 0.38208 0.267004 0.0297852 0.0523897
1 0.801514 0.929688 0.0249023 0.046875
0 0.843018 0.767004 0.0268555 0.046875
1 0.30957 0.238051 0.0283203 0.0588235
1 0.925049 0.975184 0.027832 0.0441176
1 0.102539 0.0248162 0.0341797 0.0496324
0 0.825928 0.953585 0.0249023 0.0450368
0 0.801758 0.929228 0.0244141 0.0441176
1 0.258301 0.847886 0.0302734 0.0542279
0 0.924805 0.975643 0.03125 0.0487132
0 0.203613 0.957261 0.03125 0.0542279
1 0.843018 0.767004 0.0249023 0.046875
1 0.800781 0.59375 0.0253906 0.0514706
0 0.800537 0.59421 0.0268555 0.0487132
1 0.416504 0.454963 0.0302734 0.0588235
0 0.258789 0.847886 0.03125 0.0560662
1 0.825928 0.952206 0.0249023 0.0422794
0 0.828857 0.624081 0.0249023 0.0496324
1 0.958496 0.556066 0.03125 0.0514706
1 0.872559 0.745864 0.0263672 0.0487132
0 0.570068 0.597886 0.0327148 0.0560662
0 0.308838 0.237132 0.0297852 0.0588235
1 0.987549 0.172794 0.0249023 0.0569853
0 0.872559 0.746324 0.0263672 0.0496324
0 0.164795 0.772978 0.0288086 0.0569853
0 0.438965 0.881434 0.0351562 0.0569853
0 0.0849609 0.237592 0.0361328 0.0597426
1 0.916504 0.496783 0.0263672 0.046875
1 0.203613 0.957261 0.03125 0.0560662
1 0.303955 0.905331 0.0288086 0.0569853
1 0.689941 0.389246 0.03125 0.0652574
0 0.0224609 0.193015 0.0332031 0.0680147
0 0.109375 0.388327 0.0302734 0.0615809
1 0.189209 0.542279 0.0336914 0.0661765
