1 0.838379 0.764706 0.0263672 0.0459559
1 0.109375 0.386949 0.0292969 0.0643382
1 0.102295 0.0243566 0.0336914 0.0487132
0 0.101807 0.0229779 0.034668 0.0459559
1 0.56958 0.596048 0.0288086 0.0505515
1 0.957764 0.867188 0.0249023 0.0395221
0 0.189453 0.54182 0.0341797 0.0707721
0 0.525879 0.209559 0.0234375 0.0459559
1 0.310303 0.240349 0.0297852 0.0579044
1 0.309082 0.903033 0.0283203 0.0523897
0 0.799316 0.594669 0.0283203 0.0533088
0 0.922607 0.976562 0.027832 0.0431985
0 0.825684 0.954504 0.0283203 0.0505515
1 0.923584 0.975643 0.0297852 0.0431985
0 0.791992 0.925092 0.0234375 0.0487132
1 0.38501 0.258732 0.0288086 0.0487132
0 0.56958 0.597886 0.0317383 0.0542279
1 0.828857 0.625 0.0219727 0.0477941
0 0.93457 0.882812 0.0234375 0.0395221
0 0.258789 0.847426 0.0273438 0.0514706
1 0.800781 0.594669 0.0263672 0.0514706
0 0.828857 0.623621 0.0249023 0.0487132
1 0.872559 0.744945 0.0263672 0.046875
1 0.377441 0.367188 0.0214844 0.0413603
1 0.952148 0.556526 0.03125 0.0523897
0 0.202393 0.95818 0.0288086 0.0505515
0 0.308838 0.238511 0.0297852 0.0560662
0 0.872559 0.746324 0.0263672 0.0477941
1 0.390625 0.347426 0.0214844 0.0404412
1 0.987549 0.172794 0.0249023 0.0569853
0 0.439453 0.881893 0.0341797 0.0560662
1 0.416016 0.454504 0.0253906 0.0487132
1 0.203369 0.95818 0.0307617 0.0560662
0 0.165039 0.772518 0.0283203 0.0560662
1 0.91626 0.495864 0.0249023 0.046875
0 0.0852051 0.238971 0.034668 0.0625
1 0.825684 0.953585 0.0283203 0.0487132
0 0.109131 0.387868 0.0297852 0.0606618
1 0.689941 0.389706 0.03125 0.0661765
0 0.0224609 0.193015 0.0332031 0.0661765
1 0.189209 0.542279 0.0336914 0.0661765
