1 0.533691 0.918658 0.0283203 0.0560662
1 0.784668 0.925092 0.0273438 0.046875
0 0.858643 0.0840993 0.0219727 0.046875
0 0.784424 0.924173 0.0288086 0.0450368
1 0.101318 0.0234375 0.0336914 0.046875
1 0.829834 0.772059 0.0297852 0.0551471
0 0.101074 0.0225184 0.0341797 0.0450368
1 0.810791 0.120404 0.0219727 0.0477941
1 0.922607 0.976562 0.0297852 0.0450368
1 0.108887 0.387408 0.0292969 0.0634191
0 0.569336 0.597886 0.03125 0.0523897
0 0.189697 0.540901 0.034668 0.0689338
0 0.534424 0.920037 0.0297852 0.0496324
1 0.310547 0.240349 0.03125 0.0542279
0 0.922852 0.975643 0.03125 0.0431985
0 0.811035 0.118107 0.0234375 0.0487132
1 0.569336 0.596507 0.0273438 0.0496324
1 0.96582 0.87546 0.0234375 0.046875
1 0.835938 0.12454 0.0234375 0.0450368
0 0.798584 0.595588 0.027832 0.0496324
1 0.202637 0.957261 0.0302734 0.0542279
1 0.917236 0.494026 0.0249023 0.0487132
1 0.945312 0.560662 0.0283203 0.0477941
1 0.799805 0.594669 0.0273438 0.0496324
0 0.96582 0.874081 0.0234375 0.0514706
1 0.415527 0.455423 0.0234375 0.0450368
1 0.529053 0.307904 0.0209961 0.0404412
1 0.527588 0.272518 0.0209961 0.0376838
0 0.828857 0.623162 0.0249023 0.0477941
0 0.310059 0.240809 0.03125 0.0551471
0 0.830322 0.77068 0.0297852 0.0560662
1 0.988281 0.172335 0.0234375 0.0505515
0 0.438721 0.882812 0.0336914 0.0542279
0 0.872559 0.746324 0.0283203 0.0477941
1 0.828857 0.62454 0.0219727 0.046875
0 0.0849609 0.238051 0.0351562 0.0588235
1 0.385498 0.253217 0.0288086 0.046875
0 0.826416 0.953585 0.0297852 0.0523897
0 0.201904 0.957261 0.027832 0.046875
1 0.377686 0.366728 0.0239258 0.0422794
0 0.934326 0.883272 0.0249023 0.0422794
0 0.258789 0.847426 0.0263672 0.0514706
0 0.165283 0.773897 0.0268555 0.0514706
0 0.108887 0.389246 0.0292969 0.0615809
1 0.395264 0.339614 0.0239258 0.0413603
1 0.189453 0.54182 0.0351562 0.0652574
0 0.0219727 0.193015 0.0332031 0.0661765
1 0.826416 0.954504 0.0297852 0.0505515
1 0.689941 0.390165 0.03125 0.0652574
