0 0.832764 0.768382 0.0297852 0.0514706
1 0.529053 0.273438 0.0209961 0.0395221
0 0.858643 0.0840993 0.0219727 0.046875
0 0.960938 0.868566 0.0253906 0.0441176
1 0.523682 0.209559 0.0180664 0.0422794
0 0.189697 0.54182 0.0336914 0.0689338
0 0.568359 0.596967 0.03125 0.0560662
0 0.835938 0.123621 0.0214844 0.046875
1 0.258545 0.845588 0.0297852 0.0533088
0 0.101562 0.0225184 0.0341797 0.0450368
1 0.101807 0.0234375 0.0336914 0.046875
1 0.786865 0.926011 0.0258789 0.0487132
0 0.799316 0.595588 0.0283203 0.0514706
1 0.8125 0.120404 0.0214844 0.0496324
0 0.828857 0.623162 0.0249023 0.0477941
1 0.0849609 0.238511 0.0351562 0.0634191
0 0.922607 0.976562 0.027832 0.0431985
1 0.835205 0.12546 0.0219727 0.0450368
1 0.109375 0.387408 0.0292969 0.0634191
1 0.923584 0.975643 0.0297852 0.0431985
1 0.528076 0.305607 0.0219727 0.0376838
0 0.309814 0.23989 0.0307617 0.0533088
1 0.960938 0.870864 0.0234375 0.0413603
0 0.872559 0.745864 0.0283203 0.0487132
1 0.94751 0.561581 0.0249023 0.0477941
1 0.56958 0.596507 0.027832 0.0496324
1 0.832764 0.769761 0.0297852 0.0542279
0 0.259033 0.846967 0.027832 0.0505515
1 0.202637 0.957261 0.0302734 0.0523897
0 0.439453 0.882353 0.0332031 0.0569853
1 0.385254 0.256434 0.0244141 0.0459559
0 0.934326 0.882812 0.0249023 0.0395221
0 0.0849609 0.238051 0.0361328 0.0588235
0 0.201904 0.957261 0.027832 0.0487132
1 0.310547 0.23989 0.03125 0.0533088
0 0.164795 0.772518 0.0288086 0.0542279
1 0.988281 0.172335 0.0234375 0.0505515
1 0.800049 0.594669 0.0268555 0.0496324
1 0.872559 0.745864 0.0283203 0.046875
1 0.829102 0.625 0.0234375 0.0477941
1 0.91626 0.494945 0.0249023 0.046875
0 0.108887 0.389706 0.0292969 0.0625
1 0.415527 0.454963 0.0244141 0.0459559
0 0.0222168 0.193474 0.0336914 0.0670956
1 0.377197 0.367647 0.0219727 0.0422794
1 0.825928 0.954504 0.0297852 0.0505515
1 0.689941 0.390165 0.0302734 0.0634191
1 0.394531 0.342831 0.0253906 0.0422794
1 0.189209 0.54182 0.0336914 0.0652574
