0 0.424805 0.785386 0.0273438 0.0413603
0 0.362549 0.688879 0.027832 0.0505515
1 0.695312 0.483915 0.0175781 0.0340074
1 0.878906 0.0795037 0.0214844 0.0395221
1 0.762939 0.0707721 0.0219727 0.0477941
1 0.450195 0.508272 0.0195312 0.0386029
1 0.116699 0.158548 0.0244141 0.046875
1 0.468262 0.116728 0.0322266 0.0496324
1 0.0766602 0.247702 0.0292969 0.0523897
1 0.853027 0.0776654 0.0205078 0.0413603
1 0.835205 0.985754 0.027832 0.0284926
1 0.561768 0.610754 0.0229492 0.0450368
1 0.0341797 0.900735 0.0292969 0.0625
0 0.828857 0.824449 0.0219727 0.0459559
1 0.425293 0.786305 0.0263672 0.0413603
0 0.464111 0.671415 0.0268555 0.046875
1 0.393066 0.657169 0.0244141 0.0459559
0 0.619385 0.983915 0.0288086 0.0303309
1 0.325928 0.630055 0.0258789 0.0431985
1 0.659424 0.0137868 0.0200195 0.0275735
1 0.834473 0.866728 0.0185547 0.0386029
0 0.878906 0.0813419 0.0234375 0.0413603
1 0.362793 0.68704 0.0283203 0.0505515
0 0.325195 0.630515 0.0253906 0.0441176
1 0.984375 0.765625 0.0205078 0.0367647
1 0.989746 0.819853 0.0185547 0.0422794
1 0.381592 0.787684 0.0229492 0.0422794
1 0.190186 0.378217 0.0239258 0.0358456
0 0.235107 0.710478 0.0249023 0.0477941
1 0.127441 0.139706 0.0224609 0.0386029
1 0.841553 0.682904 0.0219727 0.0386029
0 0.353027 0.80193 0.0224609 0.046875
1 0.468018 0.881434 0.0268555 0.0459559
0 0.0917969 0.0358456 0.0341797 0.0514706
1 0.463135 0.671415 0.0249023 0.046875
1 0.733643 0.183824 0.0219727 0.0441176
1 0.259521 0.846967 0.0288086 0.0487132
1 0.372803 0.536305 0.027832 0.0487132
1 0.979004 0.440717 0.0234375 0.0413603
1 0.125 0.491268 0.0234375 0.0523897
1 0.171143 0.0160846 0.027832 0.0321691
0 0.0761719 0.248621 0.0292969 0.0487132
1 0.538086 0.50046 0.0234375 0.0431985
1 0.092041 0.0344669 0.0317383 0.0542279
0 0.298096 0.671875 0.0288086 0.0496324
1 0.531982 0.461397 0.0239258 0.0441176
1 0.175537 0.829044 0.0258789 0.0441176
1 0.0874023 0.599265 0.0253906 0.0477941
1 0.232422 0.347886 0.0214844 0.046875
1 0.761963 0.883732 0.0219727 0.0358456
1 0.0183105 0.462776 0.0268555 0.0523897
1 0.0634766 0.803309 0.0253906 0.0441176
1 0.910889 0.502757 0.0249023 0.0422794
1 0.742676 0.914522 0.0244141 0.0459559
0 0.258057 0.846507 0.0268555 0.0441176
1 0.606689 0.0160846 0.0258789 0.0321691
1 0.707031 0.653952 0.0234375 0.0431985
1 0.510742 0.680147 0.0273438 0.0477941
1 0.157715 0.50046 0.0224609 0.0450368
1 0.377686 0.371324 0.0258789 0.0477941
1 0.646973 0.389706 0.0244141 0.0441176
1 0.672852 0.711857 0.0234375 0.0450368
1 0.0947266 0.350184 0.0273438 0.0477941
1 0.885986 0.236673 0.027832 0.0450368
0 0.0124512 0.204963 0.0229492 0.0533088
1 0.854004 0.681066 0.0205078 0.0367647
1 0.960205 0.215074 0.0219727 0.0349265
1 0.45752 0.498162 0.0234375 0.0404412
1 0.713135 0.476562 0.0249023 0.0413603
1 0.730469 0.100643 0.0234375 0.0450368
1 0.991455 0.761029 0.0170898 0.0404412
1 0.780518 0.68796 0.0268555 0.0487132
1 0.828125 0.824449 0.0214844 0.0459559
0 0.27002 0.984375 0.0283203 0.03125
1 0.727051 0.63511 0.0224609 0.0441176
1 0.692627 0.384191 0.0239258 0.0459559
1 0.197021 0.532629 0.0258789 0.046875
1 0.945312 0.319393 0.0234375 0.0413603
1 0.668457 0.393382 0.0224609 0.0441176
1 0.80249 0.169577 0.0229492 0.0450368
1 0.69043 0.446691 0.0234375 0.0441176
0 0.316406 0.880055 0.0253906 0.0505515
1 0.394775 0.871324 0.027832 0.0533088
1 0.0927734 0.81204 0.0273438 0.0487132
1 0.410156 0.537684 0.0263672 0.0459559
1 0.589111 0.362132 0.0239258 0.0441176
1 0.992676 0.546875 0.0146484 0.0459559
1 0.851562 0.262408 0.0253906 0.0413603
1 0.833008 0.129596 0.0234375 0.0404412
1 0.152344 0.22886 0.0273438 0.0514706
1 0.438721 0.882812 0.0258789 0.046875
1 0.145752 0.587776 0.0258789 0.046875
1 0.777344 0.870404 0.0214844 0.0386029
1 0.69458 0.737592 0.0200195 0.046875
1 0.520508 0.0698529 0.0234375 0.0422794
1 0.195312 0.92739 0.0253906 0.0459559
1 0.612549 0.251838 0.0209961 0.0404412
1 0.760254 0.0514706 0.0224609 0.0404412
1 0.0322266 0.409467 0.0253906 0.0450368
1 0.766846 0.0850184 0.0200195 0.0395221
1 0.877441 0.711397 0.0234375 0.0441176
1 0.783447 0.59421 0.0258789 0.0431985
1 0.970947 0.197151 0.0219727 0.0376838
1 0.879883 0.824449 0.0234375 0.0459559
1 0.360352 0.168658 0.0244141 0.0413603
1 0.679199 0.134191 0.0263672 0.0459559
1 0.41748 0.960018 0.0273438 0.0487132
1 0.128418 0.829044 0.0263672 0.0514706
1 0.187012 0.465993 0.0263672 0.0477941
1 0.67627 0.058364 0.0234375 0.0413603
1 0.53418 0.339154 0.0234375 0.0441176
1 0.205566 0.855239 0.0283203 0.046875
1 0.828125 0.624081 0.0253906 0.0514706
1 0.855469 0.867647 0.0253906 0.0459559
1 0.755859 0.789062 0.0244141 0.0450368
1 0.309082 0.129596 0.0283203 0.0514706
1 0.0144043 0.980699 0.0249023 0.0386029
1 0.92041 0.842831 0.0263672 0.0459559
1 0.572266 0.104779 0.0234375 0.0404412
1 0.458496 0.109375 0.0244141 0.0477941
1 0.807617 0.298254 0.0234375 0.0413603
1 0.797363 0.40625 0.0224609 0.0404412
1 0.164795 0.772518 0.0258789 0.0487132
1 0.407959 0.204504 0.0258789 0.046875
1 0.19751 0.365809 0.0229492 0.0386029
1 0.781982 0.273438 0.0258789 0.0450368
1 0.827393 0.953125 0.0268555 0.0459559
1 0.804443 0.231158 0.0239258 0.0450368
1 0.596924 0.22932 0.0200195 0.0431985
1 0.932861 0.330882 0.0219727 0.0404412
1 0.407715 0.342831 0.0263672 0.0459559
1 0.991455 0.176471 0.0170898 0.0441176
1 0.224365 0.788143 0.0288086 0.0487132
1 0.598145 0.300092 0.0244141 0.0450368
1 0.219482 0.0758272 0.0258789 0.0487132
1 0.567627 0.387408 0.0239258 0.0413603
1 0.146729 0.303768 0.0258789 0.0487132
1 0.5 0.174632 0.0263672 0.0459559
1 0.0395508 0.921415 0.0263672 0.0450368
1 0.444336 0.471967 0.0234375 0.0431985
1 0.814209 0.442555 0.0249023 0.0413603
1 0.39502 0.120404 0.0244141 0.0441176
1 0.916992 0.553309 0.0234375 0.0441176
1 0.964111 0.752757 0.0249023 0.0422794
1 0.108887 0.528952 0.0263672 0.0487132
1 0.803467 0.105239 0.0229492 0.0431985
1 0.414551 0.461397 0.0263672 0.0496324
1 0.577881 0.25 0.0219727 0.0459559
1 0.132812 0.625 0.0263672 0.0477941
1 0.361816 0.203125 0.0224609 0.0422794
1 0.0305176 0.88511 0.0258789 0.0441176
1 0.985107 0.931985 0.0249023 0.0514706
1 0.483154 0.132812 0.0239258 0.046875
1 0.316162 0.25 0.0258789 0.0441176
1 0.528809 0.270221 0.0244141 0.0459559
1 0.207275 0.311581 0.0239258 0.0459559
1 0.981201 0.733915 0.0219727 0.0376838
1 0.333008 0.197151 0.0253906 0.0450368
1 0.403076 0.159926 0.0229492 0.0459559
1 0.24292 0.0252757 0.0268555 0.046875
