0 0.518311 0.471507 0.0209961 0.0330882
0 0.856445 0.867647 0.0234375 0.0330882
1 0.371094 0.209099 0.0195312 0.0376838
1 0.533203 0.80239 0.0234375 0.0422794
0 0.704346 0.195312 0.0170898 0.0340074
1 0.328613 0.203585 0.0214844 0.0431985
1 0.458008 0.25046 0.0195312 0.0340074
0 0.411377 0.467831 0.019043 0.0404412
0 0.192627 0.234375 0.019043 0.0404412
0 0.174072 0.803768 0.0151367 0.0376838
0 0.572266 0.107537 0.0205078 0.0349265
0 0.992188 0.313419 0.0136719 0.0422794
1 0.195557 0.43704 0.019043 0.0358456
1 0.890625 0.237132 0.0214844 0.0386029
1 0.802979 0.046875 0.019043 0.0367647
0 0.80249 0.0473346 0.0200195 0.0358456
0 0.803711 0.295496 0.0224609 0.0358456
0 0.366699 0.84421 0.0175781 0.0395221
0 0.555176 0.612132 0.0205078 0.0404412
0 0.993408 0.293658 0.0131836 0.0413603
0 0.0664062 0.905331 0.0175781 0.03125
1 0.829102 0.517004 0.0234375 0.0376838
0 0.131104 0.189338 0.019043 0.0367647
0 0.584717 0.199449 0.0200195 0.0367647
0 0.193848 0.201746 0.0185547 0.0376838
0 0.978027 0.891085 0.0205078 0.0376838
1 0.989746 0.755974 0.0185547 0.0413603
1 0.315186 0.253676 0.0219727 0.0386029
0 0.210449 0.304688 0.0205078 0.0431985
1 0.134277 0.630974 0.0224609 0.0376838
0 0.74707 0.716912 0.0195312 0.03125
1 0.198975 0.357996 0.0219727 0.0376838
0 0.651855 0.338695 0.0205078 0.0358456
1 0.978027 0.892004 0.0234375 0.0395221
0 0.574951 0.253217 0.0200195 0.0358456
0 0.728271 0.193015 0.0170898 0.0386029
0 0.00805664 0.988051 0.0161133 0.0238971
1 0.963135 0.861673 0.0249023 0.0284926
1 0.466309 0.27114 0.0185547 0.0367647
0 0.516602 0.823989 0.0234375 0.0413603
0 0.726807 0.129596 0.0170898 0.0386029
0 0.992188 0.121324 0.0136719 0.0477941
1 0.583496 0.199449 0.0205078 0.0330882
0 0.0961914 0.348805 0.0234375 0.0376838
0 0.441406 0.474724 0.0205078 0.0413603
0 0.0383301 0.405331 0.0229492 0.0422794
0 0.510254 0.0160846 0.0185547 0.0321691
1 0.209961 0.303768 0.0214844 0.0431985
0 0.587646 0.83364 0.0249023 0.0386029
0 0.972656 0.178768 0.0214844 0.0376838
0 0.0991211 0.867647 0.0175781 0.0330882
0 0.207031 0.606618 0.0205078 0.0386029
1 0.464111 0.172335 0.0180664 0.0376838
0 0.352783 0.84375 0.0200195 0.0367647
0 0.416016 0.774357 0.0195312 0.0413603
0 0.780029 0.274816 0.0229492 0.0349265
1 0.98291 0.745404 0.0205078 0.0422794
0 0.980469 0.446691 0.0205078 0.0404412
1 0.229004 0.342371 0.0214844 0.0395221
0 0.919434 0.837316 0.0234375 0.0441176
1 0.834961 0.55193 0.0234375 0.0358456
0 0.602295 0.0151654 0.0209961 0.0303309
0 0.533936 0.802849 0.0229492 0.0413603
0 0.835205 0.551011 0.0219727 0.0376838
1 0.990967 0.18704 0.0180664 0.0395221
0 0.125488 0.273438 0.0214844 0.0321691
1 0.181641 0.387408 0.0214844 0.0376838
0 0.914062 0.549632 0.0205078 0.0349265
0 0.109863 0.890165 0.0175781 0.0340074
1 0.563721 0.30193 0.019043 0.0358456
0 0.00830078 0.840533 0.015625 0.0431985
1 0.814697 0.450368 0.0219727 0.0441176
0 0.878174 0.0767463 0.019043 0.0413603
0 0.059082 0.872702 0.0195312 0.0358456
1 0.499268 0.341452 0.019043 0.0358456
1 0.267578 0.217371 0.0224609 0.0413603
1 0.45874 0.107077 0.0209961 0.0358456
1 0.516357 0.822151 0.0200195 0.0431985
1 0.781738 0.584099 0.0244141 0.0450368
0 0.155518 0.228401 0.0229492 0.0413603
1 0.490234 0.357996 0.0214844 0.0376838
0 0.829834 0.517004 0.0219727 0.0395221
0 0.943848 0.68796 0.0185547 0.0340074
0 0.19873 0.537684 0.0224609 0.0422794
0 0.118896 0.160846 0.0209961 0.0386029
0 0.76416 0.89614 0.0224609 0.0386029
0 0.223389 0.798254 0.0209961 0.0321691
0 0.520752 0.608456 0.0170898 0.0441176
0 0.0458984 0.930607 0.0205078 0.0321691
0 0.0339355 0.536765 0.019043 0.0367647
0 0.329346 0.202206 0.0200195 0.0386029
1 0.98999 0.130515 0.0170898 0.0404412
0 0.617432 0.977022 0.0209961 0.0386029
1 0.895996 0.341452 0.0185547 0.0376838
0 0.0285645 0.892923 0.0209961 0.0395221
0 0.0241699 0.697151 0.019043 0.0487132
1 0.919434 0.835938 0.0234375 0.0431985
0 0.934326 0.488971 0.0219727 0.0367647
0 0.59668 0.231158 0.0195312 0.0358456
1 0.530029 0.340533 0.0200195 0.0358456
0 0.267822 0.217831 0.0239258 0.0441176
0 0.125732 0.504136 0.0200195 0.0358456
1 0.793701 0.401195 0.0200195 0.0413603
0 0.592041 0.371783 0.0180664 0.0376838
0 0.402344 0.160386 0.0205078 0.0376838
1 0.925781 0.332261 0.0234375 0.0431985
0 0.857178 0.680147 0.0170898 0.0367647
0 0.00878906 0.217831 0.0175781 0.0422794
1 0.988281 0.941176 0.0234375 0.0404412
0 0.564453 0.374081 0.0205078 0.0386029
0 0.921875 0.619485 0.0185547 0.0367647
0 0.728516 0.632353 0.0214844 0.0404412
1 0.965576 0.758732 0.0219727 0.0450368
0 0.716064 0.483456 0.0209961 0.0404412
0 0.206787 0.855239 0.0229492 0.0431985
0 0.368164 0.795496 0.0185547 0.0376838
0 0.133301 0.134191 0.0214844 0.0404412
0 0.85083 0.0827206 0.0200195 0.0404412
1 0.575928 0.253217 0.0209961 0.0358456
0 0.645996 0.391544 0.0195312 0.0386029
0 0.420898 0.87546 0.0195312 0.0395221
0 0.540527 0.508732 0.0234375 0.0358456
0 0.0939941 0.81204 0.0170898 0.0395221
0 0.108643 0.53171 0.0219727 0.0376838
0 0.643311 0.890165 0.0209961 0.0395221
0 0.0808105 0.600643 0.0209961 0.0450368
1 0.546875 0.317096 0.0214844 0.0349265
0 0.754883 0.788143 0.0234375 0.0431985
0 0.657227 0.302849 0.0195312 0.0358456
1 0.445312 0.154871 0.0224609 0.0358456
0 0.910156 0.588695 0.0185547 0.0340074
0 0.616943 0.888787 0.0209961 0.0422794
1 0.971924 0.178309 0.0200195 0.0386029
1 0.571533 0.213235 0.0229492 0.0349265
1 0.283691 0.183364 0.0224609 0.0431985
1 0.943604 0.250919 0.0249023 0.0404412
0 0.168701 0.0160846 0.0249023 0.0321691
0 0.147461 0.299173 0.0273438 0.0340074
0 0.0554199 0.113511 0.0209961 0.0376838
0 0.601562 0.448529 0.0195312 0.0367647
0 0.0410156 0.120404 0.0214844 0.0386029
0 0.786377 0.677849 0.0249023 0.0487132
1 0.48291 0.136949 0.0205078 0.0386029
0 0.614014 0.25 0.019043 0.0330882
0 0.598389 0.300092 0.0200195 0.0376838
1 0.497559 0.175551 0.0244141 0.0404412
1 0.411621 0.205423 0.0224609 0.0431985
0 0.828857 0.62546 0.0200195 0.0395221
0 0.881348 0.827206 0.0185547 0.0441176
0 0.258789 0.846967 0.0234375 0.0395221
0 0.606934 0.488971 0.0195312 0.0349265
1 0.532715 0.273897 0.0244141 0.0404412
0 0.348145 0.801011 0.0205078 0.0395221
0 0.0727539 0.256434 0.0234375 0.0459559
0 0.0161133 0.46875 0.0224609 0.0441176
1 0.959961 0.223346 0.0234375 0.0404412
0 0.269043 0.983456 0.0244141 0.0330882
0 0.981934 0.741268 0.0185547 0.0376838
0 0.31958 0.873621 0.0229492 0.046875
0 0.127686 0.827206 0.0200195 0.0422794
0 0.0700684 0.797794 0.019043 0.0386029
0 0.372559 0.0372243 0.0244141 0.0321691
0 0.776123 0.860294 0.0229492 0.0386029
0 0.395264 0.113511 0.0229492 0.0431985
0 0.945312 0.733456 0.0205078 0.0367647
0 0.0925293 0.035386 0.0288086 0.0450368
0 0.360596 0.161765 0.0200195 0.0386029
1 0.947021 0.316636 0.0249023 0.0450368
