0 0.756836 0.788603 0.0273438 0.0514706
0 0.619629 0.982996 0.0322266 0.0248162
1 0.878906 0.0804228 0.0214844 0.0395221
0 0.187256 0.469669 0.0288086 0.0477941
1 0.833496 0.86443 0.0205078 0.0395221
1 0.673584 0.713235 0.0209961 0.0459559
1 0.608643 0.0142463 0.0249023 0.0284926
1 0.98999 0.819853 0.0170898 0.0441176
0 0.561768 0.521599 0.0200195 0.0395221
1 0.893799 0.120864 0.0219727 0.0395221
0 0.833496 0.86443 0.0205078 0.0395221
1 0.828857 0.823529 0.0200195 0.0514706
1 0.397461 0.141544 0.0234375 0.0514706
0 0.440186 0.884651 0.0297852 0.0505515
0 0.127197 0.487592 0.0200195 0.0487132
1 0.854736 0.0772059 0.0200195 0.0404412
0 0.726807 0.633272 0.0209961 0.0422794
1 0.454346 0.490809 0.0209961 0.0404412
1 0.98584 0.763787 0.0205078 0.0367647
1 0.381348 0.785846 0.0253906 0.0459559
1 0.921875 0.558364 0.0253906 0.0376838
0 0.744629 0.920956 0.0273438 0.0441176
0 0.854736 0.0772059 0.0200195 0.0404412
1 0.125488 0.488511 0.0214844 0.0505515
1 0.0766602 0.245864 0.0302734 0.0523897
0 0.195557 0.927849 0.0249023 0.0431985
0 0.608887 0.0137868 0.0234375 0.0275735
0 0.880615 0.823529 0.0249023 0.0477941
1 0.977295 0.436581 0.0268555 0.0459559
1 0.196533 0.533088 0.0249023 0.0459559
1 0.709717 0.649357 0.0209961 0.0431985
1 0.856445 0.867188 0.0234375 0.0487132
0 0.709229 0.649816 0.0219727 0.0404412
0 0.829102 0.823529 0.0234375 0.0459559
0 0.53833 0.49954 0.0229492 0.0395221
1 0.259766 0.846967 0.0283203 0.046875
1 0.410645 0.539062 0.0244141 0.0450368
0 0.55957 0.877298 0.0273438 0.0450368
0 0.856201 0.867647 0.0268555 0.0459559
1 0.186523 0.46921 0.0253906 0.046875
1 0.910889 0.499081 0.0249023 0.0441176
0 0.197021 0.533088 0.0239258 0.0477941
0 0.392822 0.657169 0.0239258 0.0459559
1 0.879883 0.823989 0.0234375 0.046875
0 0.563477 0.610754 0.0234375 0.046875
1 0.196289 0.931066 0.0263672 0.0441176
0 0.381592 0.787224 0.0268555 0.0487132
1 0.446045 0.476562 0.0200195 0.0376838
1 0.692383 0.445772 0.0234375 0.0441176
1 0.377686 0.370404 0.0258789 0.0441176
1 0.735352 0.179228 0.0234375 0.0459559
1 0.767578 0.0863971 0.0214844 0.0404412
1 0.359375 0.171875 0.0214844 0.0386029
0 0.879883 0.082261 0.0234375 0.0395221
1 0.744141 0.920037 0.0253906 0.0441176
1 0.72998 0.102482 0.0234375 0.046875
1 0.886719 0.236213 0.0263672 0.0441176
1 0.647705 0.391085 0.0229492 0.0450368
0 0.508545 0.680147 0.0258789 0.0459559
1 0.520508 0.0693934 0.0234375 0.0431985
1 0.156982 0.501838 0.0229492 0.0459559
1 0.372559 0.537224 0.0273438 0.0487132
0 0.673096 0.713235 0.0229492 0.0422794
0 0.0136719 0.202206 0.0263672 0.0588235
1 0.876709 0.713235 0.0249023 0.0441176
1 0.692627 0.731158 0.0219727 0.0450368
1 0.755859 0.790901 0.0263672 0.046875
1 0.414551 0.460018 0.0263672 0.0487132
1 0.677246 0.0588235 0.0224609 0.0404412
1 0.726562 0.633732 0.0214844 0.0431985
1 0.780029 0.692096 0.0258789 0.0477941
1 0.0947266 0.351103 0.0273438 0.0477941
1 0.440186 0.886029 0.0297852 0.0514706
1 0.588867 0.363511 0.0234375 0.0450368
1 0.835205 0.125919 0.0249023 0.0422794
1 0.991699 0.761029 0.0166016 0.0404412
1 0.393311 0.871324 0.027832 0.0551471
1 0.712158 0.476103 0.0249023 0.0386029
1 0.92041 0.84329 0.0263672 0.0431985
1 0.76001 0.0556066 0.0209961 0.0395221
1 0.0185547 0.45864 0.0253906 0.0496324
1 0.151855 0.22932 0.0273438 0.0523897
0 0.269531 0.984375 0.0273438 0.03125
1 0.205078 0.85386 0.0263672 0.0441176
1 0.804688 0.109835 0.0234375 0.0450368
0 0.23584 0.710938 0.0244141 0.0450368
1 0.797852 0.407629 0.0214844 0.0395221
0 0.465088 0.670956 0.0258789 0.0477941
1 0.224609 0.785386 0.0273438 0.046875
1 0.679932 0.129596 0.0249023 0.0422794
0 0.076416 0.246324 0.0317383 0.0533088
1 0.829102 0.625919 0.0234375 0.0496324
1 0.572266 0.105239 0.0224609 0.0413603
1 0.177002 0.829963 0.0258789 0.0441176
0 0.533203 0.462316 0.0234375 0.0422794
1 0.145752 0.587776 0.0249023 0.046875
0 0.365479 0.689338 0.0239258 0.0477941
1 0.851562 0.261489 0.0263672 0.0431985
1 0.359131 0.199908 0.0200195 0.0413603
1 0.0900879 0.602022 0.0249023 0.0533088
0 0.258301 0.846507 0.0263672 0.0422794
1 0.668701 0.392004 0.0219727 0.0413603
0 0.324463 0.632812 0.0239258 0.0431985
1 0.309814 0.131434 0.0288086 0.0496324
1 0.783447 0.59421 0.0258789 0.0431985
1 0.0317383 0.409926 0.0253906 0.0441176
1 0.990723 0.176471 0.0185547 0.0477941
1 0.147217 0.30239 0.0268555 0.0477941
1 0.992188 0.54182 0.015625 0.046875
0 0.315918 0.881893 0.0253906 0.046875
1 0.395508 0.126379 0.0214844 0.0413603
1 0.234375 0.348346 0.0253906 0.0496324
1 0.163818 0.772518 0.0258789 0.0487132
1 0.534424 0.338695 0.0229492 0.0450368
1 0.612305 0.251379 0.0195312 0.0395221
1 0.802246 0.170956 0.0234375 0.0459559
1 0.964844 0.748162 0.0234375 0.0441176
1 0.825928 0.954044 0.0297852 0.0441176
1 0.408936 0.342371 0.0268555 0.0450368
1 0.569824 0.387868 0.0234375 0.0422794
1 0.460449 0.110294 0.0224609 0.0459559
1 0.0141602 0.981158 0.0244141 0.0376838
1 0.128174 0.828125 0.0258789 0.0496324
1 0.813232 0.442096 0.0249023 0.0422794
1 0.407959 0.204044 0.0258789 0.0459559
1 0.691895 0.38511 0.0244141 0.0441176
1 0.418457 0.956801 0.0283203 0.0496324
1 0.0913086 0.0349265 0.0351562 0.0569853
1 0.171387 0.0174632 0.0273438 0.0349265
1 0.10791 0.529871 0.0263672 0.046875
1 0.0922852 0.81204 0.0263672 0.046875
0 0.298584 0.669577 0.0288086 0.046875
1 0.598389 0.300551 0.0239258 0.0441176
1 0.0305176 0.884651 0.0249023 0.0413603
1 0.402588 0.160386 0.0219727 0.0450368
1 0.80957 0.299173 0.0244141 0.0395221
1 0.578369 0.249081 0.0219727 0.0441176
1 0.501221 0.174632 0.0258789 0.0459559
1 0.132812 0.622243 0.0253906 0.0459559
1 0.597656 0.229779 0.0195312 0.0422794
1 0.80542 0.227482 0.0249023 0.0450368
1 0.216797 0.0772059 0.0253906 0.0477941
1 0.0368652 0.917739 0.0249023 0.0413603
1 0.782959 0.271599 0.0258789 0.0450368
1 0.206787 0.313419 0.0258789 0.0477941
1 0.33374 0.193015 0.0258789 0.0459559
1 0.48291 0.131893 0.0234375 0.0450368
1 0.315674 0.24954 0.0268555 0.046875
1 0.245361 0.0252757 0.0249023 0.0450368
1 0.528076 0.270221 0.0239258 0.0477941
1 0.984375 0.929228 0.0263672 0.0533088
1 0.980469 0.734835 0.0214844 0.0395221
