0 0.536865 0.913143 0.0288086 0.0505515
1 0.311279 0.896599 0.027832 0.0487132
0 0.189697 0.540901 0.0327148 0.0634191
0 0.568115 0.597426 0.0297852 0.0533088
1 0.934326 0.880055 0.0249023 0.0431985
1 0.522705 0.20864 0.019043 0.0404412
1 0.858643 0.0840993 0.0200195 0.0450368
1 0.88208 0.241728 0.0219727 0.0477941
1 0.857666 0.25 0.0219727 0.0386029
1 0.798584 0.59375 0.0258789 0.0459559
1 0.921875 0.978401 0.03125 0.0431985
0 0.798096 0.595588 0.0268555 0.0459559
1 0.568848 0.596507 0.0263672 0.0459559
1 0.537109 0.914982 0.0253906 0.046875
1 0.390869 0.870404 0.0200195 0.0441176
1 0.405029 0.887868 0.0229492 0.0441176
0 0.438965 0.882353 0.0244141 0.0459559
1 0.201416 0.95818 0.0307617 0.0523897
1 0.828857 0.624081 0.0219727 0.0459559
1 0.916992 0.493566 0.0234375 0.0477941
0 0.201416 0.95818 0.027832 0.0487132
0 0.920898 0.97886 0.03125 0.0422794
1 0.810791 0.119945 0.0219727 0.046875
0 0.259277 0.846048 0.0273438 0.0487132
1 0.989014 0.172335 0.0219727 0.0487132
1 0.943848 0.56296 0.0263672 0.046875
1 0.835938 0.125 0.0234375 0.0441176
0 0.829102 0.623621 0.0234375 0.0487132
0 0.827148 0.772518 0.03125 0.0542279
1 0.528564 0.308824 0.0229492 0.0441176
0 0.933594 0.882812 0.0253906 0.0413603
0 0.872559 0.744945 0.0263672 0.0487132
1 0.526123 0.269761 0.0209961 0.0395221
0 0.0849609 0.238971 0.0332031 0.0588235
1 0.970459 0.883272 0.0249023 0.0441176
0 0.165039 0.772059 0.0283203 0.0496324
1 0.786377 0.272059 0.0229492 0.0404412
0 0.778076 0.921875 0.0288086 0.0496324
0 0.108154 0.388787 0.0288086 0.0588235
1 0.415039 0.454963 0.0234375 0.0422794
0 0.0222168 0.193015 0.0327148 0.0643382
1 0.797607 0.294118 0.0239258 0.0422794
1 0.310791 0.243566 0.0288086 0.0477941
1 0.388428 0.246783 0.0268555 0.0523897
0 0.826416 0.954504 0.0297852 0.0523897
1 0.689941 0.389246 0.0302734 0.0634191
1 0.377686 0.368566 0.0249023 0.0459559
1 0.189453 0.54182 0.0332031 0.0615809
1 0.403564 0.335478 0.0229492 0.0422794
