1 0.612549 0.0128676 0.0258789 0.0257353
1 0.7771 0.716912 0.0249023 0.0422794
1 0.381836 0.481618 0.0185547 0.0330882
1 0.787109 0.59329 0.0253906 0.046875
1 0.825928 0.80239 0.0249023 0.0496324
0 0.826416 0.80239 0.0249023 0.0496324
0 0.776367 0.715993 0.0234375 0.0441176
0 0.877197 0.722886 0.0249023 0.0431985
0 0.755615 0.789522 0.0249023 0.0422794
1 0.825928 0.955882 0.0297852 0.0496324
0 0.756592 0.924173 0.0297852 0.0487132
0 0.912354 0.982996 0.0297852 0.0340074
1 0.53418 0.329963 0.0234375 0.0422794
1 0.879883 0.825827 0.0234375 0.0450368
1 0.757812 0.925551 0.03125 0.0514706
1 0.916992 0.492188 0.0234375 0.046875
0 0.825684 0.955423 0.0283203 0.0487132
1 0.740967 0.160386 0.0229492 0.0395221
1 0.828857 0.622243 0.0219727 0.0459559
0 0.566406 0.600643 0.0273438 0.046875
1 0.85791 0.862592 0.0234375 0.0450368
1 0.555664 0.883272 0.0273438 0.0422794
1 0.439941 0.88511 0.0263672 0.0459559
1 0.681152 0.0992647 0.0234375 0.0404412
1 0.856934 0.253676 0.0234375 0.0422794
1 0.679443 0.0611213 0.0219727 0.0376838
1 0.25708 0.84375 0.0249023 0.0441176
1 0.019043 0.195772 0.0253906 0.0514706
1 0.0827637 0.235294 0.027832 0.0514706
1 0.838379 0.12454 0.0234375 0.0431985
1 0.93042 0.56296 0.0268555 0.0450368
1 0.92749 0.857077 0.0249023 0.046875
1 0.0905762 0.0307904 0.0336914 0.0487132
1 0.690674 0.38511 0.0258789 0.0459559
1 0.0146484 0.981618 0.0253906 0.0367647
1 0.731689 0.116728 0.0219727 0.0422794
1 0.882812 0.0868566 0.0205078 0.0413603
1 0.5271 0.0670956 0.0249023 0.0441176
1 0.237305 0.715074 0.0244141 0.0441176
1 0.172363 0.019761 0.0292969 0.0395221
1 0.858643 0.0836397 0.0200195 0.0422794
1 0.100586 0.524357 0.0253906 0.0487132
1 0.371094 0.539062 0.0253906 0.0450368
1 0.524658 0.268382 0.0239258 0.0477941
1 0.988281 0.174632 0.0234375 0.0496324
1 0.334717 0.182445 0.0200195 0.0450368
1 0.391846 0.87454 0.0229492 0.0487132
1 0.14502 0.588235 0.0205078 0.0441176
1 0.571533 0.103401 0.0229492 0.0431985
1 0.320312 0.165901 0.0195312 0.0450368
1 0.0983887 0.361673 0.0258789 0.046875
1 0.809326 0.118566 0.0219727 0.0422794
1 0.197021 0.945312 0.0268555 0.0487132
1 0.0942383 0.601562 0.0234375 0.0450368
1 0.401123 0.213235 0.0239258 0.0459559
1 0.806396 0.209559 0.0219727 0.0367647
1 0.897705 0.106158 0.0219727 0.0431985
1 0.208984 0.0799632 0.0253906 0.0477941
1 0.414062 0.457721 0.0244141 0.0441176
1 0.593018 0.29182 0.0229492 0.0431985
1 0.98291 0.917739 0.0283203 0.0542279
1 0.132324 0.608456 0.0205078 0.0422794
1 0.196777 0.529412 0.0234375 0.0441176
1 0.506592 0.182904 0.0249023 0.0459559
1 0.584961 0.255055 0.0234375 0.0395221
1 0.406494 0.538143 0.0239258 0.0413603
1 0.812012 0.301471 0.0244141 0.0422794
1 0.786133 0.271599 0.0234375 0.0450368
1 0.187256 0.484375 0.0239258 0.0459559
1 0.37793 0.368107 0.0244141 0.0431985
1 0.409912 0.340074 0.0249023 0.0441176
1 0.160889 0.485754 0.0239258 0.0431985
1 0.417969 0.942555 0.0253906 0.0505515
1 0.147949 0.234835 0.0253906 0.0431985
1 0.164307 0.77068 0.0268555 0.0487132
1 0.153564 0.276654 0.0249023 0.0422794
1 0.095459 0.814798 0.0268555 0.0505515
1 0.23877 0.345129 0.0283203 0.0505515
1 0.119385 0.821232 0.0239258 0.046875
1 0.230957 0.761029 0.0244141 0.0441176
1 0.311768 0.246783 0.0249023 0.046875
1 0.205322 0.314338 0.0249023 0.0477941
