1 0.387207 0.779412 0.0322266 0.0551471
0 0.935059 0.883272 0.0234375 0.0386029
0 0.102051 0.0234375 0.0361328 0.046875
0 0.189453 0.542279 0.0351562 0.0716912
1 0.840576 0.765625 0.0268555 0.0459559
0 0.524658 0.206801 0.0268555 0.0477941
1 0.102539 0.0248162 0.0341797 0.0496324
0 0.925049 0.976103 0.0297852 0.0477941
0 0.840576 0.765165 0.0249023 0.046875
0 0.796387 0.928309 0.0244141 0.0441176
1 0.828857 0.625 0.0219727 0.0477941
1 0.30957 0.237592 0.0292969 0.0597426
0 0.825928 0.953585 0.0249023 0.046875
0 0.860352 0.0827206 0.03125 0.0496324
1 0.796631 0.92693 0.0239258 0.046875
0 0.259277 0.847886 0.03125 0.0542279
0 0.203125 0.957261 0.03125 0.0542279
1 0.800781 0.59421 0.0253906 0.0505515
1 0.438965 0.880974 0.0302734 0.0597426
0 0.800781 0.594669 0.0263672 0.0496324
1 0.93457 0.882353 0.0234375 0.0404412
1 0.872559 0.745864 0.0263672 0.046875
1 0.955566 0.556985 0.0283203 0.0514706
1 0.258301 0.847886 0.0302734 0.0523897
0 0.439453 0.881434 0.0351562 0.0588235
1 0.924316 0.975184 0.0283203 0.0441176
1 0.416504 0.453125 0.03125 0.0588235
0 0.872559 0.746324 0.0263672 0.0477941
1 0.987549 0.172794 0.0249023 0.0569853
1 0.825928 0.953125 0.0249023 0.0459559
0 0.829102 0.623621 0.0234375 0.0487132
0 0.164795 0.772059 0.0288086 0.0551471
0 0.570068 0.597886 0.0327148 0.0579044
0 0.308838 0.237592 0.0307617 0.0597426
0 0.0852051 0.23943 0.0356445 0.0634191
1 0.304199 0.904871 0.0302734 0.0542279
1 0.203369 0.957261 0.0307617 0.0560662
1 0.916504 0.496324 0.0263672 0.0477941
1 0.953125 0.865349 0.0234375 0.0431985
0 0.0224609 0.193015 0.0332031 0.0680147
1 0.689941 0.389706 0.0302734 0.0661765
0 0.109131 0.387868 0.0307617 0.0625
1 0.189209 0.54182 0.034668 0.0670956
