0 0.810791 0.117647 0.0239258 0.0496324
1 0.933594 0.880515 0.0263672 0.0441176
1 0.858643 0.0845588 0.0219727 0.0459559
0 0.100342 0.0225184 0.034668 0.0450368
0 0.799072 0.595588 0.0288086 0.0477941
0 0.569336 0.597886 0.03125 0.0523897
1 0.569092 0.596967 0.027832 0.0487132
0 0.310547 0.898438 0.0302734 0.0542279
1 0.921875 0.977022 0.0332031 0.0459559
0 0.534912 0.917279 0.0297852 0.0514706
0 0.921875 0.976562 0.03125 0.0431985
0 0.189453 0.54136 0.0341797 0.0680147
1 0.108643 0.386489 0.0297852 0.0634191
1 0.202148 0.95818 0.03125 0.0542279
0 0.310547 0.241268 0.03125 0.0505515
1 0.811279 0.119485 0.0229492 0.0477941
1 0.310791 0.241728 0.0307617 0.0514706
1 0.799316 0.594669 0.0263672 0.0477941
1 0.397949 0.335018 0.0244141 0.0413603
0 0.828857 0.623162 0.0249023 0.0496324
1 0.917236 0.493566 0.0249023 0.0496324
1 0.943604 0.5625 0.0297852 0.0496324
1 0.529053 0.309283 0.0209961 0.0413603
1 0.988281 0.172335 0.0234375 0.0505515
0 0.438721 0.882812 0.0317383 0.0560662
1 0.415039 0.454963 0.0234375 0.0459559
1 0.835938 0.12454 0.0234375 0.0450368
0 0.829834 0.772059 0.0297852 0.0533088
1 0.828857 0.62454 0.0219727 0.046875
0 0.108643 0.388787 0.0297852 0.0625
1 0.527344 0.27068 0.0214844 0.0395221
0 0.934326 0.883272 0.0249023 0.0441176
0 0.0849609 0.238971 0.0341797 0.0606618
0 0.782715 0.921875 0.0322266 0.0514706
1 0.967773 0.878676 0.0234375 0.0477941
1 0.377686 0.367188 0.0249023 0.0431985
1 0.387695 0.251379 0.0273438 0.046875
0 0.20166 0.95818 0.0283203 0.0487132
0 0.872559 0.746324 0.0283203 0.0496324
0 0.258545 0.846967 0.0258789 0.0505515
0 0.826416 0.953585 0.0297852 0.0523897
1 0.826416 0.954044 0.0297852 0.0514706
0 0.165527 0.773438 0.0273438 0.0523897
1 0.189453 0.542279 0.0351562 0.0661765
0 0.0219727 0.193015 0.0332031 0.0661765
1 0.689453 0.389706 0.0322266 0.0661765
