0 0.10083 0.0229779 0.034668 0.0459559
0 0.310547 0.898438 0.0302734 0.0523897
0 0.810791 0.117647 0.0239258 0.0496324
1 0.10083 0.0238971 0.034668 0.0477941
1 0.921875 0.977022 0.03125 0.0459559
1 0.109131 0.387408 0.0297852 0.0634191
0 0.967041 0.875919 0.0249023 0.0496324
0 0.535156 0.920037 0.0292969 0.0496324
1 0.568604 0.597886 0.0288086 0.0505515
0 0.567871 0.596967 0.0302734 0.0560662
1 0.811279 0.119945 0.0229492 0.0487132
0 0.921875 0.976562 0.03125 0.0431985
0 0.189453 0.54182 0.0341797 0.0689338
0 0.798828 0.595588 0.0292969 0.0496324
1 0.799805 0.594669 0.0273438 0.0496324
1 0.310791 0.241728 0.0307617 0.0533088
1 0.202148 0.95818 0.03125 0.0542279
0 0.310303 0.241268 0.0307617 0.0523897
1 0.835938 0.12454 0.0234375 0.0450368
1 0.397217 0.336857 0.0239258 0.0413603
1 0.917236 0.494945 0.0297852 0.0505515
1 0.967285 0.876379 0.0234375 0.046875
1 0.988281 0.172335 0.0234375 0.0505515
1 0.829102 0.62454 0.0234375 0.046875
1 0.94458 0.56204 0.0297852 0.0505515
1 0.527344 0.271599 0.0214844 0.0376838
1 0.529053 0.308824 0.0209961 0.0404412
1 0.386719 0.252298 0.0273438 0.0487132
1 0.415527 0.454963 0.0244141 0.0459559
0 0.828857 0.623162 0.0249023 0.0496324
0 0.783691 0.923713 0.03125 0.0496324
0 0.20166 0.95818 0.0283203 0.0487132
0 0.438232 0.882812 0.0317383 0.0542279
1 0.377686 0.366728 0.0239258 0.0441176
0 0.829834 0.772059 0.0297852 0.0533088
0 0.934326 0.883272 0.0249023 0.0441176
0 0.0852051 0.238971 0.034668 0.0625
0 0.872559 0.745864 0.0283203 0.0487132
0 0.108643 0.389246 0.0297852 0.0615809
0 0.826416 0.953585 0.0297852 0.0523897
0 0.258789 0.847886 0.0273438 0.0505515
0 0.165283 0.773438 0.027832 0.0523897
1 0.826416 0.954044 0.0297852 0.0514706
1 0.189209 0.542279 0.034668 0.0661765
0 0.0222168 0.193015 0.0336914 0.0661765
1 0.689941 0.389706 0.0322266 0.0661765
