1 0.309814 0.238971 0.0288086 0.0569853
1 0.958496 0.867647 0.0234375 0.0386029
0 0.101807 0.0229779 0.034668 0.0459559
1 0.109619 0.386949 0.0288086 0.0625
0 0.189697 0.54182 0.0336914 0.0689338
1 0.102295 0.0238971 0.0336914 0.0477941
1 0.951416 0.556066 0.0327148 0.0496324
1 0.923584 0.975643 0.0297852 0.0431985
1 0.309082 0.902574 0.0273438 0.0514706
0 0.525391 0.209559 0.0234375 0.0459559
1 0.837402 0.764706 0.0263672 0.0459559
1 0.791748 0.925092 0.0229492 0.0487132
0 0.799316 0.595129 0.0283203 0.0523897
0 0.56958 0.597426 0.0288086 0.0551471
0 0.825684 0.953585 0.0283203 0.0505515
1 0.570068 0.596048 0.0288086 0.0523897
0 0.922607 0.977022 0.027832 0.0441176
1 0.385254 0.259191 0.0263672 0.0459559
1 0.828857 0.625 0.0219727 0.0477941
0 0.872559 0.745404 0.0263672 0.0477941
0 0.93457 0.882812 0.0234375 0.0395221
0 0.259033 0.846967 0.027832 0.0505515
0 0.310303 0.23943 0.0297852 0.0560662
1 0.800781 0.59421 0.0263672 0.0505515
1 0.987549 0.173254 0.0249023 0.0560662
0 0.202637 0.95818 0.0283203 0.0505515
0 0.828857 0.623621 0.0249023 0.0487132
1 0.872559 0.744945 0.0263672 0.0450368
0 0.438965 0.881434 0.0341797 0.0569853
1 0.203125 0.95818 0.0302734 0.0542279
1 0.91626 0.495404 0.0249023 0.0459559
0 0.164551 0.773438 0.0283203 0.0542279
1 0.377441 0.367188 0.0214844 0.0413603
1 0.416016 0.454504 0.0253906 0.0487132
0 0.0849609 0.238971 0.0341797 0.0606618
1 0.825684 0.953585 0.0283203 0.0487132
0 0.109131 0.389706 0.0288086 0.0606618
1 0.390869 0.346507 0.0219727 0.0422794
1 0.689941 0.389246 0.0302734 0.0652574
0 0.0222168 0.193015 0.0327148 0.0661765
1 0.189209 0.54182 0.0336914 0.0652574
