1 0.835938 0.983456 0.0292969 0.0294118
1 0.852539 0.680607 0.0234375 0.0340074
0 0.356201 0.798254 0.0239258 0.0413603
0 0.392822 0.657629 0.0239258 0.0450368
0 0.619873 0.982996 0.0307617 0.0284926
1 0.563721 0.610294 0.0249023 0.0459559
1 0.0341797 0.903033 0.0292969 0.0615809
1 0.854004 0.0772059 0.0205078 0.0404412
1 0.659668 0.0133272 0.0205078 0.0266544
0 0.878906 0.0818015 0.0234375 0.0404412
1 0.0766602 0.246783 0.0302734 0.0523897
1 0.464111 0.670037 0.0239258 0.0459559
0 0.364258 0.688419 0.0253906 0.0496324
1 0.364258 0.688419 0.0273438 0.0496324
1 0.879639 0.0790441 0.0200195 0.0386029
1 0.761719 0.884191 0.0214844 0.0367647
1 0.984375 0.764706 0.0205078 0.0386029
1 0.989746 0.819853 0.0185547 0.0441176
1 0.190918 0.375 0.0224609 0.0404412
1 0.962402 0.213235 0.0234375 0.0386029
1 0.125 0.48989 0.0234375 0.0514706
0 0.4646 0.670496 0.0258789 0.046875
1 0.233398 0.347886 0.0214844 0.046875
1 0.939941 0.713695 0.0185547 0.0413603
0 0.234863 0.710938 0.0253906 0.046875
1 0.833496 0.865349 0.0205078 0.0395221
1 0.259277 0.846967 0.0283203 0.046875
0 0.324951 0.630515 0.0249023 0.0441176
1 0.538086 0.5 0.0234375 0.0422794
1 0.532471 0.461397 0.0239258 0.0441176
1 0.457031 0.496324 0.0224609 0.0404412
1 0.607666 0.0160846 0.0258789 0.0321691
0 0.0761719 0.247702 0.0302734 0.0505515
1 0.381592 0.786765 0.0249023 0.0477941
1 0.910156 0.5 0.0253906 0.0441176
1 0.37793 0.370864 0.0253906 0.046875
1 0.978271 0.439338 0.0249023 0.0441176
0 0.298584 0.670956 0.0288086 0.0477941
1 0.0942383 0.350643 0.0283203 0.0487132
1 0.672852 0.712316 0.0234375 0.0441176
1 0.0183105 0.461397 0.0268555 0.0514706
1 0.17627 0.829504 0.0253906 0.0431985
1 0.734863 0.181985 0.0224609 0.0459559
0 0.0129395 0.202665 0.0249023 0.0579044
1 0.195312 0.929228 0.0253906 0.0441176
1 0.94458 0.320772 0.0219727 0.0404412
0 0.27002 0.984375 0.0273438 0.03125
1 0.510254 0.679688 0.0273438 0.046875
0 0.258057 0.846507 0.0258789 0.0422794
1 0.372314 0.536765 0.027832 0.0496324
1 0.828125 0.82307 0.0214844 0.046875
1 0.777344 0.871783 0.0214844 0.0395221
1 0.885986 0.236673 0.027832 0.0450368
1 0.991455 0.761029 0.0170898 0.0404412
1 0.708008 0.652574 0.0234375 0.0441176
1 0.0888672 0.599724 0.0253906 0.0487132
1 0.970947 0.19807 0.0219727 0.0376838
0 0.316162 0.880055 0.0249023 0.0487132
1 0.4104 0.538143 0.0258789 0.0450368
1 0.157715 0.500919 0.0224609 0.0459559
1 0.092041 0.0344669 0.0327148 0.0542279
1 0.439941 0.884651 0.0273438 0.046875
1 0.171143 0.0170037 0.0268555 0.0340074
1 0.393311 0.869945 0.0288086 0.0560662
1 0.730469 0.101103 0.0234375 0.0459559
1 0.876465 0.712776 0.0234375 0.0431985
1 0.196777 0.533088 0.0263672 0.0459559
1 0.917969 0.554688 0.0234375 0.0431985
1 0.766846 0.0859375 0.0209961 0.0395221
1 0.743408 0.915901 0.0249023 0.046875
1 0.712646 0.476562 0.0258789 0.0395221
1 0.0927734 0.81204 0.0273438 0.0487132
1 0.834473 0.126379 0.0234375 0.0413603
1 0.646973 0.389706 0.0234375 0.0459559
1 0.152344 0.22886 0.0273438 0.0514706
1 0.679688 0.132353 0.0253906 0.0441176
1 0.360352 0.170496 0.0234375 0.0413603
1 0.676514 0.058364 0.0229492 0.0413603
1 0.780029 0.690717 0.0268555 0.0487132
1 0.851562 0.261949 0.0263672 0.0422794
1 0.41748 0.959099 0.0273438 0.0487132
1 0.933594 0.331801 0.0205078 0.0386029
1 0.802246 0.170037 0.0224609 0.0459559
1 0.0319824 0.409926 0.0258789 0.0459559
1 0.588623 0.362132 0.0239258 0.0422794
1 0.145508 0.587776 0.0253906 0.046875
1 0.992188 0.545037 0.015625 0.0477941
1 0.205322 0.85432 0.027832 0.0450368
1 0.612549 0.251379 0.0200195 0.0395221
1 0.520752 0.0693934 0.0229492 0.0431985
1 0.690918 0.446232 0.0234375 0.0450368
1 0.759766 0.0542279 0.0214844 0.0404412
1 0.783691 0.59375 0.0263672 0.0441176
1 0.186768 0.466912 0.0268555 0.0477941
1 0.797363 0.407169 0.0224609 0.0404412
1 0.879883 0.824449 0.0234375 0.0459559
1 0.146484 0.303309 0.0263672 0.0496324
1 0.128418 0.828585 0.0263672 0.0505515
1 0.572266 0.104779 0.0234375 0.0422794
1 0.30957 0.128217 0.0273438 0.0487132
1 0.0144043 0.980699 0.0239258 0.0386029
1 0.694824 0.735754 0.0205078 0.046875
1 0.92041 0.842831 0.0263672 0.0459559
1 0.855469 0.867647 0.0253906 0.0459559
1 0.964844 0.751838 0.0253906 0.0441176
1 0.224365 0.786765 0.027832 0.0477941
1 0.725342 0.634191 0.0209961 0.0404412
1 0.534668 0.339154 0.0224609 0.0441176
1 0.755859 0.789062 0.0253906 0.0450368
1 0.828125 0.62454 0.0253906 0.0523897
1 0.407959 0.204044 0.0258789 0.0459559
1 0.414551 0.460478 0.0263672 0.0496324
1 0.0385742 0.920496 0.0263672 0.0450368
1 0.991455 0.176011 0.0170898 0.0450368
1 0.164307 0.772518 0.0258789 0.0487132
1 0.444824 0.473805 0.0224609 0.0413603
1 0.500244 0.174632 0.0258789 0.0459559
1 0.782471 0.272978 0.0258789 0.0441176
1 0.459473 0.110294 0.0234375 0.0477941
1 0.598145 0.300551 0.0244141 0.0441176
1 0.692139 0.384191 0.0239258 0.0441176
1 0.395264 0.122702 0.0239258 0.0431985
1 0.805664 0.229779 0.0244141 0.0441176
1 0.596924 0.22932 0.0200195 0.0431985
1 0.217529 0.0753676 0.0249023 0.0496324
1 0.408691 0.342371 0.0263672 0.0450368
1 0.668701 0.392004 0.0219727 0.0431985
1 0.803467 0.106618 0.0229492 0.0441176
1 0.807617 0.298713 0.0234375 0.0422794
1 0.36084 0.201746 0.0224609 0.0431985
1 0.82666 0.953585 0.0263672 0.0450368
1 0.568359 0.388327 0.0234375 0.0413603
1 0.813232 0.442555 0.0249023 0.0413603
1 0.0305176 0.88511 0.0258789 0.0422794
1 0.577881 0.25 0.0219727 0.0459559
1 0.108398 0.528952 0.0273438 0.0505515
1 0.132324 0.623621 0.0263672 0.0487132
1 0.483398 0.132353 0.0234375 0.0459559
1 0.315918 0.25 0.0263672 0.0459559
1 0.985107 0.931066 0.0268555 0.0533088
1 0.403076 0.159467 0.0219727 0.0450368
1 0.333252 0.194853 0.0249023 0.0459559
1 0.206787 0.3125 0.0239258 0.0477941
1 0.528564 0.269761 0.0239258 0.046875
1 0.981201 0.734375 0.0219727 0.0386029
1 0.244873 0.0252757 0.0258789 0.0450368
