0 0.0148926 0.986213 0.0297852 0.0275735
1 0.0200195 0.194853 0.0283203 0.0551471
0 0.101562 0.371783 0.0244141 0.0431985
1 0.804688 0.988051 0.03125 0.0238971
0 0.097168 0.530331 0.0283203 0.0514706
0 0.875 0.726562 0.0263672 0.046875
0 0.928955 0.867647 0.0268555 0.0477941
1 0.204346 0.0753676 0.0258789 0.0459559
1 0.170166 0.483456 0.0209961 0.0404412
0 0.0925293 0.0294118 0.0336914 0.0477941
1 0.875732 0.726103 0.0268555 0.0441176
0 0.196777 0.956801 0.03125 0.0496324
1 0.857666 0.252298 0.0219727 0.0413603
0 0.914795 0.981618 0.0297852 0.0367647
1 0.172607 0.0206801 0.0288086 0.0413603
1 0.882812 0.242188 0.0234375 0.0450368
0 0.0852051 0.238511 0.0307617 0.0523897
1 0.928955 0.867647 0.0249023 0.0441176
0 0.020752 0.195312 0.0258789 0.0487132
1 0.0925293 0.0280331 0.0327148 0.046875
1 0.258301 0.84421 0.0244141 0.0450368
1 0.197266 0.955882 0.0283203 0.0477941
1 0.835938 0.865349 0.0205078 0.0413603
1 0.0969238 0.53079 0.0258789 0.046875
1 0.838379 0.12546 0.0234375 0.0487132
0 0.163574 0.77068 0.0292969 0.0560662
1 0.98877 0.174173 0.0224609 0.0505515
1 0.552734 0.894301 0.0253906 0.0422794
1 0.828125 0.623162 0.0253906 0.0514706
1 0.917969 0.493107 0.0292969 0.0487132
1 0.184326 0.486213 0.0209961 0.0422794
1 0.932129 0.563419 0.0263672 0.0459559
1 0.196777 0.53125 0.0244141 0.0459559
1 0.690674 0.386949 0.0268555 0.0477941
1 0.789062 0.592371 0.0253906 0.046875
1 0.44043 0.884651 0.0234375 0.046875
1 0.858398 0.0831801 0.0234375 0.046875
1 0.771973 0.729779 0.0234375 0.0441176
1 0.513428 0.192555 0.0249023 0.0450368
1 0.810303 0.118566 0.0229492 0.0459559
1 0.880615 0.826746 0.0249023 0.0487132
0 0.20459 0.0744485 0.0253906 0.0477941
1 0.810303 0.300092 0.0258789 0.046875
1 0.82666 0.790441 0.0263672 0.0496324
1 0.86084 0.862592 0.0234375 0.0487132
1 0.0957031 0.589614 0.0273438 0.0487132
1 0.567627 0.600643 0.0268555 0.046875
1 0.825928 0.955882 0.0297852 0.0496324
1 0.524414 0.268842 0.0234375 0.0413603
1 0.391602 0.872702 0.0224609 0.0487132
1 0.397461 0.221507 0.0224609 0.0459559
1 0.237793 0.342371 0.0273438 0.046875
1 0.536377 0.0569853 0.0258789 0.0404412
1 0.765137 0.924173 0.0263672 0.0560662
1 0.98291 0.912684 0.0283203 0.0533088
1 0.786133 0.271599 0.0234375 0.0487132
1 0.755859 0.788603 0.0253906 0.0441176
1 0.205811 0.315257 0.0249023 0.0477941
1 0.528564 0.311581 0.0229492 0.0422794
1 0.378418 0.368107 0.0244141 0.0431985
1 0.415283 0.457721 0.0249023 0.0441176
1 0.373291 0.540441 0.0239258 0.0459559
1 0.570312 0.0965074 0.0234375 0.0459559
1 0.409668 0.340533 0.0244141 0.0431985
1 0.398438 0.539982 0.0234375 0.0431985
1 0.416016 0.930607 0.0253906 0.046875
1 0.311523 0.246324 0.0273438 0.0441176
