1 0.311523 0.896599 0.0273438 0.046875
1 0.882812 0.241268 0.0214844 0.046875
1 0.098877 0.0229779 0.034668 0.0459559
1 0.858643 0.0836397 0.0219727 0.0441176
0 0.189697 0.540901 0.0327148 0.0652574
1 0.522461 0.207721 0.0195312 0.0404412
0 0.39209 0.871783 0.0224609 0.0487132
0 0.567871 0.596967 0.0302734 0.0542279
0 0.539062 0.914062 0.0253906 0.046875
1 0.85791 0.24954 0.0234375 0.0395221
0 0.173096 0.0220588 0.0288086 0.0367647
1 0.777588 0.921415 0.0288086 0.0505515
0 0.920898 0.97886 0.03125 0.0422794
0 0.797852 0.595129 0.0273438 0.046875
1 0.568848 0.596967 0.0263672 0.046875
1 0.406982 0.891544 0.0219727 0.0441176
1 0.797852 0.59329 0.0263672 0.0450368
0 0.438721 0.882812 0.0239258 0.046875
1 0.538818 0.914062 0.0258789 0.046875
1 0.920898 0.97886 0.03125 0.0422794
1 0.201172 0.95864 0.03125 0.0533088
1 0.934326 0.880055 0.0249023 0.0431985
0 0.200928 0.959559 0.0317383 0.0551471
1 0.810791 0.119485 0.0219727 0.0459559
1 0.391602 0.871324 0.0205078 0.0459559
1 0.828857 0.624081 0.0219727 0.0477941
0 0.933594 0.882353 0.0253906 0.0422794
0 0.82666 0.773438 0.0263672 0.046875
0 0.258545 0.847426 0.0268555 0.0514706
1 0.989014 0.172335 0.0219727 0.0487132
0 0.828857 0.623162 0.0249023 0.0496324
1 0.835938 0.125 0.0234375 0.0441176
1 0.916992 0.493566 0.0234375 0.0477941
0 0.165039 0.772059 0.0283203 0.0496324
1 0.943848 0.563419 0.0263672 0.0477941
0 0.0849609 0.238511 0.0332031 0.0579044
1 0.528564 0.309743 0.0209961 0.0404412
1 0.525635 0.269761 0.0209961 0.0395221
0 0.872559 0.744026 0.0263672 0.0487132
0 0.777344 0.922335 0.0273438 0.0487132
1 0.785889 0.272978 0.0229492 0.0422794
1 0.388672 0.244485 0.0253906 0.0551471
1 0.971924 0.882353 0.0249023 0.0441176
0 0.0219727 0.193015 0.0322266 0.0625
0 0.10791 0.388327 0.0283203 0.0579044
1 0.415039 0.454963 0.0234375 0.0422794
1 0.311279 0.243566 0.0288086 0.0477941
0 0.826416 0.954504 0.0297852 0.0523897
1 0.799072 0.297335 0.0239258 0.0413603
1 0.689941 0.389246 0.0302734 0.0634191
1 0.377686 0.368566 0.0249023 0.0459559
1 0.189209 0.542279 0.0327148 0.0625
1 0.405273 0.337316 0.0234375 0.0422794
