1 0.501953 0.926471 0.0185547 0.0367647
1 0.195312 0.914522 0.0224609 0.0386029
1 0.210938 0.638327 0.0214844 0.0376838
1 0.914062 0.549632 0.0214844 0.0367647
1 0.354736 0.800092 0.0288086 0.0431985
0 0.671143 0.982077 0.0219727 0.0321691
1 0.991699 0.558364 0.0166016 0.0431985
1 0.451904 0.161765 0.0249023 0.0404412
0 0.194824 0.914522 0.0224609 0.0386029
0 0.175781 0.829044 0.0205078 0.0367647
0 0.914062 0.55193 0.0214844 0.0358456
1 0.186523 0.440257 0.0195312 0.0367647
1 0.0361328 0.40625 0.0263672 0.0441176
1 0.645264 0.387868 0.0200195 0.0404412
0 0.992188 0.558824 0.015625 0.0422794
0 0.934326 0.48943 0.0219727 0.0358456
1 0.679199 0.143382 0.0205078 0.0367647
1 0.768311 0.200827 0.0180664 0.0340074
0 0.368164 0.0409007 0.0234375 0.0303309
1 0.815674 0.483915 0.019043 0.0321691
0 0.0322266 0.0289522 0.0273438 0.0340074
1 0.118408 0.161305 0.0258789 0.0413603
0 0.224365 0.0772059 0.0239258 0.0441176
0 0.154785 0.227941 0.0244141 0.0441176
0 0.407959 0.537224 0.0219727 0.0431985
0 0.431641 0.794118 0.0195312 0.0422794
1 0.592529 0.369945 0.0209961 0.0395221
0 0.514404 0.686121 0.0268555 0.0395221
1 0.853271 0.262868 0.0219727 0.0330882
1 0.0817871 0.601562 0.0239258 0.046875
0 0.0285645 0.892004 0.0229492 0.0431985
0 0.0998535 0.866728 0.0200195 0.0349265
0 0.828125 0.626838 0.0214844 0.0404412
1 0.683838 0.444853 0.0219727 0.0367647
0 0.3479 0.511949 0.0200195 0.0386029
0 0.822021 0.823529 0.0170898 0.0386029
0 0.535889 0.505515 0.0209961 0.0330882
0 0.651611 0.338695 0.0200195 0.0358456
1 0.980469 0.446691 0.0205078 0.0404412
1 0.909424 0.589154 0.0200195 0.0367647
0 0.665039 0.392004 0.0195312 0.0395221
1 0.921875 0.620404 0.0214844 0.0386029
0 0.396484 0.862592 0.0214844 0.0431985
0 0.125732 0.504136 0.0200195 0.0376838
0 0.921143 0.619485 0.0219727 0.0386029
0 0.643799 0.220129 0.0180664 0.0358456
1 0.095459 0.344669 0.0239258 0.0422794
0 0.0725098 0.255974 0.0249023 0.0505515
0 0.118652 0.160846 0.0253906 0.0422794
0 0.837402 0.68796 0.0185547 0.0413603
0 0.660889 0.0142463 0.019043 0.0284926
1 0.99292 0.300551 0.0141602 0.0459559
1 0.513916 0.685662 0.0249023 0.0404412
1 0.0588379 0.876379 0.0219727 0.0376838
0 0.592285 0.370404 0.0195312 0.0404412
1 0.126953 0.503217 0.0214844 0.0376838
1 0.181152 0.463695 0.0185547 0.0395221
0 0.463379 0.881893 0.0224609 0.0395221
0 0.109619 0.887408 0.0180664 0.0340074
0 0.556641 0.610294 0.0253906 0.0404412
1 0.754883 0.786765 0.0234375 0.0441176
1 0.37207 0.539982 0.0214844 0.0431985
0 0.688477 0.178768 0.0195312 0.0321691
1 0.714844 0.482077 0.0214844 0.0395221
0 0.0581055 0.875 0.0234375 0.0404412
0 0.0371094 0.40579 0.0253906 0.0450368
1 0.796875 0.0955882 0.0205078 0.0367647
1 0.394775 0.113511 0.0219727 0.0431985
0 0.910156 0.590993 0.0205078 0.0349265
0 0.0812988 0.599724 0.0249023 0.0450368
0 0.052002 0.813879 0.0219727 0.0395221
1 0.871826 0.26011 0.0200195 0.0330882
0 0.133057 0.134191 0.0229492 0.0422794
0 0.207031 0.607537 0.0214844 0.0422794
0 0.601562 0.015625 0.0224609 0.03125
1 0.365479 0.84329 0.0219727 0.0376838
0 0.297607 0.674173 0.019043 0.0560662
1 0.828125 0.626379 0.0205078 0.0431985
0 0.880371 0.825827 0.0205078 0.0487132
1 0.490234 0.941176 0.0195312 0.0367647
0 0.563721 0.375 0.0209961 0.0404412
0 0.326172 0.622702 0.0214844 0.0431985
0 0.598389 0.300551 0.0200195 0.0367647
0 0.235107 0.696691 0.0180664 0.0404412
1 0.0441895 0.931985 0.0209961 0.0367647
1 0.877197 0.0795037 0.0219727 0.0413603
1 0.36792 0.795496 0.0209961 0.0413603
1 0.483154 0.884651 0.0229492 0.0431985
1 0.940674 0.694393 0.0200195 0.0358456
0 0.755127 0.788603 0.0239258 0.0441176
0 0.0454102 0.931066 0.0205078 0.0367647
1 0.729248 0.188419 0.019043 0.0404412
0 0.735107 0.909467 0.0209961 0.0413603
1 0.200684 0.360294 0.0224609 0.0404412
0 0.762695 0.893382 0.0234375 0.0404412
1 0.0720215 0.256434 0.0249023 0.0514706
0 0.173584 0.793199 0.019043 0.0386029
0 0.785156 0.680147 0.0244141 0.0496324
1 0.360352 0.160846 0.0214844 0.0404412
1 0.0283203 0.891085 0.0224609 0.0431985
0 0.684814 0.444853 0.0219727 0.0349265
0 0.509766 0.0165441 0.0195312 0.0330882
1 0.223877 0.0767463 0.0229492 0.0413603
1 0.894531 0.342371 0.0205078 0.0358456
0 0.0410156 0.120864 0.0224609 0.0376838
1 0.155029 0.22886 0.0249023 0.0459559
0 0.602295 0.451746 0.0209961 0.0358456
0 0.234863 0.0303309 0.0234375 0.0441176
1 0.881348 0.825827 0.0234375 0.046875
0 0.580566 0.845588 0.0263672 0.0404412
0 0.223389 0.796875 0.0229492 0.0367647
1 0.612549 0.25046 0.0200195 0.0376838
0 0.61792 0.980239 0.0229492 0.0395221
1 0.598389 0.299632 0.0200195 0.0386029
1 0.146973 0.300551 0.0234375 0.0404412
1 0.30542 0.116728 0.0229492 0.0422794
0 0.616455 0.887868 0.0229492 0.0441176
0 0.121826 0.471967 0.0219727 0.0358456
1 0.572754 0.105239 0.0224609 0.0395221
1 0.329834 0.201287 0.0219727 0.0404412
1 0.75708 0.21829 0.0180664 0.0340074
0 0.0136719 0.980699 0.0214844 0.0386029
0 0.3479 0.800551 0.0209961 0.0422794
1 0.108887 0.53171 0.0244141 0.0413603
0 0.304688 0.117647 0.0244141 0.0441176
1 0.703613 0.193474 0.0205078 0.0395221
0 0.0705566 0.797794 0.0209961 0.0404412
1 0.419922 0.963235 0.0263672 0.0441176
1 0.561279 0.301011 0.019043 0.0376838
0 0.645264 0.391085 0.0200195 0.0395221
1 0.21167 0.306066 0.0229492 0.0422794
1 0.489014 0.360294 0.0229492 0.0386029
0 0.459473 0.675092 0.0224609 0.0431985
1 0.052002 0.813879 0.0249023 0.0413603
0 0.0656738 0.90579 0.0209961 0.0395221
0 0.207275 0.85432 0.0229492 0.0431985
1 0.402588 0.160386 0.0219727 0.0395221
1 0.228516 0.34375 0.0234375 0.0404412
0 0.0549316 0.111673 0.0219727 0.0395221
0 0.394531 0.113971 0.0234375 0.0441176
1 0.729004 0.633732 0.0224609 0.0431985
1 0.368164 0.207721 0.0195312 0.0404412
1 0.163574 0.494945 0.0234375 0.0395221
1 0.991699 0.761029 0.0166016 0.0404412
0 0.856201 0.679688 0.0170898 0.0395221
0 0.168701 0.0165441 0.0268555 0.0330882
1 0.785645 0.0505515 0.0166016 0.0367647
1 0.781982 0.585938 0.0239258 0.0431985
1 0.92749 0.331801 0.0219727 0.0367647
0 0.642578 0.886949 0.0234375 0.0459559
0 0.422852 0.880515 0.0234375 0.0441176
1 0.146729 0.590533 0.0229492 0.0450368
1 0.838379 0.942555 0.0263672 0.0505515
0 0.360352 0.162224 0.0214844 0.0413603
1 0.498779 0.342371 0.0200195 0.0358456
1 0.282959 0.184283 0.0239258 0.0431985
1 0.406982 0.538143 0.0219727 0.0413603
1 0.415527 0.778033 0.0195312 0.0431985
1 0.570801 0.212776 0.0205078 0.0358456
0 0.776367 0.861673 0.0234375 0.0395221
1 0.85083 0.082261 0.0219727 0.0395221
1 0.834229 0.547794 0.0219727 0.0330882
1 0.520264 0.0735294 0.0229492 0.0422794
0 0.0166016 0.46829 0.0244141 0.046875
0 0.319336 0.87454 0.0234375 0.046875
1 0.461914 0.174632 0.0195312 0.0386029
1 0.547363 0.316636 0.0224609 0.0358456
1 0.406006 0.346967 0.0229492 0.0431985
0 0.606689 0.487132 0.0219727 0.0367647
0 0.269287 0.983456 0.027832 0.0330882
1 0.132812 0.631434 0.0234375 0.0422794
1 0.855469 0.867647 0.0253906 0.0441176
0 0.127441 0.828125 0.0214844 0.0441176
0 0.0925293 0.0363051 0.0297852 0.0487132
1 0.197998 0.535846 0.0239258 0.0459559
1 0.31543 0.253217 0.0234375 0.0450368
1 0.267334 0.215993 0.0239258 0.0422794
1 0.583252 0.201746 0.0209961 0.0340074
1 0.802246 0.294577 0.0224609 0.0376838
1 0.445557 0.154412 0.0219727 0.0367647
1 0.411133 0.205423 0.0234375 0.0413603
1 0.441406 0.473346 0.0224609 0.0422794
1 0.779297 0.274357 0.0214844 0.0376838
1 0.918945 0.836397 0.0234375 0.0441176
1 0.596436 0.231158 0.0180664 0.0376838
0 0.656738 0.305147 0.0195312 0.0367647
1 0.801514 0.0487132 0.019043 0.0349265
1 0.889893 0.238051 0.0219727 0.0386029
1 0.97168 0.881434 0.0234375 0.0441176
1 0.374512 0.363971 0.0244141 0.0441176
1 0.963867 0.755515 0.0234375 0.0441176
0 0.0935059 0.813879 0.0200195 0.0395221
0 0.259277 0.846048 0.0244141 0.0413603
1 0.412109 0.464614 0.0244141 0.0450368
1 0.530518 0.340074 0.0200195 0.0367647
1 0.981201 0.741728 0.0200195 0.0386029
1 0.575439 0.251838 0.0200195 0.0367647
1 0.832031 0.129596 0.0253906 0.0386029
1 0.459473 0.106158 0.0224609 0.0376838
1 0.497559 0.176471 0.0234375 0.0422794
1 0.990723 0.18796 0.0185547 0.0413603
0 0.0102539 0.214614 0.0205078 0.0487132
1 0.793701 0.400735 0.0219727 0.0404412
1 0.532227 0.272059 0.0234375 0.0422794
1 0.182129 0.38511 0.0224609 0.0404412
1 0.960938 0.223346 0.0234375 0.0386029
1 0.829834 0.516544 0.0219727 0.0404412
1 0.533447 0.802849 0.0249023 0.0431985
1 0.98999 0.130055 0.0170898 0.0413603
1 0.987793 0.939798 0.0244141 0.0431985
1 0.51709 0.82261 0.0224609 0.0422794
1 0.94458 0.732996 0.0200195 0.0395221
1 0.971924 0.181985 0.0219727 0.0386029
1 0.483887 0.13557 0.0224609 0.0413603
1 0.814697 0.449449 0.0219727 0.0404412
1 0.94751 0.316176 0.0249023 0.0441176
