1 0.915527 0.982077 0.0283203 0.0358456
0 0.205078 0.317555 0.0273438 0.0542279
0 0.101807 0.373162 0.0249023 0.0441176
0 0.873291 0.728401 0.0249023 0.0450368
0 0.915771 0.981618 0.0297852 0.0367647
0 0.0964355 0.589154 0.0288086 0.0514706
1 0.197998 0.95818 0.027832 0.046875
1 0.875 0.727941 0.0253906 0.0441176
0 0.929688 0.869026 0.0253906 0.046875
1 0.204102 0.0749081 0.0263672 0.0450368
1 0.882812 0.241728 0.0214844 0.0459559
1 0.172607 0.0206801 0.0288086 0.0413603
1 0.835938 0.866268 0.0205078 0.0395221
1 0.258545 0.84375 0.0239258 0.0441176
1 0.929688 0.869485 0.0253906 0.0441176
1 0.0952148 0.586857 0.0283203 0.0505515
1 0.0930176 0.027114 0.0327148 0.0450368
0 0.0209961 0.195312 0.0244141 0.0523897
0 0.197754 0.957261 0.0283203 0.046875
1 0.858643 0.254136 0.0219727 0.0413603
1 0.917236 0.492647 0.0297852 0.0477941
1 0.98877 0.173713 0.0224609 0.0496324
0 0.0852051 0.238051 0.0307617 0.0533088
1 0.771484 0.734835 0.0214844 0.0450368
1 0.932861 0.5625 0.0268555 0.0441176
1 0.836914 0.12454 0.0234375 0.0450368
1 0.196533 0.532629 0.0268555 0.0505515
1 0.552734 0.894761 0.0253906 0.0431985
1 0.858643 0.0836397 0.0219727 0.0477941
1 0.440674 0.884651 0.0239258 0.0487132
1 0.828857 0.623162 0.0219727 0.0477941
1 0.810303 0.119945 0.0229492 0.0450368
0 0.0961914 0.533088 0.0283203 0.0514706
1 0.690918 0.387868 0.0263672 0.0477941
1 0.809082 0.300551 0.0253906 0.0441176
1 0.789551 0.592371 0.0244141 0.0450368
0 0.203613 0.0721507 0.0253906 0.046875
1 0.825928 0.955882 0.0297852 0.0496324
1 0.786133 0.27114 0.0234375 0.0477941
1 0.86084 0.862592 0.0234375 0.0487132
1 0.826416 0.788143 0.0249023 0.046875
1 0.236328 0.340993 0.0273438 0.0477941
1 0.567627 0.600184 0.0258789 0.0459559
1 0.206299 0.315257 0.0249023 0.0477941
1 0.514404 0.193015 0.0239258 0.0459559
1 0.880371 0.826746 0.0234375 0.046875
1 0.524414 0.268842 0.0234375 0.0413603
1 0.537109 0.0565257 0.0263672 0.0413603
1 0.766846 0.924173 0.0258789 0.0523897
1 0.391602 0.871783 0.0224609 0.0487132
0 0.164795 0.77068 0.0288086 0.0523897
1 0.98291 0.911765 0.0283203 0.0514706
1 0.528564 0.310662 0.0229492 0.0404412
1 0.755859 0.788603 0.0244141 0.0441176
1 0.396729 0.222886 0.0229492 0.0450368
1 0.374268 0.539982 0.0239258 0.0431985
1 0.569336 0.0942096 0.0234375 0.0450368
1 0.415283 0.457721 0.0249023 0.0441176
1 0.378662 0.368107 0.0249023 0.0431985
1 0.397705 0.539062 0.0219727 0.0413603
1 0.415527 0.92739 0.0244141 0.0459559
1 0.409668 0.340533 0.0244141 0.0431985
1 0.311523 0.245864 0.0273438 0.0431985
