0 0.568359 0.596967 0.03125 0.0579044
1 0.30957 0.238511 0.0283203 0.0579044
1 0.439453 0.880515 0.0322266 0.0588235
1 0.951416 0.556066 0.0327148 0.0496324
0 0.189697 0.54182 0.034668 0.0707721
0 0.101807 0.0229779 0.034668 0.0459559
1 0.102051 0.0238971 0.0341797 0.0477941
1 0.309082 0.902574 0.0283203 0.0514706
0 0.799316 0.595129 0.0283203 0.0523897
1 0.958496 0.867647 0.0234375 0.0386029
0 0.825684 0.953585 0.0263672 0.0505515
1 0.923584 0.975643 0.0297852 0.0431985
1 0.385254 0.259191 0.0263672 0.0459559
0 0.525391 0.209099 0.0234375 0.046875
1 0.837646 0.764706 0.0249023 0.0441176
0 0.922607 0.976562 0.027832 0.0431985
0 0.872559 0.745864 0.0263672 0.0487132
1 0.56958 0.596507 0.0288086 0.0514706
0 0.93457 0.882353 0.0234375 0.0404412
0 0.828857 0.623621 0.0249023 0.0487132
1 0.791748 0.925092 0.0239258 0.0505515
0 0.258545 0.846967 0.0297852 0.0523897
0 0.308838 0.238511 0.0297852 0.0560662
1 0.828857 0.62454 0.0219727 0.0487132
0 0.202637 0.957261 0.0283203 0.0505515
1 0.203369 0.95818 0.0307617 0.0542279
1 0.800781 0.59421 0.0263672 0.0505515
1 0.987549 0.173254 0.0249023 0.0560662
1 0.377197 0.367647 0.0219727 0.0422794
1 0.872559 0.744485 0.0263672 0.0459559
0 0.164795 0.772518 0.0288086 0.0560662
1 0.91626 0.495864 0.0249023 0.046875
0 0.439453 0.881434 0.0332031 0.0588235
1 0.416016 0.454504 0.0253906 0.0487132
0 0.0852051 0.238971 0.034668 0.0625
1 0.390869 0.346507 0.0219727 0.0422794
1 0.825684 0.953585 0.0283203 0.046875
0 0.109131 0.388327 0.0297852 0.0615809
1 0.689941 0.389706 0.0302734 0.0661765
0 0.0219727 0.193474 0.0332031 0.0670956
1 0.189209 0.542279 0.034668 0.0661765
