0 0.367432 0.84421 0.0170898 0.0413603
0 0.948486 0.960938 0.0200195 0.0431985
0 0.577881 0.20818 0.0209961 0.0358456
0 0.126221 0.502298 0.0161133 0.0340074
0 0.716064 0.484835 0.019043 0.0413603
0 0.953857 0.256893 0.0170898 0.0321691
0 0.467529 0.27068 0.0170898 0.0303309
1 0.979736 0.44761 0.0219727 0.0404412
0 0.618652 0.417739 0.0166016 0.0413603
0 0.23291 0.963235 0.0195312 0.0404412
0 0.815674 0.121783 0.0200195 0.0340074
0 0.141113 0.299632 0.0175781 0.0330882
0 0.653076 0.338235 0.0180664 0.0349265
0 0.695068 0.640625 0.0209961 0.0330882
0 0.158203 0.224724 0.0195312 0.0358456
0 0.564209 0.303309 0.0180664 0.0330882
1 0.412842 0.205882 0.0209961 0.0422794
0 0.44458 0.153952 0.019043 0.0340074
0 0.566406 0.955882 0.0234375 0.0404412
0 0.625 0.315717 0.015625 0.0376838
0 0.656494 0.303768 0.0170898 0.0303309
0 0.617188 0.977941 0.0205078 0.0386029
0 0.515625 0.466912 0.0214844 0.0349265
0 0.00854492 0.986213 0.0170898 0.0275735
0 0.133545 0.13511 0.019043 0.0386029
1 0.947754 0.316636 0.0234375 0.0413603
0 0.980469 0.446691 0.0185547 0.0404412
0 0.991699 0.185662 0.0166016 0.0367647
0 0.925781 0.33364 0.0214844 0.0404412
0 0.268311 0.224724 0.0229492 0.0376838
0 0.556641 0.0620404 0.0175781 0.0340074
0 0.412842 0.206342 0.0200195 0.0431985
0 0.615967 0.250919 0.0180664 0.03125
0 0.0385742 0.405331 0.0205078 0.0386029
0 0.765381 0.897978 0.0219727 0.0386029
0 0.380371 0.0298713 0.0224609 0.0340074
0 0.582764 0.195312 0.019043 0.0340074
0 0.119385 0.162224 0.0180664 0.0376838
0 0.533203 0.274816 0.0224609 0.0386029
0 0.802246 0.0473346 0.0185547 0.0358456
0 0.368164 0.796875 0.015625 0.0349265
0 0.602295 0.44761 0.0141602 0.0386029
0 0.572266 0.107537 0.0195312 0.0330882
0 0.198486 0.539982 0.0209961 0.0376838
0 0.488281 0.355699 0.0185547 0.0367647
0 0.708984 0.654412 0.0214844 0.0330882
0 0.501221 0.341912 0.0180664 0.0349265
0 0.834229 0.553768 0.0219727 0.0376838
0 0.168701 0.0151654 0.0249023 0.0303309
0 0.781738 0.58364 0.0224609 0.0441176
0 0.959229 0.225643 0.0219727 0.0376838
0 0.516846 0.82261 0.019043 0.0386029
0 0.939697 0.246783 0.0219727 0.0321691
0 0.85083 0.0840993 0.019043 0.0395221
0 0.529297 0.339614 0.0214844 0.0358456
0 0.108643 0.53125 0.0209961 0.0367647
0 0.194824 0.247243 0.0185547 0.0422794
0 0.206543 0.85432 0.0214844 0.0413603
0 0.616211 0.889706 0.0195312 0.0422794
0 0.845215 0.125919 0.0185547 0.0349265
0 0.546875 0.318934 0.0205078 0.0330882
0 0.546387 0.512868 0.0205078 0.0367647
0 0.593018 0.372243 0.0180664 0.0367647
0 0.534668 0.802849 0.0205078 0.0395221
0 0.948242 0.315717 0.0234375 0.0395221
0 0.564453 0.372243 0.0185547 0.0404412
0 0.571533 0.213235 0.0209961 0.0349265
0 0.496094 0.608456 0.0214844 0.0367647
0 0.320068 0.872702 0.0209961 0.0413603
0 0.830322 0.517463 0.0219727 0.0386029
0 0.259033 0.846507 0.0229492 0.0349265
0 0.754883 0.787224 0.0234375 0.0395221
0 0.401855 0.160386 0.0195312 0.0358456
0 0.991455 0.131434 0.0170898 0.0386029
0 0.0161133 0.470588 0.0224609 0.0404412
0 0.606689 0.490349 0.0180664 0.0340074
0 0.918701 0.836857 0.0219727 0.0376838
0 0.360596 0.162224 0.0200195 0.0376838
0 0.574951 0.253217 0.0200195 0.0358456
0 0.0410156 0.120404 0.0214844 0.0386029
0 0.786865 0.676011 0.0209961 0.0431985
0 0.775635 0.858456 0.0209961 0.0367647
0 0.348145 0.800551 0.0185547 0.0386029
0 0.0554199 0.11489 0.0209961 0.0349265
0 0.828857 0.62454 0.0200195 0.0395221
0 0.269531 0.983456 0.0234375 0.0330882
0 0.727295 0.629596 0.0219727 0.0404412
0 0.128174 0.826287 0.0209961 0.0441176
0 0.598145 0.299632 0.0185547 0.0386029
0 0.987305 0.942096 0.0234375 0.0386029
0 0.395264 0.113051 0.0229492 0.0422794
0 0.0925293 0.0358456 0.027832 0.0422794
