0 0.561768 0.52068 0.0200195 0.0395221
1 0.989014 0.820772 0.0170898 0.0441176
0 0.619141 0.982996 0.0322266 0.0266544
0 0.440186 0.884651 0.0297852 0.0505515
1 0.53833 0.499081 0.0229492 0.0422794
1 0.397461 0.141544 0.0234375 0.0514706
0 0.195557 0.927849 0.0249023 0.0431985
1 0.985107 0.764706 0.0200195 0.0367647
1 0.125488 0.488971 0.0214844 0.0514706
1 0.673584 0.713235 0.0209961 0.0459559
1 0.892822 0.120404 0.0219727 0.0386029
0 0.608887 0.0137868 0.0244141 0.0275735
1 0.013916 0.203125 0.0249023 0.0569853
0 0.55957 0.877298 0.0273438 0.0450368
1 0.454834 0.491268 0.0209961 0.0395221
0 0.829102 0.823529 0.0234375 0.0459559
1 0.834473 0.86443 0.0205078 0.0395221
1 0.381348 0.785846 0.0253906 0.0459559
1 0.0766602 0.246324 0.0302734 0.0533088
1 0.854736 0.0776654 0.0200195 0.0413603
1 0.880371 0.0790441 0.0205078 0.0386029
0 0.536377 0.499081 0.0249023 0.0441176
1 0.828125 0.822151 0.0214844 0.046875
0 0.381592 0.787224 0.0268555 0.0487132
1 0.196533 0.533088 0.0249023 0.0459559
0 0.879883 0.0818015 0.0234375 0.0404412
1 0.410645 0.539062 0.0244141 0.0450368
1 0.921875 0.558364 0.0253906 0.0395221
1 0.259766 0.846967 0.0283203 0.046875
1 0.977295 0.436581 0.0249023 0.0459559
0 0.196777 0.533088 0.0244141 0.0477941
0 0.563721 0.610754 0.0239258 0.0450368
1 0.709229 0.650735 0.0219727 0.0404412
0 0.673096 0.713235 0.0229492 0.0422794
0 0.392578 0.65625 0.0253906 0.0477941
1 0.856201 0.867647 0.0268555 0.0459559
1 0.377441 0.370864 0.0253906 0.0450368
1 0.735352 0.179228 0.0234375 0.0459559
0 0.508545 0.680147 0.0258789 0.0459559
1 0.910889 0.499081 0.0249023 0.0441176
1 0.187744 0.469669 0.0268555 0.0459559
1 0.886719 0.236213 0.0263672 0.0441176
0 0.0136719 0.202206 0.0263672 0.0588235
1 0.195801 0.931066 0.0263672 0.0441176
1 0.744141 0.920037 0.0253906 0.0422794
1 0.446045 0.476562 0.0200195 0.0376838
1 0.520508 0.0693934 0.0234375 0.0431985
1 0.414551 0.460018 0.0263672 0.0487132
1 0.767578 0.0863971 0.0214844 0.0404412
1 0.729492 0.102022 0.0234375 0.0459559
1 0.692383 0.445772 0.0234375 0.0441176
1 0.359375 0.172335 0.0214844 0.0395221
1 0.677246 0.0592831 0.0224609 0.0395221
1 0.991699 0.761029 0.0166016 0.0404412
1 0.439697 0.886949 0.0288086 0.0514706
1 0.588867 0.363511 0.0234375 0.0450368
1 0.647705 0.390625 0.0229492 0.0441176
1 0.156982 0.501379 0.0229492 0.046875
0 0.235596 0.711857 0.0249023 0.0450368
0 0.533203 0.462316 0.0234375 0.0422794
1 0.393311 0.871324 0.027832 0.0551471
1 0.876465 0.713695 0.0234375 0.0431985
1 0.879883 0.823529 0.0234375 0.0459559
1 0.571045 0.106158 0.0219727 0.0413603
1 0.726562 0.634191 0.0214844 0.0422794
0 0.465088 0.670956 0.0258789 0.0477941
1 0.372314 0.537224 0.027832 0.0505515
1 0.755859 0.788603 0.0253906 0.0441176
1 0.0944824 0.350643 0.027832 0.0487132
1 0.679688 0.131893 0.0273438 0.0431985
0 0.269775 0.984375 0.0268555 0.03125
0 0.076416 0.246783 0.0317383 0.0542279
1 0.835205 0.12546 0.0249023 0.0431985
1 0.76001 0.0556066 0.0209961 0.0395221
1 0.92041 0.84329 0.0263672 0.0431985
1 0.712646 0.475643 0.0249023 0.0376838
1 0.780029 0.692096 0.0258789 0.0477941
0 0.365234 0.689338 0.0244141 0.0477941
1 0.224609 0.785386 0.0273438 0.0487132
1 0.205078 0.85386 0.0263672 0.0441176
1 0.693115 0.732077 0.0209961 0.0450368
1 0.234131 0.348805 0.0249023 0.0487132
1 0.0185547 0.459099 0.0263672 0.0505515
1 0.359375 0.199908 0.0195312 0.0413603
1 0.797852 0.407629 0.0214844 0.0395221
0 0.324463 0.632353 0.0239258 0.0441176
1 0.1521 0.22932 0.027832 0.0523897
0 0.258545 0.847426 0.0258789 0.0441176
1 0.145752 0.587776 0.0249023 0.046875
1 0.804688 0.109835 0.0234375 0.0450368
1 0.176758 0.829963 0.0244141 0.0422794
1 0.163818 0.772518 0.0258789 0.0487132
1 0.990967 0.176011 0.0180664 0.046875
1 0.851562 0.261949 0.0263672 0.0422794
1 0.828857 0.625919 0.0219727 0.0496324
1 0.090332 0.599724 0.0244141 0.0487132
1 0.147705 0.30193 0.0268555 0.046875
1 0.783203 0.594669 0.0253906 0.0422794
1 0.612305 0.251379 0.0195312 0.0395221
1 0.964844 0.748162 0.0253906 0.0441176
1 0.992188 0.542279 0.015625 0.0477941
1 0.395508 0.126379 0.0214844 0.0413603
0 0.315918 0.881893 0.0253906 0.0487132
1 0.80249 0.170496 0.0229492 0.0450368
1 0.128174 0.828125 0.0258789 0.0496324
1 0.309814 0.129136 0.0268555 0.0487132
1 0.0317383 0.410386 0.0253906 0.0450368
1 0.408936 0.342371 0.0268555 0.046875
1 0.534424 0.338235 0.0229492 0.0441176
1 0.460205 0.110294 0.0219727 0.0459559
1 0.0141602 0.981158 0.0244141 0.0376838
1 0.668701 0.391544 0.0219727 0.0422794
1 0.418457 0.957261 0.0283203 0.0505515
1 0.813232 0.442555 0.0249023 0.0413603
1 0.0922852 0.81204 0.0263672 0.046875
1 0.569336 0.387868 0.0234375 0.0422794
1 0.407471 0.204044 0.0258789 0.0459559
1 0.825928 0.954504 0.0297852 0.0450368
1 0.171387 0.0174632 0.0273438 0.0349265
0 0.298584 0.670496 0.0288086 0.046875
1 0.0913086 0.0349265 0.0351562 0.0569853
1 0.10791 0.530331 0.0263672 0.0459559
1 0.691895 0.38511 0.0244141 0.0441176
1 0.598389 0.300092 0.0249023 0.0431985
1 0.80957 0.299173 0.0244141 0.0395221
1 0.0307617 0.884651 0.0244141 0.0413603
1 0.597656 0.229779 0.0205078 0.0422794
1 0.578125 0.24954 0.0214844 0.0450368
1 0.501221 0.174632 0.0249023 0.0459559
1 0.402588 0.160386 0.0209961 0.0431985
1 0.132812 0.622243 0.0253906 0.0459559
1 0.80542 0.227482 0.0249023 0.0450368
1 0.216797 0.0772059 0.0244141 0.0496324
1 0.0368652 0.917739 0.0249023 0.0413603
1 0.782959 0.272059 0.0258789 0.0441176
1 0.206787 0.313419 0.0258789 0.0477941
1 0.333984 0.193015 0.0253906 0.0459559
1 0.315674 0.25 0.0258789 0.0459559
1 0.483154 0.131893 0.0229492 0.0450368
1 0.245117 0.0252757 0.0253906 0.0450368
1 0.528076 0.27068 0.0239258 0.046875
1 0.984375 0.930147 0.0263672 0.0533088
1 0.981201 0.734375 0.0219727 0.0386029
