1 0.309082 0.902114 0.0273438 0.0505515
0 0.189697 0.54136 0.034668 0.0716912
0 0.101807 0.0229779 0.034668 0.0459559
0 0.525879 0.209559 0.0224609 0.0459559
1 0.102295 0.0243566 0.0336914 0.0487132
1 0.958496 0.867647 0.0234375 0.0386029
1 0.109375 0.386949 0.0292969 0.0643382
0 0.56958 0.597886 0.0317383 0.0542279
1 0.951416 0.556526 0.0327148 0.0505515
0 0.799561 0.595129 0.0288086 0.0523897
0 0.924072 0.976562 0.0297852 0.046875
1 0.923584 0.975643 0.0297852 0.0431985
1 0.310547 0.240349 0.0292969 0.0579044
0 0.828857 0.623621 0.0249023 0.0505515
0 0.872559 0.746324 0.0283203 0.0477941
1 0.38501 0.258732 0.0288086 0.0487132
1 0.56958 0.596507 0.0288086 0.0514706
1 0.79248 0.925551 0.0244141 0.0496324
1 0.838135 0.764706 0.0249023 0.0459559
0 0.93457 0.882812 0.0234375 0.0395221
0 0.259033 0.846967 0.027832 0.0505515
0 0.308838 0.238511 0.0297852 0.0560662
1 0.828857 0.62454 0.0219727 0.0487132
1 0.987549 0.172794 0.0249023 0.0551471
0 0.439209 0.881893 0.0336914 0.0560662
0 0.202393 0.957261 0.0288086 0.0505515
1 0.800781 0.59421 0.0263672 0.0505515
1 0.203125 0.95818 0.03125 0.0542279
1 0.377197 0.367647 0.0219727 0.0422794
1 0.872559 0.744945 0.0263672 0.046875
1 0.416016 0.455423 0.0253906 0.0487132
1 0.91626 0.495864 0.0249023 0.046875
0 0.164795 0.773438 0.0288086 0.0560662
0 0.0849609 0.238971 0.0341797 0.0606618
1 0.390869 0.346507 0.0219727 0.0422794
0 0.108887 0.388327 0.0302734 0.0615809
1 0.825684 0.953585 0.0283203 0.0487132
1 0.689941 0.389706 0.0302734 0.0661765
0 0.0224609 0.193015 0.0332031 0.0661765
1 0.189209 0.542279 0.034668 0.0661765
