1 0.876709 0.721967 0.0297852 0.046875
1 0.805664 0.988051 0.03125 0.0238971
1 0.882812 0.100643 0.0205078 0.0413603
1 0.858398 0.253676 0.0234375 0.0367647
0 0.56665 0.597886 0.0297852 0.0523897
0 0.914795 0.981618 0.027832 0.0330882
1 0.83667 0.865349 0.0219727 0.0395221
0 0.828857 0.622243 0.0249023 0.0496324
1 0.531494 0.320772 0.0209961 0.0422794
0 0.875732 0.724724 0.027832 0.046875
1 0.88501 0.236673 0.0249023 0.0431985
1 0.917236 0.492647 0.027832 0.0477941
1 0.553467 0.889706 0.0268555 0.0422794
1 0.0197754 0.195772 0.0249023 0.0496324
1 0.205811 0.0776654 0.0258789 0.046875
0 0.206299 0.0772059 0.0258789 0.0496324
1 0.787842 0.592831 0.0258789 0.0459559
1 0.257568 0.84375 0.0249023 0.0441176
1 0.740234 0.149816 0.0214844 0.0386029
1 0.773438 0.722886 0.0234375 0.0431985
1 0.828857 0.622702 0.0219727 0.046875
1 0.398682 0.217831 0.0249023 0.0459559
1 0.567383 0.600643 0.0273438 0.0487132
1 0.896729 0.107996 0.0219727 0.0413603
1 0.172607 0.0202206 0.0288086 0.0404412
1 0.93042 0.5625 0.0268555 0.0459559
1 0.732178 0.122243 0.0219727 0.0404412
1 0.0148926 0.982537 0.0268555 0.0349265
1 0.0998535 0.366268 0.0249023 0.0450368
1 0.116211 0.814798 0.0205078 0.0395221
1 0.690918 0.386489 0.0273438 0.0487132
1 0.196533 0.950827 0.0307617 0.0505515
1 0.838379 0.125 0.0234375 0.0459559
1 0.762451 0.92693 0.0307617 0.0542279
1 0.827393 0.796415 0.0249023 0.0505515
1 0.880371 0.825827 0.0234375 0.046875
1 0.100586 0.814798 0.0253906 0.0395221
1 0.98877 0.174632 0.0224609 0.0477941
1 0.0915527 0.0289522 0.0336914 0.046875
1 0.164551 0.77068 0.0273438 0.0505515
1 0.0854492 0.237592 0.0292969 0.0523897
1 0.755615 0.789522 0.0249023 0.0441176
1 0.859375 0.0845588 0.0214844 0.0441176
1 0.858398 0.862592 0.0234375 0.0487132
1 0.571289 0.101562 0.0234375 0.046875
1 0.440186 0.884651 0.0258789 0.0487132
1 0.885254 0.0882353 0.0205078 0.0404412
1 0.928955 0.860754 0.0249023 0.046875
1 0.810059 0.119026 0.0224609 0.0450368
1 0.371582 0.539522 0.0273438 0.0459559
1 0.525146 0.268382 0.0249023 0.0459559
1 0.98291 0.914062 0.0283203 0.0523897
1 0.147949 0.236213 0.0224609 0.0404412
1 0.825928 0.955882 0.0297852 0.0496324
1 0.391846 0.873621 0.0229492 0.0505515
1 0.785645 0.272059 0.0234375 0.0477941
1 0.509521 0.188879 0.0249023 0.046875
1 0.810791 0.300092 0.0249023 0.0450368
1 0.186279 0.485294 0.0219727 0.0441176
1 0.197021 0.530331 0.0239258 0.0459559
1 0.154785 0.262408 0.0205078 0.0376838
1 0.311035 0.245404 0.0273438 0.0477941
1 0.0949707 0.595588 0.0239258 0.0441176
1 0.416504 0.93796 0.0263672 0.0487132
1 0.414795 0.457721 0.0249023 0.0441176
1 0.0983887 0.527574 0.027832 0.0496324
1 0.378418 0.368107 0.0253906 0.0431985
1 0.165039 0.483456 0.0214844 0.0441176
1 0.403076 0.539982 0.0239258 0.0450368
1 0.409912 0.340533 0.0249023 0.0450368
1 0.533936 0.0592831 0.0258789 0.0395221
1 0.205566 0.315257 0.0244141 0.0459559
1 0.23877 0.34375 0.0283203 0.0496324
