1 0.878906 0.0795037 0.0214844 0.0395221
0 0.362549 0.688419 0.027832 0.0496324
1 0.762451 0.0698529 0.0219727 0.0477941
1 0.695312 0.483456 0.0175781 0.0330882
1 0.835205 0.985294 0.027832 0.0294118
1 0.450684 0.507353 0.0195312 0.0386029
1 0.076416 0.247243 0.0288086 0.0514706
1 0.0344238 0.900735 0.0288086 0.0625
1 0.116943 0.159007 0.0239258 0.0459559
1 0.561768 0.610754 0.0229492 0.0450368
1 0.468262 0.116268 0.0322266 0.0487132
1 0.393066 0.65671 0.0244141 0.0450368
1 0.362549 0.68704 0.027832 0.0505515
1 0.834473 0.867647 0.0185547 0.0386029
1 0.659668 0.0137868 0.0205078 0.0275735
0 0.828857 0.824449 0.0219727 0.0459559
0 0.619141 0.984375 0.0292969 0.03125
0 0.464111 0.671415 0.0268555 0.046875
1 0.631348 0.880974 0.0205078 0.0376838
1 0.984375 0.765625 0.0185547 0.0367647
0 0.19751 0.53171 0.0249023 0.046875
0 0.0871582 0.600184 0.0249023 0.0496324
1 0.462891 0.671875 0.0253906 0.0459559
0 0.878906 0.0813419 0.0234375 0.0413603
1 0.188721 0.378217 0.0229492 0.0413603
1 0.0639648 0.802849 0.0244141 0.0431985
1 0.989014 0.820772 0.019043 0.0422794
0 0.325195 0.630055 0.0253906 0.0450368
1 0.0869141 0.599265 0.0244141 0.0477941
1 0.979004 0.440717 0.0234375 0.0413603
1 0.259521 0.846967 0.0288086 0.0487132
1 0.381836 0.787684 0.0224609 0.0422794
1 0.733643 0.184283 0.0219727 0.0431985
1 0.841553 0.682445 0.0219727 0.0395221
0 0.352783 0.80239 0.0219727 0.0459559
1 0.12793 0.139246 0.0224609 0.0395221
0 0.0917969 0.0358456 0.0332031 0.0514706
1 0.538086 0.50046 0.0234375 0.0431985
1 0.531982 0.461397 0.0239258 0.0441176
1 0.0183105 0.463235 0.0268555 0.0514706
1 0.125732 0.492188 0.0229492 0.0523897
1 0.175537 0.829044 0.0258789 0.0441176
1 0.706543 0.653952 0.0234375 0.0431985
1 0.092041 0.0349265 0.0317383 0.0533088
0 0.0759277 0.248621 0.0288086 0.0487132
1 0.372803 0.536765 0.027832 0.0477941
1 0.510498 0.681066 0.0268555 0.0477941
1 0.646973 0.389706 0.0244141 0.0441176
1 0.171387 0.0160846 0.0273438 0.0321691
1 0.672852 0.711397 0.0234375 0.0441176
1 0.727051 0.63511 0.0224609 0.0441176
1 0.0947266 0.350184 0.0273438 0.0459559
1 0.742188 0.914982 0.0244141 0.046875
1 0.232178 0.347886 0.0219727 0.046875
1 0.606201 0.015625 0.0258789 0.03125
0 0.235107 0.710478 0.0249023 0.0477941
1 0.377686 0.371324 0.0258789 0.0496324
1 0.712891 0.476562 0.0253906 0.0431985
1 0.693115 0.384191 0.0249023 0.0459559
1 0.730957 0.100643 0.0234375 0.0450368
1 0.828125 0.824449 0.0214844 0.0459559
1 0.667969 0.392923 0.0224609 0.0450368
1 0.197266 0.533088 0.0253906 0.0459559
1 0.0930176 0.8125 0.0268555 0.0496324
1 0.910889 0.503217 0.0249023 0.0431985
1 0.780518 0.6875 0.0268555 0.0477941
0 0.298096 0.671415 0.0288086 0.0487132
1 0.960205 0.215993 0.0219727 0.0349265
1 0.457031 0.497702 0.0234375 0.0395221
1 0.157715 0.49954 0.0224609 0.0450368
1 0.854004 0.681066 0.0205078 0.0367647
0 0.258301 0.846507 0.0263672 0.0422794
1 0.885986 0.236673 0.0297852 0.0450368
0 0.0126953 0.205423 0.0224609 0.0523897
1 0.438232 0.882812 0.0258789 0.0487132
1 0.991699 0.761029 0.0166016 0.0404412
1 0.761963 0.884191 0.0219727 0.0367647
1 0.145752 0.587776 0.0258789 0.046875
0 0.269775 0.984375 0.027832 0.03125
1 0.395508 0.872243 0.0273438 0.0496324
1 0.80249 0.169118 0.0229492 0.0459559
1 0.69043 0.446691 0.0234375 0.0441176
1 0.833008 0.129136 0.0234375 0.0395221
1 0.992676 0.546875 0.0146484 0.0459559
1 0.195068 0.926471 0.0249023 0.0441176
1 0.589111 0.362132 0.0249023 0.0441176
1 0.851562 0.261949 0.0263672 0.0422794
1 0.128418 0.828585 0.0263672 0.0505515
1 0.879883 0.824449 0.0234375 0.0459559
1 0.945312 0.318015 0.0234375 0.0422794
0 0.316406 0.880055 0.0253906 0.0487132
1 0.0322266 0.409926 0.0253906 0.0441176
1 0.152588 0.228401 0.0268555 0.0505515
1 0.187012 0.465533 0.0263672 0.046875
1 0.783447 0.59421 0.0258789 0.0431985
1 0.69458 0.738511 0.0200195 0.046875
1 0.520508 0.0698529 0.0234375 0.0422794
1 0.760986 0.0491728 0.0219727 0.0395221
1 0.679199 0.13511 0.0263672 0.0459559
1 0.766357 0.0854779 0.0200195 0.0386029
1 0.777344 0.871324 0.0214844 0.0386029
1 0.855469 0.867647 0.0253906 0.0459559
1 0.410156 0.537684 0.0263672 0.0459559
1 0.970947 0.196691 0.0219727 0.0367647
1 0.360352 0.168199 0.0253906 0.0422794
1 0.877441 0.710938 0.0234375 0.0431985
1 0.613037 0.251838 0.0209961 0.0422794
1 0.164795 0.772518 0.0258789 0.0487132
1 0.205811 0.855239 0.027832 0.046875
1 0.0144043 0.980699 0.0249023 0.0386029
1 0.308594 0.128676 0.0273438 0.0514706
1 0.675781 0.058364 0.0234375 0.0413603
1 0.755859 0.789062 0.0253906 0.0450368
1 0.458496 0.108915 0.0244141 0.046875
1 0.991455 0.176471 0.0170898 0.0441176
1 0.53418 0.339154 0.0234375 0.0441176
1 0.797363 0.40579 0.0224609 0.0413603
1 0.807617 0.297794 0.0234375 0.0422794
1 0.828125 0.624081 0.0253906 0.0514706
1 0.572266 0.10432 0.0234375 0.0413603
1 0.407715 0.342831 0.0263672 0.0459559
1 0.417969 0.960938 0.0283203 0.0487132
1 0.920166 0.841912 0.0249023 0.0459559
1 0.224365 0.788143 0.027832 0.046875
1 0.804443 0.231158 0.0239258 0.0450368
1 0.597412 0.22886 0.0209961 0.0422794
1 0.197754 0.365809 0.0224609 0.0386029
1 0.781982 0.273438 0.0258789 0.0450368
1 0.932861 0.330882 0.0219727 0.0404412
1 0.408203 0.204504 0.0263672 0.046875
1 0.598145 0.300092 0.0244141 0.0450368
1 0.567383 0.386949 0.0234375 0.0422794
1 0.0397949 0.921875 0.0258789 0.0441176
1 0.814209 0.442555 0.0249023 0.0413603
1 0.394775 0.119945 0.0239258 0.0450368
1 0.219727 0.0758272 0.0263672 0.0487132
1 0.146729 0.303768 0.0258789 0.046875
1 0.5 0.174632 0.0263672 0.0459559
1 0.444336 0.471967 0.0234375 0.0431985
1 0.108643 0.529412 0.0258789 0.0477941
1 0.827393 0.953125 0.0249023 0.0459559
1 0.132812 0.625 0.0253906 0.0477941
1 0.964111 0.752757 0.0249023 0.0422794
1 0.803467 0.104779 0.0229492 0.0422794
1 0.916992 0.553309 0.0234375 0.0441176
1 0.414551 0.461857 0.0263672 0.0487132
1 0.577881 0.25 0.0219727 0.0459559
1 0.0305176 0.88511 0.0258789 0.0441176
1 0.362061 0.202665 0.0229492 0.0413603
1 0.483154 0.133272 0.0239258 0.0459559
1 0.985107 0.931985 0.0249023 0.0514706
1 0.316406 0.25 0.0253906 0.0441176
1 0.981201 0.734375 0.0219727 0.0386029
1 0.529297 0.270221 0.0234375 0.0459559
1 0.332764 0.197151 0.0249023 0.0450368
1 0.403076 0.159007 0.0229492 0.0459559
1 0.207275 0.311581 0.0239258 0.0459559
1 0.242676 0.0252757 0.0263672 0.046875
