1 0.857666 0.252757 0.0219727 0.0367647
1 0.883545 0.235294 0.0249023 0.0404412
1 0.804688 0.988051 0.0292969 0.0238971
1 0.876709 0.721967 0.0297852 0.0487132
1 0.533203 0.323529 0.0214844 0.0441176
1 0.235107 0.726103 0.0209961 0.0349265
0 0.914062 0.982077 0.0283203 0.0340074
1 0.83667 0.865349 0.0219727 0.0395221
0 0.566406 0.598346 0.0292969 0.0533088
0 0.876465 0.724265 0.0283203 0.0477941
1 0.132324 0.603401 0.0195312 0.0395221
1 0.917236 0.493107 0.027832 0.046875
1 0.553711 0.888787 0.0273438 0.0422794
1 0.787598 0.592831 0.0263672 0.0477941
1 0.773438 0.721507 0.0244141 0.0459559
1 0.690918 0.386029 0.0273438 0.0496324
1 0.566895 0.600643 0.0283203 0.0487132
1 0.828857 0.622702 0.0219727 0.046875
1 0.399414 0.216452 0.0253906 0.046875
1 0.827393 0.796875 0.0249023 0.0496324
1 0.896729 0.107537 0.0219727 0.0422794
1 0.233643 0.757812 0.0209961 0.0395221
1 0.755615 0.789522 0.0249023 0.0441176
1 0.0148926 0.982537 0.0268555 0.0349265
1 0.93042 0.5625 0.0268555 0.0459559
1 0.571533 0.102941 0.0239258 0.0477941
1 0.731934 0.121783 0.0224609 0.0413603
1 0.880615 0.825827 0.0249023 0.046875
1 0.196533 0.949449 0.0307617 0.0496324
1 0.257568 0.84375 0.0239258 0.0441176
1 0.0197754 0.195312 0.0249023 0.0505515
1 0.206299 0.0776654 0.0249023 0.046875
1 0.172363 0.0202206 0.0273438 0.0404412
1 0.533203 0.0606618 0.0253906 0.0404412
1 0.740479 0.151195 0.0219727 0.0395221
1 0.838379 0.12454 0.0234375 0.0450368
1 0.988281 0.174632 0.0234375 0.0496324
1 0.760498 0.926471 0.0297852 0.0551471
1 0.0983887 0.814798 0.0258789 0.0431985
1 0.858398 0.862592 0.0234375 0.0487132
1 0.0913086 0.0294118 0.0332031 0.0477941
1 0.859375 0.0840993 0.0214844 0.0431985
1 0.825928 0.955882 0.0297852 0.0496324
1 0.885254 0.0886949 0.0205078 0.0413603
1 0.810059 0.118566 0.0224609 0.0441176
1 0.0852051 0.237592 0.0288086 0.0523897
1 0.98291 0.914062 0.0283203 0.0523897
1 0.525146 0.268842 0.0249023 0.046875
1 0.440186 0.884651 0.0258789 0.046875
1 0.116943 0.815257 0.0219727 0.0422794
1 0.371338 0.539982 0.0268555 0.0450368
1 0.928955 0.860294 0.0249023 0.0477941
1 0.391846 0.873621 0.0229492 0.0487132
1 0.164551 0.77068 0.0273438 0.0505515
1 0.785645 0.272059 0.0234375 0.0477941
1 0.811768 0.300092 0.0249023 0.0450368
1 0.509033 0.1875 0.0258789 0.0477941
1 0.197021 0.529871 0.0239258 0.0450368
1 0.0993652 0.365349 0.0249023 0.0450368
1 0.186279 0.485294 0.0219727 0.0441176
1 0.098877 0.526654 0.027832 0.0496324
1 0.378418 0.367647 0.0253906 0.0441176
1 0.148193 0.235754 0.0229492 0.0395221
1 0.0947266 0.597426 0.0234375 0.0441176
1 0.414795 0.457721 0.0249023 0.0441176
1 0.41626 0.939798 0.0258789 0.0505515
1 0.164062 0.483456 0.0214844 0.0441176
1 0.409912 0.340074 0.0258789 0.0459559
1 0.310791 0.245404 0.0268555 0.0496324
1 0.403809 0.539062 0.0234375 0.0450368
1 0.238525 0.34329 0.027832 0.0505515
1 0.205322 0.314798 0.0239258 0.046875
1 0.154785 0.266544 0.0214844 0.0404412
