1 0.858643 0.0845588 0.0219727 0.0459559
0 0.810791 0.117647 0.0239258 0.0496324
1 0.100342 0.0238971 0.034668 0.0477941
1 0.933594 0.880515 0.0253906 0.0441176
0 0.100342 0.0229779 0.034668 0.0459559
1 0.921875 0.977941 0.03125 0.0441176
0 0.79834 0.595129 0.0283203 0.0487132
0 0.310791 0.897978 0.0307617 0.0533088
0 0.567871 0.596967 0.03125 0.0560662
0 0.535156 0.91682 0.0292969 0.0505515
0 0.189697 0.542279 0.0336914 0.0661765
0 0.921875 0.977022 0.03125 0.0422794
0 0.310547 0.241728 0.0302734 0.0514706
1 0.569092 0.596507 0.027832 0.0496324
1 0.799316 0.59421 0.0263672 0.0487132
1 0.201904 0.95818 0.0307617 0.0560662
1 0.811279 0.119485 0.0229492 0.0477941
1 0.398193 0.334099 0.0249023 0.0413603
0 0.438232 0.883732 0.0307617 0.0542279
1 0.943604 0.56296 0.0297852 0.0487132
0 0.828857 0.623162 0.0249023 0.0496324
1 0.835938 0.12454 0.0234375 0.0450368
1 0.529053 0.309283 0.0209961 0.0413603
1 0.310791 0.241728 0.0307617 0.0514706
1 0.917236 0.493566 0.0249023 0.0496324
0 0.829834 0.772059 0.0297852 0.0533088
1 0.415283 0.455423 0.0239258 0.0450368
1 0.527344 0.27114 0.0214844 0.0386029
1 0.98877 0.172335 0.0224609 0.0505515
0 0.201416 0.95818 0.027832 0.0505515
1 0.828857 0.624081 0.0219727 0.0477941
0 0.934326 0.883272 0.0249023 0.0441176
0 0.0849609 0.23943 0.0341797 0.0615809
0 0.782471 0.921875 0.0317383 0.0514706
1 0.96875 0.878676 0.0253906 0.0477941
0 0.872559 0.746324 0.0283203 0.0477941
1 0.826416 0.954044 0.0297852 0.0514706
1 0.388184 0.251379 0.0273438 0.046875
1 0.37793 0.367647 0.0244141 0.0441176
0 0.108398 0.388787 0.0292969 0.0606618
0 0.258789 0.846967 0.0263672 0.0505515
0 0.165527 0.773897 0.0273438 0.0514706
0 0.826416 0.954504 0.0297852 0.0523897
0 0.0219727 0.193474 0.0332031 0.0652574
1 0.189209 0.54182 0.0336914 0.0652574
1 0.689941 0.389706 0.03125 0.0661765
