1 0.382324 0.267923 0.0273438 0.0505515
1 0.386475 0.779412 0.0317383 0.0551471
1 0.439453 0.880515 0.0322266 0.0588235
0 0.860352 0.0827206 0.03125 0.0477941
0 0.102295 0.0238971 0.0356445 0.0477941
0 0.382812 0.267463 0.0292969 0.0551471
0 0.189697 0.54182 0.034668 0.0707721
1 0.30957 0.237592 0.0283203 0.0579044
1 0.842041 0.766085 0.0249023 0.046875
0 0.799316 0.928768 0.0244141 0.0487132
0 0.52417 0.206801 0.0268555 0.0477941
1 0.102539 0.0248162 0.0341797 0.0496324
0 0.925049 0.975643 0.0297852 0.0487132
1 0.828857 0.62546 0.0219727 0.0487132
0 0.842285 0.766085 0.0283203 0.046875
1 0.949219 0.866728 0.0234375 0.0386029
0 0.259277 0.848805 0.0302734 0.0542279
0 0.800781 0.59421 0.0263672 0.0487132
0 0.203613 0.957261 0.03125 0.0523897
1 0.799316 0.928768 0.0244141 0.0487132
1 0.800781 0.59421 0.0253906 0.0505515
0 0.569824 0.597426 0.0322266 0.0569853
1 0.924072 0.975184 0.0297852 0.0441176
1 0.258545 0.847886 0.0297852 0.0523897
1 0.416504 0.454963 0.0302734 0.0588235
1 0.958008 0.556985 0.03125 0.0514706
0 0.828857 0.624081 0.0249023 0.0496324
0 0.439453 0.881434 0.0332031 0.0569853
1 0.872559 0.745864 0.0263672 0.0487132
1 0.825928 0.952206 0.0249023 0.0441176
0 0.872559 0.745864 0.0263672 0.0487132
0 0.308594 0.237132 0.0302734 0.0588235
1 0.987549 0.173254 0.0249023 0.0560662
0 0.164795 0.772518 0.0288086 0.0560662
1 0.303955 0.90579 0.0288086 0.0560662
1 0.203613 0.957261 0.03125 0.0560662
1 0.916504 0.496324 0.0263672 0.0477941
0 0.0852051 0.238971 0.034668 0.0625
1 0.689941 0.389706 0.03125 0.0661765
0 0.109375 0.387868 0.0302734 0.0625
0 0.0222168 0.193015 0.0327148 0.0661765
1 0.189209 0.54136 0.0336914 0.0661765
