1 0.940674 0.972886 0.0249023 0.0376838
0 0.0126953 0.15671 0.0166016 0.0413603
1 0.387695 0.785386 0.0175781 0.0376838
1 0.980469 0.446691 0.0205078 0.0404412
1 0.715576 0.483456 0.0268555 0.0441176
0 0.00732422 0.924173 0.0146484 0.0340074
1 0.0961914 0.346048 0.0234375 0.0395221
1 0.405518 0.346967 0.0209961 0.0413603
0 0.0600586 0.811581 0.0253906 0.0422794
0 0.174316 0.830882 0.0195312 0.0349265
0 0.00805664 0.987132 0.0161133 0.0257353
1 0.571777 0.106618 0.0205078 0.0367647
1 0.192383 0.4375 0.0205078 0.0367647
1 0.832764 0.533548 0.0200195 0.0505515
0 0.463379 0.882353 0.0224609 0.0386029
0 0.514648 0.683824 0.0273438 0.0330882
0 0.195801 0.914062 0.0195312 0.0376838
0 0.100098 0.276195 0.0214844 0.0395221
0 0.57251 0.105699 0.0209961 0.0349265
0 0.394287 0.860294 0.0180664 0.0459559
1 0.980469 0.182445 0.0263672 0.0376838
0 0.878906 0.0776654 0.0205078 0.0413603
1 0.482666 0.884651 0.0219727 0.0413603
1 0.489746 0.942096 0.0195312 0.0386029
0 0.704102 0.194393 0.0195312 0.0376838
1 0.802979 0.294118 0.0219727 0.0386029
1 0.462891 0.882353 0.0224609 0.0386029
0 0.0195312 0.977022 0.0244141 0.0275735
1 0.755371 0.217831 0.0195312 0.0349265
0 0.0373535 0.40579 0.0239258 0.0431985
0 0.660889 0.0137868 0.019043 0.0275735
0 0.829102 0.132353 0.0234375 0.03125
1 0.593018 0.370864 0.0200195 0.0395221
0 0.728516 0.190257 0.0175781 0.0386029
0 0.146973 0.592831 0.0205078 0.0386029
0 0.980469 0.446232 0.0205078 0.0395221
0 0.991455 0.122243 0.0141602 0.0496324
0 0.585938 0.836857 0.0224609 0.0376838
0 0.30127 0.116268 0.0205078 0.0358456
1 0.0522461 0.813879 0.0224609 0.0376838
1 0.441895 0.473346 0.0205078 0.0386029
0 0.407959 0.538143 0.0200195 0.0431985
0 0.780273 0.274816 0.0234375 0.0349265
1 0.598389 0.299173 0.0200195 0.0376838
0 0.416504 0.778033 0.0185547 0.0413603
1 0.234131 0.0294118 0.0239258 0.0404412
0 0.224121 0.0772059 0.0234375 0.0422794
1 0.154785 0.227941 0.0234375 0.0422794
0 0.85083 0.0818015 0.019043 0.0404412
1 0.890625 0.237132 0.0214844 0.0386029
0 0.329346 0.204044 0.0219727 0.0404412
0 0.939941 0.975184 0.0263672 0.0386029
0 0.109619 0.889246 0.0180664 0.0340074
1 0.365967 0.84375 0.0209961 0.0367647
0 0.352783 0.84375 0.0200195 0.0367647
1 0.467285 0.266085 0.0195312 0.0321691
1 0.394775 0.113051 0.0219727 0.0422794
1 0.360352 0.161305 0.0205078 0.0395221
0 0.597168 0.230699 0.0195312 0.0386029
1 0.146973 0.59375 0.0214844 0.0441176
0 0.727295 0.127757 0.019043 0.0386029
1 0.0373535 0.404871 0.0249023 0.0431985
0 0.592285 0.370864 0.0185547 0.0395221
1 0.729004 0.633272 0.0224609 0.0422794
0 0.00512695 0.527574 0.0102539 0.0441176
0 0.37085 0.540441 0.019043 0.0404412
0 0.0991211 0.867188 0.0185547 0.0340074
0 0.855469 0.868107 0.0253906 0.0395221
0 0.99292 0.310662 0.0141602 0.0441176
0 0.206787 0.606618 0.0209961 0.0404412
1 0.419678 0.963235 0.0249023 0.0404412
0 0.564209 0.37546 0.0209961 0.0395221
1 0.19873 0.357996 0.0214844 0.0376838
1 0.779541 0.273897 0.0219727 0.0367647
0 0.154541 0.228401 0.0239258 0.0413603
0 0.684326 0.444853 0.0219727 0.0330882
0 0.052002 0.814798 0.0200195 0.0376838
0 0.55542 0.611673 0.0219727 0.0395221
0 0.36792 0.795496 0.0200195 0.0395221
1 0.198242 0.537224 0.0224609 0.0431985
0 0.174072 0.800092 0.0170898 0.0376838
0 0.00732422 0.835018 0.0146484 0.0487132
0 0.652832 0.337776 0.0195312 0.0358456
0 0.520264 0.073989 0.0209961 0.0376838
0 0.914062 0.550092 0.0205078 0.0340074
1 0.224121 0.0762868 0.0224609 0.0404412
0 0.934326 0.48943 0.0219727 0.0358456
1 0.308105 0.120864 0.0205078 0.0358456
1 0.88208 0.825827 0.0219727 0.0450368
1 0.210693 0.303768 0.0219727 0.0431985
1 0.416504 0.775735 0.0195312 0.0441176
0 0.802246 0.295956 0.0234375 0.0367647
1 0.839111 0.942555 0.027832 0.0450368
1 0.328857 0.203125 0.0219727 0.0422794
0 0.510498 0.0160846 0.019043 0.0321691
1 0.369385 0.20864 0.0200195 0.0386029
1 0.992188 0.76057 0.015625 0.0395221
1 0.80249 0.0473346 0.0200195 0.0376838
0 0.612549 0.250919 0.019043 0.0367647
0 0.601807 0.0151654 0.0219727 0.0303309
0 0.716064 0.482996 0.0219727 0.0413603
0 0.234131 0.0294118 0.0239258 0.0404412
0 0.119141 0.160846 0.0224609 0.0404412
0 0.253174 0.942555 0.0209961 0.0358456
1 0.895996 0.341452 0.0185547 0.0376838
0 0.76416 0.894761 0.0234375 0.0395221
0 0.0585938 0.872702 0.0214844 0.0376838
1 0.459961 0.106158 0.0234375 0.0340074
0 0.617432 0.978401 0.0219727 0.0395221
0 0.372314 0.0381434 0.0229492 0.0284926
0 0.20459 0.786765 0.0166016 0.0330882
1 0.228516 0.34329 0.0224609 0.0395221
0 0.0961914 0.346967 0.0244141 0.0413603
1 0.402832 0.160386 0.0214844 0.0376838
0 0.729004 0.633272 0.0224609 0.0422794
0 0.746826 0.717371 0.0200195 0.0340074
1 0.411865 0.465993 0.0219727 0.0422794
0 0.942871 0.691176 0.0185547 0.0367647
1 0.98291 0.745404 0.0205078 0.0422794
0 0.108887 0.53171 0.0224609 0.0395221
1 0.49707 0.339154 0.0195312 0.0349265
0 0.0288086 0.893382 0.0214844 0.0404412
1 0.92749 0.33318 0.0219727 0.0413603
1 0.53418 0.802849 0.0234375 0.0413603
0 0.421143 0.877298 0.0209961 0.0431985
0 0.221191 0.797794 0.0224609 0.0349265
0 0.616455 0.888787 0.0219727 0.0422794
0 0.828125 0.626838 0.0214844 0.0404412
1 0.5625 0.301471 0.0185547 0.0367647
0 0.537354 0.505974 0.0249023 0.0358456
0 0.125732 0.504136 0.0200195 0.0358456
1 0.781738 0.584099 0.0244141 0.0450368
0 0.207031 0.85432 0.0224609 0.0431985
0 0.133545 0.134191 0.0219727 0.0404412
1 0.464844 0.176471 0.0185547 0.0386029
1 0.48999 0.359375 0.0219727 0.0386029
0 0.065918 0.90579 0.0185547 0.0358456
1 0.133301 0.630515 0.0224609 0.0404412
0 0.518799 0.607996 0.0180664 0.0413603
0 0.0454102 0.931066 0.0205078 0.0349265
0 0.0722656 0.255974 0.0234375 0.0487132
1 0.856445 0.867647 0.0234375 0.0404412
0 0.785889 0.677849 0.0249023 0.0505515
1 0.31543 0.252757 0.0224609 0.0422794
0 0.598389 0.300092 0.0200195 0.0376838
1 0.516357 0.822151 0.0209961 0.0431985
0 0.601562 0.449449 0.0195312 0.0367647
0 0.0810547 0.601562 0.0224609 0.0450368
0 0.643311 0.889246 0.0209961 0.0413603
0 0.348145 0.801011 0.0205078 0.0413603
0 0.981934 0.741728 0.0185547 0.0386029
0 0.754883 0.788143 0.0234375 0.0431985
1 0.181885 0.386489 0.0219727 0.0376838
1 0.829834 0.516544 0.0219727 0.0404412
0 0.394775 0.113511 0.0229492 0.0431985
1 0.373779 0.363511 0.0239258 0.0413603
0 0.910156 0.589614 0.0205078 0.0340074
1 0.835205 0.550551 0.0219727 0.0349265
1 0.596924 0.231158 0.0180664 0.0358456
0 0.645752 0.391085 0.0200195 0.0395221
0 0.00976562 0.21829 0.0195312 0.0450368
0 0.0554199 0.113051 0.0209961 0.0386029
0 0.0410156 0.120404 0.0214844 0.0386029
0 0.94458 0.733915 0.0219727 0.0376838
1 0.919434 0.836397 0.0234375 0.0441176
0 0.856201 0.679688 0.0170898 0.0376838
1 0.963867 0.755515 0.0234375 0.0441176
1 0.570312 0.211857 0.0205078 0.0358456
1 0.990723 0.18704 0.0185547 0.0413603
0 0.269287 0.984375 0.0258789 0.03125
0 0.0163574 0.46875 0.0229492 0.0441176
0 0.168701 0.0160846 0.0249023 0.0321691
0 0.776367 0.860294 0.0234375 0.0404412
1 0.445801 0.155331 0.0224609 0.0367647
1 0.583252 0.200368 0.0209961 0.0330882
1 0.814697 0.450827 0.0219727 0.0395221
0 0.881348 0.826746 0.0205078 0.046875
0 0.922607 0.619026 0.019043 0.0358456
1 0.546875 0.316176 0.0214844 0.0349265
0 0.657227 0.302849 0.0195312 0.0358456
0 0.258789 0.846048 0.0234375 0.0395221
0 0.606934 0.488051 0.0205078 0.0349265
1 0.98999 0.130515 0.0170898 0.0404412
1 0.267578 0.216912 0.0234375 0.0422794
1 0.575928 0.252298 0.0209961 0.0358456
0 0.319336 0.873621 0.0234375 0.046875
0 0.147217 0.298713 0.0258789 0.0367647
1 0.530029 0.340533 0.0200195 0.0358456
1 0.793213 0.402574 0.0229492 0.0404412
1 0.987793 0.940717 0.0244141 0.0413603
0 0.127441 0.827206 0.0205078 0.0422794
1 0.971924 0.180147 0.0219727 0.0386029
0 0.0939941 0.81296 0.019043 0.0395221
1 0.411621 0.204963 0.0224609 0.0422794
0 0.0700684 0.797794 0.0200195 0.0386029
1 0.497559 0.176011 0.0224609 0.0395221
1 0.959961 0.223346 0.0234375 0.0404412
0 0.360596 0.161765 0.0200195 0.0386029
1 0.283447 0.183824 0.0229492 0.0441176
1 0.532715 0.272518 0.0234375 0.0413603
0 0.0925293 0.035386 0.0288086 0.0450368
1 0.484131 0.136029 0.0219727 0.0386029
1 0.947021 0.316176 0.0249023 0.0441176
