0 0.310547 0.898438 0.03125 0.0542279
0 0.811035 0.117647 0.0244141 0.0496324
0 0.967285 0.875 0.0283203 0.0496324
0 0.10083 0.0225184 0.034668 0.0450368
1 0.921875 0.977022 0.03125 0.0459559
1 0.108887 0.386949 0.0302734 0.0643382
0 0.189453 0.54136 0.0341797 0.0680147
1 0.811279 0.119945 0.0229492 0.0487132
1 0.569092 0.596507 0.027832 0.0496324
0 0.534424 0.91682 0.0297852 0.0505515
0 0.798584 0.595129 0.027832 0.0487132
0 0.569336 0.598346 0.03125 0.0533088
0 0.921875 0.976562 0.03125 0.0431985
1 0.310547 0.241268 0.03125 0.0523897
1 0.202148 0.95818 0.03125 0.0542279
1 0.799805 0.59421 0.0273438 0.0487132
1 0.397217 0.335938 0.0239258 0.0413603
0 0.310059 0.242188 0.03125 0.0542279
1 0.94458 0.56204 0.027832 0.0487132
1 0.835938 0.12454 0.0234375 0.0450368
1 0.415283 0.454963 0.0239258 0.0459559
1 0.829102 0.62454 0.0234375 0.0487132
1 0.967285 0.877298 0.0234375 0.046875
1 0.98877 0.172335 0.0224609 0.0505515
1 0.529053 0.308824 0.0209961 0.0404412
1 0.917236 0.494026 0.0249023 0.0505515
1 0.527344 0.271599 0.0214844 0.0376838
0 0.782715 0.922794 0.0322266 0.0496324
0 0.829834 0.772059 0.0297852 0.0551471
1 0.387451 0.251838 0.0268555 0.0496324
0 0.201904 0.95818 0.027832 0.0487132
0 0.872559 0.746324 0.0263672 0.0477941
0 0.934326 0.883272 0.0249023 0.0441176
0 0.828857 0.623621 0.0249023 0.0505515
0 0.438232 0.882812 0.0317383 0.0560662
0 0.0852051 0.238971 0.034668 0.0606618
1 0.377441 0.367647 0.0244141 0.0441176
0 0.165283 0.772978 0.0288086 0.0496324
0 0.108643 0.388787 0.0297852 0.0625
0 0.258789 0.847886 0.0273438 0.0505515
0 0.826416 0.953585 0.0297852 0.0523897
1 0.826416 0.954044 0.0297852 0.0514706
0 0.0219727 0.193015 0.0332031 0.0661765
1 0.689453 0.389706 0.0322266 0.0661765
1 0.189209 0.54182 0.034668 0.0652574
