0 0.835938 0.122243 0.0214844 0.0459559
0 0.858643 0.0840993 0.0219727 0.0450368
0 0.784424 0.926011 0.0288086 0.0487132
0 0.568359 0.596967 0.03125 0.0579044
1 0.101074 0.0234375 0.0341797 0.046875
0 0.101074 0.0225184 0.0341797 0.0450368
0 0.533936 0.918199 0.0307617 0.0496324
1 0.0849609 0.238511 0.0341797 0.0634191
0 0.189453 0.540901 0.0341797 0.0689338
1 0.835938 0.12454 0.0214844 0.0450368
1 0.963867 0.873621 0.0234375 0.046875
1 0.810791 0.119945 0.0219727 0.046875
1 0.785156 0.925092 0.0263672 0.0487132
0 0.810791 0.118107 0.0239258 0.046875
0 0.921875 0.977022 0.03125 0.0459559
0 0.964844 0.873162 0.0234375 0.0514706
1 0.922852 0.976562 0.03125 0.0431985
0 0.799072 0.595588 0.0288086 0.0496324
1 0.109375 0.387408 0.0292969 0.0634191
0 0.831299 0.769761 0.0297852 0.0560662
1 0.831299 0.771599 0.0297852 0.0560662
1 0.872559 0.744945 0.0283203 0.046875
0 0.826416 0.953585 0.0297852 0.0523897
0 0.828857 0.623621 0.0249023 0.0487132
1 0.202637 0.957261 0.0302734 0.0542279
1 0.310547 0.240349 0.03125 0.0542279
0 0.30957 0.240349 0.03125 0.0542279
1 0.569092 0.597426 0.0288086 0.0514706
1 0.528076 0.272978 0.0209961 0.0386029
0 0.872559 0.746324 0.0283203 0.0477941
1 0.946045 0.560202 0.0297852 0.0487132
1 0.799805 0.594669 0.0273438 0.0496324
1 0.917236 0.494026 0.0249023 0.0505515
0 0.0849609 0.238051 0.0361328 0.0588235
1 0.828857 0.625 0.0219727 0.0477941
0 0.439209 0.882353 0.0336914 0.0569853
1 0.529297 0.306985 0.0224609 0.0441176
0 0.258789 0.846967 0.0273438 0.0505515
1 0.988281 0.172335 0.0234375 0.0505515
0 0.202148 0.957261 0.0283203 0.0487132
0 0.934326 0.882812 0.0249023 0.0413603
1 0.38623 0.255055 0.0263672 0.0487132
1 0.415039 0.454963 0.0234375 0.0459559
0 0.164551 0.772518 0.0283203 0.0542279
0 0.108887 0.389246 0.0292969 0.0615809
1 0.377686 0.366728 0.0239258 0.0441176
0 0.0219727 0.192555 0.0332031 0.0670956
1 0.39502 0.340074 0.0244141 0.0422794
1 0.826416 0.954504 0.0297852 0.0505515
1 0.188965 0.54136 0.0341797 0.0661765
1 0.689453 0.390165 0.03125 0.0652574
