0 0.102051 0.0238971 0.0361328 0.0477941
1 0.79541 0.926011 0.0234375 0.0487132
1 0.30957 0.238051 0.0283203 0.0588235
0 0.189453 0.542279 0.0351562 0.0735294
0 0.860107 0.0831801 0.0297852 0.0487132
1 0.438965 0.880055 0.0302734 0.0597426
1 0.102539 0.0248162 0.0341797 0.0496324
0 0.525391 0.207721 0.0253906 0.0477941
0 0.800049 0.595129 0.027832 0.0523897
1 0.109619 0.386949 0.0297852 0.0643382
1 0.839844 0.764706 0.0253906 0.0441176
0 0.259277 0.848805 0.0302734 0.0542279
0 0.872559 0.746324 0.0263672 0.0477941
1 0.828857 0.625 0.0219727 0.0477941
0 0.829102 0.623162 0.0234375 0.0477941
1 0.258789 0.847886 0.0292969 0.0523897
0 0.203125 0.957261 0.0322266 0.0542279
1 0.308594 0.90579 0.03125 0.0560662
0 0.570068 0.597886 0.0327148 0.0579044
1 0.93457 0.881893 0.0234375 0.0395221
1 0.987549 0.172794 0.0249023 0.0569853
1 0.416504 0.454044 0.0302734 0.0588235
1 0.800781 0.594669 0.0253906 0.0496324
0 0.439453 0.881434 0.0341797 0.0588235
1 0.872559 0.745404 0.0263672 0.0459559
1 0.924316 0.976103 0.0283203 0.0441176
1 0.95459 0.556526 0.0263672 0.0505515
0 0.0852051 0.238051 0.0366211 0.0606618
0 0.30835 0.238051 0.0307617 0.0588235
0 0.164795 0.772059 0.0288086 0.0569853
1 0.203613 0.95818 0.03125 0.0560662
1 0.916504 0.496324 0.0263672 0.0477941
1 0.825684 0.952665 0.0263672 0.046875
0 0.109131 0.387868 0.0307617 0.0625
0 0.0222168 0.193015 0.0336914 0.0680147
1 0.955566 0.865809 0.0234375 0.0441176
1 0.689941 0.389706 0.03125 0.0661765
1 0.189453 0.54182 0.0351562 0.0670956
