0 0.916992 0.492188 0.0234375 0.0431985
0 0.989502 0.174173 0.0209961 0.0487132
1 0.882812 0.241728 0.0205078 0.0459559
1 0.0209961 0.194393 0.0263672 0.0542279
1 0.09375 0.556066 0.0244141 0.0569853
0 0.859375 0.0850184 0.0253906 0.046875
0 0.567139 0.596967 0.0288086 0.0523897
0 0.439453 0.88511 0.0244141 0.0459559
1 0.858643 0.255515 0.0200195 0.0404412
0 0.102051 0.377757 0.0253906 0.0496324
1 0.917236 0.491728 0.027832 0.0459559
1 0.808838 0.299632 0.0229492 0.0404412
1 0.835938 0.866268 0.0205078 0.0376838
1 0.785156 0.272059 0.0234375 0.0477941
0 0.917236 0.982077 0.0297852 0.0358456
1 0.102783 0.37546 0.0258789 0.0505515
0 0.690918 0.386949 0.0263672 0.0533088
0 0.785889 0.271599 0.0229492 0.046875
1 0.810059 0.116728 0.0205078 0.0441176
0 0.769531 0.925092 0.0263672 0.0523897
1 0.69043 0.387408 0.0273438 0.0542279
1 0.790771 0.590074 0.0249023 0.0459559
1 0.440186 0.883732 0.0239258 0.0487132
0 0.0852051 0.238511 0.0297852 0.0523897
0 0.810791 0.118566 0.0219727 0.0459559
1 0.836914 0.125 0.0234375 0.0441176
1 0.550293 0.897978 0.0263672 0.0422794
1 0.825684 0.955882 0.0283203 0.0496324
1 0.0939941 0.0252757 0.0317383 0.0413603
0 0.0217285 0.193934 0.0258789 0.0496324
1 0.172119 0.0211397 0.0268555 0.0386029
1 0.932861 0.564798 0.0249023 0.046875
1 0.989014 0.173254 0.0219727 0.0487132
0 0.790527 0.591452 0.0253906 0.0450368
0 0.198242 0.959099 0.0283203 0.046875
1 0.200928 0.0707721 0.0258789 0.0441176
0 0.199463 0.0703125 0.0249023 0.0431985
1 0.828857 0.623621 0.0219727 0.046875
1 0.198242 0.959559 0.0283203 0.0477941
0 0.207031 0.316636 0.0253906 0.0523897
1 0.568115 0.599265 0.0258789 0.0459559
0 0.873535 0.733915 0.0263672 0.0450368
0 0.828857 0.622702 0.0249023 0.0487132
1 0.258545 0.844669 0.0249023 0.0459559
0 0.0935059 0.540901 0.0258789 0.0450368
1 0.824951 0.783548 0.0268555 0.0487132
1 0.207031 0.314798 0.0253906 0.0487132
0 0.82666 0.954504 0.0283203 0.0505515
1 0.234863 0.340533 0.0263672 0.046875
1 0.863281 0.860754 0.0234375 0.046875
1 0.873535 0.733456 0.0263672 0.0477941
1 0.195312 0.535386 0.0273438 0.0542279
1 0.524658 0.269761 0.0229492 0.0395221
1 0.77002 0.924632 0.0273438 0.0514706
0 0.93042 0.871783 0.0268555 0.046875
0 0.164551 0.770221 0.0283203 0.0514706
1 0.392334 0.54182 0.0209961 0.0376838
1 0.377441 0.539522 0.0214844 0.0386029
1 0.527588 0.310202 0.0219727 0.0395221
1 0.516113 0.196691 0.0205078 0.0422794
1 0.568359 0.0886949 0.0234375 0.0450368
1 0.391357 0.871324 0.0229492 0.0477941
1 0.981201 0.90671 0.0268555 0.0487132
1 0.395264 0.226562 0.0229492 0.0450368
1 0.771484 0.743566 0.0234375 0.0459559
1 0.413574 0.920037 0.0224609 0.0459559
1 0.880371 0.826287 0.0234375 0.0459559
1 0.0952148 0.579044 0.0263672 0.0441176
1 0.542236 0.0565257 0.0249023 0.0450368
1 0.755859 0.789062 0.0244141 0.0450368
1 0.415283 0.457721 0.0258789 0.0441176
1 0.378662 0.368107 0.0249023 0.0431985
1 0.409424 0.340533 0.0239258 0.0431985
1 0.311523 0.245864 0.0273438 0.0450368
