1 0.194092 0.844669 0.0454102 0.0441176
0 0.0148926 0.980699 0.0288086 0.0386029
1 0.248535 0.00873162 0.0273438 0.0174632
1 0.804932 0.315717 0.0229492 0.046875
1 0.886719 0.235294 0.0263672 0.0441176
0 0.688965 0.729779 0.0205078 0.0441176
1 0.559814 0.877298 0.0268555 0.0450368
1 0.856934 0.866268 0.0263672 0.0505515
1 0.730957 0.105239 0.0283203 0.0487132
0 0.808594 0.117188 0.0234375 0.0431985
1 0.833496 0.862592 0.0205078 0.0395221
0 0.747803 0.922794 0.0249023 0.0441176
1 0.748047 0.920956 0.0244141 0.0441176
0 0.502686 0.674632 0.0239258 0.0496324
1 0.564453 0.605239 0.0283203 0.0487132
1 0.714355 0.649357 0.0224609 0.0358456
1 0.755859 0.79136 0.0273438 0.0459559
1 0.536865 0.493566 0.0219727 0.0404412
0 0.0766602 0.244945 0.03125 0.0523897
1 0.989014 0.818934 0.019043 0.0441176
0 0.880371 0.823529 0.0234375 0.0477941
1 0.913086 0.50046 0.0234375 0.046875
1 0.881348 0.082261 0.0205078 0.0395221
1 0.858643 0.0827206 0.0219727 0.0404412
0 0.895996 0.107077 0.0205078 0.0413603
1 0.739014 0.175551 0.0239258 0.0477941
0 0.237305 0.710478 0.0253906 0.0422794
1 0.076416 0.243566 0.0297852 0.0514706
0 0.739014 0.175551 0.0239258 0.0441176
0 0.0153809 0.199908 0.0258789 0.0542279
0 0.31543 0.88511 0.0253906 0.0459559
1 0.468262 0.670956 0.0273438 0.0477941
1 0.688232 0.72932 0.0200195 0.0450368
0 0.755615 0.788603 0.0258789 0.0441176
1 0.0146484 0.200368 0.0263672 0.0569853
0 0.481689 0.131893 0.0219727 0.0413603
0 0.467285 0.115349 0.0195312 0.0395221
0 0.409668 0.340074 0.0253906 0.0441176
1 0.410156 0.340533 0.0273438 0.046875
0 0.536133 0.490809 0.0234375 0.0422794
1 0.371826 0.538603 0.0258789 0.0477941
0 0.468018 0.671415 0.0268555 0.0487132
1 0.852295 0.261029 0.0249023 0.0422794
1 0.571045 0.106158 0.0239258 0.0450368
1 0.259521 0.846507 0.0288086 0.0459559
0 0.535645 0.464154 0.0234375 0.0386029
0 0.521729 0.0684743 0.0249023 0.0450368
1 0.89624 0.105699 0.0219727 0.0404412
1 0.807617 0.113971 0.0234375 0.0422794
0 0.257324 0.845588 0.0263672 0.0441176
1 0.521484 0.0689338 0.0234375 0.0441176
1 0.83667 0.12546 0.0249023 0.0450368
1 0.482178 0.130515 0.0209961 0.0422794
1 0.879883 0.824449 0.0234375 0.0459559
1 0.381104 0.787224 0.0249023 0.046875
1 0.406738 0.203585 0.0263672 0.0487132
0 0.828125 0.818474 0.0263672 0.0413603
1 0.0144043 0.980699 0.0249023 0.0386029
0 0.730469 0.105239 0.0253906 0.0450368
1 0.651611 0.397059 0.0229492 0.0422794
0 0.39209 0.657629 0.0234375 0.046875
0 0.856201 0.866728 0.0249023 0.0459559
0 0.880615 0.0840993 0.0219727 0.0395221
1 0.678711 0.0602022 0.0234375 0.0413603
0 0.269043 0.984375 0.0263672 0.03125
1 0.534668 0.33364 0.0234375 0.0496324
1 0.377686 0.369026 0.0258789 0.0450368
0 0.369629 0.693474 0.0244141 0.0450368
0 0.609863 0.0142463 0.0224609 0.0284926
1 0.992188 0.757353 0.015625 0.0404412
1 0.588867 0.363051 0.0234375 0.0422794
0 0.559814 0.879596 0.0258789 0.0459559
1 0.197021 0.931985 0.0268555 0.0441176
1 0.679199 0.127298 0.0263672 0.0450368
1 0.156738 0.498621 0.0244141 0.046875
1 0.803711 0.171875 0.0234375 0.0422794
1 0.3125 0.136489 0.0273438 0.046875
0 0.672119 0.715074 0.0219727 0.0404412
1 0.196045 0.53171 0.0249023 0.0450368
1 0.440918 0.884651 0.0273438 0.046875
1 0.96875 0.741268 0.0214844 0.0413603
1 0.503174 0.675551 0.0258789 0.0496324
1 0.697998 0.450368 0.0249023 0.0404412
1 0.0942383 0.352482 0.0273438 0.0487132
1 0.724609 0.634191 0.0214844 0.0404412
0 0.299561 0.667279 0.0249023 0.0477941
1 0.1875 0.474265 0.0244141 0.0459559
0 0.322754 0.63511 0.0224609 0.0422794
1 0.799805 0.409926 0.0234375 0.0367647
1 0.828857 0.623162 0.0219727 0.0477941
1 0.813232 0.442096 0.0268555 0.0441176
1 0.709717 0.472886 0.0229492 0.0395221
1 0.784424 0.59421 0.027832 0.046875
1 0.922607 0.846967 0.0249023 0.0413603
1 0.824951 0.954963 0.027832 0.0459559
1 0.203125 0.851103 0.0253906 0.0441176
1 0.876465 0.717831 0.0263672 0.0459559
1 0.924316 0.564338 0.0263672 0.0441176
1 0.248047 0.0229779 0.0234375 0.0404412
1 0.669189 0.392923 0.0229492 0.0431985
0 0.564941 0.605699 0.0263672 0.0477941
1 0.570801 0.388787 0.0234375 0.0422794
1 0.213867 0.0785846 0.0253906 0.0505515
1 0.61084 0.248621 0.0205078 0.0395221
1 0.334717 0.189338 0.0258789 0.0477941
1 0.171875 0.0183824 0.0302734 0.0367647
1 0.989502 0.175551 0.0209961 0.0477941
1 0.226562 0.778033 0.0253906 0.0487132
1 0.149658 0.233456 0.027832 0.0441176
1 0.391846 0.875919 0.0249023 0.0514706
1 0.145996 0.585938 0.0224609 0.046875
1 0.580078 0.248162 0.0234375 0.0422794
1 0.0314941 0.409926 0.0249023 0.0441176
1 0.16333 0.772059 0.0258789 0.0477941
1 0.0913086 0.0326287 0.0332031 0.0542279
1 0.14917 0.298254 0.027832 0.0450368
1 0.0180664 0.451287 0.0244141 0.0496324
1 0.5271 0.269761 0.0249023 0.0487132
1 0.126709 0.826746 0.0258789 0.0487132
1 0.597656 0.299173 0.0244141 0.0431985
1 0.598145 0.230699 0.0195312 0.0422794
1 0.0930176 0.814338 0.0268555 0.0514706
1 0.179443 0.835478 0.0258789 0.0441176
1 0.981201 0.734375 0.019043 0.0404412
1 0.811035 0.301011 0.0263672 0.0431985
1 0.805664 0.212316 0.0244141 0.0422794
1 0.691406 0.38511 0.0253906 0.0459559
1 0.237549 0.346048 0.0288086 0.0523897
1 0.0922852 0.600184 0.0244141 0.0477941
1 0.502686 0.175551 0.0249023 0.0477941
1 0.314697 0.248621 0.0258789 0.0450368
1 0.104492 0.527574 0.0253906 0.0477941
1 0.783936 0.27114 0.0268555 0.0477941
1 0.132568 0.617188 0.0239258 0.0450368
1 0.983643 0.923713 0.0268555 0.0514706
1 0.205811 0.313879 0.0258789 0.0487132
1 0.419189 0.952206 0.0268555 0.0477941
