1 0.80249 0.930147 0.0249023 0.0477941
0 0.102295 0.0238971 0.0356445 0.0477941
1 0.924072 0.974724 0.0297852 0.046875
1 0.439209 0.880515 0.0297852 0.0588235
0 0.859375 0.082261 0.0234375 0.046875
0 0.189697 0.542279 0.034668 0.0698529
1 0.381836 0.267923 0.0273438 0.0505515
0 0.524414 0.206801 0.0234375 0.0477941
1 0.825928 0.952206 0.0249023 0.0422794
1 0.102539 0.0248162 0.0341797 0.0496324
1 0.800781 0.59375 0.0253906 0.0514706
0 0.381836 0.267923 0.0292969 0.0542279
1 0.30957 0.238051 0.0283203 0.0588235
0 0.924805 0.975643 0.03125 0.0487132
0 0.825928 0.953585 0.0249023 0.0450368
0 0.203125 0.957261 0.0283203 0.0505515
1 0.872559 0.745404 0.0263672 0.0496324
0 0.800781 0.59375 0.0263672 0.0496324
0 0.843018 0.767004 0.027832 0.046875
0 0.801758 0.929228 0.0244141 0.0459559
0 0.258301 0.846048 0.0302734 0.0542279
1 0.416016 0.454504 0.0283203 0.0560662
1 0.958496 0.556066 0.03125 0.0514706
1 0.987549 0.173254 0.0249023 0.0560662
0 0.570068 0.596967 0.0297852 0.0560662
0 0.829102 0.623621 0.0234375 0.0505515
1 0.916504 0.496783 0.0263672 0.046875
0 0.308838 0.237132 0.0297852 0.0588235
1 0.689941 0.388787 0.0302734 0.0661765
0 0.439453 0.881434 0.0341797 0.0569853
1 0.203857 0.957261 0.0307617 0.0560662
0 0.0852051 0.238971 0.034668 0.0625
0 0.164551 0.772518 0.0283203 0.0560662
1 0.303955 0.90579 0.0288086 0.0579044
0 0.872559 0.745864 0.0263672 0.0487132
0 0.0222168 0.193015 0.0327148 0.0661765
0 0.109375 0.388327 0.0302734 0.0615809
1 0.189209 0.54182 0.0336914 0.0652574
