1 0.387451 0.783088 0.0249023 0.0441176
1 0.794434 0.590993 0.0283203 0.0496324
0 0.916992 0.493107 0.0234375 0.0431985
0 0.858643 0.0845588 0.0200195 0.0459559
1 0.83667 0.867647 0.019043 0.0349265
1 0.518799 0.201746 0.0200195 0.0358456
1 0.92041 0.97886 0.03125 0.0422794
1 0.0947266 0.027114 0.0322266 0.046875
1 0.882812 0.241268 0.0214844 0.046875
0 0.171875 0.0225184 0.0273438 0.0413603
0 0.439453 0.883732 0.0244141 0.0487132
0 0.197021 0.0625 0.0239258 0.0477941
0 0.810791 0.118107 0.0219727 0.046875
0 0.920898 0.980239 0.03125 0.0395221
1 0.858643 0.254596 0.0219727 0.0404412
1 0.810303 0.119485 0.0219727 0.0441176
0 0.785156 0.272518 0.0234375 0.0487132
0 0.825684 0.778493 0.0263672 0.0459559
1 0.439453 0.883732 0.0244141 0.0487132
1 0.785889 0.272518 0.0229492 0.0450368
0 0.771973 0.924173 0.0273438 0.0505515
0 0.567627 0.596967 0.0297852 0.0523897
1 0.312744 0.891544 0.027832 0.0514706
1 0.197021 0.0625 0.0249023 0.0477941
0 0.794189 0.592831 0.0268555 0.0477941
1 0.917236 0.492647 0.027832 0.0477941
1 0.543457 0.0574449 0.0244141 0.0431985
1 0.825928 0.955882 0.0297852 0.0496324
1 0.566406 0.0836397 0.0234375 0.0422794
0 0.19873 0.95864 0.03125 0.0533088
0 0.566406 0.0836397 0.0224609 0.0422794
0 0.689453 0.388327 0.0283203 0.0579044
0 0.933594 0.881434 0.0234375 0.0441176
0 0.231934 0.339614 0.0244141 0.0505515
1 0.828857 0.623621 0.0219727 0.046875
1 0.771484 0.924173 0.0273438 0.0487132
1 0.568359 0.598346 0.0273438 0.0477941
1 0.989014 0.172794 0.0219727 0.0477941
1 0.824219 0.778952 0.0253906 0.046875
1 0.83667 0.12454 0.0219727 0.0431985
0 0.756592 0.790901 0.0239258 0.0413603
0 0.0852051 0.238511 0.0307617 0.0542279
0 0.0222168 0.193474 0.027832 0.0523897
1 0.259033 0.845588 0.0258789 0.0496324
1 0.690186 0.386949 0.0288086 0.0569853
0 0.871826 0.743566 0.0249023 0.0459559
1 0.546143 0.904871 0.0258789 0.046875
1 0.171631 0.0215993 0.0268555 0.0395221
0 0.769531 0.757812 0.0253906 0.0413603
1 0.524658 0.268842 0.0229492 0.0413603
0 0.826416 0.954963 0.0297852 0.0514706
1 0.865723 0.858915 0.0234375 0.046875
1 0.806396 0.30193 0.0229492 0.0450368
0 0.828857 0.622243 0.0249023 0.0496324
1 0.19873 0.95864 0.0292969 0.0496324
1 0.936035 0.565257 0.0263672 0.0459559
0 0.103271 0.381434 0.0297852 0.0533088
1 0.528076 0.309743 0.0209961 0.0404412
1 0.872803 0.740349 0.0249023 0.0487132
0 0.164795 0.770221 0.0297852 0.0514706
1 0.879883 0.827206 0.0234375 0.0459559
0 0.208496 0.317096 0.0263672 0.0514706
1 0.4104 0.912684 0.0219727 0.0422794
1 0.391357 0.871324 0.0229492 0.0477941
1 0.393555 0.232537 0.0244141 0.0441176
1 0.978271 0.898438 0.0249023 0.0505515
1 0.415283 0.457721 0.0249023 0.0477941
1 0.311279 0.245404 0.027832 0.0459559
1 0.408936 0.340074 0.0239258 0.0441176
1 0.378662 0.368107 0.0249023 0.0450368
1 0.190674 0.54182 0.0297852 0.0542279
