1 0.401611 0.349265 0.0405273 0.0477941
0 0.391113 0.659926 0.0253906 0.0404412
1 0.806885 0.988051 0.0297852 0.0238971
1 0.408936 0.539982 0.0219727 0.0431985
0 0.522461 0.0689338 0.0273438 0.0551471
1 0.328857 0.164982 0.0288086 0.0505515
1 0.855469 0.253676 0.0234375 0.0422794
1 0.377441 0.691636 0.0244141 0.0450368
0 0.610596 0.0128676 0.0249023 0.0257353
0 0.911621 0.983456 0.03125 0.0330882
0 0.405029 0.205423 0.0268555 0.0523897
0 0.196777 0.940717 0.0273438 0.0413603
0 0.654785 0.011489 0.0283203 0.0229779
1 0.588623 0.36489 0.0249023 0.0422794
1 0.681641 0.106618 0.0244141 0.0422794
0 0.681152 0.108915 0.0244141 0.0395221
1 0.0153809 0.19807 0.0258789 0.0523897
0 0.739746 0.168658 0.0234375 0.0487132
0 0.258301 0.844669 0.0253906 0.0441176
1 0.391602 0.658088 0.0224609 0.0441176
1 0.603271 0.241268 0.0209961 0.0413603
0 0.834473 0.862592 0.0205078 0.0413603
1 0.879883 0.824449 0.0234375 0.0459559
0 0.410156 0.339614 0.0253906 0.0450368
0 0.49707 0.674632 0.0234375 0.0477941
0 0.587891 0.36489 0.0244141 0.0386029
1 0.405518 0.204963 0.0258789 0.0496324
0 0.375977 0.692096 0.0234375 0.0441176
1 0.564941 0.603401 0.0263672 0.0431985
1 0.237793 0.712776 0.0234375 0.046875
0 0.828857 0.621324 0.0249023 0.0514706
0 0.440674 0.884651 0.0288086 0.0505515
0 0.779053 0.70818 0.0258789 0.0431985
0 0.301025 0.667279 0.0239258 0.0441176
1 0.740234 0.169577 0.0253906 0.046875
0 0.731689 0.111213 0.0229492 0.0459559
0 0.678467 0.0597426 0.0219727 0.0422794
1 0.496582 0.674173 0.0224609 0.046875
0 0.0175781 0.196691 0.0253906 0.0514706
1 0.678955 0.0606618 0.0239258 0.0404412
0 0.825684 0.955423 0.0283203 0.0487132
1 0.439941 0.88557 0.0283203 0.046875
1 0.414795 0.45818 0.0268555 0.0450368
1 0.825928 0.955423 0.0297852 0.0487132
0 0.752441 0.922794 0.0273438 0.0477941
0 0.473877 0.670496 0.0219727 0.0450368
1 0.0773926 0.240349 0.027832 0.0487132
0 0.877441 0.720588 0.0283203 0.0477941
1 0.410156 0.340533 0.0273438 0.046875
1 0.928955 0.564338 0.0249023 0.0441176
1 0.829102 0.622243 0.0234375 0.0477941
0 0.880371 0.824908 0.0234375 0.0487132
1 0.258545 0.845588 0.0288086 0.0459559
0 0.857178 0.86443 0.0249023 0.046875
1 0.196533 0.940257 0.0268555 0.0441176
1 0.91626 0.495404 0.0297852 0.0477941
1 0.371582 0.539522 0.0263672 0.0477941
1 0.534912 0.331801 0.0258789 0.0496324
1 0.522217 0.0689338 0.0239258 0.0459559
1 0.572021 0.102482 0.0258789 0.046875
1 0.381348 0.786765 0.0224609 0.0422794
1 0.0146484 0.981618 0.0253906 0.0367647
1 0.838135 0.125 0.0249023 0.0441176
1 0.314697 0.149357 0.0239258 0.0450368
1 0.652344 0.397518 0.0224609 0.0431985
0 0.826416 0.807904 0.0249023 0.0533088
1 0.88208 0.0859375 0.0219727 0.0431985
0 0.7854 0.59421 0.0288086 0.046875
0 0.558594 0.883272 0.0253906 0.0459559
0 0.319336 0.645221 0.0234375 0.0441176
1 0.188232 0.480699 0.0249023 0.0459559
1 0.751953 0.922794 0.0263672 0.0496324
1 0.925781 0.85386 0.0263672 0.0459559
1 0.572998 0.390625 0.0229492 0.0386029
1 0.211426 0.0790441 0.0263672 0.0514706
0 0.755615 0.788603 0.0258789 0.0441176
0 0.565674 0.602941 0.0268555 0.0459559
1 0.0966797 0.356158 0.0253906 0.0450368
1 0.0913086 0.0317096 0.0332031 0.0523897
1 0.164062 0.77114 0.0263672 0.0459559
1 0.157715 0.492188 0.0234375 0.0431985
1 0.196533 0.530331 0.0229492 0.0422794
1 0.806152 0.179228 0.0224609 0.0404412
1 0.391602 0.875 0.0234375 0.0496324
1 0.858643 0.0836397 0.0219727 0.0441176
1 0.66626 0.394761 0.0209961 0.0413603
1 0.172119 0.0188419 0.0297852 0.0376838
1 0.0932617 0.601103 0.0224609 0.0441176
1 0.812012 0.301471 0.0263672 0.0441176
1 0.151611 0.288143 0.0258789 0.0450368
1 0.596436 0.295496 0.0229492 0.0431985
1 0.37793 0.368107 0.0253906 0.0450368
1 0.808594 0.118107 0.0214844 0.0450368
1 0.525635 0.268842 0.0249023 0.0487132
1 0.146729 0.585018 0.0209961 0.0431985
1 0.897461 0.107077 0.0234375 0.0450368
1 0.123535 0.822151 0.0263672 0.0450368
1 0.102295 0.523897 0.0239258 0.0459559
1 0.988281 0.174632 0.0214844 0.0514706
1 0.132812 0.609835 0.0214844 0.0413603
1 0.335693 0.184283 0.0258789 0.0450368
1 0.147705 0.234375 0.0268555 0.0441176
1 0.691162 0.38557 0.0258789 0.046875
1 0.0224609 0.443015 0.0224609 0.0404412
1 0.785156 0.271599 0.0253906 0.046875
1 0.0310059 0.409926 0.0239258 0.0404412
1 0.805664 0.210478 0.0244141 0.0422794
1 0.505127 0.17693 0.0268555 0.0487132
1 0.238525 0.345588 0.027832 0.0514706
1 0.419678 0.945312 0.0258789 0.0487132
1 0.58252 0.245864 0.0234375 0.0431985
1 0.0944824 0.815257 0.0288086 0.0514706
1 0.227539 0.769301 0.0253906 0.0459559
1 0.983643 0.919118 0.027832 0.0551471
1 0.205322 0.314338 0.0249023 0.0477941
1 0.313965 0.247243 0.0253906 0.0441176
