1 0.804932 0.316636 0.0229492 0.0487132
1 0.807861 0.988051 0.027832 0.0238971
1 0.730957 0.105239 0.0283203 0.0505515
1 0.886719 0.235754 0.0292969 0.0431985
1 0.406982 0.201287 0.0268555 0.0533088
0 0.534424 0.466912 0.0209961 0.0404412
1 0.587646 0.242188 0.0249023 0.0450368
1 0.989014 0.818015 0.0200195 0.0441176
1 0.140381 0.59421 0.0249023 0.0523897
1 0.879883 0.824449 0.0234375 0.0441176
1 0.411377 0.539982 0.0268555 0.0431985
1 0.564453 0.604779 0.0283203 0.0477941
0 0.31543 0.88511 0.0253906 0.0459559
1 0.415039 0.459099 0.0273438 0.0450368
0 0.834473 0.863971 0.0205078 0.0404412
1 0.0766602 0.244026 0.0292969 0.0505515
0 0.440674 0.884191 0.0297852 0.0514706
0 0.196533 0.532169 0.0239258 0.0459559
0 0.188477 0.474265 0.0244141 0.0459559
0 0.0148926 0.980699 0.0288086 0.0386029
1 0.0144043 0.980699 0.0249023 0.0386029
1 0.248535 0.00827206 0.0263672 0.0165441
0 0.748291 0.922794 0.0249023 0.0459559
0 0.469482 0.671875 0.0268555 0.0477941
1 0.156738 0.497243 0.0234375 0.0459559
0 0.197021 0.930147 0.0258789 0.0422794
1 0.699707 0.452206 0.0244141 0.0367647
1 0.969482 0.73989 0.0219727 0.0404412
1 0.196777 0.931066 0.0253906 0.0422794
0 0.502441 0.673713 0.0244141 0.0514706
1 0.187744 0.475184 0.0249023 0.0459559
1 0.853271 0.258272 0.0249023 0.0404412
1 0.739502 0.176011 0.0239258 0.0487132
1 0.481201 0.132353 0.0200195 0.0404412
1 0.679688 0.12454 0.0263672 0.046875
1 0.708984 0.472886 0.0214844 0.0376838
0 0.410156 0.340074 0.0253906 0.0441176
0 0.156494 0.497702 0.0239258 0.046875
0 0.739502 0.175551 0.0239258 0.0459559
1 0.410156 0.340533 0.0273438 0.046875
0 0.521484 0.0684743 0.0234375 0.0450368
1 0.196289 0.532169 0.0244141 0.0459559
1 0.992188 0.756893 0.015625 0.0395221
0 0.269043 0.984835 0.0263672 0.0303309
0 0.730957 0.105699 0.0244141 0.0459559
1 0.371826 0.538603 0.0258789 0.0477941
1 0.571045 0.105239 0.0239258 0.0450368
1 0.259521 0.846507 0.0288086 0.0459559
0 0.406494 0.202206 0.0258789 0.0514706
0 0.880371 0.823989 0.0234375 0.0487132
0 0.46875 0.118107 0.0195312 0.0413603
1 0.913086 0.5 0.0234375 0.0477941
1 0.380859 0.787224 0.0244141 0.046875
1 0.470703 0.671415 0.0283203 0.046875
0 0.608887 0.0147059 0.0244141 0.0294118
1 0.521484 0.0689338 0.0234375 0.0441176
1 0.784424 0.594669 0.0288086 0.0459559
0 0.237549 0.710478 0.0249023 0.0422794
1 0.377686 0.368566 0.0249023 0.0459559
1 0.534668 0.33318 0.0234375 0.0505515
0 0.39209 0.657629 0.0224609 0.046875
0 0.370117 0.693934 0.0244141 0.0459559
1 0.837646 0.12454 0.0249023 0.0450368
1 0.812744 0.441636 0.0258789 0.0431985
1 0.313232 0.137868 0.0288086 0.0441176
0 0.257324 0.845588 0.0263672 0.0441176
1 0.440674 0.886949 0.0297852 0.0496324
0 0.0766602 0.244485 0.03125 0.0514706
1 0.651855 0.397518 0.0224609 0.0431985
0 0.755859 0.788603 0.0253906 0.0441176
1 0.981201 0.735294 0.019043 0.0404412
1 0.678223 0.0602022 0.0244141 0.0413603
1 0.588379 0.363511 0.0234375 0.0413603
1 0.0314941 0.409926 0.0249023 0.0441176
1 0.858643 0.082261 0.0200195 0.0413603
0 0.827393 0.815717 0.0249023 0.046875
1 0.0187988 0.448529 0.0239258 0.0477941
1 0.800781 0.410386 0.0234375 0.0376838
1 0.829102 0.622702 0.0234375 0.046875
1 0.0944824 0.352941 0.027832 0.0477941
0 0.857178 0.866268 0.0249023 0.0450368
0 0.015625 0.199449 0.0263672 0.0533088
1 0.881348 0.0831801 0.0205078 0.0413603
1 0.824951 0.954963 0.027832 0.0459559
1 0.922607 0.848805 0.0249023 0.0413603
1 0.248047 0.0229779 0.0234375 0.0404412
1 0.803955 0.172794 0.0249023 0.0422794
1 0.876465 0.717831 0.0263672 0.0459559
0 0.299805 0.667279 0.0244141 0.0477941
1 0.16333 0.772059 0.0258789 0.0459559
0 0.559814 0.880055 0.0268555 0.046875
1 0.202637 0.851103 0.0253906 0.0441176
1 0.807617 0.115809 0.0234375 0.0441176
0 0.32251 0.63557 0.0229492 0.0413603
1 0.925781 0.564338 0.0263672 0.0441176
1 0.0932617 0.814338 0.0273438 0.0514706
1 0.146484 0.585478 0.0214844 0.0459559
1 0.148682 0.234375 0.0268555 0.0441176
1 0.502197 0.674173 0.0258789 0.0505515
1 0.171875 0.0183824 0.0302734 0.0367647
1 0.213135 0.0785846 0.0258789 0.0523897
1 0.0913086 0.0326287 0.0341797 0.0542279
0 0.564941 0.605239 0.0263672 0.0450368
1 0.668701 0.392923 0.0219727 0.0431985
1 0.335205 0.188419 0.0258789 0.0477941
1 0.571045 0.389246 0.0229492 0.0413603
1 0.89624 0.105699 0.0219727 0.0422794
1 0.181396 0.835478 0.0249023 0.0459559
1 0.132812 0.613051 0.0234375 0.0441176
1 0.104492 0.527114 0.0253906 0.046875
1 0.150391 0.295956 0.0283203 0.0441176
1 0.226074 0.777114 0.0253906 0.046875
1 0.126221 0.825827 0.0258789 0.046875
1 0.61084 0.248162 0.0205078 0.0404412
1 0.391846 0.875919 0.0249023 0.0514706
1 0.580566 0.248162 0.0234375 0.0422794
1 0.598145 0.230239 0.0195312 0.0413603
1 0.0922852 0.601103 0.0253906 0.0496324
1 0.237793 0.346048 0.0283203 0.0542279
1 0.989014 0.175551 0.0219727 0.0477941
1 0.597168 0.299173 0.0234375 0.0431985
1 0.526611 0.269761 0.0249023 0.0487132
1 0.811035 0.301011 0.0263672 0.0431985
1 0.80542 0.210938 0.0249023 0.0431985
1 0.503174 0.175551 0.0239258 0.0477941
1 0.691406 0.38511 0.0253906 0.0459559
1 0.205811 0.313879 0.0258789 0.0487132
1 0.314941 0.248162 0.0263672 0.0459559
1 0.983643 0.921875 0.0268555 0.0533088
1 0.784424 0.27114 0.0268555 0.0477941
1 0.419922 0.950827 0.0263672 0.0505515
