0 0.56665 0.597426 0.0288086 0.0551471
1 0.731934 0.12454 0.0205078 0.0376838
1 0.896729 0.108915 0.0219727 0.0376838
1 0.0974121 0.571232 0.0268555 0.0744485
0 0.825928 0.953585 0.0297852 0.0487132
1 0.804688 0.988051 0.03125 0.0238971
1 0.738281 0.144761 0.0214844 0.0395221
0 0.0144043 0.984375 0.0288086 0.03125
1 0.015625 0.982537 0.0273438 0.0349265
1 0.835938 0.865349 0.0214844 0.0395221
1 0.0197754 0.194853 0.027832 0.0551471
0 0.0205078 0.195312 0.0263672 0.0505515
1 0.205078 0.0772059 0.0253906 0.0459559
0 0.828857 0.622243 0.0249023 0.0496324
1 0.101807 0.368566 0.0258789 0.0459559
0 0.197021 0.953125 0.0307617 0.0496324
1 0.917236 0.492647 0.027832 0.0477941
1 0.196777 0.953585 0.0283203 0.046875
0 0.914795 0.981158 0.027832 0.0340074
0 0.875732 0.725184 0.0268555 0.0459559
1 0.771484 0.728401 0.0224609 0.046875
1 0.788574 0.592371 0.0263672 0.046875
1 0.172607 0.0211397 0.0297852 0.0422794
1 0.931152 0.5625 0.0263672 0.0459559
1 0.0854492 0.237592 0.0302734 0.0542279
1 0.858643 0.253676 0.0219727 0.0404412
1 0.829102 0.622702 0.0234375 0.046875
1 0.257812 0.84421 0.0253906 0.0450368
1 0.553223 0.892463 0.0263672 0.0441176
1 0.092041 0.0284926 0.0336914 0.0477941
1 0.928955 0.86489 0.0249023 0.0459559
1 0.885986 0.0905331 0.019043 0.0395221
1 0.838379 0.12454 0.0234375 0.046875
0 0.205322 0.0758272 0.0258789 0.0487132
1 0.880615 0.825827 0.0249023 0.046875
1 0.690918 0.386489 0.0263672 0.0487132
1 0.987793 0.174173 0.0244141 0.0505515
1 0.164795 0.77068 0.0288086 0.0523897
1 0.567139 0.600184 0.0268555 0.0477941
1 0.860352 0.862592 0.0234375 0.0487132
1 0.82666 0.794118 0.0263672 0.0496324
1 0.825928 0.955882 0.0297852 0.0496324
1 0.859375 0.0840993 0.0214844 0.0450368
1 0.884521 0.23989 0.0249023 0.0459559
1 0.511719 0.191636 0.0253906 0.0431985
1 0.98291 0.913143 0.0283203 0.0523897
1 0.755859 0.789062 0.0253906 0.0450368
1 0.76416 0.924173 0.0283203 0.0579044
1 0.440186 0.88557 0.0249023 0.0487132
1 0.786133 0.271599 0.0234375 0.0487132
1 0.810303 0.119026 0.0229492 0.0450368
1 0.530029 0.314338 0.0229492 0.0441176
1 0.810791 0.299632 0.0249023 0.0459559
1 0.167236 0.482996 0.0219727 0.0431985
1 0.524658 0.268382 0.0239258 0.0441176
1 0.185059 0.485754 0.0214844 0.0431985
1 0.398193 0.220588 0.0229492 0.0459559
1 0.391846 0.872702 0.0229492 0.0487132
1 0.095459 0.592371 0.0249023 0.046875
1 0.197266 0.530331 0.0244141 0.0477941
1 0.0974121 0.529412 0.027832 0.0496324
1 0.5354 0.0574449 0.0258789 0.0413603
1 0.372803 0.540441 0.0258789 0.0459559
1 0.416748 0.934283 0.0258789 0.046875
1 0.571289 0.0988051 0.0234375 0.046875
1 0.378174 0.368107 0.0249023 0.0431985
1 0.414795 0.457721 0.0249023 0.0441176
1 0.238281 0.342831 0.0283203 0.0496324
1 0.409912 0.340074 0.0249023 0.0441176
1 0.205811 0.315257 0.0249023 0.0477941
1 0.311035 0.246324 0.0273438 0.0459559
1 0.400391 0.540441 0.0253906 0.0441176
