1 0.858643 0.0845588 0.0219727 0.0459559
0 0.100098 0.0225184 0.0341797 0.0450368
1 0.523682 0.209099 0.0180664 0.0413603
0 0.810791 0.117188 0.0239258 0.0487132
0 0.310791 0.897978 0.0297852 0.0533088
1 0.934326 0.880055 0.0249023 0.0450368
1 0.782227 0.922794 0.03125 0.0496324
1 0.569336 0.596507 0.0273438 0.0496324
0 0.921875 0.977022 0.03125 0.0459559
1 0.108887 0.387408 0.0302734 0.0634191
0 0.535156 0.91682 0.0292969 0.0505515
0 0.189453 0.54136 0.0332031 0.0680147
0 0.79834 0.595129 0.0283203 0.0487132
1 0.921875 0.977941 0.03125 0.0441176
0 0.567871 0.596967 0.0302734 0.0560662
1 0.311035 0.242188 0.0302734 0.0505515
1 0.202148 0.95818 0.03125 0.0560662
1 0.799316 0.59421 0.0263672 0.0487132
1 0.811279 0.119485 0.0229492 0.0477941
0 0.310303 0.242647 0.0307617 0.0533088
1 0.398193 0.334099 0.0249023 0.0395221
1 0.528809 0.309283 0.0205078 0.0413603
1 0.835938 0.12454 0.0234375 0.0450368
1 0.527344 0.27114 0.0214844 0.0386029
1 0.943604 0.5625 0.0297852 0.0496324
0 0.829834 0.772059 0.0297852 0.0551471
1 0.828857 0.624081 0.0219727 0.0477941
1 0.917236 0.494026 0.0249023 0.0487132
0 0.828857 0.623162 0.0249023 0.0496324
1 0.415283 0.455423 0.0239258 0.0450368
1 0.989014 0.172335 0.0219727 0.0505515
0 0.0849609 0.23943 0.0341797 0.0615809
0 0.438477 0.882812 0.03125 0.0542279
0 0.20166 0.95818 0.0283203 0.0487132
0 0.872559 0.746324 0.0283203 0.0477941
0 0.782471 0.922794 0.0317383 0.0514706
0 0.934326 0.883272 0.0249023 0.0441176
1 0.377686 0.367647 0.0249023 0.0441176
1 0.387939 0.251379 0.0268555 0.046875
1 0.96875 0.878676 0.0253906 0.0477941
0 0.826416 0.953585 0.0297852 0.0523897
0 0.108643 0.389246 0.0297852 0.0615809
1 0.825928 0.954044 0.0297852 0.0514706
0 0.258545 0.847886 0.0268555 0.0505515
0 0.165039 0.773897 0.0273438 0.0514706
0 0.0219727 0.193015 0.0332031 0.0661765
1 0.188965 0.54182 0.0341797 0.0652574
1 0.689453 0.389706 0.03125 0.0661765
