1 0.124023 0.476103 0.0224609 0.0441176
1 0.835205 0.985294 0.027832 0.0294118
0 0.510498 0.0174632 0.0200195 0.0349265
0 0.41748 0.962776 0.0283203 0.0487132
1 0.275391 0.198989 0.0195312 0.0376838
1 0.450684 0.508272 0.0205078 0.0386029
1 0.834473 0.866728 0.0185547 0.0367647
1 0.853027 0.078125 0.0205078 0.0422794
1 0.116943 0.161765 0.0229492 0.0404412
1 0.619141 0.884191 0.0214844 0.0367647
1 0.362305 0.68704 0.0273438 0.0505515
0 0.125244 0.484835 0.0209961 0.0505515
0 0.362305 0.686121 0.0283203 0.0505515
0 0.734375 0.184283 0.0214844 0.046875
1 0.468506 0.115349 0.0327148 0.0487132
1 0.561279 0.610754 0.0229492 0.0450368
1 0.393066 0.657169 0.0244141 0.0459559
0 0.116211 0.160846 0.0214844 0.0441176
0 0.158447 0.499081 0.0219727 0.0422794
0 0.0178223 0.462316 0.027832 0.0514706
0 0.619629 0.984375 0.0283203 0.03125
0 0.463623 0.671875 0.0268555 0.0459559
1 0.0644531 0.801471 0.0244141 0.0404412
0 0.828857 0.824908 0.0219727 0.0450368
1 0.12793 0.139246 0.0224609 0.0395221
1 0.660156 0.0133272 0.0205078 0.0266544
1 0.733154 0.184743 0.0219727 0.0441176
1 0.0866699 0.599265 0.0239258 0.0477941
1 0.984375 0.765625 0.0205078 0.0367647
1 0.381836 0.787224 0.0214844 0.0413603
0 0.878906 0.0804228 0.0234375 0.0413603
1 0.0930176 0.811581 0.0268555 0.0496324
1 0.989014 0.818934 0.019043 0.0422794
1 0.462891 0.671875 0.0253906 0.0459559
1 0.0917969 0.0349265 0.03125 0.0533088
1 0.0183105 0.463235 0.0268555 0.0514706
0 0.0925293 0.813419 0.0268555 0.0496324
1 0.259521 0.846048 0.0288086 0.0487132
1 0.979004 0.441176 0.0234375 0.0404412
1 0.531982 0.461397 0.0249023 0.0441176
1 0.170898 0.0160846 0.0273438 0.0321691
0 0.325439 0.629596 0.0249023 0.0441176
1 0.1875 0.379596 0.0224609 0.0404412
0 0.19751 0.532169 0.0239258 0.0459559
1 0.538086 0.500919 0.0234375 0.0422794
0 0.0869141 0.600184 0.0244141 0.0496324
1 0.672852 0.711397 0.0234375 0.0459559
1 0.125732 0.492647 0.0229492 0.0514706
1 0.175781 0.827665 0.0263672 0.046875
0 0.352783 0.801471 0.0219727 0.0459559
1 0.706299 0.653952 0.0239258 0.0431985
1 0.632568 0.881893 0.0209961 0.0395221
1 0.158203 0.49954 0.0224609 0.0450368
1 0.840576 0.682904 0.0219727 0.0404412
1 0.197266 0.533088 0.0253906 0.0459559
1 0.667969 0.392923 0.0224609 0.0450368
1 0.646484 0.389706 0.0253906 0.0441176
1 0.372803 0.536305 0.027832 0.0487132
1 0.0947266 0.350184 0.0273438 0.0459559
1 0.730957 0.100184 0.0244141 0.0459559
1 0.195068 0.925551 0.0249023 0.0441176
1 0.693359 0.383732 0.0253906 0.046875
1 0.727051 0.63511 0.0224609 0.0441176
1 0.828125 0.823989 0.0214844 0.046875
0 0.0761719 0.24954 0.0283203 0.0487132
1 0.742188 0.914522 0.0244141 0.0459559
1 0.780518 0.6875 0.0258789 0.0477941
1 0.510498 0.681526 0.0268555 0.046875
1 0.606201 0.0151654 0.0249023 0.0303309
1 0.910156 0.503676 0.0253906 0.0441176
0 0.0917969 0.0358456 0.0332031 0.0496324
1 0.145752 0.588235 0.0258789 0.0459559
1 0.885986 0.237132 0.0297852 0.0459559
1 0.436768 0.882353 0.0258789 0.0477941
1 0.713135 0.476562 0.0249023 0.0431985
1 0.377686 0.371324 0.0258789 0.0477941
1 0.0324707 0.409926 0.0249023 0.0441176
1 0.232178 0.347886 0.0219727 0.046875
1 0.457031 0.498162 0.0234375 0.0404412
1 0.128418 0.829504 0.0263672 0.0505515
1 0.80249 0.169118 0.0229492 0.0459559
1 0.761719 0.884191 0.0214844 0.0367647
1 0.589844 0.363051 0.0244141 0.0441176
1 0.991699 0.761029 0.0166016 0.0404412
0 0.258057 0.846507 0.0268555 0.0422794
1 0.186768 0.465533 0.0258789 0.046875
1 0.69043 0.446691 0.0234375 0.0441176
1 0.152588 0.228401 0.0268555 0.0505515
0 0.27002 0.984375 0.0283203 0.03125
1 0.960938 0.215993 0.0214844 0.0349265
0 0.297852 0.671875 0.0283203 0.0477941
1 0.851562 0.262408 0.0263672 0.0413603
0 0.0124512 0.205882 0.0219727 0.0514706
1 0.854004 0.681066 0.0205078 0.0386029
1 0.992676 0.547794 0.0146484 0.0459559
1 0.694824 0.738971 0.0205078 0.0459559
1 0.39502 0.871324 0.0273438 0.0514706
1 0.83374 0.126838 0.0249023 0.0422794
1 0.520264 0.0698529 0.0229492 0.0422794
1 0.783447 0.59375 0.0258789 0.0441176
0 0.316406 0.879136 0.0244141 0.0487132
1 0.879883 0.824449 0.0234375 0.0459559
1 0.855469 0.867647 0.0253906 0.0459559
1 0.766357 0.0850184 0.0200195 0.0395221
1 0.205811 0.855239 0.0288086 0.046875
0 0.235107 0.710478 0.0249023 0.0477941
1 0.612549 0.251838 0.0209961 0.0404412
1 0.0144043 0.980239 0.0249023 0.0395221
1 0.945312 0.318015 0.0253906 0.0422794
1 0.53418 0.339154 0.0234375 0.0441176
1 0.360596 0.168199 0.0249023 0.0422794
1 0.678955 0.13511 0.0268555 0.0459559
1 0.164795 0.772518 0.0258789 0.0487132
1 0.407715 0.34329 0.0263672 0.0450368
1 0.410156 0.537684 0.0263672 0.0459559
1 0.777588 0.870864 0.0219727 0.0395221
1 0.458496 0.108915 0.0244141 0.046875
1 0.971191 0.196691 0.0234375 0.0367647
1 0.877441 0.710478 0.0234375 0.0422794
1 0.308594 0.127757 0.0273438 0.0514706
1 0.761475 0.0487132 0.0219727 0.0404412
1 0.755859 0.789062 0.0253906 0.0450368
1 0.417969 0.960938 0.0273438 0.0487132
1 0.828125 0.624081 0.0253906 0.0514706
1 0.807129 0.297794 0.0234375 0.0422794
1 0.572266 0.104779 0.0234375 0.0404412
1 0.675293 0.0579044 0.0244141 0.0422794
1 0.223877 0.788143 0.0268555 0.0450368
1 0.804688 0.232077 0.0234375 0.0450368
1 0.92041 0.841912 0.0263672 0.0459559
1 0.108643 0.529412 0.0258789 0.0477941
1 0.797119 0.40625 0.0229492 0.0422794
1 0.408203 0.204504 0.0263672 0.046875
1 0.597412 0.22886 0.0209961 0.0422794
1 0.197754 0.365809 0.0224609 0.0386029
1 0.991455 0.17693 0.0170898 0.0431985
1 0.444336 0.471967 0.0234375 0.0431985
1 0.146729 0.303768 0.0258789 0.046875
1 0.781982 0.273438 0.0258789 0.0450368
1 0.567139 0.386949 0.0239258 0.0422794
1 0.598145 0.300092 0.0234375 0.0431985
1 0.932861 0.330882 0.0219727 0.0404412
1 0.0402832 0.922794 0.0258789 0.0441176
1 0.5 0.175092 0.0253906 0.046875
1 0.395264 0.119026 0.0229492 0.0450368
1 0.132812 0.62546 0.0253906 0.046875
1 0.814209 0.443015 0.0249023 0.0422794
1 0.220459 0.0758272 0.0268555 0.0487132
1 0.964111 0.752757 0.0249023 0.0422794
1 0.803223 0.104779 0.0234375 0.0422794
1 0.414551 0.461857 0.0263672 0.0505515
1 0.828125 0.954044 0.0253906 0.0441176
1 0.577881 0.24954 0.0219727 0.046875
1 0.362305 0.202665 0.0224609 0.0413603
1 0.0305176 0.88511 0.0258789 0.0441176
1 0.916504 0.55239 0.0234375 0.0441176
1 0.483154 0.133272 0.0239258 0.0459559
1 0.316406 0.25 0.0253906 0.0441176
1 0.529297 0.269761 0.0234375 0.0450368
1 0.403076 0.159007 0.0229492 0.0459559
1 0.985107 0.932445 0.0249023 0.0523897
1 0.332764 0.19807 0.0249023 0.0450368
1 0.981201 0.733915 0.0219727 0.0376838
1 0.20752 0.311121 0.0234375 0.0450368
1 0.242432 0.0257353 0.0258789 0.0459559
