1 0.0998535 0.0238971 0.0366211 0.0477941
0 0.310791 0.242188 0.0297852 0.0505515
1 0.858643 0.0845588 0.0219727 0.0459559
0 0.536377 0.914522 0.0288086 0.0514706
1 0.311035 0.896599 0.0283203 0.0487132
0 0.567871 0.596967 0.0302734 0.0542279
1 0.934326 0.880055 0.0249023 0.0450368
1 0.522949 0.20864 0.0185547 0.0404412
1 0.921875 0.978401 0.0332031 0.0431985
0 0.798584 0.595588 0.027832 0.0477941
1 0.798828 0.594669 0.0253906 0.0477941
1 0.536377 0.915901 0.0249023 0.0487132
0 0.189697 0.54182 0.0327148 0.0634191
1 0.568848 0.596967 0.0273438 0.0487132
1 0.786621 0.27068 0.0234375 0.0376838
0 0.439209 0.882353 0.0249023 0.0459559
1 0.201416 0.95818 0.0307617 0.0542279
0 0.920898 0.977941 0.03125 0.0422794
1 0.917236 0.494945 0.0297852 0.0505515
1 0.829102 0.62454 0.0234375 0.046875
1 0.811279 0.119485 0.0229492 0.0477941
1 0.989014 0.172794 0.0219727 0.0496324
1 0.943115 0.563419 0.0297852 0.0496324
0 0.258301 0.847426 0.0263672 0.0514706
0 0.201416 0.95818 0.027832 0.0487132
1 0.528564 0.309743 0.0209961 0.0404412
0 0.828857 0.623162 0.0249023 0.0477941
1 0.835938 0.124081 0.0234375 0.0459559
0 0.780273 0.922794 0.03125 0.0477941
0 0.828125 0.772059 0.03125 0.0551471
0 0.934326 0.883272 0.0249023 0.0422794
1 0.526611 0.270221 0.0209961 0.0386029
0 0.0849609 0.238971 0.0341797 0.0606618
0 0.872559 0.745864 0.0263672 0.0487132
1 0.415039 0.455423 0.0234375 0.0431985
1 0.310791 0.243107 0.0297852 0.0487132
0 0.165283 0.772978 0.0268555 0.0514706
0 0.108154 0.388787 0.0288086 0.0588235
1 0.189453 0.54182 0.0332031 0.0615809
1 0.400879 0.334099 0.0234375 0.0431985
0 0.0219727 0.192555 0.0332031 0.0652574
1 0.969482 0.880974 0.0249023 0.046875
1 0.37793 0.368566 0.0244141 0.0459559
0 0.826416 0.954504 0.0297852 0.0523897
1 0.388184 0.248621 0.0263672 0.0487132
1 0.689941 0.389246 0.03125 0.0634191
