0 0.189697 0.542279 0.034668 0.0716912
0 0.524658 0.207261 0.0258789 0.046875
0 0.839844 0.765165 0.0253906 0.046875
0 0.924072 0.976562 0.0297852 0.046875
0 0.102051 0.0238971 0.0361328 0.0477941
1 0.30957 0.238051 0.0283203 0.0606618
0 0.795898 0.926471 0.0234375 0.0477941
1 0.109619 0.386949 0.0297852 0.0643382
1 0.102295 0.0248162 0.034668 0.0496324
1 0.438965 0.880515 0.0302734 0.0588235
0 0.800049 0.59421 0.027832 0.0523897
1 0.828857 0.625 0.0219727 0.0477941
1 0.840576 0.764706 0.0268555 0.0459559
0 0.859375 0.0831801 0.0253906 0.0487132
1 0.258789 0.847886 0.0292969 0.0523897
1 0.41626 0.454504 0.0297852 0.0597426
0 0.258301 0.846967 0.0302734 0.0523897
0 0.203125 0.957261 0.03125 0.0523897
0 0.872559 0.746324 0.0263672 0.0477941
1 0.800781 0.59421 0.0253906 0.0505515
1 0.93457 0.882353 0.0234375 0.0404412
0 0.829102 0.624081 0.0234375 0.0496324
0 0.439453 0.881434 0.0351562 0.0569853
1 0.955566 0.556526 0.0283203 0.0523897
1 0.987549 0.172794 0.0249023 0.0569853
0 0.570068 0.597426 0.0327148 0.0569853
1 0.924072 0.976103 0.0297852 0.0441176
1 0.872559 0.745404 0.0263672 0.0459559
0 0.308594 0.238051 0.0302734 0.0588235
1 0.825684 0.952665 0.0263672 0.046875
0 0.0852051 0.238971 0.034668 0.0625
1 0.307373 0.90671 0.0317383 0.0560662
0 0.164795 0.772978 0.0288086 0.0569853
1 0.203613 0.957261 0.03125 0.0560662
1 0.916504 0.496324 0.0263672 0.0459559
0 0.109131 0.388327 0.0307617 0.0615809
0 0.0224609 0.193015 0.0332031 0.0661765
1 0.689941 0.389706 0.03125 0.0661765
1 0.954834 0.865809 0.0249023 0.0441176
1 0.189453 0.542279 0.0341797 0.0661765
