1 0.791992 0.922794 0.0273438 0.0533088
0 0.837646 0.764706 0.0249023 0.0459559
0 0.858398 0.0836397 0.0234375 0.0477941
1 0.309814 0.238511 0.0288086 0.0579044
1 0.102295 0.0238971 0.0336914 0.0477941
0 0.101807 0.0229779 0.034668 0.0459559
1 0.838379 0.764706 0.0263672 0.0459559
1 0.957764 0.867188 0.0249023 0.0395221
1 0.309082 0.902574 0.0283203 0.0514706
0 0.189453 0.54182 0.0341797 0.0707721
1 0.38501 0.259191 0.0288086 0.0477941
0 0.799805 0.59421 0.0283203 0.0523897
1 0.923584 0.975643 0.0297852 0.0431985
1 0.570068 0.596507 0.0288086 0.0514706
0 0.924072 0.976562 0.0297852 0.046875
0 0.56958 0.597886 0.0317383 0.0542279
0 0.825684 0.953585 0.0263672 0.0505515
1 0.389893 0.347886 0.0209961 0.0395221
0 0.791992 0.924173 0.0234375 0.0487132
0 0.525391 0.20864 0.0244141 0.0477941
1 0.378174 0.366728 0.0219727 0.0422794
1 0.828857 0.624081 0.0219727 0.0477941
0 0.93457 0.882812 0.0234375 0.0395221
1 0.872559 0.744485 0.0263672 0.0459559
0 0.872559 0.745864 0.0283203 0.0487132
1 0.801025 0.59421 0.0258789 0.0505515
0 0.828857 0.623162 0.0249023 0.0477941
1 0.953125 0.556526 0.03125 0.0505515
0 0.309326 0.238511 0.0297852 0.0560662
0 0.258789 0.846967 0.0283203 0.0505515
0 0.439209 0.881893 0.0336914 0.0560662
1 0.987549 0.173254 0.0249023 0.0560662
0 0.202637 0.957261 0.0283203 0.0505515
1 0.203369 0.95818 0.0307617 0.0542279
1 0.416016 0.454963 0.0253906 0.0496324
1 0.91626 0.495864 0.0249023 0.046875
0 0.164795 0.773438 0.0288086 0.0560662
1 0.825684 0.953585 0.0263672 0.0487132
0 0.0852051 0.238971 0.034668 0.0625
1 0.689941 0.389706 0.0302734 0.0661765
0 0.109131 0.388327 0.0297852 0.0615809
0 0.0224609 0.193474 0.0332031 0.0670956
1 0.189453 0.542279 0.0341797 0.0661765
