0 0.0976562 0.0238971 0.0283203 0.0441176
1 0.165283 0.772059 0.027832 0.0551471
1 0.172852 0.0211397 0.0263672 0.0422794
1 0.882812 0.240809 0.0214844 0.0477941
1 0.858643 0.0840993 0.0219727 0.0450368
0 0.185547 0.0404412 0.0244141 0.0441176
1 0.858643 0.252757 0.0219727 0.0404412
0 0.568115 0.596967 0.0297852 0.0523897
0 0.391846 0.871324 0.0219727 0.0477941
1 0.438721 0.883732 0.0239258 0.0450368
0 0.438721 0.883732 0.0239258 0.046875
1 0.797852 0.592831 0.0263672 0.0459559
1 0.521973 0.207261 0.0195312 0.0413603
1 0.568848 0.596967 0.0263672 0.046875
0 0.798096 0.594669 0.0268555 0.0459559
1 0.201172 0.957721 0.0302734 0.0514706
1 0.777588 0.921415 0.0288086 0.0505515
1 0.407959 0.893382 0.0219727 0.0459559
0 0.172852 0.0206801 0.0263672 0.0395221
1 0.920898 0.97886 0.03125 0.0422794
1 0.539062 0.913143 0.0253906 0.0450368
0 0.827393 0.774357 0.027832 0.046875
1 0.934326 0.880055 0.0249023 0.0431985
1 0.810791 0.119485 0.0219727 0.0477941
0 0.933594 0.882353 0.0253906 0.0422794
1 0.989014 0.172335 0.0219727 0.0487132
0 0.201172 0.959099 0.0283203 0.0487132
0 0.258545 0.847426 0.0268555 0.0514706
1 0.828857 0.623621 0.0219727 0.046875
0 0.828857 0.623162 0.0249023 0.0496324
0 0.165283 0.772059 0.027832 0.0477941
1 0.836914 0.124081 0.0234375 0.0441176
1 0.916992 0.494026 0.0234375 0.0487132
1 0.391846 0.872243 0.0209961 0.0459559
1 0.943115 0.563879 0.0297852 0.0505515
1 0.528564 0.309743 0.0209961 0.0404412
0 0.777344 0.922335 0.0283203 0.0487132
1 0.525635 0.269761 0.0209961 0.0395221
0 0.872559 0.744026 0.0263672 0.0505515
0 0.0849609 0.238511 0.0322266 0.0560662
1 0.388916 0.244945 0.0249023 0.0542279
0 0.826416 0.954504 0.0297852 0.0523897
0 0.107666 0.387868 0.027832 0.0569853
1 0.785889 0.272978 0.0229492 0.0441176
1 0.415039 0.454963 0.0234375 0.0422794
1 0.971924 0.883272 0.0249023 0.0422794
0 0.0219727 0.193474 0.03125 0.0597426
1 0.311279 0.243566 0.027832 0.0459559
1 0.799805 0.298254 0.0234375 0.0431985
1 0.689941 0.389246 0.0302734 0.0634191
1 0.377686 0.368566 0.0249023 0.0441176
1 0.189453 0.54182 0.0322266 0.0597426
1 0.405273 0.337316 0.0234375 0.0422794
