0 0.383789 0.265625 0.0302734 0.0533088
1 0.30957 0.237592 0.0283203 0.0597426
1 0.109619 0.386489 0.0307617 0.0634191
0 0.102295 0.0234375 0.0356445 0.046875
1 0.840576 0.765625 0.0249023 0.0459559
0 0.796387 0.928768 0.0244141 0.0450368
0 0.189453 0.54182 0.0351562 0.0726103
0 0.84082 0.765165 0.0234375 0.046875
1 0.439209 0.880515 0.0297852 0.0588235
1 0.102539 0.0243566 0.0341797 0.0487132
0 0.92334 0.976103 0.0283203 0.0441176
0 0.524658 0.206801 0.0258789 0.0477941
0 0.860352 0.0831801 0.03125 0.0487132
1 0.828857 0.625 0.0219727 0.0477941
0 0.259277 0.848805 0.0302734 0.0542279
1 0.796387 0.92693 0.0244141 0.046875
0 0.202881 0.957261 0.0288086 0.0505515
1 0.800781 0.59421 0.0253906 0.0487132
0 0.800781 0.59421 0.0263672 0.0487132
1 0.41626 0.454504 0.0297852 0.0597426
1 0.93457 0.881893 0.0234375 0.0395221
1 0.956299 0.556985 0.027832 0.0514706
1 0.924316 0.975184 0.0283203 0.0441176
0 0.872559 0.746324 0.0263672 0.0477941
0 0.570068 0.597426 0.0327148 0.0569853
1 0.258789 0.847886 0.0292969 0.0523897
1 0.872559 0.745864 0.0263672 0.046875
0 0.439453 0.881434 0.0341797 0.0569853
1 0.987549 0.173254 0.0249023 0.0560662
0 0.829102 0.624081 0.0234375 0.0496324
0 0.164795 0.772518 0.0288086 0.0560662
0 0.30835 0.238051 0.0307617 0.0588235
1 0.304443 0.904871 0.0297852 0.0542279
1 0.825684 0.953125 0.0263672 0.0459559
0 0.0852051 0.238971 0.034668 0.0625
1 0.203613 0.957261 0.03125 0.0542279
1 0.916504 0.496324 0.0263672 0.0477941
1 0.954102 0.865349 0.0234375 0.0431985
0 0.109131 0.387868 0.0307617 0.0625
0 0.0224609 0.193015 0.0332031 0.0661765
1 0.689941 0.389706 0.03125 0.0661765
1 0.189209 0.54182 0.0336914 0.0670956
