0 0.835938 0.122702 0.0214844 0.046875
1 0.383301 0.359835 0.0263672 0.0450368
0 0.858643 0.0836397 0.0219727 0.0477941
1 0.858398 0.0831801 0.0234375 0.046875
0 0.101562 0.0220588 0.0341797 0.0441176
0 0.568359 0.596967 0.0302734 0.0579044
1 0.787598 0.926011 0.0263672 0.0487132
0 0.788818 0.927849 0.0268555 0.0505515
1 0.109619 0.387408 0.0288086 0.0634191
1 0.101807 0.0234375 0.0336914 0.046875
1 0.0847168 0.238971 0.0336914 0.0625
0 0.814941 0.118107 0.0234375 0.046875
1 0.832764 0.768382 0.027832 0.0533088
1 0.96167 0.870864 0.0249023 0.0413603
0 0.960938 0.868566 0.0253906 0.0422794
0 0.834229 0.77068 0.0297852 0.0505515
1 0.923584 0.975643 0.0297852 0.0431985
0 0.82666 0.954044 0.0283203 0.0514706
0 0.799316 0.595588 0.0283203 0.0514706
1 0.834473 0.125919 0.0234375 0.0459559
0 0.309814 0.23943 0.0297852 0.0542279
0 0.922607 0.976562 0.027832 0.0431985
1 0.310303 0.23943 0.0307617 0.0542279
0 0.828857 0.623162 0.0249023 0.0496324
1 0.94751 0.561121 0.0249023 0.046875
0 0.872559 0.746324 0.0283203 0.0477941
1 0.202881 0.95818 0.0297852 0.0542279
1 0.872559 0.745864 0.0283203 0.046875
1 0.828857 0.62454 0.0219727 0.0487132
1 0.56958 0.596048 0.027832 0.0505515
1 0.800049 0.594669 0.0268555 0.0496324
1 0.814209 0.119945 0.0219727 0.0487132
1 0.385254 0.255515 0.0283203 0.0477941
1 0.988281 0.172335 0.0234375 0.0505515
0 0.0849609 0.238051 0.0361328 0.0588235
0 0.202393 0.957261 0.027832 0.0487132
0 0.259033 0.846967 0.027832 0.0505515
0 0.934326 0.882812 0.0249023 0.0395221
0 0.439453 0.881434 0.0332031 0.0588235
0 0.164795 0.772518 0.027832 0.0542279
1 0.91626 0.495864 0.0249023 0.046875
1 0.415771 0.454963 0.0249023 0.0477941
0 0.109131 0.389706 0.0288086 0.0606618
1 0.377197 0.367188 0.0219727 0.0413603
0 0.0222168 0.193015 0.0336914 0.0680147
1 0.825684 0.953585 0.0283203 0.0487132
1 0.689941 0.389246 0.0302734 0.0652574
1 0.393799 0.34329 0.0258789 0.0413603
1 0.189453 0.54182 0.0341797 0.0652574
