1 0.588379 0.36489 0.0244141 0.0422794
0 0.609619 0.0133272 0.0258789 0.0266544
1 0.404297 0.20818 0.0244141 0.0487132
1 0.387939 0.700368 0.019043 0.0367647
0 0.654297 0.011489 0.0273438 0.0229779
1 0.731934 0.11489 0.0224609 0.0441176
1 0.858398 0.86443 0.0234375 0.0487132
1 0.871826 0.117647 0.019043 0.0386029
1 0.170166 0.800092 0.0219727 0.0450368
1 0.681152 0.10432 0.0234375 0.0395221
1 0.558838 0.880974 0.0297852 0.0487132
0 0.376709 0.691636 0.0229492 0.0450368
0 0.740234 0.16682 0.0234375 0.0450368
0 0.834473 0.862592 0.0185547 0.0413603
0 0.912598 0.983456 0.0283203 0.0330882
0 0.680664 0.107996 0.0234375 0.0395221
1 0.740234 0.167279 0.0253906 0.0441176
1 0.408691 0.538603 0.0224609 0.0404412
0 0.409912 0.340074 0.0258789 0.0459559
1 0.474854 0.669577 0.0209961 0.0413603
1 0.317871 0.647059 0.0234375 0.0422794
0 0.776855 0.710018 0.0234375 0.0450368
1 0.855469 0.252298 0.0253906 0.0431985
0 0.678467 0.0592831 0.0209961 0.0413603
0 0.404785 0.207261 0.0244141 0.0505515
0 0.317871 0.645221 0.0214844 0.0404412
1 0.37793 0.691176 0.0234375 0.0441176
0 0.572266 0.391544 0.0195312 0.0367647
1 0.879883 0.824449 0.0234375 0.0441176
0 0.440674 0.884651 0.027832 0.046875
1 0.825928 0.955882 0.0297852 0.0477941
0 0.857178 0.863971 0.0249023 0.0477941
1 0.301514 0.667279 0.0219727 0.0441176
0 0.731934 0.115349 0.0234375 0.0450368
1 0.534912 0.331342 0.0258789 0.0505515
0 0.880371 0.824908 0.0234375 0.0487132
1 0.414795 0.457261 0.0268555 0.0431985
0 0.828125 0.622702 0.0253906 0.0523897
1 0.573975 0.391085 0.0209961 0.0376838
1 0.828857 0.623162 0.0219727 0.0477941
0 0.877441 0.720588 0.0263672 0.0477941
1 0.409668 0.340993 0.0273438 0.0459559
1 0.439453 0.88557 0.0273438 0.046875
1 0.390137 0.660846 0.0224609 0.0422794
1 0.805908 0.183824 0.0239258 0.0404412
1 0.916504 0.494485 0.0283203 0.0477941
0 0.825684 0.955423 0.0283203 0.0487132
1 0.678711 0.0606618 0.0234375 0.0404412
0 0.753418 0.922794 0.0283203 0.0477941
1 0.258301 0.845129 0.0283203 0.046875
0 0.587891 0.36443 0.0224609 0.0376838
1 0.381104 0.786765 0.0219727 0.0422794
1 0.495117 0.672335 0.0234375 0.0450368
0 0.826416 0.806526 0.0249023 0.0523897
0 0.786133 0.59421 0.0292969 0.046875
1 0.236816 0.712316 0.0244141 0.0441176
1 0.371582 0.539982 0.0263672 0.046875
0 0.557861 0.883732 0.0268555 0.0450368
1 0.196045 0.941176 0.027832 0.0477941
1 0.522705 0.0689338 0.0239258 0.0459559
1 0.572021 0.102941 0.0258789 0.0459559
1 0.0178223 0.196232 0.0249023 0.0505515
1 0.838379 0.125 0.0234375 0.0441176
1 0.928955 0.563879 0.0249023 0.0450368
1 0.525391 0.268382 0.0253906 0.0477941
1 0.88208 0.0863971 0.0219727 0.0422794
1 0.752686 0.923713 0.0268555 0.0514706
0 0.755615 0.788603 0.0249023 0.0441176
1 0.926514 0.85432 0.0268555 0.046875
1 0.31543 0.153493 0.0244141 0.0441176
1 0.391357 0.874081 0.0229492 0.0496324
1 0.0146484 0.982077 0.0253906 0.0358456
1 0.690918 0.386029 0.0263672 0.0477941
1 0.0776367 0.23943 0.0263672 0.0487132
0 0.565918 0.602022 0.0273438 0.0459559
1 0.858643 0.0831801 0.0200195 0.0431985
1 0.811768 0.301471 0.0249023 0.0441176
1 0.0908203 0.0330882 0.0332031 0.0496324
1 0.0932617 0.601103 0.0214844 0.0441176
1 0.172119 0.0188419 0.0288086 0.0376838
1 0.809326 0.117647 0.0219727 0.0441176
1 0.596191 0.295496 0.0244141 0.0450368
1 0.0964355 0.357996 0.0249023 0.0450368
1 0.988281 0.175092 0.0214844 0.0505515
1 0.210693 0.0790441 0.0258789 0.0514706
1 0.37793 0.368107 0.0253906 0.0431985
1 0.101807 0.523438 0.0239258 0.0450368
1 0.196533 0.530331 0.0229492 0.0422794
1 0.897705 0.107077 0.0219727 0.0450368
1 0.14624 0.585938 0.0200195 0.0431985
1 0.785645 0.272059 0.0244141 0.0459559
1 0.1875 0.481618 0.0244141 0.0441176
1 0.505859 0.178309 0.0263672 0.0459559
1 0.805664 0.210018 0.0234375 0.0413603
1 0.335205 0.183364 0.0249023 0.0450368
1 0.0310059 0.409926 0.0229492 0.0404412
1 0.419189 0.944853 0.0258789 0.0477941
1 0.582764 0.245864 0.0239258 0.0431985
1 0.148193 0.234375 0.0258789 0.0441176
1 0.132568 0.608915 0.0209961 0.0413603
1 0.0234375 0.440717 0.0224609 0.0431985
1 0.158447 0.490809 0.0219727 0.0404412
1 0.98291 0.919118 0.0283203 0.0551471
1 0.23877 0.346507 0.0273438 0.0496324
1 0.0942383 0.815257 0.0273438 0.0496324
1 0.163818 0.770221 0.0258789 0.0441176
1 0.123047 0.821691 0.0253906 0.0441176
1 0.1521 0.285846 0.0249023 0.0422794
1 0.228271 0.767463 0.0249023 0.0422794
1 0.205078 0.314338 0.0234375 0.0477941
1 0.313477 0.247243 0.0253906 0.0441176
