0 0.405029 0.204504 0.0258789 0.0542279
1 0.331055 0.169118 0.0292969 0.0514706
1 0.376709 0.691636 0.0249023 0.0450368
1 0.408936 0.539522 0.0219727 0.0441176
0 0.313965 0.887868 0.0263672 0.0441176
1 0.871826 0.117188 0.019043 0.0395221
0 0.267334 0.986213 0.027832 0.0275735
0 0.911621 0.983456 0.03125 0.0330882
0 0.732178 0.109835 0.0258789 0.0450368
0 0.237061 0.711857 0.0258789 0.0413603
0 0.497559 0.674173 0.0234375 0.0505515
1 0.200928 0.850184 0.0229492 0.0367647
0 0.654785 0.011489 0.0283203 0.0229779
1 0.806885 0.988051 0.0297852 0.0238971
0 0.610596 0.0128676 0.0249023 0.0257353
1 0.606445 0.243566 0.0195312 0.0367647
1 0.681152 0.107996 0.0244141 0.0413603
1 0.0151367 0.198529 0.0263672 0.0514706
0 0.833496 0.862592 0.0205078 0.0413603
0 0.678467 0.0597426 0.0219727 0.0422794
1 0.238037 0.712316 0.0229492 0.0477941
1 0.558105 0.880055 0.0263672 0.0450368
0 0.196533 0.938879 0.0268555 0.0413603
0 0.391113 0.659467 0.0244141 0.0431985
0 0.778809 0.707721 0.0263672 0.0441176
1 0.879883 0.824449 0.0234375 0.0459559
1 0.854492 0.255515 0.0234375 0.0422794
0 0.258545 0.844669 0.0249023 0.0441176
0 0.440674 0.884651 0.0288086 0.0505515
0 0.825684 0.955882 0.0283203 0.0477941
0 0.828857 0.621324 0.0268555 0.0514706
1 0.587891 0.36443 0.0234375 0.0395221
1 0.473389 0.670496 0.0229492 0.046875
1 0.731689 0.108456 0.0239258 0.0477941
1 0.0773926 0.240809 0.027832 0.0496324
0 0.375244 0.692555 0.0229492 0.0431985
1 0.564941 0.60386 0.0273438 0.0441176
0 0.300781 0.66636 0.0234375 0.0459559
1 0.600586 0.232537 0.0195312 0.0386029
0 0.877441 0.720129 0.0283203 0.0487132
0 0.473389 0.670496 0.0219727 0.046875
1 0.405518 0.204963 0.0258789 0.0496324
0 0.752441 0.922794 0.0283203 0.0496324
1 0.259033 0.845588 0.027832 0.0459559
1 0.829102 0.622702 0.0234375 0.0487132
1 0.928955 0.564338 0.0249023 0.0441176
0 0.880371 0.824908 0.0234375 0.0505515
1 0.196289 0.939338 0.0263672 0.0441176
0 0.857178 0.86443 0.0249023 0.046875
1 0.414795 0.45818 0.0258789 0.0450368
0 0.0170898 0.197151 0.0253906 0.0505515
1 0.371826 0.539062 0.0258789 0.046875
1 0.439941 0.88557 0.0283203 0.046875
1 0.380859 0.786765 0.0224609 0.0422794
1 0.740234 0.170496 0.0244141 0.046875
1 0.824951 0.955423 0.0297852 0.0487132
1 0.678955 0.0602022 0.0239258 0.0413603
1 0.188477 0.47932 0.0244141 0.046875
1 0.534668 0.33318 0.0244141 0.0450368
1 0.410645 0.340074 0.0263672 0.0459559
1 0.498047 0.673254 0.0244141 0.0487132
1 0.572021 0.103401 0.0258789 0.046875
1 0.0146484 0.981618 0.0253906 0.0367647
0 0.558594 0.882353 0.0253906 0.0459559
0 0.320312 0.643382 0.0234375 0.0441176
1 0.915771 0.495404 0.0297852 0.0477941
1 0.522217 0.0693934 0.0239258 0.0450368
1 0.652344 0.397059 0.0224609 0.0441176
0 0.56543 0.603401 0.0273438 0.0450368
1 0.163818 0.77114 0.0258789 0.0459559
1 0.751465 0.922794 0.0273438 0.0496324
0 0.826416 0.808824 0.0249023 0.0514706
1 0.211426 0.0795037 0.0263672 0.0523897
1 0.925781 0.852941 0.0263672 0.0459559
0 0.785156 0.594669 0.0292969 0.0459559
1 0.838135 0.12454 0.0249023 0.0450368
1 0.572754 0.390625 0.0224609 0.0386029
0 0.755615 0.788603 0.0258789 0.0441176
1 0.314697 0.147978 0.0239258 0.0459559
1 0.157471 0.493566 0.0239258 0.0422794
1 0.196533 0.53079 0.0239258 0.0431985
1 0.0913086 0.0317096 0.0332031 0.0523897
1 0.666748 0.393842 0.0209961 0.0413603
1 0.171875 0.0188419 0.0292969 0.0376838
1 0.88208 0.0859375 0.0219727 0.0431985
1 0.0961914 0.356158 0.0263672 0.046875
1 0.0932617 0.602482 0.0234375 0.0450368
1 0.391602 0.875 0.0234375 0.0496324
1 0.124268 0.823529 0.0268555 0.0477941
1 0.151367 0.289982 0.0263672 0.0431985
1 0.596436 0.295956 0.0229492 0.0422794
1 0.858643 0.0836397 0.0200195 0.0441176
1 0.805176 0.178309 0.0224609 0.0422794
1 0.0209961 0.444393 0.0244141 0.0413603
1 0.102539 0.523897 0.0234375 0.0459559
1 0.80835 0.118107 0.0219727 0.0450368
1 0.146484 0.585018 0.0205078 0.0431985
1 0.812012 0.301471 0.0263672 0.0441176
1 0.377686 0.369026 0.0249023 0.0450368
1 0.132812 0.610294 0.0214844 0.0422794
1 0.03125 0.410386 0.0234375 0.0413603
1 0.147705 0.234375 0.0268555 0.0441176
1 0.525635 0.268842 0.0249023 0.0487132
1 0.98877 0.175092 0.0224609 0.0505515
1 0.691162 0.38557 0.0258789 0.046875
1 0.897461 0.106618 0.0234375 0.0441176
1 0.582031 0.246324 0.0234375 0.0422794
1 0.335449 0.184283 0.0253906 0.0450368
1 0.0942383 0.815257 0.0283203 0.0514706
1 0.805664 0.210478 0.0244141 0.0422794
1 0.504639 0.176011 0.0268555 0.0487132
1 0.23877 0.346048 0.0283203 0.0505515
1 0.419678 0.946232 0.0258789 0.0487132
1 0.227295 0.770221 0.0249023 0.0441176
1 0.785156 0.271599 0.0253906 0.046875
1 0.205322 0.314338 0.0249023 0.0477941
1 0.98291 0.919577 0.0283203 0.0560662
1 0.314209 0.247243 0.0258789 0.0459559
