1 0.415039 0.45864 0.0273438 0.0441176
1 0.805664 0.314338 0.0234375 0.0477941
0 0.698486 0.449908 0.0239258 0.0413603
1 0.588623 0.240349 0.0249023 0.046875
0 0.678467 0.0597426 0.0219727 0.0386029
1 0.856934 0.866268 0.0263672 0.0505515
0 0.406982 0.203585 0.0249023 0.046875
1 0.714844 0.648897 0.0214844 0.0349265
0 0.474121 0.122243 0.0234375 0.0459559
0 0.834473 0.863971 0.0205078 0.0404412
1 0.248291 0.00827206 0.0268555 0.0165441
1 0.989014 0.818934 0.0200195 0.0459559
1 0.755859 0.79136 0.0273438 0.0459559
1 0.564453 0.605239 0.0283203 0.0487132
0 0.687744 0.728401 0.0209961 0.046875
1 0.559814 0.877298 0.0268555 0.0450368
0 0.315674 0.88511 0.0249023 0.0459559
1 0.0148926 0.200368 0.0268555 0.0569853
0 0.89624 0.106618 0.0219727 0.0422794
1 0.076416 0.244026 0.0297852 0.0505515
1 0.410156 0.340533 0.0273438 0.046875
1 0.739258 0.175092 0.0234375 0.046875
0 0.748047 0.922794 0.0253906 0.0459559
0 0.237305 0.710478 0.0253906 0.0422794
1 0.858643 0.0818015 0.0200195 0.0404412
1 0.406494 0.203585 0.0258789 0.0487132
1 0.879883 0.824908 0.0234375 0.046875
0 0.481201 0.131434 0.0219727 0.0422794
0 0.503174 0.674632 0.0249023 0.0514706
1 0.853271 0.258732 0.0249023 0.0413603
1 0.482178 0.131434 0.0209961 0.0422794
0 0.880615 0.0836397 0.0219727 0.0386029
0 0.535889 0.48989 0.0229492 0.0422794
0 0.880371 0.823989 0.0234375 0.046875
0 0.739258 0.175551 0.0234375 0.0441176
0 0.076416 0.244945 0.0317383 0.0523897
1 0.46875 0.670956 0.0273438 0.0477941
0 0.257324 0.845588 0.0263672 0.0441176
0 0.46875 0.671415 0.0263672 0.0487132
1 0.570801 0.105239 0.0234375 0.0450368
1 0.377686 0.369026 0.0268555 0.0450368
0 0.755615 0.788603 0.0258789 0.0441176
1 0.913086 0.5 0.0234375 0.0477941
1 0.654297 0.39568 0.0253906 0.0413603
1 0.521484 0.0689338 0.0234375 0.0441176
0 0.535889 0.465993 0.0229492 0.0386029
1 0.881104 0.0827206 0.0219727 0.0404412
0 0.269043 0.984375 0.0263672 0.03125
1 0.259277 0.846507 0.0283203 0.0459559
0 0.0151367 0.199908 0.0283203 0.0560662
1 0.83667 0.12546 0.0249023 0.0450368
0 0.730469 0.105699 0.0244141 0.0441176
1 0.698975 0.451287 0.0249023 0.0386029
0 0.39209 0.657629 0.0224609 0.046875
1 0.678223 0.0602022 0.0244141 0.0413603
1 0.679688 0.126838 0.0263672 0.0459559
1 0.534668 0.33364 0.0234375 0.0496324
1 0.371826 0.539062 0.0268555 0.0487132
1 0.312744 0.136949 0.0288086 0.0441176
1 0.380859 0.787224 0.0253906 0.046875
1 0.156738 0.498162 0.0234375 0.0459559
0 0.467773 0.116728 0.0195312 0.0404412
1 0.0144043 0.980699 0.0249023 0.0386029
1 0.589111 0.363971 0.0239258 0.0441176
0 0.521973 0.0684743 0.0234375 0.0450368
1 0.991699 0.756893 0.0166016 0.0395221
0 0.369873 0.693474 0.0239258 0.0450368
0 0.410156 0.340074 0.0253906 0.0441176
0 0.827393 0.816636 0.0249023 0.046875
0 0.671875 0.714614 0.0214844 0.0413603
1 0.89624 0.105239 0.0219727 0.0413603
0 0.610107 0.0137868 0.0229492 0.0275735
1 0.1875 0.474724 0.0244141 0.046875
1 0.807617 0.11443 0.0234375 0.0431985
1 0.197021 0.932445 0.0268555 0.0431985
1 0.440674 0.88557 0.0288086 0.046875
0 0.856201 0.866728 0.0249023 0.0459559
1 0.709717 0.473346 0.0229492 0.0386029
1 0.724609 0.634191 0.0214844 0.0386029
1 0.196045 0.53171 0.0249023 0.0450368
1 0.96875 0.741268 0.0214844 0.0413603
1 0.804199 0.171875 0.0244141 0.0422794
0 0.559814 0.879596 0.0268555 0.0459559
1 0.813232 0.441636 0.0268555 0.0431985
1 0.503174 0.675551 0.0258789 0.0496324
1 0.800537 0.409926 0.0239258 0.0386029
1 0.829102 0.622702 0.0234375 0.0487132
1 0.0944824 0.352482 0.027832 0.0487132
0 0.299805 0.667279 0.0253906 0.0477941
1 0.784424 0.59421 0.0288086 0.046875
1 0.669189 0.392923 0.0219727 0.0431985
1 0.824951 0.954963 0.027832 0.0459559
0 0.322754 0.63511 0.0224609 0.0422794
1 0.922607 0.847886 0.0249023 0.0413603
1 0.334961 0.188879 0.0263672 0.0487132
1 0.925049 0.564338 0.0249023 0.0441176
1 0.876465 0.717831 0.0263672 0.0459559
1 0.570801 0.389246 0.0234375 0.0413603
1 0.202881 0.851103 0.0258789 0.0441176
1 0.248291 0.0229779 0.0239258 0.0404412
1 0.03125 0.410386 0.0253906 0.0450368
1 0.148682 0.233915 0.0268555 0.0450368
1 0.213867 0.0790441 0.0253906 0.0514706
0 0.564941 0.606158 0.0263672 0.0487132
1 0.145752 0.585478 0.0219727 0.0459559
1 0.171875 0.0183824 0.0302734 0.0367647
1 0.0913086 0.0326287 0.0332031 0.0542279
1 0.61084 0.248162 0.0205078 0.0404412
1 0.391846 0.875919 0.0249023 0.0514706
1 0.0180664 0.449908 0.0244141 0.0487132
1 0.149414 0.297794 0.0273438 0.0459559
1 0.226807 0.777114 0.0258789 0.0450368
1 0.981201 0.734835 0.019043 0.0395221
1 0.989502 0.175551 0.0209961 0.0477941
1 0.16333 0.772059 0.0258789 0.0477941
1 0.580566 0.248162 0.0234375 0.0422794
1 0.598145 0.230699 0.0205078 0.0422794
1 0.180176 0.835478 0.0253906 0.0441176
1 0.126709 0.825827 0.0258789 0.046875
1 0.0930176 0.814798 0.0268555 0.0505515
1 0.526611 0.269301 0.0249023 0.0496324
1 0.597168 0.299173 0.0244141 0.0431985
1 0.132812 0.615809 0.0234375 0.0441176
1 0.691406 0.38511 0.0253906 0.0459559
1 0.805664 0.211397 0.0244141 0.0422794
1 0.104492 0.527114 0.0253906 0.046875
1 0.810791 0.300551 0.0268555 0.0441176
1 0.0922852 0.599265 0.0244141 0.0477941
1 0.502686 0.176011 0.0249023 0.0487132
1 0.237549 0.346048 0.0288086 0.0542279
1 0.314941 0.248162 0.0263672 0.0459559
1 0.783936 0.27114 0.0268555 0.0477941
1 0.984375 0.922794 0.0263672 0.0514706
1 0.205811 0.313879 0.0258789 0.0487132
1 0.419434 0.952206 0.0263672 0.0496324
