1 0.097168 0.580423 0.0244141 0.0762868
1 0.806396 0.988511 0.0297852 0.0229779
0 0.207764 0.0772059 0.0258789 0.0514706
1 0.85791 0.252757 0.0234375 0.0386029
1 0.835205 0.863051 0.019043 0.0386029
1 0.876465 0.723346 0.0263672 0.0422794
1 0.533203 0.323989 0.0214844 0.0431985
0 0.566406 0.598805 0.0292969 0.0523897
0 0.876465 0.724724 0.0283203 0.046875
0 0.914062 0.982077 0.0283203 0.0340074
1 0.23584 0.719669 0.0224609 0.0367647
1 0.590332 0.283548 0.0224609 0.0358456
1 0.917236 0.493107 0.027832 0.046875
1 0.787598 0.592831 0.0263672 0.0477941
1 0.566895 0.600184 0.0273438 0.0477941
1 0.553955 0.886949 0.0258789 0.0422794
1 0.828857 0.622243 0.0219727 0.0459559
1 0.826416 0.797794 0.0249023 0.0496324
1 0.207275 0.078125 0.0249023 0.0477941
1 0.77417 0.719669 0.0239258 0.0459559
1 0.5896 0.256893 0.0219727 0.0340074
1 0.172852 0.0202206 0.0292969 0.0404412
1 0.69043 0.386489 0.0273438 0.046875
1 0.93042 0.5625 0.0268555 0.0459559
1 0.132324 0.605239 0.0205078 0.0413603
1 0.880371 0.825827 0.0234375 0.046875
1 0.0192871 0.196232 0.0249023 0.0505515
1 0.755615 0.788603 0.0249023 0.0441176
1 0.142334 0.590533 0.0200195 0.0431985
1 0.257568 0.84375 0.0249023 0.0441176
1 0.0915527 0.0298713 0.0336914 0.046875
1 0.399902 0.215533 0.0253906 0.0487132
1 0.196533 0.949449 0.027832 0.0496324
1 0.838379 0.124081 0.0234375 0.0459559
1 0.897705 0.107077 0.0219727 0.0431985
1 0.0148926 0.982077 0.0268555 0.0358456
1 0.531982 0.0634191 0.0249023 0.0441176
1 0.759766 0.926471 0.0292969 0.0514706
1 0.571289 0.102941 0.0234375 0.0459559
1 0.233398 0.757812 0.0214844 0.0413603
1 0.825928 0.955882 0.0297852 0.0496324
1 0.988281 0.175092 0.0234375 0.0487132
1 0.740967 0.152574 0.0209961 0.0386029
1 0.85791 0.862592 0.0234375 0.046875
1 0.730713 0.118107 0.0219727 0.0431985
1 0.859375 0.0840993 0.0214844 0.0431985
1 0.98291 0.914522 0.0283203 0.0514706
1 0.439697 0.88511 0.0258789 0.0441176
1 0.0852051 0.237132 0.0297852 0.0533088
1 0.80957 0.119026 0.0234375 0.0450368
1 0.524658 0.268382 0.0249023 0.0477941
1 0.928711 0.859835 0.0234375 0.046875
1 0.883545 0.0877757 0.0200195 0.0431985
1 0.117676 0.817555 0.0224609 0.0450368
1 0.391602 0.873621 0.0224609 0.0487132
1 0.371582 0.539522 0.0263672 0.0459559
1 0.098877 0.526195 0.027832 0.0487132
1 0.0974121 0.814798 0.0258789 0.0450368
1 0.197021 0.529412 0.0239258 0.0441176
1 0.508057 0.186581 0.0249023 0.0459559
1 0.186768 0.484835 0.0219727 0.0450368
1 0.164307 0.77068 0.0268555 0.0505515
1 0.811768 0.300551 0.0249023 0.0441176
1 0.414307 0.457721 0.0249023 0.0441176
1 0.0947266 0.599265 0.0234375 0.0441176
1 0.785645 0.272059 0.0234375 0.0477941
1 0.163086 0.483456 0.0234375 0.0441176
1 0.378174 0.367647 0.0249023 0.0441176
1 0.41626 0.940257 0.0258789 0.0496324
1 0.409912 0.340074 0.0249023 0.0441176
1 0.311279 0.245864 0.0268555 0.0505515
1 0.148193 0.235294 0.0229492 0.0404412
1 0.0991211 0.36443 0.0263672 0.0450368
1 0.23877 0.34421 0.0283203 0.0505515
1 0.205322 0.314798 0.0239258 0.046875
1 0.155273 0.268842 0.0224609 0.0413603
1 0.404541 0.539062 0.0239258 0.0450368
