1 0.140137 0.602022 0.0234375 0.0496324
1 0.611572 0.0128676 0.0249023 0.0257353
0 0.587646 0.36489 0.0219727 0.0367647
1 0.681152 0.102022 0.0234375 0.0404412
0 0.775879 0.713695 0.0234375 0.0450368
1 0.477051 0.667279 0.0205078 0.0386029
0 0.834473 0.863511 0.0185547 0.0395221
0 0.678467 0.0602022 0.0209961 0.0413603
1 0.587646 0.36489 0.0209961 0.0330882
0 0.440186 0.884651 0.0268555 0.046875
0 0.680908 0.105239 0.0229492 0.0395221
0 0.85791 0.863051 0.0234375 0.0459559
0 0.91626 0.493107 0.0249023 0.0450368
1 0.857666 0.863051 0.0249023 0.0459559
1 0.740967 0.163143 0.0229492 0.0413603
1 0.879883 0.824449 0.0234375 0.0441176
1 0.731934 0.115809 0.0224609 0.0422794
1 0.828857 0.622243 0.0219727 0.0459559
1 0.917236 0.494485 0.027832 0.0477941
0 0.877441 0.721967 0.0263672 0.0450368
1 0.806885 0.186581 0.0219727 0.0386029
0 0.880371 0.824908 0.0234375 0.046875
1 0.381592 0.786765 0.0209961 0.0404412
0 0.912354 0.982996 0.0297852 0.0340074
1 0.576172 0.391085 0.0214844 0.0340074
0 0.827393 0.803309 0.0268555 0.0514706
1 0.857178 0.253217 0.0249023 0.0431985
0 0.557129 0.884651 0.0263672 0.0431985
1 0.439453 0.88511 0.0273438 0.0459559
0 0.786865 0.59375 0.027832 0.0459559
1 0.556641 0.882353 0.0263672 0.0441176
1 0.754639 0.924632 0.0288086 0.0514706
1 0.534668 0.330423 0.0244141 0.0487132
0 0.755615 0.924173 0.0297852 0.0487132
1 0.256836 0.84375 0.0253906 0.0441176
0 0.828125 0.622702 0.0253906 0.0505515
1 0.678955 0.0611213 0.0229492 0.0395221
1 0.406982 0.537684 0.0229492 0.0386029
1 0.30127 0.665901 0.0224609 0.0413603
0 0.825684 0.955423 0.0283203 0.0487132
1 0.929688 0.563419 0.0253906 0.0441176
0 0.755615 0.789062 0.0249023 0.0431985
1 0.0185547 0.196232 0.0253906 0.0505515
1 0.838379 0.12454 0.0234375 0.0431985
1 0.389893 0.664522 0.0219727 0.0422794
1 0.88208 0.0863971 0.0200195 0.0422794
1 0.237549 0.713235 0.0229492 0.0477941
1 0.524658 0.0675551 0.0239258 0.0431985
1 0.0788574 0.237592 0.0268555 0.0487132
1 0.315918 0.648897 0.0205078 0.0386029
1 0.69043 0.384191 0.0273438 0.0477941
1 0.926514 0.856158 0.0249023 0.046875
0 0.565918 0.601562 0.0263672 0.046875
1 0.0905762 0.0317096 0.0336914 0.0487132
1 0.402344 0.211397 0.0224609 0.0459559
1 0.0314941 0.410846 0.0209961 0.0386029
1 0.0146484 0.982077 0.0253906 0.0358456
1 0.858643 0.0840993 0.0200195 0.0431985
1 0.172119 0.0193015 0.0288086 0.0386029
1 0.37085 0.539522 0.0249023 0.0459559
1 0.197021 0.944393 0.027832 0.0487132
1 0.524902 0.268382 0.0244141 0.0459559
1 0.209717 0.0795037 0.0258789 0.0487132
1 0.145508 0.587776 0.0195312 0.0431985
1 0.09375 0.601562 0.0234375 0.0450368
1 0.571533 0.103401 0.0239258 0.0431985
1 0.391602 0.87454 0.0234375 0.0487132
1 0.414062 0.457721 0.0244141 0.0441176
1 0.785645 0.272059 0.0234375 0.0459559
1 0.809326 0.117647 0.0219727 0.0422794
1 0.988281 0.174632 0.0214844 0.0496324
1 0.101074 0.524357 0.0244141 0.046875
1 0.897705 0.105699 0.0219727 0.0441176
1 0.594727 0.295956 0.0234375 0.0386029
1 0.812012 0.30193 0.0244141 0.0413603
1 0.318115 0.160846 0.0209961 0.0477941
1 0.0969238 0.360294 0.0258789 0.0477941
1 0.378418 0.689798 0.0214844 0.0431985
1 0.0249023 0.4375 0.0224609 0.0404412
1 0.196533 0.530331 0.0229492 0.0422794
1 0.410156 0.340074 0.0253906 0.0441176
1 0.120361 0.822151 0.0249023 0.046875
1 0.153564 0.28079 0.0249023 0.0395221
1 0.506592 0.181066 0.0258789 0.0459559
1 0.37793 0.368107 0.0244141 0.0431985
1 0.805176 0.210018 0.0224609 0.0395221
1 0.418701 0.943474 0.0258789 0.0505515
1 0.13208 0.608915 0.0209961 0.0413603
1 0.187256 0.482996 0.0239258 0.0450368
1 0.98291 0.917739 0.0283203 0.0542279
1 0.159912 0.487592 0.0229492 0.0395221
1 0.0947266 0.814338 0.0273438 0.0514706
1 0.147949 0.235294 0.0244141 0.0422794
1 0.335205 0.183364 0.0219727 0.046875
1 0.164062 0.77114 0.0263672 0.0459559
1 0.583984 0.250919 0.0234375 0.0422794
1 0.23877 0.345129 0.0273438 0.0505515
1 0.312744 0.247243 0.0249023 0.0441176
1 0.205322 0.314338 0.0239258 0.0477941
1 0.229004 0.763787 0.0244141 0.0459559
