1 0.401611 0.349265 0.0395508 0.0477941
1 0.139648 0.603401 0.0234375 0.0487132
0 0.689453 0.386949 0.0292969 0.0459559
1 0.611328 0.0128676 0.0253906 0.0257353
0 0.587891 0.363971 0.0234375 0.0367647
0 0.834473 0.862592 0.0185547 0.0376838
0 0.68042 0.106158 0.0219727 0.0395221
1 0.587646 0.36489 0.0219727 0.0349265
0 0.678467 0.0592831 0.0209961 0.0413603
0 0.91626 0.493107 0.0249023 0.0450368
1 0.475586 0.667739 0.0195312 0.0413603
0 0.775879 0.712316 0.0234375 0.0459559
1 0.879639 0.824449 0.0249023 0.0459559
0 0.825928 0.805147 0.0249023 0.0514706
1 0.740723 0.164062 0.0234375 0.0431985
1 0.731689 0.115349 0.0229492 0.0413603
0 0.786621 0.59421 0.0283203 0.046875
1 0.825928 0.955882 0.0297852 0.0496324
0 0.877441 0.721507 0.0263672 0.0459559
0 0.857666 0.863051 0.0249023 0.0459559
0 0.912354 0.982537 0.0297852 0.0349265
1 0.557129 0.881434 0.0273438 0.0441176
1 0.0185547 0.195772 0.0273438 0.0533088
0 0.828125 0.622702 0.0234375 0.0505515
1 0.492676 0.670496 0.0205078 0.0413603
1 0.381592 0.786765 0.0209961 0.0404412
1 0.917236 0.494485 0.027832 0.0477941
0 0.880371 0.824908 0.0234375 0.0487132
0 0.754639 0.923713 0.0297852 0.0496324
1 0.439453 0.886029 0.0273438 0.0459559
1 0.856201 0.252757 0.0249023 0.0441176
1 0.807129 0.186121 0.0234375 0.0395221
1 0.828857 0.622702 0.0219727 0.046875
0 0.557129 0.884191 0.0263672 0.0441176
1 0.407715 0.537684 0.0224609 0.0386029
1 0.575928 0.391085 0.0209961 0.0340074
1 0.534668 0.330882 0.0244141 0.0477941
1 0.678955 0.0606618 0.0229492 0.0404412
0 0.825684 0.954963 0.0283203 0.0496324
1 0.0910645 0.0307904 0.0327148 0.0505515
1 0.256836 0.84375 0.0253906 0.0441176
0 0.565918 0.602022 0.0263672 0.0459559
1 0.301025 0.66636 0.0219727 0.0422794
1 0.237305 0.713235 0.0234375 0.0477941
1 0.929688 0.563879 0.0253906 0.0450368
0 0.755615 0.789062 0.0249023 0.0431985
1 0.838379 0.12454 0.0234375 0.0431985
1 0.88208 0.0863971 0.0200195 0.0422794
1 0.403076 0.209559 0.0229492 0.0477941
1 0.69043 0.38511 0.0273438 0.0477941
1 0.754395 0.923713 0.0283203 0.0533088
1 0.197021 0.943474 0.027832 0.046875
1 0.52417 0.0675551 0.0239258 0.0450368
1 0.316406 0.647518 0.0205078 0.0395221
1 0.926514 0.855239 0.0268555 0.046875
1 0.0148926 0.981158 0.0258789 0.0376838
1 0.414062 0.457261 0.0244141 0.0450368
1 0.389404 0.663143 0.0219727 0.0431985
1 0.172119 0.0193015 0.0288086 0.0386029
1 0.209961 0.0795037 0.0263672 0.0487132
1 0.03125 0.410386 0.0214844 0.0395221
1 0.571777 0.102941 0.0244141 0.0441176
1 0.858643 0.0840993 0.0200195 0.0431985
1 0.0783691 0.238051 0.0268555 0.0496324
1 0.0969238 0.359375 0.0249023 0.0459559
1 0.371094 0.539062 0.0253906 0.046875
1 0.524902 0.268382 0.0244141 0.0477941
1 0.0935059 0.601103 0.0219727 0.0422794
1 0.391602 0.87454 0.0234375 0.0487132
1 0.145752 0.586857 0.0200195 0.0431985
1 0.378174 0.690257 0.0219727 0.0441176
1 0.595215 0.296415 0.0234375 0.0395221
1 0.317871 0.158088 0.0224609 0.0477941
1 0.812012 0.301471 0.0244141 0.0422794
1 0.809326 0.118107 0.0219727 0.0431985
1 0.988281 0.174632 0.0234375 0.0496324
1 0.897705 0.106158 0.0219727 0.0450368
1 0.101318 0.523897 0.0249023 0.0477941
1 0.196777 0.530331 0.0224609 0.0422794
1 0.0244141 0.4375 0.0234375 0.0404412
1 0.410156 0.339614 0.0253906 0.0450368
1 0.785645 0.271599 0.0234375 0.0450368
1 0.506104 0.180147 0.0249023 0.0459559
1 0.121338 0.822151 0.0258789 0.046875
1 0.377686 0.368107 0.0249023 0.0431985
1 0.418701 0.943474 0.0258789 0.0487132
1 0.132324 0.608915 0.0214844 0.0413603
1 0.147949 0.235294 0.0244141 0.0422794
1 0.805664 0.210478 0.0234375 0.0404412
1 0.1875 0.482996 0.0244141 0.0450368
1 0.98291 0.918658 0.0283203 0.0560662
1 0.583496 0.249081 0.0234375 0.0422794
1 0.164062 0.77068 0.0263672 0.046875
1 0.153076 0.282169 0.0249023 0.0422794
1 0.159668 0.487592 0.0224609 0.0395221
1 0.0944824 0.814338 0.027832 0.0514706
1 0.335449 0.183364 0.0224609 0.046875
1 0.23877 0.345588 0.0273438 0.0496324
1 0.313232 0.247243 0.0249023 0.0441176
1 0.205322 0.314338 0.0239258 0.0477941
1 0.229004 0.764706 0.0244141 0.0459559
