1 0.807861 0.988051 0.027832 0.0238971
1 0.195557 0.845588 0.0473633 0.0441176
0 0.677979 0.0588235 0.0219727 0.0386029
0 0.835205 0.127757 0.0249023 0.0386029
1 0.912598 0.498621 0.0234375 0.0450368
1 0.856934 0.866268 0.0234375 0.046875
1 0.730957 0.10432 0.0273438 0.0487132
0 0.780518 0.693474 0.0239258 0.0450368
1 0.00561523 0.332261 0.0112305 0.0450368
1 0.504395 0.679228 0.0263672 0.0496324
1 0.737549 0.176011 0.0229492 0.046875
1 0.747314 0.921415 0.0239258 0.0431985
1 0.989746 0.819853 0.0185547 0.0404412
1 0.564453 0.606158 0.0283203 0.0505515
1 0.711426 0.650735 0.0244141 0.0404412
1 0.806152 0.113511 0.0234375 0.0413603
1 0.886719 0.235754 0.0253906 0.0431985
0 0.377686 0.369485 0.0249023 0.0441176
0 0.833496 0.863511 0.0205078 0.0395221
1 0.377686 0.369485 0.0258789 0.0441176
0 0.737793 0.176011 0.0244141 0.0450368
0 0.746826 0.922794 0.0249023 0.0422794
1 0.409912 0.341452 0.027832 0.046875
1 0.780518 0.693015 0.0239258 0.0459559
1 0.3125 0.134651 0.0273438 0.046875
0 0.803711 0.172335 0.0234375 0.0450368
1 0.83667 0.125 0.0249023 0.0441176
0 0.0759277 0.244485 0.0317383 0.0533088
0 0.236328 0.710938 0.0253906 0.0431985
0 0.688721 0.72932 0.0209961 0.046875
0 0.311523 0.133272 0.0292969 0.0459559
1 0.076416 0.244485 0.0307617 0.0514706
0 0.711914 0.649357 0.0234375 0.0376838
0 0.31543 0.884651 0.0253906 0.0450368
1 0.879883 0.824449 0.0234375 0.0459559
0 0.880371 0.823529 0.0234375 0.0477941
0 0.755615 0.789062 0.0249023 0.0431985
1 0.394287 0.131893 0.0209961 0.0376838
1 0.651123 0.396599 0.0229492 0.0413603
0 0.258301 0.846507 0.0253906 0.0459559
1 0.521484 0.0689338 0.0234375 0.0422794
0 0.409424 0.340993 0.0268555 0.0459559
1 0.570801 0.105239 0.0234375 0.0431985
0 0.828125 0.819853 0.0234375 0.0404412
0 0.805908 0.113051 0.0239258 0.0441176
0 0.48291 0.132812 0.0224609 0.0413603
1 0.259521 0.846967 0.027832 0.0450368
1 0.380859 0.787224 0.0253906 0.046875
1 0.371826 0.539062 0.0268555 0.0487132
1 0.678223 0.0597426 0.0234375 0.0404412
0 0.608643 0.0151654 0.0239258 0.0303309
0 0.269287 0.984375 0.0268555 0.03125
0 0.521484 0.0684743 0.0253906 0.0431985
0 0.72998 0.104779 0.0244141 0.0459559
1 0.440918 0.884651 0.0273438 0.046875
1 0.402832 0.159926 0.0205078 0.0422794
1 0.724609 0.634651 0.0214844 0.0413603
1 0.589111 0.363971 0.0239258 0.0441176
0 0.559814 0.877757 0.0268555 0.0459559
1 0.0141602 0.201287 0.0263672 0.0588235
1 0.196045 0.53171 0.0249023 0.0450368
1 0.679688 0.128217 0.0263672 0.0450368
0 0.39209 0.657169 0.0244141 0.0459559
0 0.536377 0.492188 0.0249023 0.0431985
1 0.406982 0.203585 0.0268555 0.0487132
1 0.851562 0.261029 0.0253906 0.0422794
1 0.696777 0.448989 0.0234375 0.0431985
1 0.53418 0.336857 0.0234375 0.0450368
1 0.992188 0.759651 0.015625 0.0395221
1 0.803467 0.171875 0.0229492 0.0422794
0 0.464844 0.112592 0.0205078 0.0413603
0 0.856201 0.866728 0.0249023 0.0441176
0 0.368408 0.692096 0.0249023 0.0459559
0 0.466797 0.671415 0.0253906 0.0487132
1 0.334473 0.191176 0.0263672 0.0477941
1 0.921875 0.846048 0.0234375 0.0395221
1 0.0942383 0.352022 0.0283203 0.0477941
1 0.197021 0.931985 0.0268555 0.0441176
1 0.824951 0.954963 0.027832 0.0441176
1 0.482422 0.130974 0.0214844 0.0431985
1 0.828857 0.623621 0.0219727 0.046875
0 0.879883 0.0831801 0.0234375 0.0395221
0 0.504639 0.679228 0.0268555 0.0496324
1 0.799072 0.409467 0.0219727 0.0376838
1 0.0146484 0.980699 0.0244141 0.0386029
0 0.672363 0.714154 0.0224609 0.0422794
1 0.246582 0.0225184 0.0263672 0.0431985
1 0.710938 0.472426 0.0244141 0.0404412
0 0.534668 0.463695 0.0244141 0.0395221
1 0.15625 0.500919 0.0234375 0.0477941
1 0.967041 0.744026 0.0219727 0.0431985
0 0.299316 0.668199 0.0263672 0.0477941
1 0.813232 0.442096 0.0268555 0.0422794
1 0.171875 0.0174632 0.0302734 0.0349265
0 0.323486 0.634191 0.0229492 0.0422794
1 0.22583 0.779871 0.0258789 0.0487132
0 0.564453 0.606618 0.0263672 0.0496324
1 0.783936 0.59421 0.027832 0.0450368
1 0.876709 0.717371 0.0249023 0.0450368
1 0.669189 0.392923 0.0219727 0.0413603
1 0.989746 0.176011 0.0205078 0.046875
1 0.1875 0.472886 0.0244141 0.046875
1 0.2146 0.0776654 0.0249023 0.0505515
1 0.923584 0.56204 0.0249023 0.0413603
1 0.203125 0.852941 0.0253906 0.0441176
1 0.61084 0.24954 0.0195312 0.0395221
1 0.570801 0.388787 0.0234375 0.0422794
1 0.598145 0.299632 0.0244141 0.0441176
1 0.57959 0.248621 0.0224609 0.0431985
1 0.392334 0.875919 0.0258789 0.0514706
1 0.0917969 0.0326287 0.0332031 0.0542279
1 0.148438 0.300551 0.0283203 0.0441176
1 0.236816 0.346507 0.0273438 0.0533088
1 0.0180664 0.454504 0.0244141 0.0505515
1 0.149902 0.232996 0.0273438 0.0450368
1 0.597656 0.230699 0.0205078 0.0422794
1 0.126953 0.827206 0.0263672 0.0496324
1 0.145752 0.586397 0.0239258 0.0477941
1 0.16333 0.772518 0.0258789 0.0487132
1 0.803711 0.219669 0.0234375 0.0441176
1 0.0314941 0.409926 0.0258789 0.0441176
1 0.690918 0.384651 0.0244141 0.0450368
1 0.314941 0.248621 0.0263672 0.046875
1 0.502197 0.175551 0.0249023 0.0477941
1 0.178711 0.83364 0.0263672 0.0459559
1 0.810059 0.301011 0.0263672 0.0413603
1 0.0925293 0.813419 0.0268555 0.0496324
1 0.527344 0.269761 0.0244141 0.0487132
1 0.105957 0.530331 0.0253906 0.0459559
1 0.092041 0.600184 0.0249023 0.0496324
1 0.132812 0.619485 0.0244141 0.0459559
1 0.783691 0.27114 0.0263672 0.0459559
1 0.983643 0.926471 0.0268555 0.0514706
1 0.205811 0.313879 0.0268555 0.0487132
1 0.981201 0.734375 0.019043 0.0404412
1 0.418945 0.953585 0.0273438 0.0487132
