0 0.82666 0.954044 0.0263672 0.0514706
0 0.838135 0.764706 0.0249023 0.0477941
0 0.385254 0.261949 0.0273438 0.0459559
0 0.101562 0.0234375 0.0351562 0.046875
1 0.839111 0.764706 0.0268555 0.0459559
0 0.189697 0.54182 0.034668 0.0707721
1 0.38916 0.348805 0.0205078 0.0395221
1 0.438965 0.880055 0.0302734 0.0597426
1 0.957764 0.866268 0.0249023 0.0413603
1 0.109619 0.386949 0.0297852 0.0643382
1 0.378174 0.366268 0.0219727 0.0431985
1 0.308838 0.903033 0.0288086 0.0542279
0 0.525391 0.20864 0.0244141 0.0459559
1 0.570068 0.596048 0.0288086 0.0523897
0 0.923584 0.976562 0.0297852 0.046875
1 0.102051 0.0243566 0.0341797 0.0487132
1 0.384766 0.259191 0.0292969 0.0496324
1 0.923584 0.975643 0.0297852 0.0431985
0 0.858643 0.0836397 0.0249023 0.0496324
1 0.258545 0.847886 0.0288086 0.0523897
0 0.56958 0.597426 0.0317383 0.0551471
0 0.799316 0.594669 0.0283203 0.0533088
1 0.310547 0.240349 0.0292969 0.0579044
0 0.791992 0.924173 0.0234375 0.0487132
0 0.258545 0.846967 0.0297852 0.0523897
0 0.93457 0.882812 0.0234375 0.0395221
1 0.828857 0.625 0.0219727 0.0477941
0 0.872559 0.746324 0.0263672 0.0477941
1 0.801025 0.59421 0.0258789 0.0505515
0 0.308838 0.238511 0.0297852 0.0560662
1 0.872559 0.745404 0.0263672 0.0459559
1 0.953125 0.558364 0.0263672 0.0505515
1 0.987549 0.172794 0.0249023 0.0569853
0 0.439453 0.881434 0.0341797 0.0588235
0 0.202637 0.95818 0.0283203 0.0505515
0 0.164795 0.772518 0.0288086 0.0560662
1 0.416016 0.454963 0.0253906 0.0496324
0 0.828857 0.624081 0.0249023 0.0496324
0 0.0852051 0.23943 0.034668 0.0615809
1 0.203125 0.95818 0.03125 0.0560662
1 0.916504 0.495404 0.0263672 0.0477941
1 0.825684 0.953585 0.0263672 0.0487132
0 0.109131 0.387868 0.0307617 0.0625
0 0.0224609 0.193015 0.0332031 0.0661765
1 0.689941 0.389706 0.03125 0.0661765
1 0.189209 0.54136 0.034668 0.0661765
