1 0.858643 0.0831801 0.0219727 0.0450368
0 0.533691 0.919118 0.0302734 0.0496324
0 0.568359 0.596967 0.0302734 0.0560662
1 0.109375 0.386949 0.0292969 0.0643382
0 0.101318 0.0225184 0.034668 0.0450368
1 0.785645 0.926471 0.0263672 0.0477941
0 0.798584 0.595588 0.027832 0.0496324
0 0.963379 0.867647 0.0283203 0.0477941
1 0.963379 0.872702 0.0234375 0.0450368
1 0.810791 0.119945 0.0219727 0.046875
0 0.189697 0.54136 0.034668 0.0698529
1 0.922607 0.975643 0.0297852 0.0431985
1 0.101562 0.0238971 0.0341797 0.0477941
0 0.811035 0.118107 0.0234375 0.046875
1 0.835205 0.125 0.0219727 0.0441176
0 0.832031 0.769761 0.0292969 0.0560662
0 0.922607 0.976562 0.027832 0.0431985
1 0.310303 0.240349 0.0317383 0.0542279
0 0.826416 0.953585 0.0297852 0.0523897
1 0.569092 0.596507 0.027832 0.0496324
0 0.828857 0.623162 0.0249023 0.0477941
1 0.831299 0.77114 0.0297852 0.0569853
0 0.872559 0.745864 0.0283203 0.0487132
1 0.528076 0.273897 0.0209961 0.0386029
1 0.202637 0.957261 0.0302734 0.0542279
1 0.872559 0.745404 0.0283203 0.0477941
1 0.946045 0.559743 0.0297852 0.0477941
1 0.988281 0.172335 0.0234375 0.0505515
0 0.30957 0.23989 0.03125 0.0551471
1 0.799805 0.595129 0.0273438 0.0487132
1 0.385254 0.253676 0.0283203 0.0477941
1 0.91626 0.495864 0.0249023 0.046875
1 0.529297 0.306526 0.0224609 0.0450368
0 0.202148 0.957261 0.0283203 0.0487132
0 0.439209 0.882353 0.0327148 0.0569853
1 0.828857 0.62454 0.0219727 0.046875
0 0.259033 0.846967 0.027832 0.0505515
0 0.0852051 0.238971 0.034668 0.0625
0 0.934326 0.882812 0.0249023 0.0413603
1 0.415527 0.454963 0.0244141 0.0459559
0 0.164551 0.772518 0.0283203 0.0542279
1 0.377441 0.366728 0.0244141 0.0441176
0 0.108887 0.389246 0.0292969 0.0615809
0 0.0224609 0.193015 0.0332031 0.0680147
1 0.189209 0.54182 0.034668 0.0670956
1 0.39502 0.340533 0.0244141 0.0431985
1 0.689941 0.389246 0.03125 0.0634191
1 0.826416 0.954504 0.0297852 0.0505515
