0 0.755859 0.790441 0.0292969 0.0477941
0 0.928223 0.858915 0.0263672 0.0487132
1 0.805176 0.988051 0.0302734 0.0238971
1 0.613037 0.0124081 0.0258789 0.0248162
0 0.566406 0.597886 0.0292969 0.0505515
1 0.891602 0.100184 0.0234375 0.0459559
1 0.679199 0.0625 0.0205078 0.0349265
1 0.826416 0.800092 0.0249023 0.0505515
0 0.825684 0.955423 0.0283203 0.0487132
1 0.787109 0.59329 0.0253906 0.046875
0 0.876465 0.723346 0.0263672 0.0459559
1 0.85791 0.253676 0.0234375 0.0404412
1 0.917236 0.493107 0.027832 0.046875
0 0.91333 0.982537 0.027832 0.0349265
1 0.682373 0.0914522 0.0209961 0.0358456
1 0.775635 0.71875 0.0249023 0.0441176
1 0.755371 0.789522 0.0244141 0.0422794
1 0.759766 0.92739 0.03125 0.0514706
1 0.566895 0.600184 0.0273438 0.0459559
1 0.879883 0.825827 0.0234375 0.0450368
1 0.828857 0.622243 0.0219727 0.0459559
1 0.554443 0.88511 0.0258789 0.0422794
1 0.85791 0.861673 0.0234375 0.0450368
1 0.825928 0.955882 0.0297852 0.0496324
1 0.93042 0.5625 0.0268555 0.0459559
1 0.928223 0.858915 0.0234375 0.046875
1 0.172363 0.019761 0.0283203 0.0395221
1 0.0195312 0.195772 0.0253906 0.0514706
1 0.0913086 0.0303309 0.0341797 0.0477941
1 0.257568 0.84375 0.0249023 0.0441176
1 0.838379 0.12454 0.0234375 0.0431985
1 0.530518 0.0657169 0.0239258 0.0431985
1 0.740967 0.155331 0.0209961 0.0404412
1 0.13208 0.607537 0.0200195 0.0422794
1 0.690674 0.386029 0.0249023 0.0477941
1 0.0146484 0.982077 0.0253906 0.0358456
1 0.208252 0.0790441 0.0249023 0.0477941
1 0.143555 0.590074 0.0205078 0.0441176
1 0.988281 0.175092 0.0234375 0.0487132
1 0.0852051 0.236673 0.0297852 0.0542279
1 0.236084 0.716452 0.0229492 0.0413603
1 0.858643 0.0840993 0.0200195 0.0431985
1 0.98291 0.915441 0.0283203 0.0551471
1 0.196533 0.947151 0.0268555 0.0487132
1 0.571533 0.102941 0.0229492 0.0441176
1 0.439697 0.88511 0.0258789 0.0441176
1 0.399902 0.213695 0.0244141 0.0487132
1 0.524658 0.268382 0.0249023 0.0477941
1 0.0996094 0.525735 0.0273438 0.0477941
1 0.897705 0.106158 0.0200195 0.0431985
1 0.507812 0.185662 0.0244141 0.0441176
1 0.810303 0.119026 0.0219727 0.0431985
1 0.883545 0.0873162 0.0200195 0.0422794
1 0.588379 0.256434 0.0224609 0.0349265
1 0.39209 0.873621 0.0224609 0.0487132
1 0.730713 0.116728 0.0209961 0.0422794
1 0.371338 0.539982 0.0258789 0.0450368
1 0.196777 0.529412 0.0234375 0.0441176
1 0.591064 0.287224 0.0229492 0.0395221
1 0.232666 0.758732 0.0229492 0.0431985
1 0.118408 0.819853 0.0229492 0.0459559
1 0.187012 0.484375 0.0224609 0.0459559
1 0.811768 0.301011 0.0249023 0.0431985
1 0.161621 0.484375 0.0244141 0.0459559
1 0.0942383 0.600184 0.0234375 0.0441176
1 0.786133 0.272059 0.0234375 0.0459559
1 0.414551 0.457721 0.0244141 0.0441176
1 0.37793 0.368107 0.0253906 0.0431985
1 0.417236 0.942096 0.0258789 0.0496324
1 0.409912 0.340074 0.0249023 0.0441176
1 0.164307 0.77068 0.0268555 0.0505515
1 0.147949 0.235754 0.0244141 0.0413603
1 0.311279 0.245864 0.0268555 0.0487132
1 0.0966797 0.814798 0.0263672 0.0487132
1 0.098877 0.363971 0.0268555 0.0459559
1 0.23877 0.34421 0.0283203 0.0505515
1 0.154297 0.272059 0.0244141 0.0441176
1 0.205078 0.314798 0.0244141 0.046875
1 0.405029 0.538603 0.0239258 0.0441176
