1 0.806885 0.988051 0.0297852 0.0238971
1 0.871094 0.116728 0.0185547 0.0386029
1 0.492188 0.669577 0.0205078 0.0395221
0 0.834473 0.863051 0.0185547 0.0386029
1 0.611572 0.0124081 0.0249023 0.0248162
1 0.476074 0.667279 0.0195312 0.0404412
0 0.678467 0.0597426 0.0209961 0.0404412
0 0.91626 0.494026 0.0249023 0.0450368
0 0.587891 0.36443 0.0214844 0.0340074
0 0.731934 0.116268 0.0234375 0.0431985
0 0.68042 0.105239 0.0219727 0.0395221
0 0.775879 0.713235 0.0234375 0.0459559
0 0.827393 0.804228 0.0268555 0.0514706
1 0.731689 0.115349 0.0229492 0.0413603
0 0.880371 0.824908 0.0234375 0.0487132
0 0.877197 0.721507 0.0249023 0.0441176
1 0.824951 0.955882 0.0297852 0.0496324
1 0.381592 0.786765 0.0219727 0.0404412
1 0.741211 0.163603 0.0234375 0.0422794
1 0.879883 0.824449 0.0234375 0.0441176
0 0.912354 0.982996 0.0297852 0.0340074
1 0.857666 0.863051 0.0249023 0.0459559
0 0.786621 0.59421 0.0283203 0.046875
0 0.755127 0.924173 0.0297852 0.0505515
1 0.806885 0.186581 0.0219727 0.0386029
1 0.856445 0.252298 0.0234375 0.0431985
0 0.828125 0.622702 0.0234375 0.0505515
0 0.557129 0.884191 0.0273438 0.0441176
1 0.576172 0.391085 0.0214844 0.0340074
1 0.916992 0.493107 0.0234375 0.046875
1 0.407471 0.538143 0.0229492 0.0395221
1 0.557129 0.882353 0.0273438 0.0441176
1 0.828857 0.622702 0.0219727 0.046875
1 0.439453 0.88511 0.0273438 0.0459559
0 0.825684 0.955882 0.0283203 0.0496324
1 0.0185547 0.196232 0.0253906 0.0505515
1 0.534912 0.330882 0.0249023 0.0496324
1 0.678955 0.0606618 0.0229492 0.0404412
0 0.755615 0.789522 0.0249023 0.0422794
1 0.30127 0.665901 0.0224609 0.0413603
1 0.257324 0.84421 0.0253906 0.0450368
1 0.0908203 0.0317096 0.0332031 0.0487132
1 0.237549 0.714154 0.0239258 0.0441176
1 0.402832 0.210018 0.0224609 0.046875
1 0.389648 0.664062 0.0224609 0.0431985
1 0.838379 0.12454 0.0234375 0.0431985
1 0.88208 0.0863971 0.0200195 0.0422794
1 0.316162 0.647978 0.0200195 0.0386029
1 0.929688 0.563419 0.0253906 0.0441176
1 0.69043 0.384191 0.0273438 0.0477941
0 0.565918 0.601562 0.0263672 0.046875
1 0.414062 0.457261 0.0244141 0.0450368
1 0.754639 0.924173 0.0288086 0.0523897
1 0.196289 0.943474 0.0292969 0.0487132
1 0.52417 0.0680147 0.0239258 0.0441176
1 0.371094 0.539062 0.0253906 0.046875
1 0.210205 0.0795037 0.0258789 0.0487132
1 0.378174 0.690257 0.0219727 0.0441176
1 0.0935059 0.600643 0.0219727 0.0431985
1 0.571777 0.103401 0.0244141 0.0431985
1 0.0146484 0.981618 0.0253906 0.0367647
1 0.172119 0.0188419 0.0288086 0.0376838
1 0.0786133 0.237592 0.0263672 0.0487132
1 0.927246 0.856158 0.0263672 0.046875
1 0.858643 0.0836397 0.0200195 0.0422794
1 0.145508 0.587316 0.0195312 0.0422794
1 0.524902 0.267923 0.0244141 0.046875
1 0.391357 0.87454 0.0229492 0.0487132
1 0.318359 0.159467 0.0214844 0.0487132
1 0.809326 0.118107 0.0219727 0.0431985
1 0.03125 0.410846 0.0214844 0.0386029
1 0.101318 0.523897 0.0249023 0.0477941
1 0.097168 0.359375 0.0253906 0.0459559
1 0.812012 0.301471 0.0244141 0.0422794
1 0.989014 0.174632 0.0219727 0.0496324
1 0.594727 0.296415 0.0234375 0.0395221
1 0.897705 0.106158 0.0219727 0.0450368
1 0.410156 0.339614 0.0253906 0.0450368
1 0.0244141 0.4375 0.0224609 0.0404412
1 0.785645 0.272059 0.0234375 0.0459559
1 0.196777 0.530331 0.0224609 0.0422794
1 0.120605 0.822151 0.0253906 0.046875
1 0.377686 0.368107 0.0249023 0.0431985
1 0.132324 0.608915 0.0214844 0.0413603
1 0.153076 0.28171 0.0249023 0.0413603
1 0.418701 0.943474 0.0258789 0.0505515
1 0.506592 0.180607 0.0258789 0.046875
1 0.1875 0.482996 0.0244141 0.0450368
1 0.805664 0.209559 0.0234375 0.0404412
1 0.159912 0.487592 0.0219727 0.0395221
1 0.335449 0.183364 0.0224609 0.046875
1 0.164062 0.771599 0.0263672 0.046875
1 0.98291 0.918658 0.0283203 0.0542279
1 0.147949 0.235294 0.0253906 0.0422794
1 0.0949707 0.814338 0.027832 0.0514706
1 0.583984 0.25 0.0234375 0.0422794
1 0.239014 0.345588 0.027832 0.0514706
1 0.205322 0.314338 0.0239258 0.0477941
1 0.312988 0.246783 0.0253906 0.0450368
1 0.229004 0.763787 0.0244141 0.0459559
