1 0.695312 0.483456 0.0175781 0.0330882
1 0.124268 0.476103 0.0219727 0.0441176
1 0.762939 0.0698529 0.0219727 0.0477941
0 0.362305 0.688419 0.0273438 0.0496324
1 0.835205 0.985754 0.027832 0.0284926
1 0.450684 0.508272 0.0195312 0.0386029
0 0.510498 0.0174632 0.0200195 0.0349265
1 0.878906 0.0795037 0.0214844 0.0395221
1 0.853027 0.078125 0.0205078 0.0422794
1 0.393066 0.657169 0.0244141 0.0459559
1 0.076416 0.247702 0.0288086 0.0523897
1 0.0341797 0.900735 0.0292969 0.0625
1 0.116211 0.161765 0.0224609 0.0441176
1 0.46875 0.116268 0.0332031 0.0487132
1 0.561279 0.610754 0.0229492 0.0450368
1 0.362793 0.68704 0.0273438 0.0505515
0 0.619141 0.984375 0.0292969 0.03125
0 0.828857 0.824908 0.0219727 0.0450368
1 0.834473 0.866728 0.0185547 0.0386029
0 0.464111 0.671415 0.0268555 0.046875
1 0.659912 0.0133272 0.0209961 0.0266544
1 0.0639648 0.80239 0.0253906 0.0422794
1 0.631592 0.880974 0.0209961 0.0376838
0 0.878906 0.0813419 0.0234375 0.0413603
1 0.984375 0.765625 0.0205078 0.0367647
0 0.197266 0.532169 0.0244141 0.0459559
1 0.0869141 0.599265 0.0244141 0.0477941
1 0.463135 0.671875 0.0249023 0.0459559
1 0.733154 0.184283 0.0219727 0.0431985
1 0.188721 0.378217 0.0229492 0.0413603
1 0.381836 0.787684 0.0224609 0.0422794
1 0.989014 0.819853 0.019043 0.0422794
0 0.0871582 0.600184 0.0249023 0.0496324
1 0.259521 0.846048 0.0288086 0.0487132
1 0.127686 0.139246 0.0229492 0.0395221
1 0.538086 0.50046 0.0234375 0.0431985
1 0.531982 0.461397 0.0249023 0.0441176
1 0.979004 0.440717 0.0234375 0.0413603
1 0.840576 0.683364 0.0219727 0.0395221
0 0.352783 0.80193 0.0219727 0.046875
1 0.175537 0.829044 0.0258789 0.0441176
0 0.325195 0.630055 0.0253906 0.0450368
0 0.092041 0.0358456 0.0336914 0.0514706
1 0.0183105 0.462776 0.0268555 0.0523897
1 0.125488 0.492647 0.0234375 0.0533088
1 0.170898 0.0160846 0.0273438 0.0321691
1 0.646484 0.389706 0.0253906 0.0441176
1 0.092041 0.0349265 0.0317383 0.0533088
1 0.706543 0.653952 0.0234375 0.0431985
1 0.232178 0.347426 0.0219727 0.0477941
1 0.510986 0.680607 0.027832 0.046875
0 0.0759277 0.248621 0.0288086 0.0487132
1 0.672852 0.711397 0.0234375 0.0459559
1 0.0930176 0.811581 0.0268555 0.0496324
1 0.606689 0.0160846 0.0258789 0.0321691
1 0.197266 0.533088 0.0253906 0.0441176
1 0.0944824 0.350184 0.027832 0.0459559
1 0.157959 0.49954 0.0219727 0.0450368
1 0.667969 0.392923 0.0224609 0.0450368
1 0.37793 0.371324 0.0253906 0.0477941
1 0.727051 0.636029 0.0224609 0.0441176
1 0.693115 0.383732 0.0249023 0.046875
1 0.742188 0.914982 0.0244141 0.046875
1 0.712891 0.476103 0.0253906 0.0441176
1 0.730957 0.100184 0.0234375 0.0459559
1 0.372559 0.535846 0.0283203 0.0496324
1 0.828125 0.824449 0.0214844 0.0459559
1 0.780518 0.6875 0.0268555 0.0477941
0 0.0124512 0.205423 0.0229492 0.0523897
1 0.457031 0.498162 0.0234375 0.0404412
1 0.761963 0.884191 0.0219727 0.0367647
1 0.910889 0.503217 0.0249023 0.0431985
1 0.960205 0.215993 0.0219727 0.0349265
1 0.195068 0.926471 0.0249023 0.0441176
1 0.885986 0.236673 0.0297852 0.0450368
1 0.437744 0.882812 0.0258789 0.0487132
1 0.854004 0.680607 0.0205078 0.0376838
1 0.145752 0.588235 0.0258789 0.0459559
0 0.27002 0.984375 0.0283203 0.03125
0 0.235107 0.710478 0.0249023 0.0477941
1 0.990967 0.761029 0.0180664 0.0404412
1 0.589111 0.362132 0.0249023 0.0441176
1 0.520508 0.0693934 0.0234375 0.0431985
0 0.258057 0.846507 0.0258789 0.0422794
1 0.851562 0.262408 0.0263672 0.0413603
1 0.39502 0.871324 0.0273438 0.0533088
1 0.879883 0.824449 0.0234375 0.0459559
1 0.69043 0.446232 0.0234375 0.0450368
0 0.298096 0.671415 0.0288086 0.0487132
1 0.992676 0.547335 0.0146484 0.046875
1 0.80249 0.169118 0.0229492 0.0459559
1 0.152344 0.228401 0.0273438 0.0505515
1 0.612549 0.251838 0.0209961 0.0404412
1 0.187012 0.465074 0.0263672 0.0477941
1 0.128418 0.828585 0.0263672 0.0505515
1 0.0322266 0.410386 0.0253906 0.0450368
1 0.945312 0.318015 0.0234375 0.0422794
1 0.83374 0.126379 0.0249023 0.0431985
1 0.678955 0.13511 0.0268555 0.0459559
1 0.783447 0.59375 0.0258789 0.0441176
1 0.69458 0.738511 0.0200195 0.046875
1 0.766357 0.0859375 0.0209961 0.0395221
1 0.205566 0.855239 0.0283203 0.046875
1 0.777344 0.870404 0.0214844 0.0386029
1 0.877441 0.711397 0.0234375 0.0422794
1 0.410156 0.537684 0.0263672 0.0459559
1 0.855469 0.867647 0.0253906 0.0459559
1 0.360352 0.168199 0.0253906 0.0422794
1 0.761475 0.0491728 0.0219727 0.0395221
0 0.316406 0.880055 0.0253906 0.0487132
1 0.53418 0.338695 0.0234375 0.0450368
1 0.308594 0.128676 0.0273438 0.0514706
1 0.970947 0.196232 0.0219727 0.0376838
1 0.458496 0.108915 0.0244141 0.046875
1 0.164795 0.772518 0.0258789 0.0487132
1 0.755859 0.789062 0.0253906 0.0450368
1 0.0144043 0.980239 0.0249023 0.0395221
1 0.572266 0.104779 0.0234375 0.0404412
1 0.407715 0.34329 0.0263672 0.0450368
1 0.675781 0.058364 0.0244141 0.0413603
1 0.417969 0.960938 0.0283203 0.0487132
1 0.92041 0.841912 0.0263672 0.0459559
1 0.797119 0.40579 0.0229492 0.0413603
1 0.223877 0.788143 0.0268555 0.0450368
1 0.828125 0.624081 0.0253906 0.0514706
1 0.597168 0.22886 0.0205078 0.0422794
1 0.807617 0.297794 0.0234375 0.0422794
1 0.991455 0.176471 0.0170898 0.0441176
1 0.408203 0.204963 0.0263672 0.0477941
1 0.19751 0.365809 0.0229492 0.0386029
1 0.804443 0.231158 0.0239258 0.0450368
1 0.933594 0.330882 0.0205078 0.0404412
1 0.444336 0.471967 0.0234375 0.0431985
1 0.108643 0.529412 0.0258789 0.0477941
1 0.781982 0.273438 0.0258789 0.0450368
1 0.567627 0.386949 0.0239258 0.0422794
1 0.5 0.175092 0.0253906 0.046875
1 0.598145 0.300551 0.0244141 0.0441176
1 0.0397949 0.921875 0.0258789 0.0459559
1 0.146729 0.304228 0.0258789 0.0477941
1 0.395508 0.119485 0.0234375 0.0441176
1 0.814209 0.442555 0.0249023 0.0413603
1 0.219971 0.0758272 0.0258789 0.0487132
1 0.964111 0.752757 0.0249023 0.0422794
1 0.828125 0.953585 0.0263672 0.0450368
1 0.133057 0.625 0.0258789 0.0477941
1 0.414551 0.461857 0.0263672 0.0505515
1 0.803467 0.105239 0.0229492 0.0431985
1 0.362305 0.202665 0.0234375 0.0413603
1 0.577881 0.25 0.0219727 0.0459559
1 0.0305176 0.88511 0.0258789 0.0441176
1 0.916992 0.553309 0.0234375 0.0441176
1 0.332764 0.197151 0.0249023 0.0450368
1 0.483154 0.133272 0.0239258 0.0459559
1 0.316406 0.25 0.0253906 0.0441176
1 0.985107 0.932445 0.0249023 0.0523897
1 0.529297 0.269761 0.0234375 0.046875
1 0.403076 0.159467 0.0229492 0.046875
1 0.207275 0.311581 0.0239258 0.0459559
1 0.981201 0.734375 0.0219727 0.0386029
1 0.242676 0.0257353 0.0263672 0.0459559
