1 0.85791 0.252757 0.0234375 0.0367647
1 0.5896 0.257353 0.0209961 0.0330882
1 0.805664 0.988051 0.03125 0.0238971
1 0.533203 0.324449 0.0214844 0.0441176
1 0.236084 0.721048 0.0219727 0.0340074
0 0.566406 0.598805 0.0292969 0.0523897
1 0.835205 0.863051 0.0200195 0.0386029
1 0.876465 0.723346 0.0263672 0.0441176
0 0.914062 0.982077 0.0283203 0.0340074
0 0.876465 0.724265 0.0283203 0.0477941
1 0.917236 0.493107 0.027832 0.046875
1 0.787109 0.592371 0.0253906 0.046875
1 0.566895 0.600184 0.0273438 0.0477941
1 0.142334 0.590993 0.0200195 0.0422794
1 0.553955 0.886949 0.0258789 0.0422794
1 0.827393 0.797794 0.0249023 0.0496324
1 0.132324 0.604779 0.0205078 0.0404412
1 0.828857 0.622702 0.0219727 0.046875
1 0.773926 0.720588 0.0244141 0.0459559
1 0.207275 0.078125 0.0249023 0.0477941
1 0.399658 0.215533 0.0249023 0.0487132
1 0.257568 0.84375 0.0249023 0.0441176
1 0.690674 0.38557 0.0268555 0.0487132
1 0.172363 0.0202206 0.0273438 0.0404412
1 0.879639 0.825827 0.0249023 0.046875
1 0.0151367 0.982077 0.0273438 0.0358456
1 0.755615 0.789522 0.0249023 0.0441176
1 0.0195312 0.196232 0.0253906 0.0505515
1 0.196533 0.948989 0.027832 0.0487132
1 0.93042 0.56296 0.0268555 0.0450368
1 0.838379 0.12454 0.0234375 0.0450368
1 0.233643 0.757812 0.0219727 0.0395221
1 0.571289 0.102941 0.0234375 0.0459559
1 0.0915527 0.0294118 0.0336914 0.0477941
1 0.896729 0.107077 0.0219727 0.0431985
1 0.532471 0.0625 0.0249023 0.0441176
1 0.98877 0.174632 0.0224609 0.0477941
1 0.759766 0.926471 0.0292969 0.0533088
1 0.731201 0.118107 0.0219727 0.0431985
1 0.740967 0.152114 0.0219727 0.0395221
1 0.858398 0.862592 0.0234375 0.046875
1 0.525146 0.268382 0.0249023 0.0459559
1 0.0849609 0.237132 0.0292969 0.0533088
1 0.859375 0.0845588 0.0214844 0.0441176
1 0.440186 0.88511 0.0258789 0.0459559
1 0.928955 0.859835 0.0249023 0.0487132
1 0.809082 0.119026 0.0224609 0.0431985
1 0.371582 0.539062 0.0263672 0.0450368
1 0.825928 0.955882 0.0297852 0.0496324
1 0.117676 0.818015 0.0224609 0.0441176
1 0.391846 0.873621 0.0229492 0.0487132
1 0.884277 0.0882353 0.0205078 0.0422794
1 0.98291 0.914522 0.0283203 0.0533088
1 0.0976562 0.814338 0.0253906 0.0441176
1 0.197266 0.529412 0.0234375 0.0441176
1 0.164307 0.77068 0.0268555 0.0505515
1 0.508545 0.186581 0.0249023 0.0459559
1 0.098877 0.526195 0.027832 0.0487132
1 0.186279 0.485294 0.0219727 0.0441176
1 0.811768 0.300092 0.0249023 0.0450368
1 0.414795 0.457721 0.0239258 0.0441176
1 0.378174 0.368107 0.0249023 0.0431985
1 0.785645 0.271599 0.0234375 0.046875
1 0.16333 0.482996 0.0229492 0.0431985
1 0.0947266 0.598805 0.0234375 0.0431985
1 0.41626 0.940717 0.0258789 0.0487132
1 0.148193 0.236213 0.0229492 0.0404412
1 0.0991211 0.36489 0.0253906 0.0459559
1 0.409912 0.340074 0.0249023 0.0441176
1 0.310791 0.245404 0.0268555 0.0496324
1 0.238525 0.34375 0.027832 0.0496324
1 0.205322 0.314798 0.0249023 0.046875
1 0.404541 0.538603 0.0239258 0.0441176
1 0.155029 0.268842 0.0219727 0.0413603
