0 0.102051 0.0238971 0.0361328 0.0477941
0 0.838867 0.764706 0.0234375 0.0477941
1 0.839844 0.764706 0.0253906 0.0459559
1 0.794189 0.925092 0.0229492 0.046875
0 0.189453 0.54182 0.0351562 0.0726103
1 0.438965 0.880515 0.0302734 0.0588235
1 0.30957 0.238511 0.0292969 0.0597426
0 0.793701 0.925092 0.0239258 0.0487132
1 0.933594 0.881893 0.0234375 0.0395221
0 0.922607 0.975643 0.027832 0.0431985
0 0.935303 0.880055 0.0219727 0.0395221
0 0.525391 0.20818 0.0253906 0.046875
1 0.102295 0.0248162 0.034668 0.0496324
0 0.799805 0.59421 0.0273438 0.0523897
0 0.858643 0.0831801 0.0249023 0.0505515
1 0.828857 0.62546 0.0219727 0.0487132
1 0.258545 0.847886 0.0288086 0.0523897
0 0.259277 0.847886 0.0302734 0.0542279
0 0.56958 0.597886 0.0327148 0.0560662
1 0.924072 0.975643 0.0297852 0.0431985
1 0.41626 0.454504 0.0297852 0.0579044
0 0.872559 0.745864 0.0283203 0.0487132
1 0.800781 0.594669 0.0253906 0.0496324
0 0.202881 0.957261 0.0317383 0.0542279
0 0.438965 0.881434 0.0341797 0.0569853
1 0.872559 0.744485 0.0283203 0.0459559
0 0.828857 0.624081 0.0249023 0.0496324
1 0.308838 0.903493 0.0307617 0.0569853
1 0.987549 0.173254 0.0249023 0.0560662
0 0.0849609 0.238051 0.0361328 0.0606618
0 0.164795 0.772518 0.0288086 0.0560662
0 0.308594 0.238511 0.0302734 0.0579044
1 0.956299 0.865349 0.0249023 0.0431985
1 0.95459 0.557445 0.0263672 0.0505515
1 0.203125 0.95818 0.03125 0.0560662
1 0.825684 0.952665 0.0263672 0.0487132
1 0.91626 0.496324 0.0249023 0.0477941
0 0.109131 0.387868 0.0307617 0.0625
1 0.689941 0.389706 0.03125 0.0661765
0 0.0222168 0.193474 0.0336914 0.0670956
1 0.189209 0.54182 0.034668 0.0670956
