0 0.858643 0.0840993 0.0219727 0.046875
0 0.189453 0.542279 0.0341797 0.0698529
1 0.384033 0.358915 0.0258789 0.0450368
0 0.101562 0.0225184 0.0341797 0.0450368
1 0.102051 0.0234375 0.0332031 0.046875
0 0.789062 0.925551 0.0263672 0.0496324
1 0.78833 0.925092 0.0268555 0.0487132
1 0.438721 0.880515 0.0297852 0.0588235
0 0.960938 0.868566 0.0253906 0.0422794
1 0.109375 0.387408 0.0292969 0.0634191
0 0.569336 0.598346 0.03125 0.0533088
0 0.799561 0.595129 0.027832 0.0505515
1 0.96167 0.869945 0.0249023 0.0413603
0 0.83374 0.77068 0.0297852 0.0487132
1 0.923584 0.975643 0.0297852 0.0431985
1 0.832764 0.768382 0.027832 0.0514706
1 0.834473 0.125919 0.0234375 0.0459559
0 0.814941 0.118107 0.0234375 0.046875
1 0.947754 0.561121 0.0234375 0.046875
1 0.56958 0.596507 0.027832 0.0496324
0 0.922607 0.976562 0.027832 0.0431985
1 0.310303 0.23943 0.0307617 0.0542279
0 0.82666 0.954044 0.0283203 0.0514706
0 0.309814 0.23943 0.0307617 0.0542279
1 0.872559 0.745404 0.0263672 0.0459559
0 0.872559 0.746324 0.0263672 0.0477941
1 0.814697 0.119485 0.0219727 0.0477941
1 0.203125 0.957261 0.0302734 0.0542279
0 0.439209 0.881434 0.0336914 0.0569853
1 0.828857 0.625 0.0219727 0.0477941
0 0.259033 0.847426 0.027832 0.0514706
0 0.828857 0.623621 0.0249023 0.0487132
1 0.800293 0.594669 0.0263672 0.0496324
0 0.202393 0.957261 0.027832 0.0487132
1 0.385254 0.255974 0.0283203 0.0487132
1 0.988281 0.172335 0.0234375 0.0505515
1 0.91626 0.495404 0.0249023 0.0459559
0 0.164551 0.772518 0.0283203 0.0560662
0 0.93457 0.882812 0.0234375 0.0395221
0 0.0852051 0.23943 0.0336914 0.0615809
1 0.415771 0.454963 0.0249023 0.0477941
0 0.109131 0.389706 0.0288086 0.0625
1 0.82666 0.954504 0.0283203 0.0487132
1 0.377197 0.367647 0.0219727 0.0422794
0 0.0219727 0.193015 0.0332031 0.0661765
1 0.689941 0.389706 0.03125 0.0661765
1 0.393311 0.342831 0.0258789 0.0422794
1 0.189209 0.54182 0.0336914 0.0652574
