0 0.100342 0.0229779 0.034668 0.0459559
0 0.310547 0.897978 0.0302734 0.0533088
1 0.523438 0.209099 0.0185547 0.0413603
1 0.933594 0.880974 0.0253906 0.0450368
0 0.798828 0.595129 0.0273438 0.0487132
0 0.567871 0.596967 0.0302734 0.0560662
0 0.310547 0.241728 0.0302734 0.0514706
1 0.858643 0.0845588 0.0219727 0.0477941
0 0.921875 0.977941 0.03125 0.0422794
1 0.921875 0.977482 0.03125 0.0450368
1 0.201904 0.95818 0.0307617 0.0542279
0 0.5354 0.91636 0.0288086 0.0496324
1 0.569092 0.596507 0.027832 0.0496324
1 0.799316 0.594669 0.0263672 0.0477941
0 0.189697 0.54182 0.0336914 0.0652574
0 0.439453 0.881893 0.0273438 0.0487132
1 0.811035 0.119945 0.0234375 0.0487132
1 0.398682 0.334099 0.0258789 0.0413603
1 0.943604 0.56296 0.0297852 0.0505515
0 0.828857 0.772059 0.0297852 0.0533088
0 0.828857 0.623162 0.0249023 0.0496324
1 0.917236 0.493566 0.0249023 0.0496324
1 0.826416 0.954044 0.0297852 0.0514706
1 0.828857 0.624081 0.0219727 0.0477941
1 0.98877 0.172335 0.0224609 0.0505515
0 0.201904 0.95818 0.027832 0.0487132
0 0.781982 0.921875 0.0317383 0.0496324
1 0.415039 0.454963 0.0234375 0.0441176
1 0.528564 0.309283 0.0209961 0.0413603
0 0.934326 0.883272 0.0249023 0.0441176
1 0.311035 0.242188 0.0302734 0.0505515
1 0.836914 0.124081 0.0234375 0.0459559
1 0.5271 0.27068 0.0219727 0.0395221
0 0.872559 0.745864 0.0283203 0.0487132
0 0.0849609 0.238971 0.0341797 0.0606618
0 0.258789 0.847886 0.0263672 0.0505515
1 0.96875 0.879136 0.0253906 0.0487132
0 0.108643 0.388787 0.0288086 0.0606618
1 0.37793 0.367647 0.0244141 0.0441176
0 0.165527 0.773897 0.0273438 0.0514706
1 0.387939 0.250919 0.0268555 0.0477941
1 0.189453 0.54182 0.0341797 0.0634191
0 0.826416 0.953585 0.0297852 0.0523897
0 0.0222168 0.192555 0.0327148 0.0652574
1 0.689941 0.390165 0.03125 0.0652574
