1 0.140137 0.601562 0.0234375 0.0487132
1 0.611328 0.0124081 0.0253906 0.0248162
0 0.834473 0.862592 0.0185547 0.0376838
1 0.858398 0.863971 0.0234375 0.0477941
0 0.681396 0.105239 0.0219727 0.0395221
0 0.775879 0.712776 0.0234375 0.0450368
1 0.492188 0.670037 0.0205078 0.0404412
1 0.476074 0.667279 0.0195312 0.0404412
1 0.680908 0.106158 0.0219727 0.0395221
0 0.587646 0.365349 0.0219727 0.0340074
0 0.857666 0.863051 0.0249023 0.0459559
0 0.440186 0.884651 0.0268555 0.0450368
1 0.879883 0.824449 0.0234375 0.0441176
1 0.557129 0.881434 0.0263672 0.0441176
0 0.877441 0.721507 0.0263672 0.0459559
1 0.731689 0.115809 0.0229492 0.0422794
1 0.740967 0.163603 0.0229492 0.0422794
0 0.786621 0.59421 0.0283203 0.046875
0 0.827393 0.804228 0.0268555 0.0514706
1 0.828857 0.622702 0.0219727 0.046875
0 0.880371 0.824908 0.0234375 0.0487132
0 0.912354 0.982996 0.0297852 0.0340074
1 0.439453 0.88511 0.0273438 0.0459559
1 0.917236 0.494485 0.027832 0.0477941
1 0.806885 0.186581 0.0219727 0.0386029
1 0.576172 0.391085 0.0214844 0.0340074
0 0.557129 0.884651 0.0263672 0.0431985
1 0.381592 0.786765 0.0209961 0.0404412
1 0.407471 0.538143 0.0219727 0.0376838
0 0.828125 0.621783 0.0253906 0.0505515
1 0.534668 0.330882 0.0244141 0.0477941
1 0.857178 0.252757 0.0249023 0.0441176
0 0.755127 0.923713 0.0297852 0.0496324
1 0.25708 0.84375 0.0249023 0.0441176
1 0.75415 0.923713 0.0288086 0.0533088
1 0.0185547 0.196691 0.0253906 0.0514706
1 0.678955 0.0606618 0.0229492 0.0404412
1 0.30127 0.665901 0.0224609 0.0413603
0 0.825684 0.954963 0.0283203 0.0496324
1 0.237549 0.714154 0.0239258 0.0441176
1 0.838379 0.12454 0.0234375 0.0431985
1 0.929688 0.563419 0.0253906 0.0441176
1 0.196777 0.942555 0.0263672 0.046875
1 0.402832 0.210018 0.0224609 0.046875
1 0.389893 0.664062 0.0219727 0.0431985
0 0.755371 0.789062 0.0244141 0.0431985
1 0.0908203 0.0321691 0.0332031 0.0496324
1 0.571289 0.102941 0.0234375 0.0422794
1 0.0783691 0.237592 0.0268555 0.0487132
1 0.52417 0.0680147 0.0239258 0.0441176
1 0.926514 0.855239 0.0268555 0.046875
1 0.316162 0.647978 0.0209961 0.0386029
1 0.88208 0.0863971 0.0200195 0.0422794
0 0.565918 0.601562 0.0263672 0.0450368
1 0.371094 0.539062 0.0244141 0.0450368
1 0.69043 0.384191 0.0273438 0.0477941
1 0.414062 0.457261 0.0253906 0.0450368
1 0.525391 0.268842 0.0244141 0.0450368
1 0.391357 0.87454 0.0229492 0.0487132
1 0.0146484 0.981618 0.0253906 0.0367647
1 0.0935059 0.600643 0.0219727 0.0431985
1 0.0966797 0.359835 0.0253906 0.046875
1 0.858643 0.0831801 0.0200195 0.0431985
1 0.172119 0.0193015 0.0288086 0.0386029
1 0.378174 0.690257 0.0219727 0.0441176
1 0.209961 0.0795037 0.0263672 0.0487132
1 0.03125 0.410386 0.0214844 0.0395221
1 0.145996 0.587316 0.0195312 0.0422794
1 0.318115 0.159007 0.0219727 0.0477941
1 0.809326 0.117647 0.0219727 0.0422794
1 0.595215 0.295956 0.0234375 0.0386029
1 0.101074 0.523897 0.0244141 0.0477941
1 0.988281 0.174632 0.0214844 0.0496324
1 0.812012 0.301471 0.0244141 0.0422794
1 0.410156 0.340074 0.0253906 0.0441176
1 0.897705 0.106158 0.0219727 0.0450368
1 0.196533 0.530331 0.0229492 0.0422794
1 0.0246582 0.43704 0.0229492 0.0413603
1 0.418701 0.943474 0.0258789 0.0505515
1 0.121094 0.822151 0.0253906 0.046875
1 0.785645 0.271599 0.0234375 0.0450368
1 0.37793 0.368566 0.0244141 0.0422794
1 0.506104 0.180147 0.0258789 0.0459559
1 0.132324 0.608915 0.0205078 0.0413603
1 0.153076 0.28171 0.0249023 0.0413603
1 0.1875 0.482996 0.0244141 0.0450368
1 0.98291 0.918658 0.0283203 0.0560662
1 0.805664 0.209559 0.0234375 0.0404412
1 0.147949 0.235294 0.0244141 0.0422794
1 0.335449 0.183364 0.0224609 0.046875
1 0.583984 0.25 0.0224609 0.0422794
1 0.0949707 0.814338 0.027832 0.0514706
1 0.159912 0.487592 0.0219727 0.0395221
1 0.164062 0.77068 0.0263672 0.0450368
1 0.239014 0.345129 0.027832 0.0505515
1 0.312988 0.247243 0.0253906 0.0441176
1 0.205322 0.314338 0.0239258 0.0459559
1 0.229004 0.763787 0.0244141 0.0459559
