1 0.835938 0.983456 0.0292969 0.0294118
1 0.852539 0.680147 0.0234375 0.0330882
1 0.563721 0.610754 0.0239258 0.0450368
0 0.355469 0.798254 0.0234375 0.0395221
1 0.761963 0.0680147 0.0219727 0.0477941
0 0.619873 0.982996 0.0307617 0.0284926
1 0.0769043 0.246783 0.0297852 0.0523897
1 0.0341797 0.903033 0.0292969 0.0597426
1 0.659668 0.0128676 0.0205078 0.0257353
1 0.364258 0.688419 0.0273438 0.0496324
0 0.393066 0.657629 0.0234375 0.0450368
1 0.854004 0.0767463 0.0205078 0.0413603
1 0.761719 0.883732 0.0214844 0.0358456
0 0.878906 0.0818015 0.0234375 0.0404412
1 0.984375 0.765625 0.0205078 0.0386029
1 0.464111 0.670037 0.0239258 0.0459559
1 0.191406 0.37454 0.0214844 0.0395221
1 0.939941 0.713235 0.0185547 0.0404412
1 0.879639 0.0790441 0.0200195 0.0386029
0 0.4646 0.670956 0.0258789 0.0459559
1 0.989746 0.819853 0.0185547 0.0441176
1 0.125 0.490349 0.0224609 0.0523897
0 0.364258 0.688419 0.0253906 0.0496324
1 0.960205 0.213695 0.0219727 0.0358456
1 0.833496 0.865349 0.0205078 0.0376838
0 0.0915527 0.0358456 0.034668 0.0533088
1 0.233154 0.347886 0.0219727 0.046875
1 0.259277 0.846967 0.0283203 0.046875
1 0.608154 0.0160846 0.0258789 0.0321691
0 0.325195 0.631434 0.0253906 0.0441176
1 0.53833 0.5 0.0229492 0.0422794
0 0.235107 0.710938 0.0249023 0.046875
1 0.532471 0.460938 0.0239258 0.0431985
1 0.456543 0.496324 0.0224609 0.0404412
1 0.381348 0.786765 0.0244141 0.0459559
1 0.0180664 0.461857 0.0263672 0.0523897
1 0.672852 0.712316 0.0234375 0.0441176
1 0.734863 0.181985 0.0224609 0.0459559
1 0.372559 0.536305 0.0273438 0.0487132
1 0.0947266 0.350184 0.0283203 0.0477941
0 0.0761719 0.247243 0.03125 0.0533088
1 0.978271 0.439338 0.0249023 0.0441176
1 0.0917969 0.0344669 0.0332031 0.0542279
1 0.176025 0.829963 0.0249023 0.0422794
1 0.910156 0.5 0.0263672 0.0441176
1 0.708008 0.652114 0.0234375 0.0431985
1 0.088623 0.599724 0.0249023 0.0487132
1 0.439941 0.883732 0.0283203 0.0487132
1 0.157227 0.500919 0.0224609 0.0459559
0 0.298096 0.670956 0.0297852 0.0477941
1 0.195312 0.928309 0.0253906 0.0441176
1 0.510742 0.679688 0.0273438 0.046875
1 0.72998 0.101103 0.0234375 0.0459559
1 0.828125 0.823529 0.0214844 0.0477941
1 0.876465 0.712776 0.0234375 0.0431985
1 0.171143 0.0170037 0.0268555 0.0340074
1 0.885986 0.236673 0.027832 0.0450368
1 0.94458 0.320772 0.0219727 0.0422794
1 0.377686 0.370864 0.0258789 0.046875
1 0.410645 0.538143 0.0253906 0.0450368
1 0.777344 0.871783 0.0214844 0.0395221
1 0.970947 0.198529 0.0219727 0.0386029
0 0.27002 0.984375 0.0273438 0.03125
1 0.991455 0.761029 0.0170898 0.0404412
0 0.258301 0.846507 0.0263672 0.0422794
1 0.197021 0.533088 0.0258789 0.0459559
1 0.76709 0.0854779 0.0205078 0.0386029
1 0.393066 0.869945 0.0283203 0.0560662
1 0.646973 0.389706 0.0234375 0.0459559
1 0.780029 0.689798 0.0268555 0.0487132
0 0.316162 0.880974 0.0249023 0.0487132
1 0.0925293 0.81204 0.0268555 0.0487132
1 0.0319824 0.409926 0.0258789 0.0459559
1 0.152344 0.228401 0.0273438 0.0523897
1 0.679688 0.132812 0.0263672 0.0450368
1 0.712891 0.476562 0.0253906 0.0395221
0 0.0129395 0.202665 0.0249023 0.0579044
1 0.417236 0.959559 0.0268555 0.0477941
1 0.588623 0.362132 0.0239258 0.0441176
1 0.833496 0.126379 0.0234375 0.0413603
1 0.145508 0.587776 0.0253906 0.046875
1 0.360352 0.170496 0.0234375 0.0413603
1 0.917969 0.554688 0.0234375 0.0431985
1 0.743408 0.91636 0.0239258 0.0459559
1 0.676758 0.058364 0.0234375 0.0413603
1 0.851562 0.261949 0.0263672 0.0422794
1 0.933594 0.331801 0.0205078 0.0386029
1 0.80249 0.170037 0.0229492 0.0459559
1 0.187012 0.466912 0.0263672 0.0477941
1 0.572266 0.105239 0.0234375 0.0413603
1 0.992676 0.545956 0.0146484 0.0477941
1 0.690918 0.446232 0.0234375 0.0450368
1 0.612793 0.251838 0.0205078 0.0404412
1 0.694824 0.735754 0.0205078 0.046875
1 0.205322 0.855239 0.027832 0.0450368
1 0.725342 0.634191 0.0209961 0.0404412
1 0.783447 0.59375 0.0258789 0.0441176
1 0.855469 0.867647 0.0253906 0.0459559
1 0.879883 0.824449 0.0234375 0.0459559
1 0.520752 0.0698529 0.0229492 0.0422794
1 0.0141602 0.980699 0.0244141 0.0386029
1 0.759766 0.0537684 0.0214844 0.0395221
1 0.92041 0.842831 0.0263672 0.0441176
1 0.797363 0.407169 0.0224609 0.0404412
1 0.128418 0.828585 0.0263672 0.0505515
1 0.146484 0.303309 0.0263672 0.0496324
1 0.30957 0.130515 0.0292969 0.0514706
1 0.755859 0.788143 0.0253906 0.0450368
1 0.990967 0.176471 0.0180664 0.0459559
1 0.224365 0.786765 0.027832 0.0477941
1 0.164307 0.772518 0.0258789 0.0487132
1 0.692139 0.384651 0.0239258 0.0450368
1 0.828125 0.62454 0.0253906 0.0523897
1 0.964844 0.751838 0.0253906 0.0441176
1 0.534668 0.339154 0.0234375 0.0441176
1 0.668701 0.392004 0.0229492 0.0431985
1 0.414551 0.460478 0.0263672 0.0496324
1 0.0385742 0.920496 0.0263672 0.0450368
1 0.407715 0.204044 0.0263672 0.0459559
1 0.782471 0.272518 0.0258789 0.0450368
1 0.39502 0.122243 0.0244141 0.0441176
1 0.803467 0.106618 0.0229492 0.0441176
1 0.805664 0.229779 0.0244141 0.0441176
1 0.445068 0.473805 0.0219727 0.0413603
1 0.598145 0.300551 0.0244141 0.0441176
1 0.597168 0.22932 0.0205078 0.0431985
1 0.459961 0.109835 0.0234375 0.0487132
1 0.568359 0.388327 0.0234375 0.0413603
1 0.807617 0.299173 0.0234375 0.0413603
1 0.500488 0.174632 0.0263672 0.0459559
1 0.217773 0.0753676 0.0244141 0.0496324
1 0.813232 0.442555 0.0249023 0.0413603
1 0.408203 0.342831 0.0263672 0.0459559
1 0.82666 0.953585 0.0263672 0.0450368
1 0.108398 0.528952 0.0273438 0.0505515
1 0.36084 0.201746 0.0224609 0.0431985
1 0.0307617 0.88511 0.0253906 0.0422794
1 0.577881 0.25 0.0219727 0.0459559
1 0.132324 0.623621 0.0263672 0.0487132
1 0.483398 0.132353 0.0234375 0.0459559
1 0.315918 0.25 0.0263672 0.0459559
1 0.985107 0.931066 0.0268555 0.0533088
1 0.980469 0.734375 0.0214844 0.0386029
1 0.20752 0.3125 0.0244141 0.0477941
1 0.402588 0.159467 0.0219727 0.0450368
1 0.244629 0.0252757 0.0263672 0.0450368
1 0.528809 0.270221 0.0244141 0.0459559
1 0.333252 0.194853 0.0249023 0.0459559
