0 0.310791 0.242188 0.0297852 0.0505515
0 0.0996094 0.0229779 0.0341797 0.0459559
1 0.311279 0.896599 0.027832 0.0487132
0 0.189697 0.540901 0.0327148 0.0652574
1 0.858643 0.0840993 0.0219727 0.0450368
0 0.567871 0.596967 0.0302734 0.0542279
1 0.522705 0.209099 0.019043 0.0413603
1 0.404785 0.887408 0.0214844 0.0413603
1 0.390625 0.870404 0.0195312 0.0441176
1 0.934326 0.880515 0.0249023 0.0441176
1 0.798828 0.594669 0.0253906 0.0477941
1 0.921875 0.978401 0.03125 0.0431985
0 0.79834 0.595588 0.0283203 0.0477941
1 0.201416 0.95864 0.0307617 0.0533088
1 0.568848 0.596507 0.0273438 0.0477941
1 0.536865 0.915441 0.0249023 0.0477941
0 0.439209 0.882353 0.0249023 0.0441176
0 0.920898 0.97886 0.03125 0.0422794
1 0.916992 0.493107 0.0234375 0.0487132
1 0.828857 0.624081 0.0219727 0.0477941
1 0.811279 0.119485 0.0229492 0.0477941
0 0.0849609 0.238971 0.0341797 0.0606618
0 0.258545 0.846967 0.0268555 0.0505515
1 0.98877 0.172335 0.0224609 0.0505515
0 0.20166 0.959099 0.0273438 0.0487132
1 0.796143 0.292739 0.0229492 0.0395221
1 0.943848 0.563879 0.0263672 0.046875
0 0.828125 0.772518 0.03125 0.0542279
1 0.835938 0.12454 0.0234375 0.0450368
1 0.786621 0.271599 0.0224609 0.0413603
0 0.828857 0.623162 0.0249023 0.0496324
1 0.528564 0.309283 0.0209961 0.0413603
0 0.933594 0.883272 0.0253906 0.0422794
1 0.526123 0.270221 0.0209961 0.0404412
0 0.778809 0.921875 0.0302734 0.0496324
0 0.872559 0.745864 0.0263672 0.0487132
0 0.165283 0.773438 0.0268555 0.0505515
1 0.311279 0.243566 0.0297852 0.0477941
1 0.415283 0.455423 0.0239258 0.0431985
1 0.969482 0.882353 0.0268555 0.0477941
0 0.108154 0.388787 0.0288086 0.0588235
0 0.0222168 0.192555 0.0327148 0.0652574
0 0.826416 0.953585 0.0297852 0.0523897
1 0.388184 0.247243 0.0263672 0.0514706
1 0.689941 0.389246 0.0302734 0.0634191
1 0.37793 0.368566 0.0253906 0.0459559
1 0.402344 0.334099 0.0234375 0.0431985
1 0.189453 0.542279 0.0341797 0.0625
