0 0.858643 0.0840993 0.0219727 0.046875
1 0.383789 0.358915 0.0253906 0.0450368
0 0.189453 0.54136 0.0341797 0.0698529
1 0.102051 0.0234375 0.0332031 0.046875
1 0.78833 0.925551 0.0268555 0.0496324
0 0.789062 0.925551 0.0263672 0.0496324
0 0.101562 0.0225184 0.0341797 0.0450368
0 0.960938 0.868566 0.0253906 0.0422794
1 0.310547 0.240809 0.0302734 0.0551471
1 0.832764 0.768382 0.0297852 0.0533088
1 0.109375 0.386489 0.0292969 0.0634191
0 0.569336 0.598346 0.03125 0.0533088
0 0.814941 0.118107 0.0234375 0.046875
0 0.834229 0.77068 0.0297852 0.0505515
0 0.922607 0.976562 0.027832 0.0431985
1 0.96167 0.869945 0.0249023 0.0413603
1 0.834473 0.125919 0.0234375 0.0459559
1 0.923584 0.975643 0.0297852 0.0431985
0 0.799805 0.594669 0.0283203 0.0514706
1 0.56958 0.596967 0.027832 0.0505515
1 0.94751 0.561121 0.0249023 0.046875
0 0.825684 0.954044 0.0283203 0.0514706
1 0.203125 0.957261 0.0302734 0.0523897
0 0.872559 0.746324 0.0283203 0.0477941
1 0.828857 0.625 0.0219727 0.0477941
0 0.309814 0.238971 0.0307617 0.0551471
1 0.872559 0.745864 0.0283203 0.046875
1 0.800049 0.594669 0.0268555 0.0496324
1 0.988281 0.171875 0.0234375 0.0514706
1 0.385254 0.255515 0.0283203 0.0477941
1 0.814697 0.119485 0.0219727 0.0477941
0 0.828857 0.623621 0.0249023 0.0487132
0 0.258789 0.847426 0.0273438 0.0514706
1 0.91626 0.495864 0.0249023 0.046875
0 0.439209 0.881434 0.0336914 0.0588235
0 0.164795 0.772518 0.027832 0.0542279
0 0.202393 0.957261 0.027832 0.0487132
0 0.934326 0.882812 0.0249023 0.0395221
0 0.0849609 0.23943 0.0341797 0.0615809
1 0.415771 0.455423 0.0249023 0.046875
0 0.109131 0.389246 0.0288086 0.0615809
1 0.377197 0.367188 0.0219727 0.0413603
0 0.0222168 0.193474 0.0336914 0.0670956
1 0.825928 0.954504 0.0297852 0.0505515
1 0.393555 0.34329 0.0253906 0.0413603
1 0.689941 0.390165 0.0302734 0.0652574
1 0.189209 0.54136 0.034668 0.0661765
