0 0.82666 0.954044 0.0263672 0.0514706
0 0.858398 0.0836397 0.0234375 0.0477941
0 0.102051 0.0229779 0.0351562 0.0459559
0 0.189697 0.54182 0.034668 0.0707721
1 0.0849609 0.238511 0.0341797 0.0634191
1 0.438721 0.880515 0.0297852 0.0588235
1 0.958008 0.866268 0.0234375 0.0395221
1 0.258301 0.845588 0.0302734 0.0533088
1 0.308838 0.902574 0.027832 0.0514706
0 0.923584 0.976562 0.0297852 0.046875
1 0.79248 0.925092 0.0244141 0.0505515
1 0.109619 0.386949 0.0297852 0.0643382
0 0.799805 0.594669 0.0283203 0.0533088
1 0.102295 0.0238971 0.0336914 0.0477941
1 0.56958 0.596507 0.0288086 0.0514706
0 0.791992 0.924173 0.0234375 0.0487132
1 0.838379 0.764706 0.0263672 0.0459559
1 0.389648 0.347886 0.0205078 0.0395221
0 0.56958 0.597426 0.0317383 0.0551471
0 0.525391 0.20864 0.0244141 0.0477941
1 0.384766 0.259191 0.0292969 0.0496324
0 0.93457 0.882353 0.0234375 0.0404412
1 0.378174 0.366728 0.0219727 0.0422794
0 0.872559 0.745404 0.0263672 0.0496324
0 0.258789 0.846967 0.0283203 0.0505515
1 0.310547 0.240809 0.0292969 0.0569853
0 0.828857 0.623621 0.0249023 0.0487132
1 0.923584 0.975643 0.0297852 0.0431985
0 0.309082 0.238511 0.0302734 0.0560662
1 0.953125 0.556526 0.03125 0.0505515
0 0.202637 0.95818 0.0283203 0.0505515
1 0.828857 0.625 0.0219727 0.0477941
0 0.439453 0.881434 0.0341797 0.0588235
1 0.987549 0.173254 0.0249023 0.0560662
0 0.164551 0.772518 0.0283203 0.0560662
1 0.800781 0.59421 0.0263672 0.0505515
0 0.0849609 0.238051 0.0361328 0.0606618
1 0.203369 0.95818 0.0307617 0.0542279
1 0.872559 0.744945 0.0263672 0.046875
1 0.416016 0.454963 0.0253906 0.0496324
1 0.916504 0.495404 0.0263672 0.0477941
0 0.109131 0.387868 0.0297852 0.0625
1 0.825684 0.952665 0.0263672 0.0487132
0 0.0222168 0.193015 0.0336914 0.0661765
1 0.689941 0.389706 0.03125 0.0661765
1 0.189453 0.54182 0.0341797 0.0652574
