1 0.141846 0.590993 0.019043 0.0422794
0 0.015625 0.980239 0.0302734 0.0395221
0 0.207275 0.0772059 0.0268555 0.0514706
1 0.857666 0.252298 0.0219727 0.0358456
1 0.883789 0.235294 0.0234375 0.0404412
1 0.836914 0.86443 0.0234375 0.0413603
1 0.876465 0.723346 0.0263672 0.0441176
0 0.876465 0.724265 0.0283203 0.0477941
0 0.566406 0.598346 0.0292969 0.0533088
0 0.914062 0.982077 0.0283203 0.0340074
1 0.533203 0.323529 0.0224609 0.0459559
1 0.787109 0.592831 0.0253906 0.0477941
1 0.553467 0.888327 0.0268555 0.0431985
1 0.132324 0.60386 0.0205078 0.0404412
1 0.917236 0.492647 0.027832 0.0477941
1 0.566895 0.600643 0.0283203 0.0487132
1 0.773438 0.721507 0.0244141 0.0459559
1 0.828857 0.622702 0.0219727 0.046875
1 0.399902 0.215993 0.0253906 0.0459559
1 0.0148926 0.981618 0.0268555 0.0367647
1 0.82666 0.796875 0.0263672 0.0496324
1 0.206787 0.078125 0.0249023 0.0477941
1 0.690918 0.386489 0.0273438 0.0487132
1 0.257324 0.84375 0.0244141 0.0441176
1 0.0195312 0.195772 0.0253906 0.0514706
1 0.755615 0.788603 0.0249023 0.0441176
1 0.233887 0.757812 0.0214844 0.0395221
1 0.196289 0.949449 0.0302734 0.0496324
1 0.172363 0.0202206 0.0273438 0.0404412
1 0.93042 0.5625 0.0268555 0.0459559
1 0.896729 0.107537 0.0219727 0.0422794
1 0.0983887 0.814798 0.0258789 0.0431985
1 0.879883 0.825827 0.0234375 0.046875
1 0.838379 0.12454 0.0234375 0.0450368
1 0.732178 0.121324 0.0219727 0.0404412
1 0.76001 0.926471 0.0288086 0.0551471
1 0.571533 0.102482 0.0239258 0.046875
1 0.533203 0.0611213 0.0253906 0.0413603
1 0.0913086 0.0294118 0.0332031 0.0477941
1 0.740479 0.151654 0.0209961 0.0386029
1 0.98877 0.175092 0.0224609 0.046875
1 0.858398 0.861673 0.0234375 0.0487132
1 0.164551 0.77068 0.0273438 0.0505515
1 0.440186 0.884651 0.0258789 0.046875
1 0.859375 0.0845588 0.0214844 0.0441176
1 0.117188 0.816176 0.0224609 0.0441176
1 0.809082 0.118566 0.0224609 0.0441176
1 0.825928 0.955882 0.0297852 0.0496324
1 0.0854492 0.237132 0.0292969 0.0533088
1 0.525146 0.268842 0.0249023 0.046875
1 0.98291 0.914522 0.0283203 0.0533088
1 0.371826 0.539522 0.0268555 0.0459559
1 0.884277 0.0886949 0.0205078 0.0413603
1 0.391846 0.873621 0.0229492 0.0487132
1 0.928955 0.860294 0.0249023 0.0477941
1 0.098877 0.526654 0.027832 0.0496324
1 0.508545 0.18704 0.0249023 0.046875
1 0.197021 0.529871 0.0239258 0.0450368
1 0.0947266 0.597886 0.0234375 0.0431985
1 0.0996094 0.36443 0.0253906 0.0450368
1 0.186523 0.484835 0.0224609 0.0450368
1 0.785645 0.272059 0.0234375 0.0477941
1 0.810791 0.300551 0.0249023 0.0441176
1 0.414795 0.457721 0.0249023 0.0441176
1 0.163818 0.482077 0.0229492 0.0431985
1 0.378174 0.367647 0.0258789 0.0441176
1 0.41626 0.939798 0.0258789 0.0505515
1 0.148193 0.235754 0.0229492 0.0395221
1 0.310791 0.245404 0.0268555 0.0496324
1 0.410156 0.340533 0.0253906 0.0450368
1 0.403809 0.539062 0.0234375 0.0450368
1 0.23877 0.34375 0.0283203 0.0496324
1 0.205322 0.314798 0.0249023 0.046875
1 0.154541 0.267463 0.0219727 0.0404412
