1 0.0209961 0.194393 0.0283203 0.0560662
0 0.56665 0.596967 0.0288086 0.0523897
1 0.0939941 0.540441 0.0258789 0.0551471
0 0.0959473 0.582261 0.027832 0.046875
0 0.439941 0.88511 0.0244141 0.0459559
1 0.197998 0.959559 0.027832 0.0477941
1 0.882812 0.241268 0.0214844 0.046875
1 0.916992 0.982077 0.03125 0.0358456
0 0.101562 0.375919 0.0253906 0.0496324
1 0.929688 0.871324 0.0263672 0.0459559
0 0.872559 0.730699 0.0234375 0.0441176
1 0.932861 0.564338 0.0249023 0.0477941
0 0.828857 0.622243 0.0249023 0.0496324
0 0.0217285 0.194393 0.0268555 0.0505515
1 0.873291 0.730239 0.0249023 0.046875
1 0.835938 0.865349 0.0205078 0.0395221
1 0.202881 0.0726103 0.0258789 0.0441176
1 0.172119 0.0211397 0.027832 0.0386029
0 0.206787 0.316636 0.0258789 0.0523897
1 0.771484 0.742188 0.0214844 0.046875
1 0.858643 0.0840993 0.0219727 0.046875
1 0.917969 0.492647 0.0292969 0.0477941
1 0.789795 0.591452 0.0249023 0.0450368
0 0.825684 0.954963 0.0283203 0.0496324
1 0.440186 0.883732 0.0239258 0.046875
1 0.858643 0.254136 0.0219727 0.0413603
1 0.825684 0.955882 0.0283203 0.0496324
1 0.258545 0.84421 0.0249023 0.0450368
0 0.0852051 0.238051 0.0307617 0.0533088
1 0.810059 0.116728 0.0205078 0.0441176
1 0.808594 0.300551 0.0253906 0.0422794
1 0.828857 0.623162 0.0219727 0.0477941
1 0.836914 0.125 0.0234375 0.0441176
1 0.989014 0.173713 0.0219727 0.0496324
1 0.568115 0.599724 0.0258789 0.046875
0 0.197998 0.95818 0.027832 0.046875
1 0.09375 0.0261949 0.0322266 0.0431985
1 0.690674 0.387408 0.0268555 0.0505515
1 0.0952148 0.582261 0.0273438 0.046875
0 0.93042 0.870864 0.0268555 0.0487132
0 0.202637 0.0703125 0.0253906 0.046875
1 0.206543 0.314798 0.0253906 0.0487132
1 0.785156 0.272059 0.0244141 0.0477941
1 0.551025 0.89614 0.0258789 0.0422794
1 0.825928 0.786765 0.0249023 0.0477941
1 0.862305 0.861673 0.0234375 0.046875
0 0.0944824 0.538143 0.0268555 0.0487132
1 0.235596 0.340074 0.0268555 0.0477941
1 0.768555 0.924632 0.0273438 0.0514706
1 0.196045 0.532629 0.027832 0.0523897
1 0.514893 0.195312 0.0209961 0.0450368
1 0.524414 0.269301 0.0234375 0.0404412
1 0.880615 0.826746 0.0249023 0.046875
1 0.391357 0.871783 0.0219727 0.0487132
1 0.414795 0.921875 0.0229492 0.0441176
1 0.528076 0.309743 0.0219727 0.0404412
1 0.539551 0.0574449 0.0263672 0.0450368
0 0.164551 0.769761 0.0292969 0.0523897
1 0.755859 0.789062 0.0244141 0.0450368
1 0.395752 0.539522 0.0200195 0.0386029
1 0.395508 0.223805 0.0234375 0.046875
1 0.568359 0.0919118 0.0234375 0.0459559
1 0.981934 0.909926 0.0283203 0.0514706
1 0.375732 0.539062 0.0219727 0.0413603
1 0.415283 0.457721 0.0258789 0.0441176
1 0.378662 0.368107 0.0249023 0.0431985
1 0.409668 0.340074 0.0244141 0.0441176
1 0.311523 0.245864 0.0273438 0.0450368
