1 0.0976562 0.577206 0.0244141 0.0772059
1 0.883545 0.234835 0.0249023 0.0395221
1 0.80542 0.988051 0.0297852 0.0238971
1 0.876465 0.721507 0.0283203 0.0477941
1 0.85791 0.253217 0.0234375 0.0376838
1 0.533447 0.323989 0.0209961 0.0431985
1 0.834473 0.862592 0.0185547 0.0376838
0 0.914062 0.982077 0.0283203 0.0340074
0 0.566406 0.598805 0.0292969 0.0523897
0 0.876465 0.723805 0.0263672 0.046875
1 0.23584 0.71875 0.0224609 0.0367647
1 0.787354 0.592831 0.0249023 0.0459559
1 0.917236 0.493566 0.027832 0.0459559
1 0.553955 0.886949 0.0258789 0.0422794
1 0.566895 0.600184 0.0273438 0.0477941
1 0.826416 0.797794 0.0249023 0.0496324
1 0.828857 0.622243 0.0219727 0.0459559
1 0.773926 0.719669 0.0244141 0.0459559
1 0.590088 0.284007 0.0219727 0.0367647
1 0.257568 0.84375 0.0249023 0.0441176
1 0.132324 0.604779 0.0205078 0.0404412
1 0.755615 0.789522 0.0249023 0.0422794
1 0.93042 0.56296 0.0268555 0.0450368
1 0.142334 0.590533 0.0200195 0.0431985
1 0.690674 0.386029 0.0268555 0.0477941
1 0.20752 0.078125 0.0244141 0.0477941
1 0.589111 0.256893 0.0219727 0.0340074
1 0.172363 0.0202206 0.0283203 0.0404412
1 0.880371 0.825827 0.0234375 0.0450368
1 0.0146484 0.981618 0.0263672 0.0367647
1 0.196533 0.948529 0.027832 0.0496324
1 0.838379 0.12454 0.0234375 0.0450368
1 0.896729 0.107077 0.0219727 0.0431985
1 0.0195312 0.195772 0.0253906 0.0514706
1 0.233398 0.757812 0.0214844 0.0395221
1 0.0910645 0.0298713 0.0336914 0.046875
1 0.399414 0.214614 0.0253906 0.0487132
1 0.571289 0.103401 0.0234375 0.046875
1 0.759521 0.926471 0.0288086 0.0514706
1 0.98877 0.174632 0.0224609 0.0477941
1 0.531982 0.0638787 0.0249023 0.0450368
1 0.825928 0.955882 0.0297852 0.0477941
1 0.740967 0.153033 0.0219727 0.0395221
1 0.858643 0.0840993 0.0200195 0.0431985
1 0.0849609 0.237132 0.0292969 0.0533088
1 0.85791 0.862592 0.0234375 0.046875
1 0.731201 0.118107 0.0219727 0.0431985
1 0.809326 0.119026 0.0219727 0.0431985
1 0.439453 0.886029 0.0253906 0.0441176
1 0.98291 0.914522 0.0283203 0.0514706
1 0.524658 0.268382 0.0249023 0.0477941
1 0.883545 0.0882353 0.0200195 0.0422794
1 0.928711 0.859835 0.0234375 0.046875
1 0.391846 0.873621 0.0229492 0.0487132
1 0.371582 0.539522 0.0263672 0.0459559
1 0.0991211 0.526195 0.0273438 0.0487132
1 0.117676 0.817555 0.0224609 0.0450368
1 0.508057 0.186581 0.0249023 0.0459559
1 0.196777 0.530331 0.0234375 0.0441176
1 0.811768 0.300551 0.0249023 0.0441176
1 0.186523 0.484835 0.0224609 0.0450368
1 0.097168 0.814798 0.0253906 0.0450368
1 0.414551 0.457721 0.0244141 0.0441176
1 0.0947266 0.599265 0.0234375 0.0441176
1 0.785645 0.271599 0.0234375 0.046875
1 0.164307 0.77068 0.0268555 0.0505515
1 0.163086 0.483456 0.0234375 0.0441176
1 0.378174 0.367647 0.0249023 0.0441176
1 0.41626 0.940717 0.0258789 0.0487132
1 0.148193 0.236213 0.0229492 0.0404412
1 0.311279 0.245864 0.0268555 0.0505515
1 0.409668 0.340533 0.0253906 0.0450368
1 0.0991211 0.36443 0.0263672 0.0450368
1 0.23877 0.34421 0.0283203 0.0505515
1 0.205322 0.314798 0.0239258 0.046875
1 0.155273 0.268842 0.0224609 0.0413603
1 0.404785 0.538603 0.0244141 0.0441176
