1 0.985107 0.762408 0.0200195 0.0358456
1 0.410156 0.539062 0.0224609 0.0450368
1 0.76001 0.0588235 0.0209961 0.0367647
1 0.767578 0.0877757 0.0205078 0.0395221
1 0.856445 0.866268 0.0234375 0.0487132
0 0.726562 0.633732 0.0205078 0.0431985
1 0.893799 0.119026 0.0219727 0.0395221
0 0.855469 0.0785846 0.0205078 0.0395221
1 0.98999 0.820772 0.0170898 0.0422794
0 0.834473 0.863971 0.0205078 0.0404412
1 0.564941 0.608456 0.0283203 0.0477941
1 0.910889 0.499081 0.0249023 0.0422794
1 0.755859 0.79136 0.0263672 0.0459559
0 0.780518 0.692096 0.0249023 0.0459559
0 0.440918 0.88557 0.0283203 0.046875
0 0.521484 0.0684743 0.0244141 0.0431985
1 0.736328 0.177849 0.0244141 0.0450368
0 0.755859 0.789062 0.0253906 0.0431985
1 0.414307 0.459099 0.0258789 0.0450368
0 0.408936 0.341912 0.0268555 0.0459559
1 0.380859 0.785386 0.0244141 0.0450368
1 0.886719 0.236213 0.0253906 0.0422794
1 0.879883 0.824449 0.0234375 0.0459559
1 0.710693 0.649357 0.0219727 0.0413603
1 0.746338 0.920496 0.0249023 0.0431985
0 0.746582 0.921875 0.0263672 0.0441176
1 0.0766602 0.244945 0.03125 0.0523897
1 0.805664 0.111673 0.0234375 0.0450368
1 0.377686 0.370404 0.0258789 0.0441176
0 0.690186 0.729779 0.0229492 0.0477941
1 0.196045 0.532629 0.0239258 0.0450368
0 0.880371 0.823529 0.0234375 0.0477941
0 0.392334 0.657169 0.0229492 0.0459559
0 0.236084 0.711397 0.0249023 0.0441176
0 0.829102 0.821691 0.0234375 0.0441176
0 0.608887 0.0137868 0.0224609 0.0275735
1 0.440918 0.88557 0.0273438 0.046875
1 0.372314 0.538143 0.0268555 0.0487132
1 0.780029 0.692555 0.0249023 0.046875
1 0.72998 0.10386 0.0234375 0.0459559
1 0.694824 0.446232 0.0234375 0.0413603
1 0.409668 0.341452 0.0263672 0.0450368
1 0.520996 0.0689338 0.0234375 0.0422794
1 0.72583 0.633272 0.0219727 0.0422794
1 0.259766 0.846967 0.0283203 0.046875
0 0.535889 0.494945 0.0239258 0.0431985
0 0.258301 0.846507 0.0263672 0.0441176
1 0.678223 0.0597426 0.0234375 0.0404412
1 0.64917 0.392463 0.0229492 0.0422794
1 0.835938 0.125919 0.0253906 0.0441176
1 0.0144043 0.202206 0.0258789 0.0551471
0 0.55957 0.878217 0.0273438 0.046875
0 0.0761719 0.245864 0.0322266 0.0542279
1 0.876465 0.715074 0.0234375 0.0441176
1 0.311279 0.131434 0.0258789 0.0477941
1 0.571045 0.105699 0.0229492 0.0422794
0 0.856201 0.866728 0.0249023 0.0459559
1 0.588867 0.363971 0.0234375 0.0441176
0 0.315918 0.882353 0.0244141 0.0477941
0 0.710449 0.649357 0.0224609 0.0395221
1 0.920898 0.845588 0.0234375 0.0404412
0 0.367432 0.690257 0.0239258 0.0477941
0 0.879639 0.0827206 0.0219727 0.0404412
1 0.992188 0.76057 0.015625 0.0395221
1 0.226074 0.783548 0.0283203 0.0487132
0 0.269531 0.984375 0.0273438 0.03125
1 0.462402 0.111213 0.0205078 0.0441176
1 0.0302734 0.88557 0.0244141 0.0395221
1 0.799072 0.409467 0.0219727 0.0376838
1 0.679688 0.130515 0.0273438 0.0441176
1 0.992188 0.539522 0.015625 0.0459559
0 0.466064 0.671415 0.0239258 0.0487132
1 0.711182 0.476103 0.0249023 0.0386029
1 0.851562 0.261029 0.0253906 0.0422794
1 0.196289 0.931066 0.0263672 0.0441176
0 0.564453 0.608456 0.0263672 0.0477941
1 0.534424 0.337776 0.0229492 0.0450368
1 0.0358887 0.915441 0.0239258 0.0367647
1 0.360352 0.181526 0.0195312 0.0450368
0 0.672607 0.714154 0.0229492 0.0422794
0 0.53418 0.463235 0.0234375 0.0404412
1 0.813232 0.442096 0.0249023 0.0422794
1 0.392822 0.875919 0.0268555 0.0533088
1 0.828125 0.62454 0.0214844 0.0487132
1 0.186523 0.471507 0.0253906 0.0459559
1 0.156494 0.501838 0.0239258 0.0477941
1 0.824951 0.954963 0.0297852 0.0441176
0 0.506592 0.680147 0.0268555 0.0477941
1 0.0942383 0.351562 0.0283203 0.0505515
1 0.0141602 0.980699 0.0244141 0.0386029
1 0.965576 0.745404 0.0219727 0.0422794
1 0.921875 0.560202 0.0253906 0.0413603
0 0.323975 0.634191 0.0239258 0.0441176
1 0.803223 0.171415 0.0234375 0.0450368
0 0.299072 0.669118 0.0268555 0.0477941
1 0.783691 0.59375 0.0273438 0.0441176
1 0.0180664 0.457721 0.0244141 0.0477941
1 0.151367 0.231158 0.0273438 0.0487132
1 0.668701 0.392463 0.0219727 0.0422794
1 0.203369 0.85386 0.0258789 0.0441176
1 0.611328 0.25 0.0195312 0.0386029
1 0.145508 0.586857 0.0244141 0.046875
1 0.990234 0.176011 0.0195312 0.046875
1 0.171631 0.0179228 0.027832 0.0358456
1 0.406982 0.204044 0.0268555 0.0477941
1 0.235352 0.347426 0.0263672 0.0514706
1 0.163574 0.772518 0.0263672 0.0487132
1 0.24585 0.0229779 0.0258789 0.0441176
1 0.570312 0.388327 0.0234375 0.0413603
1 0.0917969 0.0326287 0.0332031 0.0542279
1 0.395264 0.128676 0.0219727 0.0404412
1 0.127686 0.828125 0.0258789 0.0514706
1 0.598145 0.299632 0.0244141 0.0441176
1 0.691406 0.384651 0.0234375 0.0450368
1 0.0314941 0.409926 0.0258789 0.0441176
1 0.147217 0.301011 0.0288086 0.0487132
1 0.106689 0.530331 0.0258789 0.0459559
1 0.177734 0.831801 0.0244141 0.0422794
1 0.21582 0.0772059 0.0253906 0.0477941
1 0.803955 0.223805 0.0229492 0.0431985
1 0.579346 0.248621 0.0229492 0.0431985
1 0.0922852 0.8125 0.0263672 0.0477941
1 0.597656 0.230239 0.0205078 0.0413603
1 0.0910645 0.599724 0.0249023 0.0505515
1 0.48291 0.131434 0.0224609 0.0441176
1 0.333984 0.192096 0.0253906 0.0477941
1 0.501953 0.174632 0.0253906 0.0459559
1 0.418701 0.954963 0.027832 0.0496324
1 0.402588 0.160846 0.0209961 0.0422794
1 0.810303 0.300092 0.0249023 0.0395221
1 0.132568 0.621324 0.0249023 0.0459559
1 0.983643 0.928309 0.0268555 0.0514706
1 0.527832 0.270221 0.0244141 0.0477941
1 0.315186 0.249081 0.0268555 0.0477941
1 0.783203 0.271599 0.0263672 0.0450368
1 0.206299 0.313419 0.0268555 0.0496324
1 0.981201 0.733915 0.0200195 0.0395221
