0 0.102051 0.0234375 0.0351562 0.046875
1 0.309082 0.902574 0.0283203 0.0514706
1 0.958008 0.867188 0.0234375 0.0395221
1 0.258545 0.845588 0.0307617 0.0551471
0 0.525391 0.209559 0.0224609 0.0459559
1 0.838379 0.764706 0.0263672 0.0459559
1 0.0849609 0.238511 0.0341797 0.0634191
1 0.109619 0.386949 0.0297852 0.0643382
1 0.952148 0.556066 0.03125 0.0496324
1 0.923584 0.975643 0.0297852 0.0431985
1 0.102295 0.0243566 0.0336914 0.0487132
0 0.791992 0.925092 0.0234375 0.0487132
0 0.924072 0.976562 0.0297852 0.046875
1 0.828857 0.62454 0.0219727 0.046875
0 0.799805 0.594669 0.0273438 0.0514706
1 0.310547 0.240349 0.0292969 0.0560662
0 0.569336 0.597886 0.03125 0.0542279
0 0.258545 0.846967 0.0297852 0.0523897
1 0.385254 0.259191 0.0263672 0.0459559
0 0.825684 0.954504 0.0263672 0.0505515
1 0.800781 0.594669 0.0253906 0.0496324
0 0.308838 0.238511 0.0297852 0.0560662
0 0.202637 0.957261 0.0283203 0.0505515
1 0.872559 0.744945 0.0263672 0.0450368
1 0.987549 0.172794 0.0249023 0.0551471
0 0.93457 0.882812 0.0234375 0.0395221
0 0.872559 0.746324 0.0263672 0.0477941
1 0.91626 0.495404 0.0249023 0.0459559
0 0.0849609 0.238051 0.0361328 0.0588235
1 0.37793 0.367188 0.0214844 0.0413603
0 0.439209 0.881893 0.0336914 0.0560662
0 0.164551 0.772518 0.0283203 0.0560662
0 0.829102 0.623162 0.0234375 0.0477941
1 0.203369 0.957261 0.0307617 0.0560662
1 0.416016 0.454963 0.0253906 0.0496324
1 0.390625 0.347426 0.0214844 0.0404412
1 0.825684 0.953585 0.0263672 0.0487132
0 0.108887 0.388327 0.0302734 0.0615809
0 0.0222168 0.193474 0.0336914 0.0670956
1 0.689941 0.389706 0.0302734 0.0661765
1 0.189209 0.542279 0.034668 0.0661765
