1 0.858643 0.0845588 0.0219727 0.0459559
0 0.567871 0.596967 0.0302734 0.0560662
0 0.101318 0.0220588 0.0336914 0.0441176
1 0.101807 0.0234375 0.0336914 0.046875
0 0.189697 0.542279 0.034668 0.0698529
0 0.96167 0.866268 0.027832 0.046875
1 0.786377 0.926471 0.0268555 0.0477941
0 0.832764 0.77114 0.0297852 0.0514706
1 0.258545 0.845588 0.0297852 0.0533088
1 0.811768 0.120404 0.0219727 0.0477941
0 0.835938 0.123162 0.0214844 0.0459559
0 0.811523 0.118566 0.0234375 0.0477941
1 0.529053 0.272978 0.0219727 0.0404412
1 0.835205 0.12546 0.0219727 0.0450368
1 0.961914 0.870404 0.0234375 0.0422794
0 0.799316 0.595129 0.0283203 0.0505515
0 0.921875 0.977022 0.0292969 0.0459559
0 0.826416 0.953585 0.0297852 0.0523897
1 0.923584 0.976562 0.0297852 0.0431985
1 0.109375 0.387408 0.0292969 0.0634191
1 0.947754 0.561121 0.0263672 0.0487132
1 0.56958 0.596507 0.027832 0.0496324
1 0.528809 0.308824 0.0224609 0.0386029
1 0.832764 0.77068 0.0297852 0.0542279
0 0.872559 0.746324 0.0283203 0.0477941
0 0.30957 0.23943 0.0302734 0.0542279
0 0.828857 0.623162 0.0249023 0.0477941
1 0.310303 0.23989 0.0307617 0.0551471
0 0.259033 0.846967 0.027832 0.0505515
1 0.202881 0.957261 0.0297852 0.0523897
0 0.202148 0.957261 0.0273438 0.0487132
1 0.91626 0.494945 0.0249023 0.046875
1 0.828857 0.62454 0.0219727 0.046875
1 0.385742 0.256434 0.0253906 0.0477941
1 0.872559 0.745864 0.0283203 0.046875
1 0.800049 0.594669 0.0268555 0.0496324
0 0.164551 0.772518 0.0283203 0.0542279
0 0.0852051 0.23943 0.034668 0.0615809
1 0.988281 0.172794 0.0234375 0.0514706
0 0.439209 0.882353 0.0336914 0.0551471
0 0.934326 0.882812 0.0249023 0.0413603
1 0.415527 0.454963 0.0234375 0.0459559
0 0.108887 0.389246 0.0292969 0.0615809
1 0.377441 0.367188 0.0224609 0.0413603
0 0.0224609 0.193474 0.0341797 0.0670956
1 0.689941 0.389706 0.0302734 0.0643382
1 0.825928 0.954504 0.0297852 0.0505515
1 0.394775 0.341912 0.0249023 0.0422794
1 0.189209 0.54182 0.034668 0.0652574
