0 0.95166 0.865349 0.0234375 0.0395221
0 0.936523 0.880055 0.0234375 0.0358456
0 0.102051 0.0234375 0.0361328 0.046875
0 0.859375 0.0827206 0.0234375 0.0459559
0 0.52417 0.206801 0.0268555 0.0459559
1 0.935059 0.881893 0.0234375 0.0395221
0 0.189453 0.542279 0.0351562 0.0735294
1 0.109863 0.386949 0.0302734 0.0643382
1 0.102539 0.0248162 0.0341797 0.0496324
1 0.438965 0.880055 0.0302734 0.0597426
0 0.925049 0.976562 0.0297852 0.046875
1 0.841553 0.766085 0.0249023 0.046875
1 0.30957 0.237592 0.0292969 0.0597426
0 0.841309 0.766085 0.0263672 0.0450368
1 0.825928 0.953125 0.0249023 0.0441176
1 0.800781 0.59421 0.0253906 0.0505515
0 0.798096 0.928768 0.0239258 0.046875
0 0.259277 0.847886 0.03125 0.0542279
0 0.825928 0.953585 0.0249023 0.046875
0 0.203125 0.957261 0.03125 0.0523897
1 0.416504 0.452665 0.03125 0.0579044
1 0.924316 0.975184 0.0283203 0.0441176
1 0.956299 0.556985 0.027832 0.0514706
0 0.800781 0.594669 0.0263672 0.0496324
1 0.258301 0.847886 0.0302734 0.0523897
1 0.872559 0.745404 0.0263672 0.0477941
1 0.950684 0.866268 0.0234375 0.0395221
0 0.439453 0.881434 0.0351562 0.0606618
0 0.570068 0.597426 0.0327148 0.0569853
1 0.987549 0.173254 0.0249023 0.0579044
0 0.829102 0.624081 0.0234375 0.0496324
1 0.916504 0.496324 0.0263672 0.0477941
0 0.308594 0.237592 0.0302734 0.0597426
0 0.0849609 0.238051 0.0361328 0.0606618
0 0.872559 0.745864 0.0263672 0.0487132
0 0.164795 0.772978 0.0288086 0.0569853
1 0.203613 0.957261 0.03125 0.0542279
1 0.303711 0.90579 0.0283203 0.0560662
0 0.109131 0.387868 0.0307617 0.0625
0 0.0222168 0.193474 0.0327148 0.0670956
1 0.689941 0.389706 0.03125 0.0643382
1 0.189209 0.54182 0.034668 0.0670956
