0 0.971924 0.17693 0.019043 0.0358456
0 0.817139 0.807445 0.0170898 0.0413603
0 0.578369 0.20818 0.0219727 0.0358456
0 0.213135 0.741268 0.0180664 0.0340074
0 0.0339355 0.53171 0.0161133 0.0376838
0 0.444336 0.153952 0.0195312 0.0340074
0 0.510254 0.0160846 0.0185547 0.0321691
0 0.0947266 0.168199 0.0175781 0.0349265
0 0.566406 0.955882 0.0234375 0.0404412
0 0.925781 0.335018 0.0214844 0.0395221
0 0.666016 0.420956 0.0175781 0.0330882
0 0.158203 0.225643 0.0195312 0.0376838
1 0.979736 0.447151 0.0219727 0.0395221
0 0.710449 0.653493 0.0195312 0.0349265
0 0.352783 0.842831 0.019043 0.0367647
0 0.367432 0.84421 0.0170898 0.0413603
0 0.467529 0.269761 0.0180664 0.0303309
0 0.564209 0.302849 0.0180664 0.0340074
0 0.126221 0.502757 0.0180664 0.0349265
0 0.979736 0.446691 0.0200195 0.0404412
0 0.993652 0.105239 0.0126953 0.0376838
0 0.939697 0.246783 0.0219727 0.0321691
0 0.859375 0.670037 0.0175781 0.0349265
0 0.617188 0.977022 0.0205078 0.0386029
1 0.925781 0.33364 0.0214844 0.0386029
0 0.379883 0.0307904 0.0214844 0.0340074
0 0.653076 0.338235 0.0180664 0.0349265
0 0.515869 0.465993 0.0209961 0.0349265
0 0.195068 0.245404 0.0170898 0.0422794
0 0.948486 0.962316 0.0219727 0.0422794
0 0.991699 0.186121 0.0166016 0.0376838
0 0.533203 0.274816 0.0224609 0.0386029
0 0.00927734 0.988051 0.0185547 0.0238971
0 0.268311 0.223346 0.0219727 0.0367647
1 0.532959 0.272978 0.0219727 0.0367647
0 0.572266 0.107996 0.0195312 0.0321691
0 0.965576 0.759651 0.0219727 0.0395221
0 0.490967 0.358456 0.019043 0.0367647
0 0.953857 0.058364 0.0219727 0.0413603
0 0.948242 0.315717 0.0234375 0.0395221
0 0.133545 0.13511 0.019043 0.0386029
0 0.500732 0.341912 0.0180664 0.0349265
0 0.959229 0.225184 0.0219727 0.0386029
0 0.803223 0.046875 0.0185547 0.0367647
0 0.582764 0.196691 0.019043 0.0330882
0 0.368164 0.796875 0.015625 0.0349265
0 0.716064 0.483456 0.019043 0.0404412
1 0.412354 0.205882 0.0219727 0.0422794
0 0.982178 0.741268 0.0170898 0.0340074
0 0.765625 0.897978 0.0214844 0.0386029
0 0.168701 0.0151654 0.0249023 0.0303309
0 0.119141 0.162684 0.0185547 0.0367647
0 0.618896 0.419577 0.0170898 0.0395221
0 0.0385742 0.405331 0.0205078 0.0386029
0 0.547607 0.315257 0.0170898 0.0330882
0 0.65625 0.302849 0.0175781 0.0321691
0 0.615967 0.25046 0.019043 0.0321691
0 0.781738 0.58364 0.0224609 0.0441176
0 0.19873 0.539982 0.0214844 0.0376838
0 0.529297 0.34421 0.0205078 0.0321691
0 0.625732 0.316176 0.0161133 0.0367647
0 0.207031 0.85432 0.0214844 0.0413603
0 0.834229 0.553309 0.0219727 0.0367647
0 0.496338 0.609375 0.0209961 0.0367647
0 0.51709 0.822151 0.0185547 0.0376838
0 0.545654 0.512868 0.0209961 0.0367647
0 0.616699 0.889706 0.0185547 0.0404412
0 0.85083 0.0840993 0.0200195 0.0395221
0 0.570801 0.210478 0.0205078 0.0367647
0 0.108398 0.53125 0.0214844 0.0367647
0 0.534668 0.802849 0.0205078 0.0395221
0 0.401855 0.160386 0.0205078 0.0358456
1 0.947754 0.316636 0.0234375 0.0413603
0 0.602539 0.44761 0.015625 0.0386029
0 0.844482 0.127298 0.0200195 0.0358456
0 0.360596 0.162224 0.0200195 0.0376838
0 0.593018 0.372243 0.019043 0.0367647
0 0.991455 0.130974 0.0170898 0.0376838
0 0.258789 0.845588 0.0224609 0.0367647
0 0.319824 0.873621 0.0214844 0.0413603
0 0.754883 0.787224 0.0234375 0.0413603
0 0.918701 0.836857 0.0219727 0.0376838
0 0.348145 0.800551 0.0185547 0.0386029
0 0.574951 0.253217 0.0200195 0.0358456
0 0.829834 0.517463 0.0219727 0.0386029
0 0.564453 0.373162 0.0185547 0.0404412
0 0.727783 0.629596 0.0209961 0.0404412
0 0.0410156 0.120404 0.0214844 0.0386029
0 0.0158691 0.469669 0.0219727 0.0422794
0 0.607178 0.490349 0.0180664 0.0340074
0 0.786865 0.676471 0.0209961 0.0441176
0 0.0556641 0.11443 0.0205078 0.0358456
0 0.775635 0.858456 0.0209961 0.0367647
0 0.828857 0.625 0.0200195 0.0386029
0 0.269287 0.983456 0.0239258 0.0330882
0 0.12793 0.826287 0.0205078 0.0441176
0 0.598145 0.300092 0.0195312 0.0395221
0 0.395264 0.113051 0.0229492 0.0422794
0 0.987549 0.942096 0.0249023 0.0386029
0 0.0922852 0.0358456 0.0273438 0.0422794
