1 0.101074 0.0234375 0.0341797 0.046875
0 0.310303 0.898438 0.0307617 0.0523897
1 0.308594 0.244026 0.03125 0.0542279
0 0.858643 0.0845588 0.0219727 0.0459559
1 0.78418 0.924173 0.0273438 0.046875
1 0.922607 0.976562 0.0297852 0.0450368
0 0.534912 0.919118 0.0297852 0.0496324
0 0.784424 0.924173 0.0288086 0.046875
1 0.835938 0.12454 0.0234375 0.0450368
0 0.10083 0.0225184 0.0336914 0.0450368
0 0.569092 0.597886 0.0307617 0.0523897
0 0.922607 0.975643 0.0297852 0.0431985
0 0.810791 0.117188 0.0239258 0.0487132
0 0.799316 0.595129 0.0283203 0.0487132
0 0.189453 0.540901 0.0332031 0.0670956
1 0.569092 0.596507 0.027832 0.0496324
1 0.202393 0.957261 0.0307617 0.0542279
1 0.966309 0.875919 0.0234375 0.0459559
1 0.945312 0.561121 0.0283203 0.0487132
1 0.799316 0.595129 0.0263672 0.0487132
1 0.917236 0.494026 0.0249023 0.0487132
1 0.988281 0.172335 0.0234375 0.0505515
1 0.828857 0.62454 0.0219727 0.046875
0 0.438232 0.882812 0.0327148 0.0542279
0 0.828857 0.623162 0.0249023 0.0477941
0 0.966309 0.874081 0.0234375 0.0496324
0 0.310059 0.241268 0.03125 0.0542279
1 0.529053 0.308364 0.0219727 0.0413603
0 0.830322 0.771599 0.0297852 0.0560662
1 0.415527 0.454963 0.0234375 0.0459559
1 0.527588 0.272059 0.0209961 0.0386029
1 0.385498 0.253217 0.0288086 0.046875
0 0.826416 0.954044 0.0297852 0.0514706
0 0.872559 0.746324 0.0263672 0.0477941
1 0.377686 0.367188 0.0239258 0.0431985
0 0.934326 0.883272 0.0249023 0.0422794
0 0.201904 0.957261 0.027832 0.046875
0 0.0849609 0.238971 0.0341797 0.0606618
0 0.258545 0.847886 0.0268555 0.0505515
1 0.189453 0.54182 0.0341797 0.0634191
1 0.395752 0.339614 0.0239258 0.0413603
0 0.108887 0.389246 0.0283203 0.0615809
0 0.165283 0.773438 0.0268555 0.0523897
0 0.0224609 0.193015 0.0332031 0.0661765
1 0.826416 0.954504 0.0297852 0.0505515
1 0.689941 0.389706 0.0302734 0.0643382
