0 0.858643 0.0840993 0.0200195 0.0450368
1 0.387451 0.783088 0.0239258 0.0441176
1 0.312256 0.893382 0.027832 0.0477941
0 0.990967 0.415441 0.0180664 0.0367647
0 0.0961914 0.0257353 0.0283203 0.0441176
0 0.543945 0.0588235 0.0234375 0.0404412
1 0.882812 0.242188 0.0214844 0.046875
0 0.544189 0.904412 0.0307617 0.0477941
1 0.93457 0.879596 0.0234375 0.0422794
1 0.772949 0.921875 0.0273438 0.0514706
1 0.858398 0.25046 0.0234375 0.0395221
0 0.917236 0.494026 0.0249023 0.0450368
1 0.0961914 0.0243566 0.0302734 0.0450368
1 0.258789 0.846048 0.0253906 0.0487132
1 0.920898 0.97886 0.03125 0.0422794
1 0.104004 0.382353 0.0292969 0.0588235
1 0.828857 0.624081 0.0219727 0.0477941
0 0.689453 0.387868 0.0292969 0.0588235
0 0.258789 0.845588 0.0253906 0.0496324
1 0.544434 0.904871 0.0263672 0.046875
0 0.773438 0.921875 0.0283203 0.0514706
1 0.810791 0.119485 0.0219727 0.0459559
0 0.567627 0.596967 0.0297852 0.0542279
1 0.917236 0.492647 0.0297852 0.0477941
1 0.786133 0.272978 0.0234375 0.0459559
0 0.933594 0.881434 0.0234375 0.0422794
1 0.568848 0.597886 0.0273438 0.0487132
0 0.564209 0.0790441 0.0219727 0.0441176
1 0.989014 0.172794 0.0219727 0.0496324
0 0.438965 0.884651 0.0234375 0.046875
1 0.519531 0.201287 0.0224609 0.0422794
0 0.199219 0.95818 0.03125 0.0523897
0 0.796143 0.592371 0.0249023 0.046875
0 0.920898 0.980699 0.03125 0.0386029
0 0.171875 0.0229779 0.0283203 0.0422794
1 0.171631 0.0220588 0.027832 0.0422794
1 0.9375 0.565717 0.0263672 0.046875
1 0.83667 0.124081 0.0219727 0.0422794
0 0.0852051 0.238971 0.0317383 0.0551471
1 0.524658 0.269761 0.0219727 0.0395221
1 0.824219 0.777114 0.0253906 0.046875
0 0.22998 0.338235 0.0224609 0.0514706
1 0.199219 0.95864 0.0292969 0.0514706
1 0.866211 0.857077 0.0234375 0.046875
1 0.879639 0.827206 0.0249023 0.0441176
0 0.0219727 0.193474 0.0292969 0.0579044
0 0.756836 0.789062 0.0234375 0.0413603
1 0.872559 0.741728 0.0263672 0.0496324
1 0.410156 0.908088 0.0234375 0.0477941
1 0.528076 0.309743 0.0219727 0.0404412
0 0.194092 0.0611213 0.027832 0.0487132
0 0.871826 0.744026 0.0268555 0.046875
1 0.804688 0.301471 0.0234375 0.0459559
0 0.164795 0.77114 0.0288086 0.0496324
0 0.828857 0.622702 0.0249023 0.0487132
0 0.826416 0.954044 0.0297852 0.0514706
0 0.104492 0.382353 0.0273438 0.0514706
1 0.689697 0.387408 0.0297852 0.0597426
0 0.769531 0.763327 0.0253906 0.0413603
1 0.391357 0.871783 0.0229492 0.0487132
1 0.311523 0.244945 0.0273438 0.046875
1 0.414795 0.455882 0.0249023 0.0441176
0 0.209961 0.318474 0.0253906 0.0523897
1 0.976562 0.894301 0.0263672 0.0459559
1 0.392822 0.233456 0.0258789 0.0459559
1 0.378662 0.368566 0.0258789 0.0459559
1 0.408447 0.339614 0.0239258 0.0450368
1 0.189697 0.54182 0.0307617 0.0579044
