1 0.136719 0.598805 0.0224609 0.0431985
1 0.883545 0.102022 0.0200195 0.0404412
1 0.876709 0.722886 0.0297852 0.0487132
0 0.0158691 0.980239 0.0307617 0.0395221
1 0.804688 0.988051 0.03125 0.0238971
0 0.914062 0.981158 0.0283203 0.0321691
0 0.566406 0.597886 0.0292969 0.0523897
1 0.858398 0.253676 0.0234375 0.0367647
1 0.83667 0.865349 0.0219727 0.0413603
1 0.531738 0.320772 0.0234375 0.0404412
0 0.163574 0.769761 0.0283203 0.0542279
0 0.0202637 0.195312 0.0258789 0.0505515
1 0.0195312 0.195312 0.0273438 0.0542279
1 0.553467 0.890625 0.0268555 0.0422794
0 0.876465 0.724265 0.0283203 0.0477941
1 0.205811 0.0772059 0.0258789 0.0477941
1 0.884521 0.237132 0.0249023 0.0422794
0 0.196289 0.951287 0.03125 0.0533088
1 0.164795 0.770221 0.027832 0.0514706
1 0.917236 0.493107 0.027832 0.046875
1 0.257812 0.84421 0.0253906 0.0450368
1 0.100586 0.365809 0.0244141 0.0441176
1 0.773438 0.723346 0.0234375 0.0441176
1 0.0148926 0.982077 0.027832 0.0358456
1 0.196777 0.950368 0.03125 0.0514706
1 0.739502 0.149357 0.0219727 0.0395221
0 0.206055 0.0772059 0.0263672 0.0496324
1 0.787598 0.592371 0.0263672 0.046875
1 0.828857 0.622702 0.0219727 0.046875
1 0.115967 0.814798 0.0209961 0.0395221
1 0.93042 0.5625 0.0268555 0.0459559
1 0.896729 0.107996 0.0219727 0.0413603
1 0.172852 0.0206801 0.0292969 0.0413603
1 0.101074 0.814798 0.0253906 0.0376838
1 0.567383 0.600643 0.0273438 0.0487132
1 0.731689 0.122243 0.0219727 0.0404412
1 0.0915527 0.0289522 0.0336914 0.046875
1 0.399414 0.21875 0.0234375 0.0441176
1 0.690918 0.386949 0.0273438 0.0477941
1 0.762939 0.926471 0.0297852 0.0533088
1 0.0854492 0.237592 0.0302734 0.0542279
1 0.838379 0.125 0.0234375 0.0459559
1 0.879639 0.825827 0.0249023 0.046875
1 0.827393 0.795956 0.0249023 0.0514706
1 0.755615 0.789062 0.0258789 0.0450368
1 0.859375 0.0845588 0.0214844 0.0441176
1 0.858398 0.862592 0.0234375 0.0487132
1 0.440186 0.884651 0.0258789 0.0487132
1 0.147949 0.237132 0.0224609 0.0404412
1 0.988281 0.174632 0.0234375 0.0496324
1 0.571533 0.100643 0.0239258 0.0487132
1 0.885986 0.0882353 0.0200195 0.0404412
1 0.810059 0.119026 0.0224609 0.0450368
1 0.928955 0.862592 0.0249023 0.0487132
1 0.372559 0.540441 0.0273438 0.0459559
1 0.525146 0.268382 0.0249023 0.0459559
1 0.825928 0.955882 0.0297852 0.0496324
1 0.98291 0.914062 0.0283203 0.0523897
1 0.391846 0.872702 0.0229492 0.0505515
1 0.197266 0.529871 0.0234375 0.046875
1 0.810791 0.300092 0.0249023 0.0450368
1 0.154541 0.261489 0.0209961 0.0376838
1 0.509766 0.189798 0.0253906 0.046875
1 0.0981445 0.528033 0.0283203 0.0505515
1 0.785645 0.271599 0.0224609 0.0487132
1 0.186035 0.485294 0.0214844 0.0441176
1 0.0952148 0.595129 0.0244141 0.0450368
1 0.416748 0.9375 0.0258789 0.0477941
1 0.311035 0.246324 0.0273438 0.0477941
1 0.414795 0.457261 0.0249023 0.0450368
1 0.378174 0.367647 0.0249023 0.0441176
1 0.205322 0.314798 0.0249023 0.046875
1 0.534424 0.0592831 0.0258789 0.0395221
1 0.165039 0.482537 0.0214844 0.0441176
1 0.402832 0.539982 0.0244141 0.046875
1 0.409668 0.340533 0.0253906 0.0450368
1 0.23877 0.34329 0.0283203 0.0505515
