1 0.869385 0.116268 0.0170898 0.0376838
1 0.566406 0.601562 0.0292969 0.0487132
0 0.757568 0.925092 0.0297852 0.046875
1 0.876465 0.721507 0.0283203 0.0477941
1 0.806885 0.988051 0.0297852 0.0238971
1 0.533936 0.326746 0.0219727 0.0413603
0 0.756104 0.790441 0.0288086 0.0477941
1 0.382324 0.481158 0.0185547 0.0340074
0 0.775879 0.716452 0.0234375 0.0450368
1 0.806152 0.204963 0.0175781 0.0422794
0 0.912354 0.982537 0.0297852 0.0349265
0 0.876465 0.722886 0.0263672 0.046875
1 0.787109 0.59329 0.0253906 0.046875
1 0.825928 0.800551 0.0249023 0.0514706
0 0.825684 0.954963 0.0283203 0.0496324
0 0.566406 0.600643 0.0263672 0.046875
1 0.758545 0.926471 0.0317383 0.0514706
1 0.776611 0.717831 0.0249023 0.0441176
1 0.916992 0.492188 0.0234375 0.046875
1 0.755859 0.79136 0.0263672 0.0441176
1 0.555176 0.883732 0.0263672 0.0431985
1 0.85791 0.253217 0.0234375 0.0413603
1 0.879883 0.825827 0.0234375 0.0450368
1 0.828857 0.622243 0.0219727 0.0459559
1 0.740967 0.158548 0.0219727 0.0395221
1 0.679443 0.0606618 0.0209961 0.0367647
1 0.857666 0.862592 0.0249023 0.0450368
1 0.825928 0.955882 0.0297852 0.0496324
1 0.52832 0.066636 0.0234375 0.0431985
1 0.019043 0.196232 0.0253906 0.0505515
1 0.681641 0.0965074 0.0214844 0.0404412
1 0.927979 0.857996 0.0249023 0.0487132
1 0.172363 0.019761 0.0283203 0.0395221
1 0.0910645 0.0298713 0.0327148 0.046875
1 0.257324 0.84375 0.0244141 0.0441176
1 0.838379 0.12454 0.0234375 0.0431985
1 0.93042 0.56296 0.0268555 0.0450368
1 0.439697 0.88511 0.0258789 0.0441176
1 0.690674 0.38557 0.0258789 0.046875
1 0.0146484 0.981618 0.0253906 0.0367647
1 0.571533 0.103401 0.0229492 0.0431985
1 0.208984 0.0795037 0.0253906 0.0487132
1 0.859375 0.0836397 0.0205078 0.0422794
1 0.524658 0.268382 0.0239258 0.0477941
1 0.400879 0.213235 0.0244141 0.0477941
1 0.988281 0.175092 0.0234375 0.0487132
1 0.236572 0.715993 0.0239258 0.0422794
1 0.0849609 0.236213 0.0292969 0.0533088
1 0.809326 0.119026 0.0219727 0.0431985
1 0.882812 0.0868566 0.0205078 0.0413603
1 0.196777 0.946232 0.0273438 0.0487132
1 0.591797 0.289522 0.0234375 0.0422794
1 0.100098 0.524816 0.0263672 0.0477941
1 0.897705 0.106158 0.0200195 0.0431985
1 0.371094 0.539062 0.0253906 0.0450368
1 0.391846 0.87454 0.0229492 0.0487132
1 0.98291 0.915901 0.0283203 0.0542279
1 0.50708 0.184743 0.0239258 0.0459559
1 0.144775 0.590533 0.0209961 0.0450368
1 0.13208 0.607996 0.0200195 0.0431985
1 0.731201 0.116728 0.0209961 0.0422794
1 0.0942383 0.601103 0.0234375 0.0441176
1 0.585938 0.256434 0.0224609 0.0386029
1 0.196777 0.530331 0.0234375 0.0441176
1 0.231201 0.759191 0.0239258 0.0441176
1 0.414551 0.457721 0.0244141 0.0441176
1 0.0983887 0.363051 0.0268555 0.0459559
1 0.1875 0.483915 0.0234375 0.0450368
1 0.812012 0.301471 0.0244141 0.0422794
1 0.378174 0.367647 0.0249023 0.0441176
1 0.161133 0.485294 0.0244141 0.0459559
1 0.786133 0.272059 0.0234375 0.0459559
1 0.409668 0.340074 0.0253906 0.0441176
1 0.164307 0.77068 0.0268555 0.0487132
1 0.417725 0.942555 0.0258789 0.0505515
1 0.147949 0.235294 0.0244141 0.0422794
1 0.0959473 0.814798 0.0268555 0.0487132
1 0.119141 0.820772 0.0234375 0.0459559
1 0.311523 0.246324 0.0263672 0.0477941
1 0.15332 0.273438 0.0253906 0.0413603
1 0.23877 0.34421 0.0283203 0.0505515
1 0.205322 0.314798 0.0249023 0.046875
1 0.405273 0.538603 0.0234375 0.0422794
