0 0.858643 0.0840993 0.0219727 0.046875
0 0.10083 0.0225184 0.034668 0.0450368
1 0.533936 0.918199 0.0288086 0.0569853
1 0.101074 0.0234375 0.0341797 0.046875
0 0.310547 0.898438 0.03125 0.0542279
1 0.921875 0.977022 0.03125 0.0459559
0 0.798584 0.595588 0.027832 0.0496324
1 0.0849609 0.238051 0.0332031 0.0625
0 0.811035 0.117647 0.0234375 0.0496324
1 0.810791 0.119485 0.0219727 0.0477941
1 0.569336 0.596507 0.0273438 0.0496324
0 0.569336 0.597886 0.03125 0.0523897
0 0.535156 0.920037 0.0292969 0.0514706
0 0.189697 0.54136 0.0336914 0.0680147
1 0.108887 0.387408 0.0302734 0.0634191
0 0.967041 0.875919 0.0249023 0.0496324
0 0.921875 0.976562 0.03125 0.0431985
0 0.310547 0.240809 0.03125 0.0533088
1 0.202148 0.95818 0.03125 0.0542279
1 0.836914 0.124081 0.0234375 0.0459559
0 0.783691 0.923254 0.03125 0.0487132
1 0.799805 0.594669 0.0273438 0.0496324
1 0.917236 0.494945 0.0297852 0.0505515
0 0.828857 0.623162 0.0249023 0.0496324
1 0.94458 0.561581 0.027832 0.0496324
1 0.967285 0.876379 0.0234375 0.046875
1 0.988281 0.171875 0.0234375 0.0514706
1 0.310547 0.241268 0.03125 0.0542279
1 0.829102 0.624081 0.0234375 0.0477941
0 0.830322 0.772059 0.0297852 0.0551471
0 0.0852051 0.238051 0.0356445 0.0588235
1 0.386963 0.252298 0.0268555 0.0487132
0 0.872559 0.746324 0.0283203 0.0477941
1 0.528564 0.308364 0.0209961 0.0413603
0 0.20166 0.95818 0.0283203 0.0487132
1 0.415283 0.455423 0.0239258 0.0450368
0 0.934326 0.883272 0.0249023 0.0441176
1 0.396484 0.337776 0.0244141 0.0413603
0 0.438232 0.882812 0.0327148 0.0542279
1 0.527588 0.27114 0.0209961 0.0386029
0 0.826416 0.953585 0.0297852 0.0523897
0 0.108643 0.389246 0.0297852 0.0615809
0 0.258545 0.847886 0.0268555 0.0505515
1 0.377686 0.367647 0.0239258 0.0441176
0 0.165527 0.773897 0.0273438 0.0514706
0 0.0222168 0.192555 0.0336914 0.0670956
1 0.826416 0.954044 0.0297852 0.0514706
1 0.189209 0.54182 0.034668 0.0652574
1 0.689941 0.390165 0.03125 0.0652574
