1 0.804443 0.988051 0.0297852 0.0238971
0 0.102051 0.372702 0.0244141 0.0431985
0 0.205078 0.317555 0.0273438 0.0542279
1 0.184082 0.486673 0.0205078 0.0395221
0 0.874268 0.727941 0.0249023 0.0459559
0 0.928955 0.868107 0.0249023 0.0487132
1 0.875732 0.727022 0.0268555 0.0441176
1 0.204346 0.0749081 0.0258789 0.0450368
1 0.0969238 0.53171 0.0258789 0.046875
0 0.0927734 0.0294118 0.0332031 0.0477941
0 0.914795 0.981618 0.0297852 0.0367647
1 0.172607 0.0202206 0.0288086 0.0404412
1 0.835938 0.866268 0.0205078 0.0395221
0 0.0969238 0.532629 0.027832 0.0487132
1 0.197754 0.956342 0.0283203 0.046875
1 0.882812 0.242188 0.0234375 0.0450368
1 0.0927734 0.0275735 0.0332031 0.0459559
0 0.19751 0.955882 0.0288086 0.0459559
1 0.928955 0.868566 0.0249023 0.0459559
1 0.858643 0.254136 0.0219727 0.0413603
0 0.0209961 0.195312 0.0263672 0.0505515
1 0.258301 0.84421 0.0244141 0.0450368
1 0.98877 0.173254 0.0224609 0.0505515
0 0.0852051 0.238051 0.0307617 0.0533088
1 0.917236 0.492647 0.0297852 0.0477941
1 0.829102 0.623162 0.0234375 0.0477941
1 0.838379 0.125 0.0234375 0.0477941
1 0.196777 0.532169 0.0244141 0.0422794
1 0.932129 0.563419 0.0283203 0.0459559
1 0.55249 0.894301 0.0249023 0.0422794
1 0.440674 0.884651 0.0239258 0.046875
1 0.858398 0.0831801 0.0234375 0.046875
1 0.690918 0.387408 0.0273438 0.046875
1 0.771973 0.731158 0.0224609 0.046875
1 0.810059 0.119485 0.0234375 0.0459559
1 0.789307 0.591912 0.0249023 0.0459559
1 0.0957031 0.588695 0.0283203 0.0487132
0 0.163818 0.77068 0.0297852 0.0560662
1 0.810303 0.300092 0.0258789 0.0450368
1 0.825928 0.955882 0.0297852 0.0496324
1 0.86084 0.862592 0.0234375 0.0487132
1 0.513672 0.192555 0.0253906 0.0450368
1 0.880615 0.825827 0.0249023 0.046875
0 0.204102 0.0735294 0.0253906 0.0477941
1 0.826416 0.789982 0.0249023 0.0487132
1 0.567627 0.600184 0.0258789 0.0459559
1 0.786133 0.271599 0.0234375 0.0487132
1 0.237305 0.342371 0.0273438 0.046875
1 0.524414 0.268842 0.0234375 0.0413603
1 0.765869 0.923254 0.0258789 0.0542279
1 0.536377 0.0565257 0.0258789 0.0413603
1 0.391602 0.871783 0.0224609 0.0487132
1 0.98291 0.911765 0.0283203 0.0533088
1 0.396973 0.222426 0.0224609 0.0459559
1 0.206055 0.315257 0.0253906 0.0477941
1 0.755859 0.788603 0.0244141 0.0441176
1 0.528564 0.311121 0.0229492 0.0413603
1 0.378418 0.368107 0.0244141 0.0431985
1 0.569824 0.0955882 0.0234375 0.0459559
1 0.415283 0.457261 0.0249023 0.0431985
1 0.373779 0.539982 0.0239258 0.0450368
1 0.415771 0.927849 0.0249023 0.0450368
1 0.409668 0.340533 0.0244141 0.0431985
1 0.398193 0.539522 0.0229492 0.0422794
1 0.311523 0.245864 0.0273438 0.0431985
