0 0.835938 0.123162 0.0214844 0.0459559
1 0.858643 0.0836397 0.0219727 0.0459559
0 0.568359 0.596967 0.0302734 0.0579044
0 0.189697 0.54182 0.034668 0.0689338
0 0.101318 0.0220588 0.0336914 0.0441176
1 0.786865 0.926011 0.0258789 0.0487132
1 0.101807 0.0234375 0.0336914 0.046875
0 0.960938 0.868566 0.0253906 0.0441176
0 0.83374 0.77114 0.0297852 0.0496324
1 0.109375 0.386949 0.0292969 0.0625
1 0.96167 0.870404 0.0249023 0.0422794
1 0.923584 0.975643 0.0297852 0.0431985
0 0.825928 0.953585 0.0297852 0.0523897
0 0.799316 0.595588 0.0283203 0.0496324
1 0.8125 0.120404 0.0214844 0.0496324
0 0.922607 0.977022 0.0297852 0.0459559
1 0.835205 0.12546 0.0219727 0.0450368
1 0.527588 0.305147 0.0209961 0.0367647
1 0.94751 0.56204 0.0249023 0.046875
0 0.309814 0.23943 0.0297852 0.0542279
1 0.832764 0.769761 0.0297852 0.0542279
1 0.310303 0.23989 0.0307617 0.0533088
1 0.203125 0.957261 0.0302734 0.0523897
1 0.569092 0.596507 0.027832 0.0496324
0 0.872559 0.746324 0.0283203 0.0477941
0 0.828857 0.623162 0.0249023 0.0477941
1 0.828857 0.62454 0.0219727 0.046875
0 0.258789 0.846967 0.0273438 0.0505515
1 0.91626 0.495864 0.0249023 0.046875
1 0.872559 0.745864 0.0283203 0.046875
1 0.800293 0.594669 0.0263672 0.0496324
1 0.988281 0.172335 0.0234375 0.0505515
1 0.385254 0.256434 0.0253906 0.0477941
0 0.934326 0.882812 0.0249023 0.0395221
0 0.439453 0.881434 0.0332031 0.0588235
0 0.164551 0.772518 0.0283203 0.0542279
0 0.202393 0.957261 0.027832 0.0487132
1 0.415527 0.454963 0.0244141 0.0459559
0 0.0849609 0.238971 0.0341797 0.0606618
0 0.109131 0.389706 0.0288086 0.0606618
0 0.0222168 0.193474 0.0336914 0.0670956
1 0.377441 0.366728 0.0224609 0.0422794
1 0.689941 0.389706 0.0302734 0.0643382
1 0.825928 0.954504 0.0297852 0.0505515
1 0.394287 0.342831 0.0249023 0.0422794
1 0.189209 0.54182 0.034668 0.0652574
