1 0.821045 0.616268 0.0356445 0.0542279
0 0.416748 0.454504 0.0297852 0.0597426
0 0.189453 0.542279 0.0351562 0.0716912
0 0.102051 0.0238971 0.0361328 0.0477941
0 0.800049 0.595129 0.027832 0.0523897
0 0.859375 0.0831801 0.0234375 0.0487132
1 0.102295 0.0248162 0.034668 0.0496324
1 0.438965 0.880055 0.0302734 0.0597426
1 0.794434 0.926011 0.0234375 0.0487132
1 0.258789 0.847886 0.0292969 0.0523897
1 0.310303 0.23943 0.0297852 0.0597426
0 0.525391 0.20864 0.0253906 0.0477941
0 0.829102 0.623162 0.0234375 0.0496324
1 0.839844 0.764706 0.0263672 0.0459559
1 0.41626 0.454504 0.0297852 0.0597426
0 0.202881 0.957261 0.0317383 0.0542279
0 0.258301 0.846967 0.0302734 0.0542279
0 0.56958 0.597886 0.0317383 0.0560662
0 0.439453 0.881434 0.0341797 0.0588235
1 0.828857 0.625 0.0219727 0.0477941
1 0.987549 0.172794 0.0249023 0.0551471
0 0.164795 0.772518 0.0288086 0.0560662
1 0.308838 0.904871 0.0307617 0.0560662
1 0.93457 0.881893 0.0234375 0.0413603
1 0.801025 0.594669 0.0258789 0.0496324
0 0.308594 0.238051 0.0302734 0.0588235
1 0.924072 0.976103 0.0297852 0.0441176
1 0.203613 0.95818 0.03125 0.0542279
0 0.0852051 0.23943 0.034668 0.0615809
1 0.95459 0.556985 0.0263672 0.0514706
1 0.872559 0.744485 0.0263672 0.0459559
1 0.91626 0.495864 0.0249023 0.046875
1 0.825684 0.952665 0.0263672 0.0487132
0 0.108887 0.388327 0.0302734 0.0615809
1 0.689941 0.389246 0.03125 0.0652574
1 0.956299 0.86489 0.0249023 0.0459559
0 0.0222168 0.193015 0.0327148 0.0661765
1 0.189209 0.542279 0.034668 0.0661765
