1 0.450684 0.51011 0.0195312 0.0386029
1 0.405518 0.174632 0.0239258 0.0533088
0 0.853027 0.0776654 0.0205078 0.0413603
1 0.853271 0.0795037 0.0219727 0.0395221
1 0.561035 0.610754 0.0224609 0.0450368
1 0.941406 0.695772 0.0214844 0.0386029
0 0.510498 0.0174632 0.0200195 0.0349265
1 0.361816 0.685202 0.0283203 0.0523897
0 0.362061 0.685662 0.0288086 0.0496324
1 0.393066 0.657169 0.0244141 0.0459559
1 0.116699 0.161765 0.0234375 0.0404412
0 0.128174 0.138327 0.0229492 0.0395221
0 0.417969 0.962776 0.0283203 0.0487132
1 0.979004 0.441636 0.0234375 0.0413603
1 0.939941 0.719669 0.0205078 0.0386029
0 0.726318 0.634651 0.0219727 0.0413603
0 0.741455 0.914062 0.0249023 0.046875
0 0.463379 0.672335 0.0263672 0.046875
1 0.467285 0.11443 0.0322266 0.0487132
0 0.97876 0.440717 0.0219727 0.0413603
1 0.0644531 0.802849 0.0234375 0.0395221
1 0.660156 0.0128676 0.0214844 0.0257353
0 0.0332031 0.409007 0.0244141 0.0459559
1 0.618408 0.883732 0.0219727 0.0376838
1 0.276611 0.195312 0.0209961 0.0395221
0 0.619141 0.984375 0.0273438 0.03125
0 0.73291 0.185202 0.0224609 0.0431985
0 0.125244 0.484835 0.0219727 0.0505515
1 0.38208 0.787224 0.0209961 0.0395221
0 0.0178223 0.462776 0.027832 0.0560662
0 0.78125 0.685662 0.0244141 0.0477941
1 0.158203 0.5 0.0224609 0.0441176
1 0.828125 0.823989 0.0214844 0.046875
0 0.116211 0.161305 0.0224609 0.0450368
1 0.362305 0.184283 0.0234375 0.0523897
0 0.0930176 0.813419 0.0268555 0.0496324
1 0.989014 0.818934 0.0200195 0.0422794
1 0.0930176 0.8125 0.0268555 0.0477941
1 0.705566 0.653493 0.0244141 0.0441176
1 0.727295 0.63557 0.0229492 0.0431985
1 0.781006 0.686581 0.0258789 0.0477941
1 0.19751 0.532629 0.0249023 0.0450368
1 0.667969 0.392463 0.0224609 0.0459559
1 0.0947266 0.349724 0.0263672 0.0450368
1 0.840576 0.683824 0.0219727 0.0404412
0 0.878906 0.0799632 0.0234375 0.0422794
1 0.462646 0.671875 0.0249023 0.0459559
1 0.259521 0.846048 0.0288086 0.0487132
0 0.158936 0.499081 0.0219727 0.0422794
1 0.741699 0.914062 0.0234375 0.046875
1 0.125977 0.494026 0.0234375 0.0523897
1 0.915527 0.601562 0.0234375 0.0413603
1 0.0324707 0.409926 0.0249023 0.0441176
1 0.531738 0.461397 0.0244141 0.0441176
1 0.538086 0.50046 0.0234375 0.0431985
1 0.170898 0.0160846 0.0273438 0.0321691
0 0.352295 0.801471 0.0219727 0.0459559
1 0.731201 0.100184 0.0239258 0.0459559
0 0.828857 0.824908 0.0219727 0.046875
1 0.195068 0.924632 0.0249023 0.0441176
0 0.325439 0.629136 0.0249023 0.0450368
1 0.633545 0.880055 0.0209961 0.0395221
1 0.175781 0.828125 0.0263672 0.0459559
1 0.372803 0.536305 0.027832 0.0487132
1 0.672852 0.710938 0.0234375 0.046875
1 0.146729 0.587776 0.0229492 0.046875
1 0.186279 0.380515 0.0229492 0.0404412
1 0.646484 0.389706 0.0253906 0.0441176
1 0.128662 0.828585 0.0258789 0.0487132
1 0.910156 0.503676 0.0253906 0.0422794
1 0.510986 0.681985 0.0268555 0.0477941
0 0.197266 0.532169 0.0234375 0.0459559
1 0.435547 0.882812 0.0253906 0.046875
1 0.879883 0.824449 0.0234375 0.0459559
1 0.694092 0.382812 0.0249023 0.0450368
1 0.854004 0.681066 0.0205078 0.0386029
1 0.377686 0.371783 0.0258789 0.0505515
1 0.606201 0.0151654 0.0249023 0.0303309
1 0.152832 0.228401 0.0273438 0.0505515
1 0.755859 0.789522 0.0253906 0.0459559
1 0.80249 0.169118 0.0229492 0.0459559
1 0.712891 0.476562 0.0253906 0.0431985
1 0.992676 0.548254 0.0146484 0.046875
0 0.0861816 0.600184 0.0239258 0.0496324
1 0.855469 0.867647 0.0253906 0.0459559
1 0.885986 0.237132 0.0297852 0.0459559
1 0.186768 0.465074 0.0258789 0.0477941
1 0.231934 0.347886 0.0224609 0.046875
0 0.0756836 0.25 0.0273438 0.0477941
0 0.258301 0.846507 0.0263672 0.0422794
1 0.45752 0.498162 0.0234375 0.0404412
1 0.851562 0.262408 0.0253906 0.0413603
1 0.762207 0.884191 0.0224609 0.0367647
1 0.458496 0.107996 0.0244141 0.046875
1 0.589844 0.363051 0.0244141 0.0441176
1 0.520508 0.0703125 0.0234375 0.0431985
1 0.766846 0.0850184 0.0200195 0.0395221
1 0.394775 0.871324 0.0268555 0.0514706
1 0.991455 0.761489 0.0170898 0.0395221
1 0.108887 0.529871 0.0253906 0.046875
1 0.165039 0.772518 0.0253906 0.046875
1 0.960938 0.217371 0.0234375 0.0340074
1 0.783447 0.59375 0.0258789 0.0441176
1 0.83374 0.127298 0.0249023 0.0431985
1 0.690674 0.446232 0.0239258 0.0431985
1 0.695312 0.740349 0.0205078 0.0450368
0 0.269775 0.984375 0.027832 0.03125
0 0.297852 0.671875 0.0273438 0.0477941
1 0.828125 0.624081 0.0234375 0.0514706
1 0.777588 0.870864 0.0219727 0.0395221
1 0.0144043 0.980699 0.0249023 0.0386029
1 0.205811 0.855239 0.027832 0.046875
0 0.316406 0.879136 0.0253906 0.046875
0 0.092041 0.0363051 0.0336914 0.0505515
1 0.407471 0.34329 0.0268555 0.0450368
1 0.410156 0.537684 0.0263672 0.0459559
1 0.534424 0.339154 0.0239258 0.0441176
1 0.612061 0.252298 0.0200195 0.0413603
1 0.945312 0.317555 0.0253906 0.0431985
1 0.877441 0.710018 0.0234375 0.0431985
1 0.30835 0.127298 0.0268555 0.0505515
1 0.360352 0.167739 0.0253906 0.0431985
1 0.678711 0.13557 0.0273438 0.046875
1 0.97168 0.195312 0.0234375 0.0376838
1 0.761475 0.0482537 0.0219727 0.0395221
1 0.675293 0.0579044 0.0244141 0.0422794
0 0.235107 0.710478 0.0249023 0.0459559
1 0.991455 0.17693 0.0170898 0.0431985
0 0.0119629 0.206342 0.0219727 0.0505515
1 0.797119 0.40579 0.0229492 0.0413603
1 0.418457 0.960938 0.0273438 0.0487132
1 0.814209 0.442555 0.0249023 0.0413603
1 0.92041 0.840993 0.0263672 0.0459559
1 0.56665 0.386029 0.0249023 0.0422794
1 0.197754 0.365809 0.0224609 0.0386029
1 0.806885 0.297794 0.0239258 0.0422794
1 0.597412 0.227941 0.0209961 0.0422794
1 0.146973 0.303768 0.0253906 0.046875
1 0.408203 0.204504 0.0263672 0.046875
1 0.804443 0.232996 0.0239258 0.0450368
1 0.572266 0.104779 0.0244141 0.0404412
1 0.223877 0.789062 0.0268555 0.0450368
1 0.133057 0.625919 0.0249023 0.0459559
1 0.443848 0.471507 0.0224609 0.0422794
1 0.598145 0.300092 0.0234375 0.0431985
1 0.781494 0.273438 0.0258789 0.0450368
1 0.932861 0.331801 0.0219727 0.0404412
1 0.803467 0.10432 0.0229492 0.0413603
1 0.395264 0.118107 0.0229492 0.0450368
1 0.0405273 0.923713 0.0253906 0.0441176
1 0.5 0.175092 0.0253906 0.046875
1 0.964111 0.753217 0.0249023 0.0413603
1 0.577393 0.24954 0.0219727 0.046875
1 0.220947 0.0758272 0.0268555 0.0487132
1 0.828857 0.954044 0.0268555 0.0441176
1 0.0302734 0.88511 0.0253906 0.0441176
1 0.414551 0.462316 0.0263672 0.0496324
1 0.363037 0.203125 0.0219727 0.0404412
1 0.916504 0.55239 0.0234375 0.0422794
1 0.986084 0.932904 0.0249023 0.0514706
1 0.332764 0.198529 0.0249023 0.0441176
1 0.403076 0.159467 0.0229492 0.046875
1 0.316406 0.24954 0.0253906 0.0431985
1 0.483154 0.133732 0.0239258 0.046875
1 0.529785 0.269761 0.0234375 0.0450368
1 0.981201 0.733915 0.0219727 0.0376838
1 0.20752 0.310202 0.0234375 0.0450368
1 0.241943 0.0261949 0.0258789 0.046875
