1 0.806885 0.988051 0.0297852 0.0238971
0 0.196289 0.941176 0.0273438 0.0422794
1 0.588135 0.36489 0.0249023 0.0422794
1 0.325684 0.161305 0.0292969 0.0487132
1 0.377441 0.691636 0.0244141 0.0450368
1 0.681641 0.105239 0.0244141 0.0413603
0 0.258545 0.84375 0.0249023 0.0441176
0 0.610596 0.0128676 0.0249023 0.0257353
0 0.911621 0.982996 0.03125 0.0340074
1 0.30127 0.667279 0.0224609 0.0441176
0 0.740234 0.168199 0.0244141 0.0477941
0 0.654785 0.011489 0.0283203 0.0229779
1 0.855469 0.253217 0.0253906 0.0431985
0 0.523193 0.0684743 0.0249023 0.046875
0 0.681152 0.108915 0.0244141 0.0395221
0 0.834473 0.862592 0.0205078 0.0413603
0 0.376465 0.692555 0.0234375 0.0450368
0 0.390625 0.660386 0.0244141 0.0413603
1 0.740234 0.169118 0.0253906 0.0459559
1 0.879883 0.824908 0.0234375 0.0450368
1 0.495605 0.673713 0.0224609 0.0459559
0 0.300781 0.667279 0.0234375 0.0441176
0 0.571777 0.391085 0.0205078 0.0376838
1 0.6521 0.397518 0.0209961 0.0431985
0 0.440674 0.884651 0.027832 0.046875
1 0.825928 0.955882 0.0297852 0.0477941
0 0.778076 0.709099 0.0258789 0.0431985
0 0.678467 0.0597426 0.0219727 0.0422794
1 0.414062 0.457261 0.0253906 0.046875
0 0.410156 0.340074 0.0253906 0.0459559
0 0.828857 0.621783 0.0268555 0.0523897
1 0.237061 0.711397 0.0239258 0.0441176
0 0.495605 0.674173 0.0234375 0.046875
0 0.877441 0.720129 0.0283203 0.0487132
1 0.439453 0.88557 0.0283203 0.046875
1 0.258545 0.844669 0.027832 0.0459559
0 0.731934 0.113511 0.0234375 0.046875
1 0.573486 0.390625 0.0219727 0.0386029
0 0.753174 0.922794 0.027832 0.0477941
1 0.409668 0.340533 0.0273438 0.046875
1 0.0178223 0.196232 0.0249023 0.0505515
0 0.405029 0.205882 0.0249023 0.0496324
1 0.534912 0.331342 0.0258789 0.0505515
0 0.474609 0.669577 0.0214844 0.0431985
1 0.829102 0.622702 0.0234375 0.0487132
0 0.825684 0.955882 0.0283203 0.0477941
1 0.91626 0.494485 0.0297852 0.0477941
1 0.678955 0.0602022 0.0239258 0.0413603
1 0.371582 0.539982 0.0263672 0.046875
0 0.880371 0.824908 0.0234375 0.0505515
1 0.929688 0.563879 0.0263672 0.0450368
0 0.857178 0.86443 0.0249023 0.046875
0 0.587891 0.36443 0.0234375 0.0395221
1 0.522217 0.0689338 0.0239258 0.0459559
1 0.572021 0.102482 0.0258789 0.046875
1 0.381104 0.786765 0.0229492 0.0422794
1 0.314941 0.150735 0.0244141 0.0441176
1 0.665771 0.395221 0.0209961 0.0422794
0 0.318604 0.64568 0.0239258 0.0431985
1 0.196289 0.940257 0.0273438 0.0459559
1 0.806885 0.179688 0.0219727 0.0413603
0 0.785156 0.59375 0.0292969 0.0477941
0 0.826416 0.807904 0.0249023 0.0533088
1 0.0773926 0.23943 0.0268555 0.0487132
1 0.838135 0.12454 0.0249023 0.0450368
0 0.55835 0.883272 0.0258789 0.0459559
1 0.391357 0.875 0.0229492 0.0496324
1 0.881104 0.0863971 0.0219727 0.0422794
1 0.0146484 0.982077 0.0253906 0.0358456
1 0.925781 0.85432 0.0263672 0.046875
1 0.0913086 0.0317096 0.0332031 0.0505515
1 0.211182 0.0790441 0.0258789 0.0514706
1 0.752441 0.922794 0.0273438 0.0496324
0 0.755615 0.788603 0.0249023 0.0441176
1 0.525391 0.268842 0.0253906 0.0487132
1 0.858643 0.0831801 0.0219727 0.0450368
1 0.172363 0.0188419 0.0292969 0.0376838
1 0.811523 0.301471 0.0253906 0.0441176
1 0.0966797 0.357077 0.0253906 0.0450368
1 0.0932617 0.601103 0.0214844 0.0422794
0 0.565918 0.602482 0.0273438 0.046875
1 0.808594 0.118107 0.0214844 0.0450368
1 0.196533 0.530331 0.0229492 0.0422794
1 0.596436 0.295496 0.0239258 0.0450368
1 0.377686 0.368566 0.0249023 0.0441176
1 0.691162 0.38557 0.0249023 0.046875
1 0.335449 0.184283 0.0253906 0.0450368
1 0.187988 0.480699 0.0244141 0.0459559
1 0.897461 0.106618 0.0234375 0.0459559
1 0.988281 0.174632 0.0234375 0.0514706
1 0.102051 0.523438 0.0234375 0.0450368
1 0.146484 0.585478 0.0205078 0.0422794
1 0.157715 0.491728 0.0224609 0.0422794
1 0.151855 0.287224 0.0253906 0.0431985
1 0.163818 0.77114 0.0258789 0.0441176
1 0.785156 0.271599 0.0253906 0.046875
1 0.147949 0.233915 0.0263672 0.0431985
1 0.132568 0.609835 0.0209961 0.0413603
1 0.80542 0.210478 0.0239258 0.0422794
1 0.505371 0.17739 0.0263672 0.0477941
1 0.419678 0.945312 0.0258789 0.046875
1 0.03125 0.409926 0.0234375 0.0404412
1 0.58252 0.245404 0.0244141 0.0441176
1 0.123535 0.821691 0.0263672 0.0441176
1 0.0227051 0.441636 0.0219727 0.0431985
1 0.23877 0.346048 0.0273438 0.0505515
1 0.0944824 0.815257 0.0288086 0.0514706
1 0.227783 0.768382 0.0249023 0.0441176
1 0.98291 0.919118 0.0283203 0.0551471
1 0.205322 0.313879 0.0239258 0.046875
1 0.313721 0.247243 0.0258789 0.0441176
