0 0.654785 0.011489 0.0283203 0.0229779
1 0.807617 0.988051 0.0302734 0.0238971
1 0.0151367 0.198529 0.0263672 0.0533088
0 0.314209 0.887408 0.0258789 0.0431985
1 0.681396 0.109835 0.0249023 0.0413603
1 0.871826 0.116728 0.019043 0.0386029
0 0.610596 0.0128676 0.0249023 0.0257353
0 0.678467 0.0597426 0.0219727 0.0422794
1 0.196289 0.938419 0.0263672 0.0441176
1 0.162109 0.769301 0.0273438 0.0496324
1 0.564941 0.60386 0.0273438 0.0441176
1 0.879883 0.824908 0.0234375 0.0450368
0 0.267578 0.985294 0.0292969 0.0275735
0 0.405762 0.204044 0.0273438 0.0533088
1 0.0769043 0.241268 0.027832 0.0487132
0 0.0151367 0.980699 0.0292969 0.0386029
0 0.522217 0.0684743 0.0249023 0.046875
0 0.587891 0.36443 0.0244141 0.0395221
1 0.189453 0.842831 0.0224609 0.0386029
0 0.833496 0.862592 0.0205078 0.0413603
1 0.588623 0.363051 0.0239258 0.0404412
0 0.146729 0.585018 0.0200195 0.0413603
0 0.196777 0.53125 0.0234375 0.0422794
1 0.405762 0.204504 0.0263672 0.0505515
0 0.0771484 0.241728 0.0302734 0.0496324
1 0.196777 0.53079 0.0234375 0.0431985
0 0.440674 0.884191 0.0288086 0.0514706
0 0.410156 0.339614 0.0253906 0.0450368
1 0.0148926 0.981618 0.0258789 0.0367647
1 0.606201 0.243566 0.0200195 0.0386029
1 0.854492 0.256434 0.0234375 0.0422794
1 0.473145 0.670956 0.0224609 0.0477941
0 0.188477 0.47886 0.0244141 0.0459559
0 0.778076 0.705423 0.0239258 0.0431985
0 0.825684 0.955423 0.0283203 0.0487132
1 0.825928 0.955423 0.0297852 0.0487132
0 0.499512 0.672794 0.0234375 0.0496324
0 0.828857 0.621324 0.0268555 0.0514706
1 0.414551 0.45864 0.0263672 0.0441176
1 0.371826 0.539522 0.0258789 0.0459559
1 0.572021 0.102941 0.0249023 0.0459559
1 0.259277 0.846507 0.0283203 0.0459559
1 0.157471 0.493566 0.0239258 0.0422794
1 0.829102 0.622243 0.0234375 0.0477941
1 0.410156 0.340533 0.0273438 0.046875
0 0.391846 0.658088 0.0219727 0.0441176
0 0.375244 0.693015 0.0229492 0.0441176
1 0.124268 0.823529 0.0268555 0.0496324
1 0.534912 0.331342 0.0249023 0.0505515
0 0.237305 0.711397 0.0253906 0.0404412
0 0.16333 0.771599 0.0258789 0.046875
1 0.132812 0.610754 0.0214844 0.0413603
1 0.928955 0.564338 0.0268555 0.0441176
0 0.877441 0.719669 0.0283203 0.0477941
1 0.202393 0.851103 0.0219727 0.0367647
1 0.381104 0.786765 0.0229492 0.0441176
0 0.257324 0.844669 0.0253906 0.0441176
1 0.652344 0.397518 0.0224609 0.0431985
1 0.600342 0.231618 0.0200195 0.0386029
1 0.440186 0.88557 0.0288086 0.046875
1 0.498779 0.673713 0.0239258 0.0496324
0 0.751953 0.921875 0.0263672 0.0496324
0 0.4729 0.670496 0.0219727 0.046875
1 0.751465 0.921875 0.0263672 0.0514706
0 0.880371 0.824908 0.0234375 0.0505515
0 0.196045 0.93796 0.0258789 0.0413603
1 0.521973 0.0693934 0.0244141 0.0450368
1 0.740234 0.170956 0.0244141 0.0477941
1 0.731201 0.106618 0.0239258 0.0477941
1 0.678711 0.0602022 0.0234375 0.0413603
1 0.314941 0.14614 0.0234375 0.0477941
1 0.0214844 0.446232 0.0224609 0.0413603
0 0.857178 0.86443 0.0249023 0.046875
0 0.0168457 0.197151 0.0258789 0.0505515
1 0.915771 0.495864 0.0297852 0.0487132
1 0.21167 0.0790441 0.0258789 0.0514706
1 0.572266 0.390625 0.0234375 0.0386029
1 0.146729 0.585478 0.0209961 0.0441176
1 0.03125 0.410846 0.0234375 0.0422794
1 0.151611 0.290441 0.0268555 0.0441176
1 0.925781 0.852941 0.0283203 0.0459559
0 0.300781 0.66636 0.0234375 0.0459559
1 0.838135 0.12454 0.0249023 0.0450368
1 0.0961914 0.355699 0.0263672 0.0459559
0 0.558838 0.882353 0.0258789 0.0459559
1 0.103027 0.523897 0.0244141 0.0459559
0 0.826416 0.809743 0.0249023 0.0514706
1 0.0932617 0.602022 0.0234375 0.0459559
0 0.785156 0.594669 0.0292969 0.0459559
1 0.171875 0.0183824 0.0292969 0.0367647
0 0.755615 0.788603 0.0258789 0.0441176
0 0.56543 0.603401 0.0273438 0.0450368
1 0.667236 0.393842 0.0219727 0.0413603
1 0.88208 0.0854779 0.0219727 0.0422794
1 0.0913086 0.0317096 0.0332031 0.0523897
1 0.377686 0.368566 0.0249023 0.0441176
1 0.0939941 0.815257 0.0288086 0.0514706
1 0.391602 0.875 0.0234375 0.0496324
1 0.147705 0.234375 0.0268555 0.0422794
1 0.596436 0.296415 0.0229492 0.0431985
0 0.320557 0.642463 0.0229492 0.0422794
1 0.858643 0.0831801 0.0219727 0.0431985
1 0.808594 0.118107 0.0214844 0.0450368
1 0.80542 0.17739 0.0219727 0.0422794
1 0.525635 0.268842 0.0258789 0.0487132
1 0.811523 0.30193 0.0253906 0.0431985
1 0.335449 0.184743 0.0253906 0.0459559
1 0.989014 0.175092 0.0219727 0.0505515
1 0.691406 0.386029 0.0253906 0.0477941
1 0.238525 0.346048 0.027832 0.0523897
1 0.582031 0.246324 0.0234375 0.0422794
1 0.226807 0.77114 0.0249023 0.0441176
1 0.896973 0.106618 0.0234375 0.0441176
1 0.504639 0.176011 0.0258789 0.0487132
1 0.80542 0.211397 0.0249023 0.0422794
1 0.205322 0.313419 0.0249023 0.0477941
1 0.785156 0.27114 0.0253906 0.0459559
1 0.419434 0.946232 0.0263672 0.0487132
1 0.98291 0.919577 0.0283203 0.0560662
1 0.313965 0.247243 0.0253906 0.0441176
