1 0.39624 0.354779 0.0375977 0.0514706
1 0.858643 0.0836397 0.0219727 0.0441176
1 0.543945 0.058364 0.0234375 0.0395221
0 0.917236 0.493566 0.0249023 0.0441176
1 0.858643 0.254136 0.0219727 0.0395221
1 0.3125 0.892923 0.0273438 0.0487132
0 0.544434 0.904412 0.0302734 0.0496324
1 0.0959473 0.0238971 0.0297852 0.0441176
1 0.920898 0.97886 0.03125 0.0422794
1 0.772949 0.921875 0.0273438 0.0514706
1 0.104004 0.381893 0.0292969 0.0579044
0 0.689453 0.388327 0.0283203 0.0597426
1 0.258789 0.846507 0.0263672 0.0496324
0 0.258789 0.846507 0.0253906 0.0514706
0 0.564209 0.0795037 0.0219727 0.0431985
1 0.828857 0.623162 0.0219727 0.0477941
1 0.544434 0.904871 0.0273438 0.0487132
1 0.917236 0.492647 0.0297852 0.0477941
0 0.772949 0.921875 0.0283203 0.0514706
1 0.810791 0.119485 0.0219727 0.0459559
0 0.171631 0.0225184 0.027832 0.0413603
1 0.519531 0.200827 0.0214844 0.0413603
0 0.567627 0.597426 0.0297852 0.0533088
1 0.786133 0.272059 0.0234375 0.0459559
0 0.438965 0.884651 0.0234375 0.046875
0 0.795898 0.592371 0.0253906 0.046875
0 0.920898 0.980699 0.03125 0.0386029
0 0.199219 0.95864 0.03125 0.0533088
0 0.933594 0.881434 0.0234375 0.0422794
1 0.989014 0.172794 0.0219727 0.0496324
1 0.568848 0.598346 0.0273438 0.0496324
1 0.824219 0.777114 0.0253906 0.046875
1 0.866455 0.857077 0.0219727 0.046875
1 0.83667 0.124081 0.0219727 0.0422794
0 0.19458 0.0615809 0.0268555 0.0477941
1 0.936768 0.565717 0.0268555 0.046875
0 0.0849609 0.238971 0.03125 0.0551471
1 0.879639 0.827206 0.0249023 0.0441176
0 0.756836 0.789982 0.0234375 0.0413603
1 0.171631 0.0215993 0.027832 0.0413603
1 0.524658 0.269301 0.0229492 0.0404412
0 0.230469 0.338235 0.0234375 0.0514706
1 0.410156 0.909007 0.0224609 0.0441176
0 0.871826 0.743566 0.0268555 0.0459559
0 0.0222168 0.193474 0.0297852 0.0579044
1 0.872559 0.741268 0.0263672 0.0505515
1 0.199219 0.95864 0.0292969 0.0514706
1 0.528076 0.309743 0.0209961 0.0404412
1 0.804688 0.301011 0.0234375 0.046875
0 0.828857 0.622702 0.0249023 0.0487132
0 0.826416 0.954044 0.0297852 0.0514706
1 0.689697 0.386949 0.0297852 0.0606618
0 0.104248 0.382353 0.0268555 0.0514706
1 0.391357 0.871783 0.0229492 0.0487132
0 0.165039 0.77068 0.0292969 0.0505515
0 0.769531 0.763327 0.0253906 0.0413603
1 0.311279 0.244485 0.0268555 0.0459559
1 0.415283 0.455423 0.0249023 0.046875
0 0.209473 0.318015 0.0253906 0.0514706
1 0.976562 0.893842 0.0263672 0.046875
1 0.392822 0.233456 0.0258789 0.0459559
1 0.378662 0.368566 0.0258789 0.0459559
1 0.408936 0.339614 0.0239258 0.0450368
1 0.189697 0.54182 0.0307617 0.0560662
