0 0.950928 0.866268 0.0249023 0.0376838
1 0.935303 0.881893 0.0249023 0.0395221
1 0.841309 0.764706 0.0283203 0.0496324
0 0.383057 0.267463 0.0307617 0.0533088
0 0.102051 0.0238971 0.0361328 0.0477941
0 0.189697 0.54182 0.034668 0.0726103
1 0.0847168 0.238511 0.0336914 0.0634191
1 0.828857 0.62546 0.0219727 0.0487132
0 0.859375 0.082261 0.0234375 0.046875
0 0.925049 0.975643 0.0297852 0.046875
1 0.30957 0.237592 0.0283203 0.0597426
1 0.798828 0.928768 0.0244141 0.046875
1 0.102539 0.0252757 0.0341797 0.0505515
0 0.825928 0.953585 0.0249023 0.046875
0 0.203613 0.957261 0.03125 0.0542279
0 0.841309 0.766085 0.0263672 0.0450368
1 0.438965 0.880515 0.0302734 0.0588235
0 0.259277 0.847886 0.03125 0.0560662
0 0.798828 0.928768 0.0244141 0.046875
1 0.800781 0.59375 0.0253906 0.0514706
0 0.800781 0.59421 0.0263672 0.0487132
1 0.825928 0.953125 0.0249023 0.0441176
1 0.924316 0.975184 0.0283203 0.0441176
1 0.957031 0.556985 0.0283203 0.0514706
0 0.439453 0.881434 0.0341797 0.0588235
1 0.950195 0.866268 0.0234375 0.0395221
0 0.569824 0.597886 0.0322266 0.0560662
1 0.258545 0.847886 0.0297852 0.0542279
1 0.872559 0.745864 0.0263672 0.046875
1 0.416504 0.453585 0.03125 0.0579044
0 0.872559 0.746324 0.0263672 0.0477941
0 0.0847168 0.238051 0.0356445 0.0606618
0 0.829102 0.623621 0.0234375 0.0505515
0 0.164551 0.772978 0.0283203 0.0569853
0 0.308594 0.237592 0.0302734 0.0597426
1 0.987549 0.173254 0.0249023 0.0579044
1 0.916504 0.496324 0.0263672 0.0477941
1 0.203613 0.957261 0.03125 0.0560662
1 0.303711 0.90579 0.0292969 0.0560662
0 0.0222168 0.193474 0.0327148 0.0670956
0 0.109131 0.387868 0.0307617 0.0625
1 0.689941 0.389706 0.03125 0.0661765
1 0.189453 0.54182 0.0341797 0.0670956
