1 0.408936 0.538603 0.0219727 0.0404412
1 0.326904 0.162224 0.0288086 0.0487132
1 0.558838 0.880055 0.0297852 0.0487132
0 0.258545 0.844669 0.0249023 0.0441176
0 0.196533 0.941176 0.0268555 0.0422794
0 0.610596 0.0128676 0.0249023 0.0257353
1 0.588135 0.36489 0.0249023 0.0422794
0 0.0170898 0.197151 0.0273438 0.0542279
1 0.377441 0.691636 0.0244141 0.0450368
0 0.911621 0.983915 0.03125 0.0321691
0 0.654785 0.011489 0.0283203 0.0229779
0 0.739746 0.168199 0.0244141 0.0477941
1 0.855469 0.252757 0.0234375 0.0422794
1 0.681641 0.105699 0.0234375 0.0404412
0 0.681152 0.108915 0.0244141 0.0395221
0 0.834473 0.861673 0.0205078 0.0413603
1 0.390625 0.659926 0.0234375 0.0422794
0 0.390625 0.659926 0.0244141 0.0422794
1 0.879883 0.824449 0.0234375 0.0459559
0 0.375977 0.692555 0.0234375 0.0450368
0 0.496094 0.673713 0.0234375 0.0477941
0 0.300781 0.667279 0.0234375 0.0441176
0 0.828125 0.621324 0.0263672 0.0514706
0 0.405518 0.205882 0.0249023 0.0496324
1 0.740234 0.168658 0.0253906 0.0450368
0 0.440674 0.884651 0.027832 0.046875
0 0.410156 0.339614 0.0253906 0.0450368
0 0.678467 0.0592831 0.0209961 0.0413603
1 0.017334 0.196691 0.0268555 0.0551471
0 0.778564 0.709099 0.0258789 0.0431985
0 0.731934 0.113051 0.0234375 0.0459559
0 0.474365 0.670037 0.0219727 0.0441176
0 0.877441 0.720588 0.0263672 0.0477941
1 0.495605 0.673713 0.0224609 0.0459559
0 0.825684 0.955423 0.0283203 0.0487132
0 0.587891 0.36489 0.0234375 0.0386029
1 0.258545 0.844669 0.027832 0.0459559
1 0.409668 0.340533 0.0273438 0.0450368
1 0.238037 0.712776 0.0229492 0.046875
0 0.752686 0.922794 0.027832 0.0477941
0 0.880371 0.824908 0.0234375 0.0487132
1 0.825928 0.955882 0.0297852 0.0477941
1 0.652344 0.397059 0.0214844 0.0422794
1 0.414795 0.457721 0.0258789 0.0441176
0 0.857178 0.86443 0.0249023 0.046875
1 0.91626 0.494485 0.0297852 0.0477941
1 0.534912 0.330882 0.0249023 0.0496324
1 0.371582 0.539982 0.0263672 0.046875
1 0.439453 0.88557 0.0283203 0.046875
1 0.678955 0.0602022 0.0239258 0.0413603
1 0.829102 0.622243 0.0234375 0.0477941
1 0.196289 0.940257 0.0263672 0.0459559
1 0.928955 0.564338 0.0249023 0.0441176
0 0.318848 0.64568 0.0234375 0.0431985
0 0.785645 0.595129 0.0302734 0.046875
0 0.55835 0.883272 0.0258789 0.0459559
1 0.522217 0.0689338 0.0239258 0.0459559
1 0.0773926 0.23943 0.0268555 0.0487132
1 0.381348 0.786765 0.0224609 0.0422794
1 0.572021 0.102941 0.0258789 0.0459559
1 0.573486 0.390625 0.0219727 0.0386029
0 0.826416 0.807904 0.0249023 0.0533088
1 0.665771 0.395221 0.0209961 0.0422794
1 0.314941 0.150735 0.0244141 0.0441176
1 0.838379 0.12454 0.0234375 0.0450368
1 0.0146484 0.981618 0.0253906 0.0367647
1 0.88208 0.0863971 0.0219727 0.0422794
1 0.752441 0.922794 0.0273438 0.0496324
1 0.806152 0.179688 0.0224609 0.0413603
0 0.755615 0.788603 0.0258789 0.0441176
1 0.925781 0.85432 0.0263672 0.046875
1 0.211182 0.0795037 0.0258789 0.0523897
1 0.0913086 0.0317096 0.0332031 0.0505515
0 0.565918 0.602482 0.0273438 0.0450368
1 0.171875 0.0188419 0.0292969 0.0376838
1 0.391602 0.875 0.0234375 0.0496324
1 0.0964355 0.357077 0.0249023 0.0450368
1 0.858643 0.0836397 0.0200195 0.0441176
1 0.811523 0.301471 0.0253906 0.0441176
1 0.0930176 0.601103 0.0219727 0.0441176
1 0.525391 0.268842 0.0253906 0.0487132
1 0.196777 0.530331 0.0234375 0.0422794
1 0.187988 0.480699 0.0244141 0.0459559
1 0.59668 0.295956 0.0234375 0.0441176
1 0.80835 0.118107 0.0219727 0.0450368
1 0.37793 0.368566 0.0253906 0.0441176
1 0.146484 0.585938 0.0205078 0.0431985
1 0.897461 0.106618 0.0234375 0.0441176
1 0.988281 0.175092 0.0214844 0.0505515
1 0.102295 0.523438 0.0239258 0.046875
1 0.157959 0.492188 0.0229492 0.0413603
1 0.691162 0.386029 0.0249023 0.0477941
1 0.163818 0.770221 0.0258789 0.0441176
1 0.151611 0.287224 0.0258789 0.0431985
1 0.335693 0.183824 0.0249023 0.0441176
1 0.132324 0.609375 0.0214844 0.0422794
1 0.147949 0.234375 0.0263672 0.0441176
1 0.505371 0.17693 0.0263672 0.046875
1 0.123535 0.821691 0.0263672 0.0441176
1 0.785156 0.272059 0.0244141 0.0459559
1 0.80542 0.210018 0.0239258 0.0413603
1 0.0310059 0.409926 0.0229492 0.0404412
1 0.419189 0.945312 0.0258789 0.0487132
1 0.0224609 0.442096 0.0224609 0.0422794
1 0.58252 0.245404 0.0244141 0.0441176
1 0.238525 0.346048 0.027832 0.0505515
1 0.0944824 0.815257 0.0288086 0.0514706
1 0.227783 0.769301 0.0249023 0.0441176
1 0.205322 0.314338 0.0239258 0.0477941
1 0.98291 0.919118 0.0283203 0.0551471
1 0.313477 0.247243 0.0253906 0.0441176
