1 0.0976562 0.572151 0.0263672 0.0762868
1 0.876709 0.722426 0.0297852 0.0477941
1 0.805664 0.988051 0.03125 0.0238971
0 0.56665 0.597886 0.0297852 0.0523897
0 0.0161133 0.980699 0.03125 0.0386029
1 0.83667 0.865349 0.0219727 0.0395221
0 0.0202637 0.195772 0.0258789 0.0496324
0 0.828125 0.622243 0.0253906 0.0496324
0 0.914795 0.981158 0.027832 0.0321691
1 0.0151367 0.982537 0.0292969 0.0349265
1 0.0202637 0.196232 0.0249023 0.0505515
1 0.101562 0.367188 0.0253906 0.0450368
1 0.858398 0.253676 0.0234375 0.0386029
1 0.530518 0.319853 0.0229492 0.0404412
1 0.917236 0.493107 0.027832 0.046875
1 0.205566 0.0776654 0.0253906 0.046875
0 0.875732 0.724724 0.027832 0.046875
1 0.896729 0.108456 0.0219727 0.0404412
1 0.739502 0.147059 0.0200195 0.0386029
0 0.196533 0.952206 0.0307617 0.0514706
1 0.788086 0.592371 0.0253906 0.046875
1 0.553223 0.890625 0.0263672 0.0422794
1 0.772949 0.725643 0.0224609 0.0450368
1 0.196777 0.952665 0.0283203 0.0487132
1 0.172852 0.0202206 0.0292969 0.0404412
1 0.828857 0.622702 0.0219727 0.046875
1 0.731689 0.122702 0.0209961 0.0395221
1 0.257812 0.84329 0.0253906 0.0450368
1 0.164551 0.77068 0.0283203 0.0523897
1 0.884521 0.237592 0.0249023 0.0450368
1 0.931152 0.56204 0.0263672 0.0450368
1 0.0854492 0.238051 0.0302734 0.0533088
1 0.0917969 0.0284926 0.0332031 0.0459559
0 0.205566 0.0767463 0.0253906 0.0487132
1 0.567383 0.600643 0.0273438 0.0487132
1 0.155029 0.259191 0.0209961 0.0367647
1 0.148193 0.236673 0.0219727 0.0395221
1 0.690918 0.386489 0.0263672 0.0487132
1 0.838379 0.125 0.0234375 0.0459559
1 0.879639 0.825827 0.0249023 0.046875
1 0.826416 0.795037 0.0249023 0.0496324
1 0.763428 0.925092 0.0297852 0.0560662
1 0.988281 0.174632 0.0234375 0.0496324
1 0.928955 0.863511 0.0249023 0.046875
1 0.859375 0.862592 0.0253906 0.0487132
1 0.859375 0.0845588 0.0214844 0.0441176
1 0.825928 0.955882 0.0297852 0.0496324
1 0.755615 0.788603 0.0249023 0.0441176
1 0.885986 0.0891544 0.0200195 0.0404412
1 0.398926 0.219669 0.0244141 0.0459559
1 0.810303 0.119026 0.0229492 0.0450368
1 0.440186 0.884651 0.0249023 0.0487132
1 0.571533 0.0997243 0.0239258 0.046875
1 0.524902 0.268382 0.0244141 0.0459559
1 0.98291 0.914062 0.0283203 0.0523897
1 0.785645 0.272059 0.0234375 0.0477941
1 0.391846 0.872702 0.0229492 0.0487132
1 0.810791 0.299632 0.0249023 0.0459559
1 0.372803 0.540441 0.0268555 0.0459559
1 0.0976562 0.528493 0.0283203 0.0496324
1 0.51001 0.190717 0.0249023 0.0450368
1 0.197021 0.530331 0.0239258 0.0459559
1 0.185547 0.485294 0.0214844 0.0441176
1 0.416748 0.936121 0.0258789 0.046875
1 0.095459 0.59421 0.0249023 0.046875
1 0.534912 0.058364 0.0258789 0.0413603
1 0.378418 0.368107 0.0253906 0.0431985
1 0.414795 0.457721 0.0249023 0.0441176
1 0.166016 0.482996 0.0214844 0.0431985
1 0.205566 0.314798 0.0244141 0.046875
1 0.4021 0.539982 0.0258789 0.0450368
1 0.311279 0.245864 0.027832 0.046875
1 0.409912 0.340074 0.0249023 0.0441176
1 0.238525 0.34329 0.027832 0.0505515
