1 0.10083 0.0234375 0.034668 0.046875
0 0.858643 0.0840993 0.0219727 0.046875
0 0.10083 0.0225184 0.034668 0.0450368
0 0.310791 0.898438 0.0307617 0.0542279
1 0.921875 0.977022 0.03125 0.0459559
0 0.810791 0.117647 0.0239258 0.0496324
0 0.967041 0.87546 0.0249023 0.0487132
1 0.811279 0.119485 0.0229492 0.0477941
0 0.189697 0.54136 0.0336914 0.0680147
0 0.567871 0.596967 0.0302734 0.0560662
1 0.108643 0.387408 0.0297852 0.0634191
1 0.568848 0.597886 0.0283203 0.0505515
0 0.921875 0.976562 0.03125 0.0431985
0 0.53418 0.919118 0.0273438 0.0496324
0 0.798584 0.595588 0.027832 0.0496324
1 0.202393 0.95818 0.0307617 0.0523897
1 0.310547 0.240809 0.03125 0.0533088
0 0.310303 0.240349 0.0307617 0.0523897
1 0.835938 0.124081 0.0234375 0.0459559
1 0.799805 0.594669 0.0273438 0.0496324
1 0.98877 0.172335 0.0224609 0.0505515
0 0.783203 0.923254 0.0302734 0.0487132
1 0.917236 0.495404 0.0297852 0.0496324
1 0.396484 0.338235 0.0244141 0.0404412
1 0.94458 0.561581 0.027832 0.0496324
1 0.967285 0.876379 0.0234375 0.046875
1 0.386963 0.252298 0.0268555 0.0487132
0 0.828857 0.623162 0.0249023 0.0496324
1 0.415527 0.455423 0.0244141 0.0450368
1 0.828857 0.624081 0.0219727 0.0477941
1 0.528564 0.308364 0.0209961 0.0413603
0 0.438721 0.882812 0.0327148 0.0560662
0 0.830322 0.772059 0.0297852 0.0533088
0 0.201904 0.95818 0.027832 0.046875
1 0.527588 0.272059 0.0209961 0.0386029
0 0.0852051 0.238511 0.034668 0.0615809
1 0.377686 0.367188 0.0239258 0.0431985
0 0.872559 0.747243 0.0263672 0.0496324
0 0.934326 0.883272 0.0249023 0.0441176
0 0.108643 0.389246 0.0297852 0.0615809
0 0.258789 0.847886 0.0263672 0.0505515
1 0.826416 0.954504 0.0297852 0.0505515
0 0.826416 0.953585 0.0297852 0.0523897
0 0.165039 0.773438 0.0273438 0.0523897
0 0.0224609 0.193015 0.0332031 0.0661765
1 0.189209 0.54182 0.034668 0.0652574
1 0.689941 0.390165 0.03125 0.0652574
