1 0.401611 0.349724 0.0405273 0.046875
1 0.139648 0.602482 0.0234375 0.0487132
0 0.689453 0.386489 0.0292969 0.046875
0 0.834473 0.862592 0.0185547 0.0376838
1 0.170166 0.801471 0.0219727 0.0459559
1 0.611328 0.0128676 0.0253906 0.0257353
0 0.678467 0.0597426 0.0209961 0.0404412
0 0.68042 0.106158 0.0219727 0.0395221
0 0.587646 0.36489 0.0219727 0.0349265
0 0.826416 0.805147 0.0249023 0.0533088
1 0.857666 0.863971 0.0249023 0.0459559
0 0.776367 0.712316 0.0234375 0.0459559
1 0.475586 0.667739 0.0195312 0.0431985
1 0.879883 0.824449 0.0234375 0.0441176
0 0.786621 0.59421 0.0283203 0.046875
0 0.877441 0.721507 0.0263672 0.0459559
1 0.740723 0.164522 0.0234375 0.0422794
0 0.880371 0.824908 0.0234375 0.0487132
1 0.731689 0.115349 0.0229492 0.0431985
1 0.381348 0.786765 0.0214844 0.0404412
0 0.912354 0.982996 0.0297852 0.0340074
1 0.557129 0.881434 0.0273438 0.0441176
0 0.754639 0.923713 0.0297852 0.0496324
0 0.828125 0.623162 0.0234375 0.0514706
1 0.807373 0.186581 0.0229492 0.0386029
1 0.917236 0.494485 0.027832 0.0477941
1 0.407959 0.537684 0.0229492 0.0404412
0 0.557129 0.884191 0.0263672 0.0441176
1 0.856201 0.252298 0.0249023 0.0431985
1 0.828857 0.622702 0.0219727 0.046875
1 0.439453 0.88511 0.0273438 0.0459559
1 0.678955 0.0611213 0.0229492 0.0395221
1 0.492432 0.670956 0.0209961 0.0404412
1 0.0183105 0.195772 0.0258789 0.0514706
1 0.575928 0.391544 0.0209961 0.0330882
1 0.534668 0.331342 0.0244141 0.0487132
1 0.256836 0.84421 0.0253906 0.0450368
1 0.301025 0.665901 0.0219727 0.0413603
0 0.825684 0.955882 0.0283203 0.0477941
0 0.565918 0.602022 0.0263672 0.0459559
1 0.237549 0.712776 0.0229492 0.046875
1 0.0908203 0.0307904 0.0332031 0.0487132
0 0.755615 0.789062 0.0249023 0.0431985
1 0.838379 0.12454 0.0234375 0.0431985
1 0.403564 0.209559 0.0229492 0.0477941
1 0.69043 0.384191 0.0273438 0.0477941
1 0.929688 0.563879 0.0253906 0.0450368
1 0.88208 0.0863971 0.0200195 0.0422794
1 0.196533 0.943474 0.0297852 0.0487132
1 0.316406 0.646599 0.0205078 0.0395221
1 0.389648 0.662684 0.0224609 0.0422794
1 0.414062 0.457261 0.0253906 0.0450368
1 0.378174 0.690257 0.0219727 0.0441176
1 0.754395 0.924173 0.0283203 0.0523897
1 0.37085 0.539062 0.0249023 0.046875
1 0.52417 0.0680147 0.0239258 0.0441176
1 0.926514 0.855239 0.0268555 0.046875
1 0.858643 0.0836397 0.0200195 0.0422794
1 0.172119 0.0193015 0.0288086 0.0386029
1 0.571533 0.102941 0.0239258 0.0441176
1 0.0146484 0.981158 0.0253906 0.0376838
1 0.0966797 0.359375 0.0253906 0.0459559
1 0.391602 0.874081 0.0234375 0.0496324
1 0.0783691 0.238051 0.0268555 0.0496324
1 0.0935059 0.600643 0.0219727 0.0431985
1 0.209961 0.0795037 0.0263672 0.0487132
1 0.03125 0.410386 0.0214844 0.0395221
1 0.317627 0.157629 0.0229492 0.046875
1 0.811523 0.301471 0.0234375 0.0422794
1 0.595215 0.296415 0.0234375 0.0395221
1 0.525146 0.268382 0.0249023 0.0477941
1 0.809326 0.118107 0.0219727 0.0431985
1 0.101318 0.523438 0.0249023 0.046875
1 0.145996 0.587316 0.0195312 0.0422794
1 0.897705 0.106158 0.0219727 0.0450368
1 0.988281 0.175092 0.0214844 0.0505515
1 0.410156 0.339614 0.0253906 0.0450368
1 0.196533 0.530331 0.0229492 0.0422794
1 0.785645 0.272059 0.0234375 0.0459559
1 0.0241699 0.43704 0.0239258 0.0413603
1 0.37793 0.368566 0.0253906 0.0422794
1 0.419189 0.943474 0.0258789 0.0505515
1 0.506104 0.179228 0.0258789 0.0459559
1 0.121094 0.822151 0.0253906 0.046875
1 0.132324 0.608915 0.0214844 0.0413603
1 0.1875 0.482996 0.0244141 0.0450368
1 0.98291 0.918658 0.0283203 0.0560662
1 0.805664 0.210478 0.0234375 0.0404412
1 0.583496 0.248621 0.0234375 0.0413603
1 0.148193 0.234835 0.0249023 0.0431985
1 0.159668 0.488511 0.0224609 0.0395221
1 0.0947266 0.814338 0.0273438 0.0514706
1 0.164062 0.77068 0.0263672 0.0450368
1 0.153076 0.282629 0.0249023 0.0431985
1 0.239014 0.345129 0.027832 0.0505515
1 0.335693 0.183364 0.0229492 0.046875
1 0.205322 0.314338 0.0249023 0.0477941
1 0.313232 0.247243 0.0249023 0.0441176
1 0.229004 0.764706 0.0244141 0.0459559
