0 0.755859 0.789522 0.0273438 0.0514706
0 0.560059 0.516085 0.0205078 0.0395221
0 0.290283 0.774816 0.0209961 0.0349265
0 0.852295 0.078125 0.0200195 0.0422794
0 0.292725 0.800551 0.0229492 0.0367647
1 0.653809 0.324908 0.0224609 0.046875
1 0.277832 0.195312 0.0205078 0.0358456
1 0.538086 0.501379 0.0234375 0.0431985
1 0.464844 0.881893 0.0214844 0.0395221
1 0.560303 0.875919 0.0249023 0.0441176
1 0.981934 0.1875 0.0263672 0.0459559
0 0.128906 0.137868 0.0224609 0.0404412
0 0.560547 0.609375 0.0234375 0.0459559
1 0.530029 0.809743 0.0209961 0.0367647
1 0.915771 0.602482 0.0219727 0.0395221
1 0.979492 0.443015 0.0234375 0.0422794
1 0.450439 0.162224 0.019043 0.0395221
1 0.828125 0.825368 0.0214844 0.0514706
0 0.417969 0.962776 0.0283203 0.0487132
0 0.654053 0.323529 0.0209961 0.0441176
1 0.704834 0.653493 0.0249023 0.0459559
0 0.361084 0.685202 0.0268555 0.0487132
1 0.116943 0.161765 0.0239258 0.0422794
1 0.123779 0.474265 0.0229492 0.0422794
0 0.704834 0.653493 0.0249023 0.0459559
0 0.697021 0.741268 0.0219727 0.0450368
1 0.449707 0.512408 0.0205078 0.0395221
0 0.740479 0.914062 0.0258789 0.0487132
1 0.6604 0.0128676 0.0219727 0.0257353
0 0.841309 0.683364 0.0234375 0.0431985
0 0.536133 0.501379 0.0234375 0.0431985
1 0.36084 0.684743 0.0273438 0.0496324
0 0.510498 0.0174632 0.0200195 0.0349265
1 0.393311 0.657169 0.0249023 0.0459559
0 0.032959 0.409007 0.0249023 0.0477941
1 0.0617676 0.894301 0.0249023 0.0441176
1 0.617432 0.88557 0.0209961 0.0395221
1 0.38208 0.787224 0.0209961 0.0395221
0 0.124023 0.476562 0.0224609 0.0431985
0 0.97876 0.442096 0.0219727 0.0441176
1 0.840576 0.683824 0.0219727 0.0441176
0 0.520264 0.0689338 0.0239258 0.0441176
0 0.619629 0.984375 0.0273438 0.03125
1 0.418945 0.784007 0.0234375 0.0422794
1 0.0859375 0.599724 0.0234375 0.046875
0 0.5896 0.363051 0.0249023 0.0459559
0 0.116455 0.161305 0.0229492 0.0450368
0 0.0175781 0.463235 0.0273438 0.0569853
1 0.939941 0.719669 0.0205078 0.0404412
0 0.325928 0.628217 0.0249023 0.0450368
1 0.731201 0.0992647 0.0249023 0.0459559
1 0.634766 0.881893 0.0214844 0.0395221
1 0.19751 0.533088 0.0258789 0.0459559
1 0.741455 0.914062 0.0249023 0.046875
1 0.170898 0.0160846 0.0273438 0.0321691
1 0.0324707 0.409926 0.0249023 0.0441176
0 0.158936 0.498621 0.0229492 0.0431985
1 0.0949707 0.349724 0.0268555 0.0450368
0 0.0859375 0.600184 0.0244141 0.0496324
1 0.989014 0.818474 0.0200195 0.0431985
1 0.0654297 0.800092 0.0234375 0.0395221
1 0.259033 0.846048 0.0288086 0.0487132
1 0.158691 0.499081 0.0234375 0.0459559
1 0.605225 0.0147059 0.0249023 0.0294118
0 0.531494 0.461397 0.0249023 0.0441176
0 0.878906 0.0799632 0.0234375 0.0422794
1 0.175537 0.827665 0.0268555 0.046875
1 0.194824 0.923713 0.0253906 0.0441176
0 0.73291 0.185662 0.0224609 0.0441176
1 0.941406 0.695312 0.0234375 0.0413603
0 0.727051 0.634651 0.0224609 0.0431985
1 0.126709 0.502298 0.0209961 0.0450368
1 0.66748 0.392923 0.0234375 0.046875
1 0.67334 0.709559 0.0244141 0.0477941
1 0.46167 0.672335 0.0258789 0.046875
0 0.351562 0.80239 0.0224609 0.0459559
1 0.755615 0.789982 0.0258789 0.046875
1 0.51123 0.681985 0.0273438 0.0477941
0 0.829102 0.824908 0.0234375 0.046875
1 0.372803 0.536305 0.027832 0.0487132
1 0.520264 0.0703125 0.0239258 0.0431985
1 0.64624 0.389246 0.0249023 0.046875
1 0.855469 0.867188 0.0234375 0.0487132
1 0.80249 0.168658 0.0249023 0.0450368
0 0.781738 0.684283 0.0244141 0.046875
1 0.854736 0.680147 0.0200195 0.0404412
1 0.766846 0.0845588 0.0209961 0.0404412
1 0.879639 0.823989 0.0249023 0.046875
1 0.695312 0.381893 0.0253906 0.0431985
1 0.910156 0.503676 0.0263672 0.0441176
1 0.83374 0.127298 0.0249023 0.0431985
1 0.146484 0.587776 0.0234375 0.046875
1 0.37793 0.371324 0.0263672 0.0514706
1 0.783203 0.59329 0.0263672 0.0450368
1 0.128418 0.828585 0.0263672 0.0505515
1 0.566406 0.384191 0.0253906 0.0441176
0 0.19751 0.532169 0.0239258 0.0459559
1 0.992188 0.549632 0.015625 0.0477941
1 0.186768 0.465074 0.0258789 0.0477941
1 0.152832 0.227941 0.0273438 0.0514706
0 0.297852 0.671875 0.0273438 0.0477941
1 0.590088 0.363511 0.0249023 0.0450368
1 0.885742 0.237132 0.03125 0.0477941
1 0.689941 0.445312 0.0244141 0.0431985
1 0.852295 0.262408 0.0268555 0.0413603
1 0.185303 0.380974 0.0219727 0.0413603
0 0.258057 0.846507 0.0258789 0.0422794
0 0.074707 0.25046 0.0263672 0.0487132
1 0.828125 0.624081 0.0253906 0.0514706
1 0.395508 0.871324 0.0263672 0.0514706
0 0.316895 0.879136 0.0244141 0.046875
1 0.45874 0.107996 0.0249023 0.046875
1 0.165283 0.772518 0.0249023 0.0487132
1 0.534424 0.338695 0.0258789 0.0487132
1 0.0144043 0.980239 0.0249023 0.0395221
1 0.990967 0.761029 0.0180664 0.0404412
1 0.308105 0.125 0.0273438 0.0514706
1 0.231689 0.347426 0.0239258 0.0477941
1 0.612061 0.252757 0.0200195 0.0422794
1 0.712891 0.477022 0.0253906 0.0441176
1 0.695557 0.741728 0.0219727 0.0459559
1 0.407227 0.344669 0.0273438 0.0459559
1 0.457764 0.497702 0.0239258 0.0413603
1 0.0930176 0.8125 0.0268555 0.0496324
0 0.269531 0.983915 0.0283203 0.0321691
1 0.762207 0.883732 0.0234375 0.0376838
1 0.108887 0.529871 0.0263672 0.0487132
1 0.360352 0.167279 0.0263672 0.0441176
1 0.777832 0.869945 0.0224609 0.0395221
1 0.597656 0.228401 0.0214844 0.0431985
1 0.435303 0.882812 0.0249023 0.046875
1 0.813965 0.443474 0.0263672 0.0413603
0 0.0925293 0.0363051 0.0336914 0.0505515
1 0.206299 0.855239 0.0288086 0.0487132
1 0.802246 0.10386 0.0234375 0.0422794
1 0.598633 0.300551 0.0234375 0.0441176
1 0.761719 0.0473346 0.0214844 0.0395221
1 0.409668 0.538143 0.0273438 0.046875
1 0.804688 0.233456 0.0253906 0.0459559
1 0.960938 0.217371 0.0234375 0.0358456
1 0.577393 0.248621 0.0219727 0.046875
1 0.991455 0.17693 0.0170898 0.0431985
1 0.675049 0.058364 0.0249023 0.0431985
1 0.806396 0.297335 0.0249023 0.0431985
1 0.797607 0.405331 0.0239258 0.0422794
0 0.0117188 0.207721 0.0214844 0.0514706
1 0.972656 0.193934 0.0253906 0.0386029
1 0.197754 0.365349 0.0224609 0.0395221
0 0.234863 0.710478 0.0253906 0.0459559
1 0.877441 0.709099 0.0234375 0.0431985
1 0.146973 0.304228 0.0253906 0.0477941
1 0.408691 0.205423 0.0273438 0.046875
1 0.945312 0.318015 0.0263672 0.0441176
1 0.92041 0.841452 0.0263672 0.0487132
1 0.418457 0.960938 0.0283203 0.0487132
1 0.781738 0.273897 0.0263672 0.0459559
1 0.572266 0.104779 0.0244141 0.0422794
1 0.394775 0.116268 0.0229492 0.0450368
1 0.678955 0.136029 0.0288086 0.0496324
1 0.933594 0.331342 0.0214844 0.0413603
1 0.223877 0.790441 0.0268555 0.0477941
1 0.442871 0.471967 0.0224609 0.0431985
1 0.0302734 0.88511 0.0263672 0.0441176
1 0.133057 0.626838 0.0258789 0.0477941
1 0.499512 0.175551 0.0263672 0.0477941
1 0.82959 0.952206 0.0263672 0.0477941
1 0.0410156 0.925551 0.0244141 0.0459559
1 0.40332 0.159467 0.0234375 0.046875
1 0.221436 0.0753676 0.0268555 0.0496324
1 0.915527 0.55239 0.0234375 0.0422794
1 0.964111 0.753676 0.0249023 0.0441176
1 0.33252 0.198989 0.0253906 0.0450368
1 0.530029 0.269301 0.0239258 0.0459559
1 0.316406 0.25 0.0263672 0.0441176
1 0.98584 0.933824 0.0263672 0.0514706
1 0.483154 0.133732 0.0249023 0.0487132
1 0.414062 0.463235 0.0273438 0.0496324
1 0.36377 0.203125 0.0224609 0.0404412
1 0.207764 0.309743 0.0239258 0.0459559
1 0.241211 0.0266544 0.0253906 0.0477941
1 0.981201 0.734375 0.0219727 0.0386029
