0 0.990967 0.415441 0.0180664 0.0367647
1 0.395752 0.355699 0.0375977 0.0496324
0 0.0964355 0.0257353 0.0288086 0.0441176
0 0.858643 0.0840993 0.0200195 0.0450368
1 0.858643 0.254136 0.0200195 0.0395221
0 0.917236 0.494026 0.0249023 0.0450368
0 0.803955 0.30239 0.0219727 0.0441176
0 0.543701 0.904871 0.0307617 0.0487132
1 0.0964355 0.0238971 0.0307617 0.0459559
1 0.93457 0.879596 0.0234375 0.0422794
0 0.543701 0.0588235 0.0219727 0.0404412
1 0.775879 0.920496 0.0273438 0.0523897
0 0.689453 0.388787 0.0292969 0.0606618
0 0.258789 0.846507 0.0253906 0.0496324
1 0.920898 0.97886 0.03125 0.0422794
1 0.828857 0.623621 0.0219727 0.046875
1 0.568848 0.597426 0.0273438 0.0477941
1 0.259033 0.846048 0.0258789 0.0487132
0 0.774902 0.920956 0.0263672 0.0514706
1 0.104492 0.382353 0.0292969 0.0588235
1 0.810303 0.119945 0.0219727 0.0450368
0 0.567627 0.597426 0.0307617 0.0533088
1 0.917236 0.492647 0.0297852 0.0477941
0 0.5625 0.0772059 0.0214844 0.0441176
1 0.784668 0.272978 0.0224609 0.0459559
0 0.229248 0.338695 0.0219727 0.0505515
1 0.544189 0.90579 0.027832 0.0487132
0 0.933594 0.881434 0.0253906 0.0422794
1 0.519531 0.202206 0.0214844 0.0422794
0 0.921875 0.980239 0.03125 0.0395221
0 0.199463 0.95818 0.0317383 0.0523897
1 0.83667 0.124081 0.0219727 0.0422794
1 0.939941 0.564338 0.03125 0.0496324
1 0.879639 0.827206 0.0249023 0.0441176
0 0.0852051 0.238971 0.0317383 0.0569853
0 0.171631 0.0229779 0.0288086 0.0422794
1 0.824951 0.776195 0.0249023 0.046875
1 0.171387 0.0225184 0.0283203 0.0431985
1 0.989014 0.172794 0.0219727 0.0477941
0 0.757324 0.787224 0.0224609 0.0413603
0 0.438965 0.884651 0.0234375 0.046875
0 0.796387 0.592831 0.0244141 0.0459559
1 0.199219 0.957721 0.0292969 0.0514706
1 0.409912 0.90671 0.0219727 0.046875
0 0.0219727 0.193934 0.0302734 0.0588235
1 0.866211 0.856158 0.0234375 0.046875
1 0.524902 0.269761 0.0224609 0.0395221
1 0.871826 0.741728 0.0249023 0.0496324
0 0.871826 0.744026 0.0268555 0.046875
0 0.104736 0.382353 0.0297852 0.0551471
1 0.528076 0.309743 0.0209961 0.0404412
1 0.803711 0.301011 0.0234375 0.046875
0 0.828857 0.622702 0.0249023 0.0487132
0 0.193359 0.0592831 0.0292969 0.0523897
0 0.826416 0.954044 0.0297852 0.0514706
1 0.391602 0.871783 0.0234375 0.0487132
0 0.164795 0.77114 0.0288086 0.0496324
0 0.210693 0.319393 0.0249023 0.0523897
0 0.769531 0.764706 0.0253906 0.0404412
1 0.689941 0.386949 0.0302734 0.0606618
1 0.97583 0.893382 0.0268555 0.0459559
1 0.311279 0.244945 0.0268555 0.046875
1 0.414795 0.455882 0.0239258 0.0441176
1 0.392334 0.234835 0.0258789 0.046875
1 0.378174 0.369026 0.0258789 0.0450368
1 0.408691 0.339614 0.0234375 0.0450368
1 0.189697 0.54182 0.0307617 0.0579044
