1 0.858398 0.0827206 0.0234375 0.0459559
0 0.858643 0.0840993 0.0219727 0.046875
1 0.384033 0.358456 0.0258789 0.0459559
0 0.101562 0.0225184 0.0341797 0.0450368
0 0.789062 0.925551 0.0263672 0.0496324
1 0.96167 0.870864 0.0249023 0.0395221
1 0.78833 0.925092 0.0268555 0.0487132
1 0.439209 0.880515 0.0297852 0.0588235
0 0.834229 0.77068 0.0297852 0.0505515
1 0.102051 0.0238971 0.0332031 0.0477941
0 0.960938 0.868566 0.0253906 0.0422794
1 0.832764 0.768382 0.0297852 0.0533088
1 0.923584 0.975643 0.0297852 0.0431985
0 0.81543 0.117647 0.0234375 0.0459559
1 0.834961 0.12546 0.0234375 0.0450368
0 0.56958 0.597426 0.0288086 0.0533088
0 0.799316 0.595588 0.0283203 0.0514706
1 0.109375 0.387408 0.0292969 0.0634191
1 0.56958 0.596507 0.0288086 0.0514706
0 0.82666 0.954044 0.0283203 0.0514706
1 0.310303 0.23943 0.0307617 0.0542279
0 0.922607 0.976562 0.027832 0.0431985
0 0.309814 0.23943 0.0307617 0.0542279
1 0.94751 0.560662 0.0249023 0.0477941
1 0.828857 0.624081 0.0219727 0.0477941
0 0.872559 0.745864 0.0283203 0.0487132
0 0.259033 0.846967 0.027832 0.0505515
0 0.828857 0.623162 0.0249023 0.0477941
0 0.202637 0.95818 0.0283203 0.0487132
1 0.800049 0.594669 0.0268555 0.0496324
1 0.988281 0.172335 0.0234375 0.0505515
0 0.164795 0.772518 0.0288086 0.0542279
1 0.814697 0.119485 0.0219727 0.0477941
0 0.439453 0.881434 0.0332031 0.0569853
1 0.385254 0.255515 0.0283203 0.0477941
1 0.203125 0.957261 0.0302734 0.0542279
1 0.872559 0.744945 0.0283203 0.046875
0 0.0849609 0.238511 0.0351562 0.0579044
0 0.93457 0.882812 0.0234375 0.0395221
1 0.91626 0.495404 0.0249023 0.0459559
0 0.108887 0.389706 0.0292969 0.0606618
1 0.415771 0.455423 0.0249023 0.0487132
0 0.0222168 0.193474 0.0336914 0.0670956
1 0.377197 0.367188 0.0219727 0.0413603
1 0.825684 0.954504 0.0283203 0.0487132
1 0.393311 0.342831 0.0258789 0.0422794
1 0.689453 0.389706 0.03125 0.0661765
1 0.189209 0.542279 0.034668 0.0661765
