1 0.411377 0.539522 0.0268555 0.0422794
1 0.805664 0.314338 0.0234375 0.0477941
1 0.856934 0.865349 0.0263672 0.0487132
1 0.589111 0.240809 0.0249023 0.0459559
1 0.714844 0.648438 0.0214844 0.0340074
1 0.748535 0.921875 0.0244141 0.0459559
1 0.807861 0.988051 0.027832 0.0238971
0 0.0148926 0.980239 0.0288086 0.0395221
1 0.730957 0.105699 0.0283203 0.0496324
1 0.834473 0.863511 0.0205078 0.0413603
0 0.834473 0.863511 0.0205078 0.0395221
1 0.989014 0.818934 0.019043 0.0441176
1 0.415039 0.459559 0.0273438 0.0441176
0 0.406494 0.204044 0.0258789 0.0533088
0 0.688232 0.727482 0.0200195 0.0450368
1 0.535889 0.492188 0.0209961 0.0395221
1 0.248291 0.00827206 0.0268555 0.0165441
0 0.480713 0.131434 0.0219727 0.0422794
1 0.564453 0.605239 0.0283203 0.0487132
0 0.748047 0.922794 0.0253906 0.0459559
0 0.89624 0.106618 0.0219727 0.0422794
0 0.31543 0.88511 0.0253906 0.0459559
0 0.535889 0.48989 0.0229492 0.0422794
0 0.880615 0.0836397 0.0219727 0.0386029
0 0.535645 0.466912 0.0224609 0.0386029
1 0.076416 0.244485 0.0297852 0.0514706
0 0.46875 0.671875 0.0263672 0.0477941
1 0.406738 0.203125 0.0263672 0.0496324
0 0.502441 0.673713 0.0244141 0.0496324
1 0.410156 0.340533 0.0273438 0.046875
1 0.739258 0.175551 0.0234375 0.0477941
0 0.880371 0.823989 0.0234375 0.046875
1 0.879883 0.824908 0.0234375 0.046875
0 0.739014 0.175551 0.0239258 0.0441176
1 0.853271 0.258732 0.0249023 0.0413603
0 0.521729 0.0684743 0.0249023 0.0450368
1 0.156738 0.498162 0.0234375 0.0459559
1 0.913086 0.50046 0.0234375 0.046875
0 0.755615 0.788603 0.0249023 0.0441176
0 0.237305 0.710478 0.0253906 0.0422794
1 0.46875 0.671415 0.0263672 0.046875
0 0.730469 0.105699 0.0244141 0.0459559
0 0.467529 0.117188 0.019043 0.0413603
0 0.269043 0.984835 0.0263672 0.0303309
1 0.0144043 0.980699 0.0249023 0.0386029
0 0.39209 0.658088 0.0234375 0.0459559
1 0.259277 0.846507 0.0283203 0.0459559
0 0.671875 0.715074 0.0214844 0.0404412
1 0.858643 0.0818015 0.0200195 0.0404412
1 0.371826 0.538603 0.0258789 0.0477941
1 0.377686 0.369026 0.0258789 0.0450368
0 0.257324 0.845588 0.0263672 0.0441176
1 0.521484 0.0689338 0.0234375 0.0441176
0 0.410156 0.340533 0.0253906 0.0431985
1 0.571045 0.105699 0.0239258 0.0459559
1 0.1875 0.474724 0.0244141 0.046875
1 0.83667 0.12546 0.0249023 0.0450368
0 0.076416 0.244485 0.0317383 0.0533088
0 0.369873 0.693474 0.0239258 0.0450368
1 0.679688 0.126379 0.0263672 0.0450368
1 0.482178 0.131434 0.0209961 0.0422794
1 0.698975 0.451287 0.0249023 0.0386029
1 0.313232 0.137408 0.0288086 0.0431985
0 0.827393 0.817096 0.0249023 0.0459559
1 0.197021 0.931985 0.0268555 0.0441176
1 0.991699 0.757353 0.0166016 0.0404412
1 0.678223 0.0602022 0.0234375 0.0413603
0 0.610352 0.0142463 0.0234375 0.0284926
1 0.534668 0.33364 0.0234375 0.0496324
1 0.196045 0.53171 0.0249023 0.0450368
1 0.381104 0.787224 0.0249023 0.046875
1 0.881104 0.0827206 0.0219727 0.0404412
1 0.440674 0.886949 0.0288086 0.0496324
0 0.856201 0.866268 0.0249023 0.0450368
1 0.709473 0.473346 0.0224609 0.0386029
1 0.651855 0.397518 0.0224609 0.0431985
1 0.588867 0.363511 0.0234375 0.0413603
1 0.724609 0.634191 0.0214844 0.0386029
0 0.0153809 0.199908 0.0288086 0.0560662
1 0.969482 0.741268 0.0219727 0.0413603
1 0.0944824 0.352482 0.027832 0.0487132
1 0.807617 0.11489 0.0234375 0.0422794
0 0.559814 0.879596 0.0268555 0.0459559
1 0.813232 0.441636 0.0268555 0.0431985
1 0.828857 0.622702 0.0219727 0.046875
1 0.800781 0.410386 0.0234375 0.0376838
1 0.502686 0.674632 0.0258789 0.0514706
0 0.299805 0.667279 0.0244141 0.0477941
1 0.803711 0.171875 0.0234375 0.0422794
1 0.89624 0.105239 0.0219727 0.0413603
1 0.784424 0.594669 0.0288086 0.0459559
1 0.0314941 0.409926 0.0249023 0.0441176
1 0.922852 0.846967 0.0234375 0.0413603
1 0.876465 0.717831 0.0263672 0.0459559
1 0.824951 0.954963 0.027832 0.0441176
0 0.32251 0.63557 0.0219727 0.0413603
1 0.148682 0.233915 0.0268555 0.0450368
1 0.203125 0.851103 0.0253906 0.0441176
1 0.0180664 0.449908 0.0244141 0.0487132
0 0.564941 0.605239 0.0263672 0.046875
1 0.14624 0.585478 0.0219727 0.0459559
1 0.248291 0.0229779 0.0239258 0.0404412
1 0.925049 0.564338 0.0249023 0.0441176
1 0.334961 0.188419 0.0253906 0.0477941
1 0.0930176 0.814798 0.0268555 0.0505515
1 0.213623 0.0785846 0.0249023 0.0505515
1 0.150146 0.297335 0.027832 0.0450368
1 0.669189 0.392463 0.0219727 0.0422794
1 0.171875 0.0183824 0.0302734 0.0367647
1 0.391846 0.875919 0.0249023 0.0514706
1 0.570801 0.389246 0.0224609 0.0413603
1 0.163574 0.772059 0.0253906 0.0477941
1 0.0913086 0.0326287 0.0332031 0.0542279
1 0.61084 0.248162 0.0205078 0.0404412
1 0.226807 0.777114 0.0258789 0.0450368
1 0.981201 0.734375 0.019043 0.0404412
1 0.132812 0.61489 0.0234375 0.0441176
1 0.989746 0.175551 0.0205078 0.0477941
1 0.126709 0.825827 0.0258789 0.046875
1 0.18042 0.835478 0.0249023 0.0441176
1 0.580566 0.247702 0.0224609 0.0431985
1 0.104492 0.527114 0.0253906 0.046875
1 0.598145 0.230699 0.0195312 0.0422794
1 0.237793 0.346507 0.0283203 0.0533088
1 0.597168 0.299173 0.0234375 0.0431985
1 0.0922852 0.600184 0.0244141 0.0477941
1 0.5271 0.269761 0.0249023 0.0487132
1 0.691406 0.384651 0.0253906 0.0450368
1 0.502686 0.175551 0.0249023 0.0477941
1 0.811035 0.301011 0.0263672 0.0431985
1 0.805664 0.211397 0.0244141 0.0422794
1 0.314697 0.248162 0.0258789 0.0459559
1 0.205811 0.313879 0.0258789 0.0487132
1 0.983643 0.922794 0.0268555 0.0533088
1 0.784424 0.27114 0.0268555 0.0477941
1 0.419434 0.951287 0.0263672 0.0496324
