0 0.82666 0.954504 0.0283203 0.0523897
0 0.858643 0.0836397 0.0219727 0.0477941
1 0.102051 0.0238971 0.0332031 0.0477941
0 0.835938 0.122243 0.0214844 0.0477941
0 0.960938 0.868566 0.0253906 0.0422794
0 0.189453 0.54182 0.0341797 0.0689338
0 0.834229 0.769761 0.0297852 0.0487132
0 0.789551 0.925551 0.0273438 0.0496324
1 0.788818 0.925092 0.0268555 0.0487132
1 0.109619 0.386949 0.0288086 0.0625
0 0.101807 0.0229779 0.0336914 0.0459559
1 0.833496 0.767463 0.0283203 0.0514706
0 0.569092 0.597426 0.0288086 0.0533088
0 0.799316 0.595129 0.0283203 0.0523897
1 0.817383 0.120864 0.0234375 0.046875
1 0.310303 0.23943 0.0307617 0.0542279
1 0.923584 0.975643 0.0297852 0.0431985
1 0.960938 0.870864 0.0253906 0.0413603
0 0.922607 0.977022 0.0297852 0.0441176
1 0.56958 0.596048 0.027832 0.0505515
1 0.203125 0.95818 0.0302734 0.0542279
1 0.948486 0.560662 0.0249023 0.0477941
1 0.385254 0.255974 0.0283203 0.0487132
0 0.828857 0.623162 0.0249023 0.0477941
0 0.817139 0.119026 0.0249023 0.046875
0 0.30957 0.23943 0.0302734 0.0542279
0 0.872559 0.745864 0.0283203 0.0487132
1 0.828857 0.624081 0.0219727 0.0477941
1 0.872559 0.744945 0.0283203 0.046875
1 0.800049 0.594669 0.0268555 0.0496324
1 0.988281 0.172335 0.0234375 0.0505515
0 0.93457 0.882353 0.0234375 0.0404412
0 0.0847168 0.238511 0.0356445 0.0579044
0 0.439453 0.881434 0.0332031 0.0588235
0 0.258789 0.847426 0.0273438 0.0514706
1 0.91626 0.495864 0.0249023 0.046875
0 0.164795 0.773438 0.027832 0.0542279
1 0.416016 0.454963 0.0253906 0.0477941
0 0.202393 0.95818 0.027832 0.0487132
1 0.377197 0.367188 0.0219727 0.0413603
0 0.109131 0.389706 0.0288086 0.0606618
1 0.825928 0.953585 0.0297852 0.0487132
0 0.0222168 0.193015 0.0336914 0.0661765
1 0.392822 0.341912 0.0229492 0.0422794
1 0.689941 0.389706 0.0302734 0.0661765
1 0.189209 0.54182 0.0336914 0.0652574
