0 0.993652 0.755055 0.0126953 0.0358456
0 0.494873 0.421415 0.0219727 0.0303309
0 0.0378418 0.586857 0.0180664 0.0413603
0 0.530273 0.629136 0.0234375 0.0303309
0 0.3479 0.800092 0.0170898 0.0376838
0 0.529297 0.340993 0.0166016 0.0386029
0 0.492188 0.678768 0.0185547 0.0303309
0 0.368896 0.579504 0.0161133 0.0376838
0 0.990479 0.137868 0.0170898 0.0404412
0 0.30835 0.705423 0.0170898 0.0395221
0 0.988281 0.943015 0.0205078 0.0367647
0 0.541016 0.670956 0.0214844 0.0330882
0 0.691162 0.741728 0.0180664 0.0386029
0 0.472412 0.272059 0.0170898 0.0349265
0 0.617432 0.255974 0.0170898 0.0340074
0 0.20752 0.853401 0.0185547 0.0395221
0 0.597412 0.301471 0.0180664 0.0349265
0 0.828857 0.62546 0.0200195 0.0358456
0 0.200684 0.942555 0.0185547 0.0376838
0 0.551025 0.514706 0.0219727 0.0367647
0 0.572754 0.210478 0.0166016 0.0367647
0 0.574951 0.253676 0.0180664 0.0367647
0 0.269775 0.982996 0.0229492 0.0340074
0 0.395508 0.112132 0.0214844 0.0386029
