0 0.189453 0.542279 0.0351562 0.0735294
0 0.924072 0.976562 0.0297852 0.046875
0 0.800049 0.59421 0.027832 0.0523897
0 0.102051 0.0234375 0.0361328 0.046875
1 0.438965 0.880055 0.0302734 0.0597426
1 0.258545 0.845129 0.0307617 0.0542279
0 0.858643 0.0831801 0.0249023 0.0487132
1 0.102295 0.0248162 0.034668 0.0496324
1 0.310547 0.23989 0.0292969 0.0588235
0 0.872559 0.746324 0.0263672 0.0477941
1 0.109619 0.387408 0.0307617 0.0652574
1 0.794189 0.925092 0.0229492 0.0487132
1 0.839844 0.764706 0.0253906 0.0459559
0 0.525391 0.20864 0.0253906 0.0477941
1 0.41626 0.454504 0.0297852 0.0560662
0 0.828857 0.623621 0.0249023 0.0505515
1 0.308838 0.904412 0.0297852 0.0551471
0 0.56958 0.597886 0.0317383 0.0560662
1 0.93457 0.881893 0.0234375 0.0395221
0 0.202881 0.95818 0.0317383 0.0542279
0 0.258789 0.847426 0.0283203 0.0514706
1 0.987549 0.173254 0.0249023 0.0560662
1 0.828857 0.625 0.0219727 0.0477941
1 0.92334 0.975643 0.0283203 0.0431985
0 0.308594 0.238051 0.03125 0.0569853
1 0.801025 0.594669 0.0258789 0.0496324
0 0.439453 0.881434 0.0341797 0.0606618
1 0.203613 0.95818 0.03125 0.0560662
0 0.0849609 0.238051 0.0361328 0.0606618
1 0.872559 0.745404 0.0263672 0.0459559
1 0.953857 0.557445 0.0268555 0.0505515
0 0.164795 0.772978 0.0288086 0.0569853
1 0.956299 0.865809 0.0249023 0.0441176
0 0.109131 0.388327 0.0307617 0.0634191
1 0.825684 0.952665 0.0263672 0.0487132
1 0.91626 0.495404 0.0249023 0.0477941
0 0.0219727 0.193015 0.0332031 0.0680147
1 0.689941 0.390165 0.0302734 0.0652574
1 0.189209 0.54182 0.034668 0.0689338
