1 0.381836 0.267923 0.0273438 0.0505515
1 0.309326 0.238051 0.027832 0.0588235
0 0.859375 0.082261 0.0234375 0.046875
0 0.102051 0.0238971 0.0361328 0.0477941
0 0.381836 0.267923 0.0292969 0.0542279
1 0.102539 0.0248162 0.0341797 0.0496324
1 0.924072 0.974724 0.0297852 0.046875
0 0.189453 0.542279 0.0351562 0.0735294
1 0.439209 0.880515 0.0297852 0.0588235
1 0.825928 0.952206 0.0249023 0.0404412
1 0.800781 0.59375 0.0253906 0.0514706
0 0.524658 0.206801 0.0239258 0.0477941
1 0.258301 0.847886 0.0302734 0.0523897
0 0.843018 0.766085 0.027832 0.046875
0 0.203613 0.957261 0.03125 0.0542279
0 0.825928 0.953125 0.0249023 0.0459559
0 0.924805 0.975643 0.03125 0.0487132
0 0.801025 0.929228 0.0249023 0.0441176
0 0.258545 0.846967 0.0307617 0.0542279
1 0.872559 0.745864 0.0263672 0.0487132
0 0.800781 0.59375 0.0263672 0.0496324
1 0.416016 0.454504 0.0283203 0.0560662
1 0.958496 0.555607 0.03125 0.0523897
0 0.439453 0.881434 0.0341797 0.0588235
1 0.987549 0.173254 0.0249023 0.0560662
0 0.570068 0.597886 0.0327148 0.0579044
0 0.308594 0.237132 0.0302734 0.0588235
1 0.916504 0.496324 0.0263672 0.0477941
0 0.164551 0.772518 0.0283203 0.0560662
0 0.828857 0.624081 0.0249023 0.0496324
1 0.203613 0.957261 0.03125 0.0560662
1 0.689941 0.389706 0.03125 0.0661765
1 0.303711 0.90579 0.0283203 0.0579044
0 0.872559 0.745864 0.0263672 0.0487132
0 0.0849609 0.238971 0.0351562 0.0625
0 0.109375 0.387868 0.03125 0.0625
0 0.0222168 0.193015 0.0327148 0.0661765
1 0.189453 0.54182 0.0341797 0.0670956
