1 0.529053 0.273438 0.0209961 0.0395221
0 0.8125 0.120864 0.0253906 0.0523897
0 0.858643 0.0840993 0.0219727 0.046875
0 0.568359 0.597426 0.0302734 0.0569853
0 0.832764 0.768382 0.0297852 0.0514706
1 0.786865 0.926011 0.0258789 0.0487132
0 0.101318 0.0220588 0.0336914 0.0441176
0 0.189697 0.540901 0.0336914 0.0689338
0 0.960938 0.868566 0.0253906 0.0441176
0 0.835938 0.123621 0.0214844 0.046875
1 0.101807 0.0234375 0.0336914 0.046875
1 0.8125 0.120404 0.0214844 0.0496324
0 0.799316 0.595129 0.0283203 0.0505515
1 0.835205 0.12546 0.0219727 0.0450368
1 0.962646 0.870404 0.0249023 0.0422794
0 0.82666 0.953585 0.0283203 0.0523897
0 0.922607 0.976562 0.0297852 0.0431985
1 0.923584 0.976562 0.0297852 0.0431985
0 0.309814 0.23989 0.0307617 0.0533088
1 0.94751 0.561581 0.0249023 0.0477941
0 0.828857 0.623621 0.0249023 0.0487132
0 0.872559 0.745864 0.0283203 0.0487132
1 0.202881 0.957261 0.0297852 0.0523897
1 0.527588 0.305147 0.0209961 0.0367647
1 0.832764 0.769761 0.0297852 0.0542279
1 0.569092 0.596507 0.027832 0.0496324
1 0.310303 0.240349 0.0307617 0.0523897
0 0.258789 0.846967 0.0273438 0.0505515
0 0.439209 0.882353 0.0336914 0.0551471
1 0.988281 0.172335 0.0234375 0.0505515
0 0.164795 0.772518 0.027832 0.0542279
1 0.800049 0.594669 0.0268555 0.0496324
0 0.0852051 0.238051 0.0356445 0.0588235
1 0.829102 0.625 0.0234375 0.0477941
1 0.872559 0.745404 0.0283203 0.0477941
0 0.934326 0.882812 0.0249023 0.0395221
0 0.202148 0.957261 0.0273438 0.0487132
1 0.385254 0.256893 0.0253906 0.046875
1 0.91626 0.495404 0.0249023 0.0477941
1 0.415527 0.454963 0.0244141 0.0459559
0 0.109131 0.389706 0.0288086 0.0606618
0 0.0222168 0.193474 0.0336914 0.0670956
1 0.377197 0.367188 0.0219727 0.0413603
1 0.825928 0.953585 0.0297852 0.0505515
1 0.689941 0.389706 0.0302734 0.0643382
1 0.394287 0.342831 0.0249023 0.0422794
1 0.189209 0.54182 0.0336914 0.0652574
