0 0.83374 0.768382 0.0297852 0.0514706
0 0.835938 0.123162 0.0234375 0.0459559
0 0.813965 0.118566 0.0234375 0.0477941
0 0.960938 0.868566 0.0253906 0.0422794
0 0.101562 0.0225184 0.0341797 0.0450368
0 0.568359 0.596967 0.0302734 0.0560662
0 0.189453 0.540901 0.0341797 0.0689338
1 0.109375 0.387408 0.0292969 0.0634191
1 0.787354 0.926011 0.0268555 0.0487132
0 0.799072 0.595588 0.0288086 0.0514706
1 0.102051 0.0238971 0.0332031 0.0477941
1 0.813232 0.120404 0.0219727 0.0496324
1 0.834961 0.125919 0.0234375 0.0459559
1 0.960938 0.870864 0.0234375 0.0395221
0 0.922607 0.976562 0.0297852 0.0431985
1 0.923584 0.975643 0.0297852 0.0431985
1 0.310303 0.23989 0.0307617 0.0533088
0 0.828857 0.622702 0.0249023 0.0487132
0 0.872559 0.746324 0.0283203 0.0496324
1 0.94751 0.561581 0.0249023 0.0477941
1 0.832764 0.769761 0.0297852 0.0542279
1 0.56958 0.596967 0.027832 0.0505515
0 0.30957 0.23943 0.0302734 0.0542279
1 0.202881 0.957261 0.0307617 0.0523897
0 0.259033 0.846967 0.027832 0.0505515
0 0.934326 0.882812 0.0249023 0.0395221
1 0.385742 0.256434 0.0253906 0.0477941
0 0.439209 0.882353 0.0336914 0.0551471
0 0.202148 0.957261 0.0283203 0.0487132
0 0.164551 0.772518 0.0283203 0.0542279
1 0.829102 0.624081 0.0234375 0.0477941
1 0.800049 0.595129 0.0268555 0.0505515
0 0.0852051 0.238051 0.0356445 0.0588235
1 0.872559 0.745404 0.0283203 0.0477941
1 0.988281 0.172794 0.0234375 0.0514706
1 0.91626 0.495864 0.0249023 0.046875
1 0.415527 0.454963 0.0244141 0.0459559
0 0.108643 0.388327 0.0297852 0.0615809
0 0.0222168 0.193015 0.0336914 0.0680147
1 0.377197 0.367188 0.0219727 0.0413603
1 0.689941 0.389706 0.0302734 0.0643382
1 0.825928 0.954504 0.0297852 0.0505515
1 0.394043 0.342831 0.0253906 0.0422794
1 0.189209 0.54182 0.0336914 0.0652574
