0 0.098877 0.0234375 0.0297852 0.0450368
0 0.567871 0.596967 0.0302734 0.0560662
0 0.311279 0.897059 0.0297852 0.0533088
1 0.311035 0.89614 0.0283203 0.0496324
0 0.310791 0.242188 0.0297852 0.0505515
1 0.858643 0.0840993 0.0219727 0.046875
0 0.798584 0.595588 0.027832 0.0477941
0 0.189697 0.540901 0.0327148 0.0652574
1 0.523193 0.20864 0.0180664 0.0404412
0 0.439453 0.881434 0.0253906 0.0441176
0 0.921875 0.977941 0.03125 0.0422794
1 0.934326 0.880515 0.0249023 0.0441176
1 0.536377 0.915901 0.0249023 0.0487132
1 0.921875 0.977482 0.0332031 0.0450368
1 0.798584 0.594669 0.0258789 0.0477941
1 0.201416 0.959099 0.0307617 0.0542279
1 0.825928 0.954963 0.0297852 0.0514706
0 0.200928 0.95864 0.0317383 0.0533088
0 0.828857 0.623162 0.0249023 0.0496324
1 0.568848 0.596967 0.0273438 0.0487132
0 0.780273 0.921875 0.03125 0.0496324
0 0.828125 0.772059 0.03125 0.0551471
0 0.258789 0.846967 0.0273438 0.0487132
1 0.943115 0.563419 0.0297852 0.0496324
1 0.828857 0.624081 0.0219727 0.0477941
1 0.98877 0.172335 0.0224609 0.0505515
0 0.934326 0.883272 0.0249023 0.0422794
1 0.811035 0.119485 0.0234375 0.0477941
1 0.528564 0.309743 0.0209961 0.0404412
1 0.917236 0.493566 0.0249023 0.0496324
0 0.872559 0.745864 0.0263672 0.0487132
1 0.835938 0.124081 0.0234375 0.0459559
0 0.0852051 0.238971 0.0336914 0.0606618
1 0.5271 0.269761 0.0209961 0.0395221
1 0.415039 0.454963 0.0234375 0.0441176
0 0.108398 0.388327 0.0292969 0.0597426
1 0.400391 0.334099 0.0234375 0.0431985
0 0.165283 0.773438 0.0268555 0.0505515
1 0.310791 0.243107 0.0297852 0.0487132
0 0.826416 0.954504 0.0297852 0.0523897
0 0.0219727 0.192555 0.0322266 0.0652574
1 0.969482 0.880055 0.0249023 0.0487132
1 0.388428 0.248621 0.0258789 0.0487132
1 0.37793 0.368107 0.0244141 0.0450368
1 0.189209 0.54182 0.0336914 0.0634191
1 0.689453 0.389706 0.03125 0.0643382
