1 0.378418 0.366268 0.0224609 0.0413603
1 0.30957 0.238511 0.0292969 0.0579044
1 0.958008 0.866268 0.0234375 0.0395221
0 0.102051 0.0234375 0.0351562 0.046875
1 0.384766 0.259651 0.0292969 0.0487132
1 0.438965 0.880974 0.0302734 0.0597426
0 0.189697 0.54182 0.034668 0.0726103
0 0.525391 0.20864 0.0244141 0.0459559
1 0.102295 0.0243566 0.0336914 0.0487132
1 0.838135 0.764706 0.0249023 0.0459559
0 0.924072 0.976562 0.0297852 0.046875
0 0.858643 0.0836397 0.0249023 0.0496324
1 0.308838 0.903033 0.0288086 0.0523897
1 0.570068 0.596048 0.0288086 0.0523897
0 0.56958 0.597886 0.0317383 0.0560662
0 0.799805 0.59421 0.0283203 0.0523897
0 0.825684 0.953585 0.0263672 0.0505515
1 0.923584 0.975643 0.0297852 0.0431985
0 0.93457 0.883272 0.0234375 0.0386029
0 0.872559 0.745864 0.0263672 0.0487132
0 0.791992 0.924173 0.0234375 0.0487132
1 0.828857 0.625 0.0219727 0.0477941
1 0.953125 0.556526 0.03125 0.0505515
1 0.800781 0.59421 0.0263672 0.0505515
0 0.202881 0.957261 0.0317383 0.0542279
0 0.258301 0.846967 0.0302734 0.0523897
0 0.828857 0.623621 0.0249023 0.0487132
0 0.308838 0.238511 0.0307617 0.0560662
1 0.987549 0.173254 0.0249023 0.0560662
1 0.416016 0.454963 0.0253906 0.0496324
1 0.872559 0.744945 0.0263672 0.046875
0 0.439453 0.881434 0.0341797 0.0588235
1 0.203125 0.95818 0.03125 0.0560662
0 0.0849609 0.237592 0.0361328 0.0597426
0 0.164795 0.772518 0.0288086 0.0560662
1 0.825684 0.953585 0.0263672 0.046875
1 0.91626 0.495404 0.0249023 0.0459559
0 0.108887 0.388327 0.0302734 0.0615809
0 0.0224609 0.193015 0.0332031 0.0661765
1 0.689941 0.389706 0.03125 0.0661765
1 0.189209 0.54182 0.034668 0.0670956
