1 0.196289 0.846507 0.0273438 0.0349265
1 0.329102 0.165441 0.0292969 0.0496324
1 0.871826 0.117188 0.019043 0.0395221
0 0.911621 0.982996 0.03125 0.0340074
0 0.610596 0.0128676 0.0249023 0.0257353
0 0.681641 0.108915 0.0244141 0.0395221
1 0.588623 0.36489 0.0249023 0.0422794
0 0.654785 0.011489 0.0283203 0.0229779
1 0.855469 0.253676 0.0234375 0.0422794
0 0.196777 0.940717 0.0273438 0.0413603
0 0.258545 0.844669 0.0249023 0.0441176
1 0.879883 0.824449 0.0234375 0.0459559
1 0.017334 0.196691 0.0268555 0.0551471
0 0.834473 0.861673 0.0205078 0.0413603
1 0.603271 0.241268 0.0209961 0.0413603
1 0.681641 0.106158 0.0244141 0.0413603
0 0.828125 0.621324 0.0263672 0.0514706
0 0.0175781 0.196691 0.0253906 0.0514706
0 0.390869 0.659926 0.0239258 0.0422794
0 0.522705 0.0680147 0.0249023 0.0459559
1 0.238281 0.712316 0.0234375 0.0477941
0 0.731934 0.111213 0.0224609 0.0459559
1 0.496582 0.674173 0.0224609 0.046875
0 0.778564 0.70864 0.0249023 0.0422794
0 0.375977 0.692555 0.0234375 0.0450368
0 0.496582 0.674632 0.0234375 0.0477941
1 0.825928 0.955882 0.0297852 0.0477941
1 0.414795 0.457721 0.0268555 0.0441176
0 0.587891 0.36443 0.0234375 0.0395221
0 0.678467 0.0597426 0.0219727 0.0422794
1 0.440186 0.886949 0.0288086 0.0496324
0 0.410156 0.339614 0.0263672 0.0450368
0 0.405518 0.205882 0.0258789 0.0496324
0 0.440674 0.884191 0.0288086 0.0514706
1 0.371582 0.539062 0.0263672 0.046875
1 0.740234 0.169118 0.0253906 0.0459559
0 0.752441 0.922794 0.0283203 0.0477941
0 0.300781 0.66682 0.0234375 0.0450368
1 0.4104 0.340533 0.027832 0.046875
0 0.877441 0.720129 0.0283203 0.0487132
1 0.258789 0.844669 0.0283203 0.0459559
0 0.825684 0.954963 0.0283203 0.0496324
1 0.928955 0.564338 0.0249023 0.0441176
1 0.829102 0.622243 0.0234375 0.0477941
1 0.0771484 0.23989 0.0273438 0.0496324
1 0.572021 0.102482 0.0258789 0.046875
1 0.522217 0.0693934 0.0249023 0.0450368
1 0.196533 0.940257 0.0268555 0.0441176
0 0.880371 0.824908 0.0234375 0.0505515
1 0.534912 0.331342 0.0249023 0.0505515
1 0.314941 0.149357 0.0244141 0.0450368
0 0.857178 0.86443 0.0249023 0.046875
0 0.474365 0.670496 0.0219727 0.0450368
1 0.678711 0.0602022 0.0234375 0.0413603
1 0.651855 0.397518 0.0224609 0.0431985
1 0.91626 0.495404 0.0297852 0.0477941
1 0.381104 0.786765 0.0229492 0.0422794
0 0.7854 0.59421 0.0288086 0.046875
1 0.572998 0.390625 0.0219727 0.0386029
1 0.0144043 0.981618 0.0258789 0.0367647
1 0.838379 0.12454 0.0234375 0.0450368
0 0.826416 0.807904 0.0249023 0.0533088
1 0.211426 0.0790441 0.0263672 0.0514706
1 0.187988 0.480699 0.0244141 0.0459559
1 0.925781 0.85386 0.0263672 0.0459559
0 0.558594 0.882353 0.0263672 0.0477941
1 0.751953 0.922794 0.0263672 0.0496324
0 0.755615 0.788603 0.0258789 0.0441176
0 0.319336 0.645221 0.0234375 0.0441176
1 0.0966797 0.356618 0.0253906 0.0459559
0 0.565918 0.602482 0.0273438 0.0450368
1 0.172363 0.0188419 0.0292969 0.0376838
1 0.666016 0.394761 0.0214844 0.0413603
1 0.391602 0.875 0.0234375 0.0496324
1 0.88208 0.0863971 0.0219727 0.0422794
1 0.0913086 0.0317096 0.0332031 0.0523897
1 0.196777 0.529871 0.0234375 0.0431985
1 0.806152 0.179228 0.0224609 0.0404412
1 0.163574 0.77114 0.0263672 0.0459559
1 0.0930176 0.600643 0.0219727 0.0431985
1 0.157715 0.492188 0.0234375 0.0413603
1 0.525635 0.268382 0.0258789 0.0496324
1 0.811523 0.301471 0.0253906 0.0441176
1 0.858643 0.0831801 0.0219727 0.0431985
1 0.59668 0.295496 0.0234375 0.0431985
1 0.146484 0.585938 0.0205078 0.0431985
1 0.37793 0.368566 0.0253906 0.0441176
1 0.335449 0.184283 0.0253906 0.0450368
1 0.808594 0.118107 0.0214844 0.0450368
1 0.151611 0.287684 0.0258789 0.0441176
1 0.102295 0.523438 0.0239258 0.046875
1 0.132812 0.609375 0.0214844 0.0422794
1 0.989014 0.175092 0.0219727 0.0505515
1 0.123779 0.822151 0.0268555 0.0450368
1 0.897461 0.107077 0.0234375 0.0450368
1 0.691162 0.386029 0.0258789 0.0477941
1 0.147949 0.234375 0.0263672 0.0441176
1 0.0310059 0.409926 0.0229492 0.0404412
1 0.0222168 0.442096 0.0219727 0.0422794
1 0.238525 0.345588 0.027832 0.0514706
1 0.505127 0.17693 0.0268555 0.0487132
1 0.80542 0.210478 0.0239258 0.0422794
1 0.7854 0.272059 0.0249023 0.0459559
1 0.58252 0.245864 0.0234375 0.0431985
1 0.0944824 0.815257 0.0288086 0.0514706
1 0.419189 0.945312 0.0268555 0.0487132
1 0.227539 0.769301 0.0253906 0.0459559
1 0.205322 0.314338 0.0249023 0.0477941
1 0.983643 0.919118 0.027832 0.0551471
1 0.313965 0.247243 0.0253906 0.0459559
