0 0.0998535 0.0225184 0.034668 0.0450368
1 0.858643 0.0845588 0.0219727 0.0459559
1 0.535889 0.91682 0.0258789 0.0487132
1 0.523438 0.20864 0.0175781 0.0404412
0 0.310791 0.897978 0.0297852 0.0533088
0 0.310547 0.242188 0.0302734 0.0505515
0 0.189453 0.540901 0.0332031 0.0670956
0 0.535889 0.91636 0.0288086 0.0496324
1 0.933594 0.880515 0.0253906 0.0441176
1 0.0849609 0.238511 0.0332031 0.0615809
0 0.567871 0.596507 0.0302734 0.0551471
1 0.108643 0.386949 0.0297852 0.0625
1 0.921875 0.977941 0.0332031 0.0441176
0 0.921875 0.977022 0.03125 0.0422794
1 0.568848 0.597886 0.0283203 0.0487132
0 0.439453 0.881893 0.0263672 0.046875
0 0.828857 0.772059 0.0297852 0.0533088
1 0.202148 0.95818 0.03125 0.0542279
0 0.828857 0.623162 0.0249023 0.0496324
1 0.799072 0.594669 0.0268555 0.0459559
0 0.0849609 0.238051 0.0351562 0.0569853
0 0.20166 0.95818 0.0283203 0.0487132
1 0.811279 0.119945 0.0229492 0.0487132
1 0.943604 0.56296 0.0297852 0.0505515
1 0.917236 0.494026 0.0249023 0.0487132
1 0.98877 0.172794 0.0224609 0.0496324
1 0.398926 0.335018 0.0253906 0.0431985
0 0.781738 0.921415 0.0322266 0.0505515
1 0.835938 0.12454 0.0234375 0.0450368
1 0.826416 0.954044 0.0297852 0.0514706
0 0.934326 0.883272 0.0249023 0.0441176
0 0.872559 0.745864 0.0283203 0.0487132
1 0.828857 0.625 0.0219727 0.0477941
1 0.528564 0.309283 0.0209961 0.0413603
0 0.165283 0.772059 0.027832 0.0496324
1 0.5271 0.27068 0.0219727 0.0395221
0 0.108398 0.388787 0.0292969 0.0606618
0 0.258545 0.846967 0.0268555 0.0505515
1 0.415283 0.454963 0.0239258 0.0441176
1 0.310791 0.242647 0.0297852 0.0496324
0 0.826416 0.954504 0.0297852 0.0523897
0 0.0219727 0.193015 0.0332031 0.0661765
1 0.96875 0.879136 0.0253906 0.0487132
1 0.388184 0.25046 0.0263672 0.0487132
1 0.377686 0.367647 0.0239258 0.0441176
1 0.189209 0.54182 0.034668 0.0652574
1 0.689941 0.389706 0.03125 0.0643382
