1 0.385986 0.778493 0.0307617 0.0569853
1 0.829102 0.625 0.0234375 0.0496324
0 0.524414 0.206342 0.0234375 0.046875
0 0.102295 0.0238971 0.0356445 0.0477941
0 0.860352 0.0827206 0.03125 0.0477941
0 0.189697 0.542279 0.034668 0.0716912
1 0.80249 0.931066 0.0249023 0.0441176
1 0.102539 0.0248162 0.0341797 0.0496324
1 0.843018 0.766085 0.0268555 0.046875
0 0.801758 0.930147 0.0244141 0.0441176
1 0.309326 0.237592 0.027832 0.0579044
0 0.825928 0.953125 0.0249023 0.0459559
0 0.203613 0.957261 0.03125 0.0523897
0 0.381592 0.267463 0.0297852 0.0533088
1 0.80127 0.59375 0.0253906 0.0514706
1 0.438965 0.880515 0.0302734 0.0588235
0 0.924805 0.975643 0.03125 0.0487132
1 0.925049 0.975184 0.0297852 0.0459559
0 0.843018 0.766085 0.027832 0.046875
0 0.259277 0.847886 0.03125 0.0542279
1 0.825928 0.952206 0.0249023 0.0404412
1 0.381348 0.267463 0.0273438 0.0514706
1 0.258545 0.847886 0.0297852 0.0523897
0 0.800537 0.59375 0.0268555 0.0496324
1 0.872559 0.745864 0.0263672 0.0487132
0 0.569824 0.597886 0.0322266 0.0560662
1 0.416504 0.454504 0.0302734 0.0579044
0 0.439453 0.881434 0.0341797 0.0569853
1 0.959473 0.555607 0.03125 0.0523897
0 0.828857 0.623621 0.0249023 0.0505515
1 0.987549 0.172794 0.0249023 0.0569853
0 0.308594 0.237132 0.0302734 0.0588235
0 0.164795 0.772518 0.0288086 0.0560662
1 0.916504 0.496324 0.0263672 0.0477941
0 0.0852051 0.238971 0.034668 0.0625
1 0.204102 0.957261 0.03125 0.0560662
0 0.872559 0.745864 0.0263672 0.0487132
1 0.303955 0.905331 0.0288086 0.0588235
1 0.689941 0.389706 0.03125 0.0661765
0 0.109375 0.388327 0.0302734 0.0615809
0 0.0222168 0.193015 0.0327148 0.0661765
1 0.189209 0.542279 0.0336914 0.0661765
