1 0.806152 0.988511 0.0302734 0.0229779
1 0.876465 0.721507 0.0283203 0.0477941
1 0.613037 0.0128676 0.0258789 0.0257353
1 0.566406 0.601562 0.0292969 0.0487132
1 0.382812 0.479779 0.0185547 0.0330882
0 0.756104 0.790441 0.0288086 0.0459559
0 0.75708 0.925092 0.0297852 0.0487132
0 0.776123 0.715993 0.0229492 0.0441176
1 0.533447 0.327665 0.0219727 0.0431985
1 0.786865 0.59375 0.0258789 0.0477941
0 0.828857 0.621783 0.0249023 0.0505515
1 0.7771 0.716912 0.0249023 0.0422794
0 0.876465 0.723346 0.0263672 0.0459559
1 0.333984 0.182904 0.0185547 0.0422794
1 0.824951 0.801471 0.0249023 0.0514706
0 0.912354 0.982537 0.0297852 0.0349265
0 0.566406 0.601103 0.0273438 0.0477941
1 0.755859 0.79136 0.0263672 0.0441176
1 0.917236 0.493107 0.027832 0.046875
0 0.825684 0.954963 0.0283203 0.0496324
1 0.758301 0.926471 0.03125 0.0514706
1 0.740967 0.158548 0.0219727 0.0395221
1 0.856934 0.253676 0.0234375 0.0404412
1 0.828857 0.622702 0.0219727 0.046875
1 0.879883 0.825827 0.0234375 0.0450368
1 0.55542 0.883732 0.0268555 0.0431985
1 0.825928 0.955882 0.0297852 0.0496324
1 0.320557 0.167739 0.0200195 0.0431985
1 0.806641 0.209099 0.0214844 0.0376838
1 0.679443 0.0606618 0.0209961 0.0367647
1 0.85791 0.862592 0.0234375 0.0450368
1 0.93042 0.56296 0.0268555 0.0450368
1 0.257324 0.84375 0.0244141 0.0441176
1 0.838379 0.12454 0.0234375 0.0431985
1 0.019043 0.195772 0.0253906 0.0514706
1 0.0910645 0.0298713 0.0327148 0.046875
1 0.927979 0.857077 0.0249023 0.046875
1 0.681152 0.0969669 0.0224609 0.0395221
1 0.690674 0.38511 0.0258789 0.0459559
1 0.528076 0.066636 0.0239258 0.0431985
1 0.439941 0.88511 0.0263672 0.0441176
1 0.172119 0.019761 0.0297852 0.0395221
1 0.858643 0.0840993 0.0200195 0.0431985
1 0.0146484 0.981618 0.0253906 0.0367647
1 0.882812 0.0868566 0.0205078 0.0413603
1 0.731689 0.116728 0.0219727 0.0422794
1 0.987793 0.174632 0.0244141 0.0496324
1 0.571045 0.103401 0.0229492 0.0431985
1 0.237061 0.715533 0.0249023 0.0431985
1 0.0842285 0.236213 0.0288086 0.0533088
1 0.809326 0.118566 0.0219727 0.0422794
1 0.100342 0.524816 0.0258789 0.0496324
1 0.524658 0.268382 0.0239258 0.0477941
1 0.401855 0.212316 0.0244141 0.0459559
1 0.897705 0.106158 0.0219727 0.0431985
1 0.196777 0.946232 0.0283203 0.0487132
1 0.14502 0.589614 0.0205078 0.0450368
1 0.98291 0.91682 0.0283203 0.0542279
1 0.371094 0.539062 0.0253906 0.0450368
1 0.0942383 0.601103 0.0234375 0.0441176
1 0.13208 0.607996 0.0200195 0.0431985
1 0.391846 0.87454 0.0229492 0.0487132
1 0.592529 0.290441 0.0229492 0.0422794
1 0.20874 0.0799632 0.0249023 0.0477941
1 0.50708 0.183824 0.0239258 0.0459559
1 0.098877 0.362592 0.0268555 0.046875
1 0.414551 0.457721 0.0244141 0.0441176
1 0.812012 0.301011 0.0244141 0.0431985
1 0.585205 0.255974 0.0229492 0.0395221
1 0.196777 0.529871 0.0234375 0.0450368
1 0.785645 0.272059 0.0234375 0.0459559
1 0.1875 0.483456 0.0234375 0.0459559
1 0.37793 0.367647 0.0253906 0.0441176
1 0.160889 0.485754 0.0239258 0.0450368
1 0.409668 0.340074 0.0253906 0.0441176
1 0.147949 0.235294 0.0244141 0.0422794
1 0.417725 0.942555 0.0258789 0.0487132
1 0.231201 0.76011 0.0239258 0.0441176
1 0.0959473 0.813879 0.0268555 0.0505515
1 0.164307 0.77068 0.0268555 0.0487132
1 0.153564 0.274357 0.0258789 0.0413603
1 0.119385 0.820312 0.0239258 0.046875
1 0.405518 0.538603 0.0239258 0.0422794
1 0.23877 0.345129 0.0283203 0.0505515
1 0.311768 0.246324 0.0258789 0.0477941
1 0.205322 0.314338 0.0249023 0.0477941
