1 0.783447 0.923254 0.0288086 0.046875
0 0.858643 0.0840993 0.0219727 0.046875
1 0.10083 0.0234375 0.034668 0.046875
0 0.10083 0.0225184 0.034668 0.0450368
1 0.921875 0.977022 0.03125 0.0459559
1 0.569336 0.596507 0.0273438 0.0496324
0 0.811035 0.117647 0.0234375 0.0496324
1 0.108643 0.387408 0.0297852 0.0634191
0 0.189697 0.540901 0.0336914 0.0689338
0 0.53418 0.919118 0.0273438 0.0514706
0 0.310547 0.898438 0.03125 0.0542279
0 0.921875 0.976562 0.03125 0.0431985
0 0.569336 0.598346 0.03125 0.0533088
1 0.811279 0.119945 0.0229492 0.0487132
0 0.783691 0.923254 0.0302734 0.0487132
0 0.798828 0.595129 0.0273438 0.0487132
0 0.966553 0.875 0.0249023 0.0496324
1 0.310547 0.240809 0.03125 0.0533088
1 0.201904 0.95818 0.0307617 0.0542279
1 0.835938 0.12454 0.0234375 0.0450368
1 0.799316 0.59421 0.0263672 0.0487132
1 0.94458 0.561581 0.027832 0.0496324
0 0.310547 0.240809 0.03125 0.0533088
1 0.98877 0.172335 0.0224609 0.0505515
1 0.829102 0.625 0.0234375 0.0477941
1 0.967285 0.876379 0.0234375 0.046875
0 0.828857 0.623621 0.0249023 0.0487132
1 0.415527 0.454963 0.0234375 0.0459559
1 0.529053 0.308824 0.0209961 0.0404412
1 0.917236 0.493566 0.0249023 0.0496324
0 0.934326 0.883272 0.0249023 0.0441176
1 0.527588 0.271599 0.0209961 0.0376838
0 0.20166 0.95818 0.0283203 0.0487132
0 0.830322 0.772059 0.0297852 0.0533088
0 0.0852051 0.238971 0.0336914 0.0606618
0 0.438232 0.882812 0.0327148 0.0542279
1 0.386475 0.252757 0.0268555 0.0496324
1 0.377686 0.367188 0.0239258 0.0431985
0 0.872559 0.746324 0.0283203 0.0477941
0 0.826416 0.953585 0.0297852 0.0523897
1 0.395996 0.338695 0.0244141 0.0413603
0 0.258789 0.847426 0.0273438 0.0514706
0 0.165283 0.773438 0.0268555 0.0523897
0 0.108643 0.389246 0.0297852 0.0615809
1 0.189209 0.542279 0.034668 0.0661765
0 0.0222168 0.193015 0.0336914 0.0661765
1 0.826416 0.954044 0.0297852 0.0514706
1 0.689941 0.389706 0.0302734 0.0643382
