1 0.858643 0.0836397 0.0219727 0.0459559
1 0.101562 0.0234375 0.0332031 0.046875
0 0.101318 0.0225184 0.0336914 0.0450368
1 0.810791 0.119485 0.0219727 0.0477941
0 0.533691 0.919118 0.03125 0.0496324
1 0.52417 0.209559 0.0180664 0.0422794
1 0.785889 0.926011 0.0268555 0.0487132
0 0.962402 0.867188 0.0283203 0.0487132
0 0.189697 0.540901 0.0336914 0.0689338
1 0.0849609 0.238511 0.0341797 0.0634191
1 0.109131 0.387408 0.0288086 0.0634191
1 0.922607 0.976562 0.0297852 0.0431985
0 0.811035 0.117647 0.0234375 0.0477941
1 0.963379 0.872243 0.0234375 0.0459559
1 0.56958 0.596507 0.027832 0.0496324
0 0.922607 0.976562 0.027832 0.0431985
0 0.832031 0.769761 0.0292969 0.0560662
0 0.569336 0.597886 0.03125 0.0542279
0 0.799316 0.595129 0.0283203 0.0487132
1 0.835938 0.12454 0.0214844 0.0450368
1 0.202637 0.957261 0.0302734 0.0523897
0 0.826416 0.953585 0.0297852 0.0523897
1 0.831299 0.771599 0.0297852 0.0560662
1 0.872559 0.745864 0.0283203 0.046875
0 0.309814 0.23989 0.0307617 0.0533088
0 0.872559 0.746324 0.0283203 0.0477941
1 0.310303 0.240349 0.0317383 0.0542279
1 0.528076 0.273897 0.0209961 0.0386029
0 0.828857 0.623162 0.0249023 0.0477941
1 0.529297 0.306526 0.0214844 0.0450368
1 0.946045 0.559743 0.0297852 0.0477941
1 0.91626 0.494945 0.0249023 0.046875
1 0.800049 0.595129 0.0268555 0.0487132
1 0.828857 0.62454 0.0219727 0.046875
1 0.385742 0.255515 0.0253906 0.0477941
0 0.0849609 0.238051 0.0361328 0.0588235
1 0.988281 0.172335 0.0234375 0.0505515
1 0.415527 0.454963 0.0234375 0.0459559
0 0.258789 0.846967 0.0273438 0.0505515
0 0.201904 0.957261 0.027832 0.0487132
0 0.438965 0.882353 0.0341797 0.0551471
0 0.934326 0.882812 0.0249023 0.0413603
0 0.165283 0.773897 0.0268555 0.0514706
0 0.108887 0.389246 0.0292969 0.0615809
1 0.377686 0.367188 0.0239258 0.0431985
0 0.0222168 0.193015 0.0336914 0.0661765
1 0.39502 0.340533 0.0244141 0.0431985
1 0.689941 0.389706 0.03125 0.0643382
1 0.189209 0.54182 0.0336914 0.0652574
1 0.826416 0.954504 0.0297852 0.0505515
