1 0.10083 0.0234375 0.0336914 0.046875
0 0.858643 0.0840993 0.0219727 0.0450368
1 0.783936 0.923254 0.0297852 0.0487132
1 0.0852051 0.238971 0.0336914 0.0625
1 0.810059 0.119945 0.0224609 0.046875
1 0.921875 0.977022 0.03125 0.0459559
0 0.100586 0.0225184 0.0341797 0.0450368
0 0.567871 0.596967 0.0302734 0.0560662
0 0.310547 0.898438 0.03125 0.0542279
1 0.108887 0.387408 0.0292969 0.0634191
0 0.811035 0.117188 0.0234375 0.0487132
0 0.535156 0.919118 0.0292969 0.0514706
0 0.798828 0.595588 0.0292969 0.0496324
0 0.189453 0.54182 0.0341797 0.0689338
1 0.835938 0.124081 0.0234375 0.0459559
0 0.922852 0.976562 0.03125 0.0431985
1 0.569092 0.596507 0.027832 0.0496324
0 0.966553 0.875 0.0249023 0.0496324
1 0.202148 0.95818 0.03125 0.0542279
0 0.78418 0.923254 0.03125 0.0487132
0 0.310303 0.240809 0.0307617 0.0533088
1 0.799805 0.594669 0.0273438 0.0496324
1 0.310547 0.241268 0.03125 0.0542279
1 0.988281 0.171875 0.0234375 0.0514706
1 0.917236 0.493566 0.0249023 0.0496324
1 0.829102 0.624081 0.0234375 0.0477941
1 0.94458 0.561581 0.0297852 0.0496324
0 0.828857 0.623162 0.0249023 0.0496324
1 0.529053 0.308824 0.0209961 0.0404412
0 0.438721 0.882353 0.0327148 0.0569853
1 0.527588 0.272059 0.0219727 0.0386029
0 0.0849609 0.238511 0.0361328 0.0579044
1 0.966309 0.87546 0.0234375 0.046875
1 0.386475 0.253217 0.0268555 0.0487132
1 0.415527 0.454963 0.0244141 0.0459559
0 0.934326 0.883272 0.0249023 0.0441176
0 0.201904 0.95818 0.027832 0.0487132
0 0.872559 0.746324 0.0283203 0.0477941
0 0.830322 0.772059 0.0297852 0.0551471
1 0.377441 0.367188 0.0244141 0.0431985
0 0.826416 0.953585 0.0297852 0.0523897
0 0.258545 0.847886 0.0258789 0.0505515
1 0.395996 0.339154 0.0244141 0.0422794
0 0.165527 0.773897 0.0273438 0.0514706
0 0.108398 0.389246 0.0292969 0.0615809
0 0.0219727 0.193015 0.0332031 0.0661765
1 0.189453 0.54136 0.0351562 0.0661765
1 0.826416 0.954044 0.0297852 0.0514706
1 0.689453 0.389706 0.0322266 0.0661765
