1 0.882812 0.241268 0.0205078 0.046875
1 0.387207 0.783088 0.0244141 0.0441176
0 0.917236 0.493107 0.0249023 0.0431985
1 0.858643 0.252298 0.0219727 0.0395221
0 0.824951 0.782629 0.027832 0.0487132
0 0.234131 0.340533 0.0268555 0.0542279
0 0.858643 0.0840993 0.0219727 0.0450368
0 0.919434 0.980699 0.03125 0.0386029
1 0.917236 0.491728 0.027832 0.0459559
1 0.835938 0.866728 0.0205078 0.0386029
1 0.811035 0.116728 0.0205078 0.0441176
1 0.547607 0.900735 0.0268555 0.0441176
1 0.824951 0.78171 0.027832 0.0505515
1 0.791992 0.589614 0.0253906 0.046875
0 0.770752 0.924632 0.0268555 0.0514706
0 0.567139 0.596967 0.0288086 0.0523897
1 0.785156 0.272059 0.0224609 0.0459559
1 0.770508 0.751379 0.0234375 0.046875
0 0.785889 0.27114 0.0229492 0.0459559
0 0.198975 0.0680147 0.0249023 0.0459559
1 0.807617 0.300092 0.0224609 0.0413603
0 0.197998 0.95864 0.0317383 0.0514706
1 0.20752 0.315257 0.0263672 0.0496324
1 0.0935059 0.0275735 0.0327148 0.0477941
1 0.825928 0.955882 0.0297852 0.0496324
1 0.690186 0.386029 0.027832 0.0551471
1 0.828857 0.623621 0.0219727 0.046875
1 0.836914 0.12454 0.0234375 0.0431985
0 0.791504 0.590533 0.0263672 0.046875
0 0.810791 0.118566 0.0219727 0.0459559
1 0.234131 0.340074 0.0268555 0.0477941
0 0.690186 0.387408 0.027832 0.0560662
1 0.989014 0.173254 0.0219727 0.0487132
1 0.199463 0.0670956 0.0258789 0.0459559
1 0.439453 0.883732 0.0244141 0.0487132
1 0.933594 0.565257 0.0253906 0.0477941
0 0.756592 0.79136 0.0239258 0.0459559
0 0.0219727 0.193934 0.0263672 0.0514706
0 0.0852051 0.238971 0.0307617 0.0533088
1 0.756348 0.789522 0.0244141 0.0441176
0 0.77002 0.751379 0.0244141 0.0450368
1 0.194824 0.538143 0.0302734 0.0579044
1 0.171631 0.0211397 0.0268555 0.0386029
1 0.568359 0.599265 0.0263672 0.0477941
0 0.932129 0.877298 0.0263672 0.046875
1 0.872559 0.736673 0.0263672 0.0487132
1 0.258789 0.845129 0.0253906 0.046875
0 0.207764 0.316636 0.0268555 0.0542279
1 0.517578 0.198529 0.0214844 0.0404412
0 0.872803 0.737132 0.0249023 0.0459559
0 0.828857 0.623162 0.0249023 0.0496324
1 0.198486 0.959559 0.0288086 0.0477941
0 0.102295 0.379136 0.0268555 0.0505515
1 0.524902 0.269761 0.0224609 0.0395221
0 0.826416 0.954504 0.0297852 0.0505515
1 0.542969 0.0574449 0.0253906 0.0450368
1 0.864258 0.860754 0.0234375 0.046875
1 0.880371 0.827206 0.0234375 0.0459559
1 0.527588 0.310202 0.0209961 0.0395221
1 0.394287 0.22932 0.0249023 0.0431985
1 0.770508 0.924632 0.0273438 0.0514706
1 0.979736 0.903493 0.0268555 0.0514706
1 0.567627 0.0854779 0.0239258 0.0441176
0 0.164551 0.769761 0.0292969 0.0523897
1 0.391113 0.871324 0.0234375 0.0496324
1 0.411621 0.91636 0.0234375 0.0441176
1 0.415283 0.457721 0.0258789 0.0459559
1 0.311768 0.245404 0.0288086 0.0459559
1 0.378662 0.368566 0.0249023 0.0441176
1 0.40918 0.340074 0.0244141 0.0441176
