1 0.181885 0.0344669 0.0395508 0.0487132
0 0.537842 0.913603 0.0288086 0.0514706
0 0.189697 0.540901 0.0327148 0.0652574
1 0.568848 0.596967 0.0263672 0.046875
1 0.311523 0.89568 0.0273438 0.046875
1 0.858643 0.0836397 0.0219727 0.0459559
1 0.88208 0.241728 0.0219727 0.0477941
0 0.798096 0.595129 0.0268555 0.046875
1 0.522217 0.207721 0.019043 0.0404412
1 0.920898 0.97886 0.03125 0.0422794
1 0.857666 0.24954 0.0219727 0.0395221
1 0.797852 0.59375 0.0263672 0.0459559
0 0.567871 0.596967 0.0302734 0.0523897
1 0.406006 0.889706 0.0219727 0.0441176
1 0.53833 0.914982 0.0258789 0.046875
1 0.934326 0.880055 0.0249023 0.0431985
1 0.201172 0.95818 0.0302734 0.0523897
0 0.920898 0.97932 0.03125 0.0413603
0 0.438965 0.883272 0.0244141 0.0459559
0 0.933594 0.883272 0.0253906 0.0422794
1 0.391357 0.871324 0.0200195 0.0441176
1 0.810791 0.119945 0.0219727 0.046875
1 0.828857 0.62454 0.0219727 0.046875
0 0.201416 0.95818 0.027832 0.0487132
0 0.827393 0.773438 0.0297852 0.0523897
1 0.916992 0.493566 0.0234375 0.0477941
1 0.989014 0.172335 0.0219727 0.0487132
0 0.258545 0.847426 0.0258789 0.0514706
0 0.828857 0.623162 0.0249023 0.0477941
1 0.835938 0.124081 0.0234375 0.0441176
0 0.872559 0.744485 0.0263672 0.0477941
1 0.943848 0.563419 0.0263672 0.0459559
1 0.528076 0.309283 0.0209961 0.0413603
0 0.165039 0.772059 0.0283203 0.0477941
1 0.525635 0.269761 0.0209961 0.0395221
0 0.777832 0.922335 0.0283203 0.0487132
0 0.0849609 0.238971 0.0332031 0.0588235
1 0.785889 0.272518 0.0229492 0.0413603
1 0.415039 0.454963 0.0234375 0.0422794
1 0.970947 0.884191 0.0249023 0.0441176
1 0.388672 0.246783 0.0253906 0.0523897
0 0.10791 0.387868 0.0283203 0.0588235
0 0.0222168 0.193015 0.0327148 0.0643382
0 0.826416 0.954504 0.0297852 0.0523897
1 0.798096 0.295956 0.0239258 0.0404412
1 0.689941 0.389706 0.0302734 0.0625
1 0.311035 0.244026 0.0283203 0.046875
1 0.377686 0.369026 0.0249023 0.0450368
1 0.189453 0.542279 0.0332031 0.0625
1 0.405273 0.337316 0.0234375 0.0422794
