0 0.524658 0.206801 0.0258789 0.0459559
0 0.860352 0.0831801 0.03125 0.0487132
0 0.925049 0.976562 0.0297852 0.046875
1 0.30957 0.238051 0.0292969 0.0606618
0 0.102051 0.0238971 0.0361328 0.0477941
0 0.189453 0.542739 0.0351562 0.0726103
1 0.102539 0.0248162 0.0341797 0.0496324
1 0.438965 0.880974 0.0302734 0.0597426
0 0.800781 0.59421 0.0263672 0.0487132
0 0.872559 0.746324 0.0263672 0.0477941
0 0.259033 0.847886 0.0307617 0.0542279
0 0.203125 0.957261 0.03125 0.0523897
1 0.840576 0.765625 0.0268555 0.0459559
1 0.797119 0.92693 0.0249023 0.046875
1 0.828857 0.625 0.0219727 0.0477941
0 0.829102 0.624081 0.0234375 0.0496324
1 0.258545 0.847886 0.0297852 0.0523897
1 0.416504 0.453585 0.03125 0.0579044
0 0.56958 0.597886 0.0327148 0.0560662
1 0.800781 0.594669 0.0253906 0.0496324
1 0.955566 0.556985 0.0283203 0.0514706
1 0.987549 0.173254 0.0249023 0.0560662
1 0.924316 0.975184 0.0283203 0.0422794
0 0.439453 0.881434 0.0351562 0.0569853
1 0.93457 0.881893 0.0234375 0.0395221
1 0.872559 0.745864 0.0263672 0.046875
1 0.304443 0.904871 0.0297852 0.0542279
0 0.308838 0.237592 0.0307617 0.0597426
1 0.203857 0.957261 0.0307617 0.0542279
0 0.0849609 0.238971 0.0351562 0.0625
0 0.164795 0.772518 0.0288086 0.0560662
1 0.825928 0.952206 0.0249023 0.0459559
1 0.91626 0.496324 0.0249023 0.0477941
1 0.689941 0.389246 0.03125 0.0652574
1 0.953125 0.86443 0.0234375 0.0413603
0 0.109131 0.387868 0.0307617 0.0625
0 0.0222168 0.193015 0.0327148 0.0661765
1 0.189453 0.54182 0.0341797 0.0670956
