1 0.915771 0.982537 0.0297852 0.0349265
0 0.825928 0.953585 0.0297852 0.0487132
0 0.0964355 0.588235 0.0288086 0.0514706
0 0.101807 0.373621 0.0249023 0.0450368
1 0.197998 0.959099 0.027832 0.046875
0 0.91626 0.981618 0.0297852 0.0367647
0 0.873291 0.72886 0.0249023 0.0459559
1 0.875 0.72886 0.0253906 0.0441176
0 0.206055 0.317096 0.0253906 0.0514706
1 0.770996 0.737132 0.0205078 0.0441176
1 0.172119 0.0206801 0.027832 0.0395221
0 0.929688 0.869026 0.0253906 0.046875
1 0.882812 0.241728 0.0214844 0.0459559
1 0.835938 0.865349 0.0205078 0.0395221
1 0.203857 0.073989 0.0258789 0.0450368
1 0.0932617 0.027114 0.0322266 0.0450368
0 0.0214844 0.194393 0.0263672 0.0505515
1 0.929688 0.869485 0.0253906 0.0441176
1 0.258301 0.84421 0.0244141 0.0450368
1 0.932861 0.563419 0.0268555 0.0422794
0 0.0852051 0.238511 0.0307617 0.0523897
1 0.858643 0.254136 0.0219727 0.0413603
0 0.197754 0.957261 0.0283203 0.046875
1 0.836914 0.12454 0.0234375 0.0450368
1 0.917236 0.492647 0.0297852 0.0477941
1 0.690674 0.387408 0.0268555 0.046875
1 0.98877 0.173254 0.0224609 0.0505515
1 0.789551 0.592371 0.0253906 0.0450368
1 0.858643 0.0836397 0.0219727 0.0477941
1 0.0952148 0.586397 0.0283203 0.0477941
1 0.828857 0.623162 0.0219727 0.0477941
0 0.0957031 0.534467 0.0283203 0.0505515
1 0.440674 0.883732 0.0239258 0.046875
1 0.810547 0.117188 0.0214844 0.0450368
1 0.825684 0.955882 0.0283203 0.0477941
1 0.55249 0.89568 0.0258789 0.0431985
1 0.809082 0.299632 0.0253906 0.0441176
1 0.861816 0.862592 0.0234375 0.0487132
1 0.567627 0.600184 0.0258789 0.0459559
1 0.786133 0.27114 0.0234375 0.0477941
0 0.203369 0.0721507 0.0249023 0.046875
1 0.206299 0.315257 0.0249023 0.0459559
1 0.23584 0.340533 0.0263672 0.046875
1 0.196289 0.532169 0.0263672 0.0496324
1 0.826416 0.787224 0.0249023 0.0487132
1 0.52417 0.269301 0.0229492 0.0404412
1 0.514648 0.193015 0.0234375 0.0459559
1 0.537598 0.0565257 0.0263672 0.0413603
1 0.880615 0.826746 0.0249023 0.046875
1 0.766846 0.924173 0.0258789 0.0542279
0 0.164551 0.77068 0.0292969 0.0542279
1 0.391602 0.871783 0.0224609 0.0487132
1 0.528076 0.310202 0.0229492 0.0413603
1 0.755859 0.789062 0.0244141 0.0450368
1 0.981934 0.910846 0.0283203 0.0514706
1 0.569092 0.09375 0.0229492 0.0441176
1 0.415283 0.926471 0.0239258 0.0477941
1 0.397461 0.538603 0.0214844 0.0404412
1 0.374756 0.539982 0.0239258 0.0431985
1 0.396484 0.223346 0.0224609 0.0459559
1 0.415283 0.457721 0.0249023 0.0441176
1 0.378418 0.368107 0.0244141 0.0431985
1 0.409668 0.340533 0.0244141 0.0431985
1 0.311523 0.245864 0.0273438 0.0431985
