1 0.804688 0.988051 0.03125 0.0238971
0 0.0146484 0.986213 0.0292969 0.0275735
0 0.825928 0.953585 0.0297852 0.0487132
1 0.101074 0.371324 0.0234375 0.0441176
1 0.0200195 0.194853 0.0273438 0.0551471
0 0.097168 0.530331 0.0283203 0.0514706
1 0.204346 0.0758272 0.0258789 0.046875
1 0.169922 0.483456 0.0205078 0.0386029
0 0.928955 0.867188 0.0268555 0.0487132
0 0.0925293 0.0294118 0.0336914 0.0477941
1 0.928955 0.867647 0.0249023 0.0459559
1 0.835938 0.865349 0.0205078 0.0413603
1 0.858398 0.254596 0.0234375 0.0404412
0 0.0852051 0.238051 0.0307617 0.0533088
0 0.875 0.726562 0.0263672 0.046875
1 0.172852 0.0206801 0.0292969 0.0413603
0 0.0209961 0.195312 0.0263672 0.0505515
0 0.914795 0.981618 0.0297852 0.0367647
1 0.197021 0.955423 0.027832 0.046875
0 0.197021 0.955882 0.0307617 0.0496324
1 0.0925293 0.0280331 0.0327148 0.0450368
1 0.882812 0.243107 0.0234375 0.0450368
1 0.258057 0.84421 0.0249023 0.046875
1 0.838135 0.12454 0.0249023 0.0487132
0 0.163818 0.769761 0.0297852 0.0560662
1 0.98877 0.173713 0.0224609 0.0514706
1 0.917236 0.493107 0.0297852 0.0487132
1 0.789062 0.592371 0.0253906 0.046875
1 0.932129 0.56296 0.0263672 0.046875
1 0.552734 0.893382 0.0253906 0.0422794
1 0.828857 0.623162 0.0219727 0.0477941
1 0.097168 0.53079 0.0263672 0.046875
1 0.771973 0.729779 0.0234375 0.0441176
1 0.858643 0.0827206 0.0219727 0.0459559
1 0.184326 0.486673 0.0209961 0.0413603
1 0.825928 0.955882 0.0297852 0.0496324
1 0.440186 0.884651 0.0239258 0.046875
1 0.690918 0.386489 0.0273438 0.0487132
1 0.513428 0.192555 0.0249023 0.0450368
1 0.810303 0.119026 0.0229492 0.0450368
1 0.196777 0.53125 0.0244141 0.0477941
1 0.880615 0.825827 0.0249023 0.046875
1 0.86084 0.862592 0.0234375 0.0487132
1 0.567139 0.600184 0.0258789 0.0459559
1 0.810303 0.300092 0.0258789 0.046875
1 0.82666 0.790441 0.0263672 0.0496324
0 0.20459 0.0749081 0.0253906 0.046875
1 0.786133 0.271599 0.0234375 0.0487132
1 0.765137 0.923254 0.0263672 0.0560662
1 0.0957031 0.590074 0.0273438 0.0477941
1 0.52417 0.268842 0.0239258 0.0413603
1 0.98291 0.912684 0.0283203 0.0533088
1 0.391602 0.872702 0.0224609 0.0487132
1 0.397461 0.221507 0.0224609 0.0441176
1 0.755859 0.789062 0.0253906 0.0450368
1 0.237793 0.341912 0.0273438 0.0477941
1 0.536377 0.0569853 0.0258789 0.0404412
1 0.205566 0.315717 0.0244141 0.046875
1 0.378418 0.368107 0.0244141 0.0431985
1 0.528809 0.311581 0.0224609 0.0422794
1 0.373047 0.540441 0.0244141 0.0441176
1 0.415283 0.457721 0.0249023 0.0441176
1 0.570312 0.0965074 0.0234375 0.0459559
1 0.409668 0.340533 0.0244141 0.0431985
1 0.41626 0.931526 0.0249023 0.046875
1 0.398438 0.539522 0.0234375 0.0422794
1 0.311523 0.245864 0.0273438 0.0450368
