1 0.806885 0.988051 0.0297852 0.0238971
1 0.329102 0.165901 0.0292969 0.0505515
0 0.236572 0.712316 0.0258789 0.0422794
0 0.610596 0.0128676 0.0249023 0.0257353
1 0.196777 0.847426 0.0283203 0.0367647
0 0.654297 0.011489 0.0283203 0.0229779
0 0.911621 0.982996 0.03125 0.0340074
0 0.740234 0.169118 0.0234375 0.0477941
0 0.681641 0.108915 0.0234375 0.0395221
0 0.834473 0.862592 0.0205078 0.0413603
0 0.522705 0.0680147 0.0249023 0.0459559
0 0.196533 0.940257 0.027832 0.0422794
0 0.0168457 0.19807 0.027832 0.0542279
1 0.237793 0.712316 0.0234375 0.0477941
1 0.587891 0.36443 0.0234375 0.0395221
1 0.681152 0.106158 0.0234375 0.0413603
1 0.855469 0.253676 0.0253906 0.0422794
1 0.564941 0.603401 0.0273438 0.0450368
0 0.587891 0.36443 0.0234375 0.0395221
1 0.879883 0.824908 0.0234375 0.0450368
0 0.258301 0.844669 0.0253906 0.0459559
0 0.778564 0.70818 0.0258789 0.0431985
1 0.0175781 0.196691 0.0253906 0.0514706
0 0.731934 0.111213 0.0234375 0.0459559
0 0.828857 0.622243 0.0268555 0.0514706
0 0.496582 0.674173 0.0234375 0.0487132
0 0.678467 0.0597426 0.0219727 0.0422794
0 0.825684 0.955882 0.0283203 0.0496324
0 0.440674 0.884191 0.0297852 0.0514706
0 0.376221 0.692555 0.0239258 0.0450368
1 0.496582 0.674173 0.0224609 0.046875
0 0.410156 0.340074 0.0263672 0.0459559
0 0.405518 0.204963 0.0258789 0.0496324
0 0.877441 0.720588 0.0283203 0.0477941
0 0.391113 0.659926 0.0244141 0.0422794
1 0.740234 0.169118 0.0253906 0.0459559
1 0.602783 0.240809 0.0219727 0.0422794
0 0.752686 0.922794 0.027832 0.0477941
1 0.414795 0.45818 0.0268555 0.0450368
1 0.196533 0.940257 0.0268555 0.0459559
0 0.857178 0.86443 0.0249023 0.0487132
0 0.880371 0.824908 0.0234375 0.0505515
0 0.301025 0.66682 0.0239258 0.0450368
1 0.4104 0.340533 0.027832 0.046875
1 0.440186 0.886949 0.0288086 0.0496324
1 0.825928 0.955882 0.0297852 0.0477941
1 0.371826 0.539522 0.0268555 0.0477941
1 0.828857 0.622702 0.0219727 0.0487132
1 0.258545 0.845588 0.0288086 0.0459559
1 0.380859 0.786765 0.0224609 0.0441176
0 0.474365 0.670496 0.0219727 0.0450368
1 0.678711 0.0602022 0.0234375 0.0413603
1 0.0773926 0.240349 0.027832 0.0505515
1 0.91626 0.495404 0.0297852 0.0477941
1 0.522217 0.0689338 0.0249023 0.0459559
1 0.571777 0.102482 0.0263672 0.046875
0 0.7854 0.594669 0.0288086 0.0459559
1 0.534912 0.331342 0.0258789 0.0505515
1 0.928955 0.563879 0.0268555 0.0450368
1 0.652344 0.397059 0.0214844 0.0422794
1 0.314941 0.149357 0.0244141 0.0450368
1 0.0146484 0.981618 0.0253906 0.0367647
0 0.826416 0.807904 0.0249023 0.0533088
1 0.163818 0.77114 0.0268555 0.0459559
1 0.838135 0.12454 0.0249023 0.0450368
0 0.755615 0.788603 0.0258789 0.0441176
0 0.56543 0.602482 0.0273438 0.046875
0 0.558594 0.883272 0.0253906 0.0459559
1 0.211182 0.0790441 0.0258789 0.0514706
1 0.925781 0.853401 0.0263672 0.046875
1 0.572998 0.391085 0.0219727 0.0395221
1 0.391602 0.875 0.0234375 0.0514706
1 0.88208 0.0859375 0.0219727 0.0431985
1 0.751953 0.922794 0.0273438 0.0496324
1 0.188232 0.480239 0.0249023 0.046875
1 0.157715 0.492188 0.0234375 0.0431985
1 0.806152 0.179688 0.0224609 0.0413603
1 0.666016 0.394761 0.0214844 0.0413603
1 0.172119 0.0188419 0.0297852 0.0376838
1 0.0964355 0.356618 0.0249023 0.0459559
1 0.196777 0.529871 0.0234375 0.0431985
1 0.0913086 0.0317096 0.0332031 0.0523897
0 0.319336 0.645221 0.0234375 0.0441176
1 0.0935059 0.602022 0.0239258 0.0459559
1 0.146484 0.585018 0.0205078 0.0431985
1 0.858643 0.0836397 0.0219727 0.0441176
1 0.59668 0.295496 0.0234375 0.0431985
1 0.811523 0.301471 0.0253906 0.0441176
1 0.80835 0.118107 0.0219727 0.0450368
1 0.37793 0.368566 0.0253906 0.0441176
1 0.151611 0.288143 0.0258789 0.0450368
1 0.132568 0.609835 0.0219727 0.0431985
1 0.525391 0.268842 0.0253906 0.0487132
1 0.123779 0.822151 0.0268555 0.0450368
1 0.102295 0.523897 0.0239258 0.0477941
1 0.98877 0.175092 0.0224609 0.0505515
1 0.897461 0.106618 0.0234375 0.0459559
1 0.335693 0.184283 0.0258789 0.0450368
1 0.691162 0.386029 0.0258789 0.0477941
1 0.147949 0.234375 0.0263672 0.0441176
1 0.785156 0.271599 0.0253906 0.046875
1 0.03125 0.409926 0.0234375 0.0422794
1 0.0224609 0.442555 0.0224609 0.0413603
1 0.80542 0.210478 0.0239258 0.0422794
1 0.505127 0.17693 0.0268555 0.0487132
1 0.23877 0.345588 0.0283203 0.0514706
1 0.0942383 0.815257 0.0292969 0.0533088
1 0.419189 0.945312 0.0268555 0.0487132
1 0.227539 0.769301 0.0253906 0.0459559
1 0.58252 0.246324 0.0234375 0.0441176
1 0.205322 0.313879 0.0249023 0.0487132
1 0.98291 0.919118 0.0283203 0.0551471
1 0.313721 0.247243 0.0258789 0.0459559
