0 0.566895 0.596507 0.0283203 0.0514706
1 0.0944824 0.539982 0.0258789 0.0542279
1 0.772217 0.741728 0.0200195 0.0441176
1 0.0205078 0.194393 0.0273438 0.0560662
1 0.198242 0.959559 0.0283203 0.0477941
0 0.0959473 0.584099 0.0288086 0.046875
0 0.439941 0.88511 0.0244141 0.0459559
0 0.828857 0.622243 0.0249023 0.0496324
0 0.874268 0.729779 0.0249023 0.0441176
1 0.835938 0.866268 0.0205078 0.0395221
1 0.873535 0.72886 0.0263672 0.0459559
0 0.206299 0.316636 0.0258789 0.0523897
1 0.91626 0.982077 0.0297852 0.0358456
0 0.825684 0.954963 0.0283203 0.0496324
1 0.172119 0.0211397 0.027832 0.0386029
0 0.0214844 0.194393 0.0263672 0.0505515
1 0.882812 0.241728 0.0214844 0.0459559
0 0.101562 0.375919 0.0244141 0.0477941
0 0.0852051 0.238511 0.0307617 0.0542279
1 0.929688 0.871324 0.0263672 0.0459559
1 0.258545 0.84421 0.0249023 0.0450368
1 0.932861 0.563419 0.0268555 0.0422794
1 0.917236 0.492188 0.027832 0.046875
1 0.203125 0.0730699 0.0263672 0.0450368
1 0.44043 0.883732 0.0234375 0.046875
1 0.789795 0.590993 0.0249023 0.0441176
1 0.828857 0.623162 0.0219727 0.0477941
1 0.858643 0.0840993 0.0219727 0.046875
1 0.98877 0.173713 0.0224609 0.0496324
1 0.858643 0.254136 0.0219727 0.0413603
1 0.808594 0.300092 0.0253906 0.0413603
1 0.836914 0.12454 0.0234375 0.0450368
1 0.810059 0.116728 0.0205078 0.0441176
0 0.93042 0.869945 0.0268555 0.0487132
1 0.0952148 0.584099 0.0273438 0.046875
1 0.0935059 0.0266544 0.0317383 0.0441176
0 0.197998 0.95818 0.027832 0.046875
1 0.825928 0.955882 0.0297852 0.0496324
1 0.551514 0.89568 0.0258789 0.0431985
1 0.690674 0.387408 0.0268555 0.0487132
1 0.568115 0.599724 0.0258789 0.0450368
0 0.0952148 0.537224 0.0273438 0.0487132
1 0.862305 0.861673 0.0234375 0.0487132
1 0.785156 0.272059 0.0234375 0.0477941
0 0.202881 0.0712316 0.0249023 0.0487132
1 0.826416 0.786765 0.0249023 0.0477941
1 0.206543 0.315257 0.0253906 0.0477941
1 0.235596 0.340533 0.0268555 0.046875
1 0.514893 0.194853 0.0219727 0.0459559
1 0.768066 0.924173 0.0263672 0.0523897
1 0.524414 0.268842 0.0234375 0.0395221
1 0.880615 0.826746 0.0249023 0.046875
1 0.196289 0.532629 0.0273438 0.0523897
1 0.391357 0.871783 0.0219727 0.0487132
1 0.528076 0.310202 0.0219727 0.0413603
1 0.415039 0.924173 0.0234375 0.0450368
1 0.538086 0.0565257 0.0273438 0.0431985
1 0.755859 0.789062 0.0244141 0.0450368
0 0.164551 0.769761 0.0292969 0.0523897
1 0.981934 0.909926 0.0283203 0.0514706
1 0.568359 0.0928309 0.0234375 0.0441176
1 0.396484 0.539522 0.0205078 0.0386029
1 0.395508 0.223346 0.0234375 0.0459559
1 0.415283 0.457721 0.0249023 0.0441176
1 0.375244 0.539522 0.0229492 0.0422794
1 0.378418 0.368107 0.0244141 0.0431985
1 0.409668 0.340533 0.0244141 0.0431985
1 0.311523 0.245864 0.0273438 0.0431985
