1 0.385986 0.356158 0.0258789 0.046875
0 0.82666 0.954504 0.0283203 0.0523897
0 0.858643 0.0840993 0.0219727 0.046875
1 0.102051 0.0238971 0.0332031 0.0477941
0 0.568848 0.596967 0.0302734 0.0579044
0 0.834229 0.769761 0.0297852 0.0505515
0 0.960938 0.868566 0.0253906 0.0422794
0 0.789307 0.925551 0.0258789 0.0496324
1 0.438721 0.880055 0.0288086 0.0579044
0 0.101562 0.0225184 0.0341797 0.0450368
0 0.189453 0.54182 0.0341797 0.0707721
0 0.799316 0.595588 0.0283203 0.0514706
1 0.817383 0.121324 0.0234375 0.0459559
1 0.788818 0.925092 0.0258789 0.0505515
1 0.310303 0.240809 0.0297852 0.0569853
1 0.109375 0.387868 0.0292969 0.0643382
0 0.922607 0.976562 0.027832 0.0431985
1 0.833496 0.767463 0.0283203 0.0514706
1 0.948486 0.560662 0.0249023 0.0477941
0 0.872559 0.745864 0.0283203 0.0487132
1 0.923584 0.975643 0.0297852 0.0431985
0 0.828857 0.623621 0.0249023 0.0487132
0 0.817871 0.119945 0.0234375 0.046875
1 0.385254 0.255974 0.0283203 0.0487132
1 0.960938 0.870864 0.0253906 0.0413603
1 0.203125 0.957261 0.0302734 0.0542279
1 0.56958 0.596967 0.027832 0.0505515
0 0.30957 0.238971 0.0302734 0.0551471
0 0.439209 0.881893 0.0336914 0.0560662
1 0.800049 0.594669 0.0268555 0.0496324
0 0.259033 0.847426 0.027832 0.0514706
1 0.829102 0.62454 0.0234375 0.0487132
0 0.93457 0.882353 0.0234375 0.0404412
1 0.988281 0.172335 0.0234375 0.0505515
1 0.872559 0.744485 0.0283203 0.0459559
0 0.0852051 0.23943 0.034668 0.0615809
1 0.91626 0.495864 0.0249023 0.046875
0 0.202393 0.957261 0.027832 0.0505515
0 0.165527 0.773438 0.0263672 0.0523897
1 0.415771 0.454963 0.0249023 0.0477941
0 0.108887 0.389706 0.0292969 0.0625
1 0.377197 0.367188 0.0219727 0.0413603
0 0.0222168 0.193015 0.0336914 0.0680147
1 0.689941 0.389706 0.0302734 0.0643382
1 0.825684 0.953585 0.0283203 0.0505515
1 0.392822 0.341452 0.0229492 0.0431985
1 0.189209 0.542279 0.0336914 0.0661765
