1 0.731934 0.11443 0.0224609 0.046875
1 0.558838 0.880055 0.0297852 0.0487132
1 0.806885 0.988051 0.0297852 0.0238971
0 0.654297 0.011489 0.0283203 0.0229779
1 0.858643 0.86443 0.0249023 0.0487132
1 0.475098 0.668658 0.0234375 0.0431985
0 0.609375 0.0133272 0.0253906 0.0266544
1 0.323242 0.159007 0.0292969 0.0477941
1 0.588135 0.36489 0.0249023 0.0422794
0 0.911865 0.983456 0.0297852 0.0330882
1 0.390381 0.658548 0.0229492 0.0450368
1 0.377686 0.691176 0.0239258 0.0441176
0 0.680908 0.108456 0.0239258 0.0404412
1 0.681641 0.105239 0.0234375 0.0413603
0 0.834473 0.862592 0.0205078 0.0413603
0 0.300781 0.667279 0.0234375 0.0441176
1 0.301025 0.66682 0.0229492 0.0431985
0 0.376465 0.692096 0.0234375 0.0459559
1 0.877441 0.720588 0.0263672 0.0477941
0 0.390381 0.660386 0.0239258 0.0413603
0 0.876465 0.721048 0.0283203 0.046875
0 0.571777 0.391544 0.0195312 0.0367647
1 0.855469 0.252757 0.0253906 0.0441176
0 0.440186 0.884191 0.0288086 0.0514706
1 0.879883 0.824449 0.0234375 0.0459559
0 0.495117 0.673254 0.0234375 0.046875
1 0.740234 0.168199 0.0253906 0.0459559
0 0.678467 0.0597426 0.0219727 0.0422794
0 0.778564 0.709099 0.0249023 0.0431985
0 0.410156 0.340074 0.0253906 0.0459559
0 0.825684 0.954963 0.0283203 0.0496324
1 0.6521 0.397518 0.0219727 0.0431985
0 0.731934 0.113971 0.0234375 0.0459559
0 0.857178 0.86443 0.0249023 0.046875
0 0.828857 0.621783 0.0268555 0.0523897
0 0.753174 0.922794 0.027832 0.0477941
1 0.414795 0.457721 0.0268555 0.0441176
0 0.474609 0.670037 0.0214844 0.0422794
0 0.405029 0.206342 0.0249023 0.0487132
0 0.880371 0.825827 0.0234375 0.0505515
1 0.495605 0.673713 0.0224609 0.0459559
1 0.0178223 0.196691 0.0258789 0.0496324
1 0.409668 0.340533 0.0273438 0.046875
1 0.258545 0.845129 0.027832 0.046875
1 0.573486 0.390625 0.0219727 0.0386029
1 0.829102 0.622702 0.0234375 0.0487132
1 0.534912 0.331342 0.0258789 0.0505515
1 0.238037 0.711857 0.0229492 0.046875
0 0.318604 0.647059 0.0239258 0.0422794
0 0.587891 0.36489 0.0234375 0.0386029
1 0.439941 0.88557 0.0283203 0.046875
1 0.665771 0.395221 0.0209961 0.0422794
1 0.825928 0.955882 0.0297852 0.0477941
1 0.371582 0.539522 0.0263672 0.0477941
0 0.786133 0.59421 0.0292969 0.046875
1 0.381104 0.786765 0.0219727 0.0422794
1 0.678955 0.0606618 0.0239258 0.0422794
1 0.196289 0.941176 0.0263672 0.0459559
1 0.91626 0.494485 0.0297852 0.0477941
0 0.826416 0.807904 0.0249023 0.0533088
1 0.522217 0.0689338 0.0249023 0.0459559
1 0.314941 0.151654 0.0244141 0.0441176
1 0.805908 0.181985 0.0239258 0.0422794
0 0.55835 0.883272 0.0258789 0.0459559
1 0.838135 0.12454 0.0249023 0.0450368
0 0.755615 0.788603 0.0258789 0.0441176
1 0.571533 0.102482 0.0258789 0.046875
1 0.928955 0.563879 0.0268555 0.0450368
1 0.0773926 0.23943 0.0268555 0.0487132
1 0.88208 0.0863971 0.0219727 0.0422794
1 0.0913086 0.03125 0.0332031 0.0514706
1 0.211182 0.0790441 0.0258789 0.0514706
1 0.0146484 0.982077 0.0253906 0.0358456
0 0.565918 0.602482 0.0273438 0.0450368
1 0.925781 0.85432 0.0263672 0.046875
1 0.171875 0.0188419 0.0292969 0.0376838
1 0.525391 0.268842 0.0253906 0.0487132
1 0.858643 0.0836397 0.0219727 0.0441176
1 0.391602 0.875 0.0234375 0.0496324
1 0.0932617 0.601103 0.0214844 0.0422794
1 0.752686 0.922794 0.0268555 0.0514706
1 0.0966797 0.357077 0.0253906 0.0450368
1 0.196533 0.530331 0.0229492 0.0422794
1 0.811768 0.301471 0.0249023 0.0441176
1 0.80835 0.118107 0.0219727 0.0450368
1 0.146484 0.585478 0.0205078 0.0422794
1 0.691162 0.38557 0.0258789 0.046875
1 0.37793 0.368107 0.0253906 0.0450368
1 0.989014 0.175092 0.0219727 0.0505515
1 0.596436 0.295496 0.0239258 0.0450368
1 0.102051 0.523438 0.0234375 0.046875
1 0.187988 0.481158 0.0244141 0.0450368
1 0.897461 0.106618 0.0234375 0.0459559
1 0.335449 0.183364 0.0253906 0.0450368
1 0.157959 0.491268 0.0229492 0.0413603
1 0.163574 0.77114 0.0263672 0.0441176
1 0.505371 0.17739 0.0263672 0.0477941
1 0.785156 0.271599 0.0244141 0.046875
1 0.132568 0.609375 0.0209961 0.0422794
1 0.147949 0.234375 0.0263672 0.0441176
1 0.0310059 0.409926 0.0229492 0.0404412
1 0.151855 0.286765 0.0253906 0.0441176
1 0.805664 0.210478 0.0244141 0.0422794
1 0.419434 0.944853 0.0263672 0.0477941
1 0.58252 0.245404 0.0244141 0.0441176
1 0.123535 0.821691 0.0263672 0.0441176
1 0.0227051 0.441176 0.0229492 0.0422794
1 0.238525 0.345588 0.027832 0.0514706
1 0.0944824 0.815257 0.027832 0.0496324
1 0.228027 0.768382 0.0244141 0.0441176
1 0.98291 0.919118 0.0283203 0.0551471
1 0.205566 0.313879 0.0244141 0.046875
1 0.313477 0.247243 0.0253906 0.0459559
