0 0.784424 0.924173 0.0297852 0.046875
1 0.101074 0.0238971 0.0341797 0.0477941
0 0.858643 0.0840993 0.0219727 0.046875
1 0.784668 0.925092 0.0273438 0.046875
1 0.829834 0.772059 0.0297852 0.0551471
0 0.10083 0.0225184 0.034668 0.0450368
0 0.569336 0.597886 0.03125 0.0523897
1 0.922852 0.976103 0.03125 0.0441176
1 0.108887 0.387408 0.0292969 0.0634191
0 0.811035 0.117647 0.0234375 0.0477941
0 0.922852 0.977022 0.03125 0.0459559
1 0.810791 0.119485 0.0219727 0.0477941
0 0.798584 0.595588 0.027832 0.0477941
0 0.189697 0.54136 0.034668 0.0680147
0 0.534424 0.919118 0.0297852 0.0496324
1 0.569336 0.596507 0.0273438 0.0496324
1 0.835938 0.124081 0.0234375 0.0459559
1 0.310547 0.240809 0.03125 0.0533088
1 0.202148 0.957261 0.03125 0.0542279
1 0.96582 0.87546 0.0234375 0.046875
0 0.828857 0.623162 0.0249023 0.0477941
0 0.310059 0.240349 0.03125 0.0542279
0 0.966309 0.874081 0.0234375 0.0514706
1 0.98877 0.172335 0.0224609 0.0505515
1 0.799805 0.595129 0.0273438 0.0487132
0 0.830566 0.771599 0.03125 0.0560662
0 0.826416 0.953585 0.0297852 0.0523897
1 0.945312 0.561121 0.0292969 0.0487132
1 0.527588 0.272518 0.0209961 0.0376838
1 0.529053 0.308364 0.0209961 0.0413603
0 0.872559 0.745864 0.0283203 0.0487132
1 0.917236 0.493566 0.0249023 0.0496324
1 0.415527 0.455423 0.0244141 0.0450368
1 0.828857 0.62454 0.0219727 0.046875
1 0.38623 0.254136 0.0263672 0.0487132
0 0.438721 0.882812 0.0336914 0.0542279
0 0.0852051 0.238971 0.034668 0.0625
0 0.258789 0.846967 0.0273438 0.0505515
0 0.934326 0.883272 0.0249023 0.0422794
0 0.201904 0.957261 0.027832 0.0487132
1 0.377686 0.367188 0.0239258 0.0431985
0 0.165283 0.773897 0.0268555 0.0514706
0 0.108887 0.389246 0.0292969 0.0615809
1 0.189209 0.54182 0.034668 0.0652574
1 0.395508 0.340074 0.0244141 0.0422794
0 0.0219727 0.193474 0.0332031 0.0670956
1 0.689941 0.389706 0.03125 0.0643382
1 0.826416 0.954044 0.0297852 0.0514706
