0 0.677979 0.0592831 0.0219727 0.0395221
1 0.886719 0.235754 0.0253906 0.0413603
1 0.197266 0.847426 0.046875 0.0441176
1 0.856934 0.866268 0.0234375 0.0487132
1 0.911865 0.49954 0.0249023 0.0431985
0 0.835205 0.127757 0.0249023 0.0404412
0 0.780518 0.693934 0.0239258 0.0459559
0 0.395508 0.132353 0.0205078 0.0367647
1 0.737061 0.176471 0.0229492 0.0459559
1 0.806152 0.113051 0.0234375 0.0422794
0 0.834473 0.863971 0.0185547 0.0404412
0 0.196777 0.532629 0.0244141 0.046875
1 0.564453 0.606618 0.0283203 0.0496324
0 0.804199 0.172335 0.0244141 0.0450368
1 0.710938 0.648897 0.0224609 0.0404412
1 0.755859 0.79136 0.0263672 0.0441176
1 0.409668 0.340993 0.0283203 0.0459559
0 0.737549 0.176471 0.0239258 0.0441176
1 0.746826 0.921415 0.0239258 0.0431985
0 0.746826 0.922794 0.0249023 0.0441176
0 0.440918 0.88557 0.0283203 0.046875
0 0.688721 0.72886 0.0209961 0.0459559
0 0.377441 0.369945 0.0253906 0.0450368
1 0.780518 0.693474 0.0239258 0.0450368
1 0.377686 0.369945 0.0258789 0.0450368
1 0.83667 0.125 0.0249023 0.0441176
0 0.755859 0.789062 0.0253906 0.0431985
0 0.880371 0.823529 0.0234375 0.0477941
1 0.380859 0.787224 0.0253906 0.046875
0 0.805908 0.113051 0.0239258 0.0441176
1 0.0766602 0.244485 0.03125 0.0533088
1 0.521484 0.0693934 0.0234375 0.0431985
1 0.394775 0.130055 0.0209961 0.0376838
1 0.879883 0.824449 0.0234375 0.0459559
1 0.724854 0.634191 0.0209961 0.0404412
0 0.236328 0.710938 0.0253906 0.0431985
0 0.483154 0.133272 0.0219727 0.0422794
0 0.311523 0.132812 0.0292969 0.046875
1 0.650879 0.39614 0.0224609 0.0422794
1 0.37207 0.538143 0.0273438 0.0505515
1 0.440674 0.88557 0.027832 0.046875
1 0.679199 0.129136 0.0263672 0.0450368
0 0.828125 0.819853 0.0234375 0.0404412
1 0.0141602 0.201746 0.0263672 0.0597426
1 0.678223 0.0597426 0.0234375 0.0404412
0 0.258545 0.846507 0.0258789 0.0459559
1 0.259521 0.846967 0.0288086 0.0450368
0 0.39209 0.657169 0.0244141 0.0459559
0 0.521484 0.0684743 0.0253906 0.0431985
0 0.72998 0.104779 0.0244141 0.0459559
0 0.559814 0.877757 0.0268555 0.0459559
1 0.571289 0.105699 0.0234375 0.0441176
1 0.196045 0.532169 0.0249023 0.0459559
1 0.589111 0.363971 0.0239258 0.0441176
0 0.409424 0.340993 0.0268555 0.0459559
0 0.315918 0.882812 0.0244141 0.046875
0 0.609375 0.0137868 0.0234375 0.0275735
1 0.992188 0.758732 0.015625 0.0395221
0 0.076416 0.245864 0.0327148 0.0542279
0 0.269531 0.984375 0.0273438 0.03125
0 0.464844 0.112132 0.0214844 0.0422794
0 0.711914 0.649357 0.0234375 0.0376838
1 0.534424 0.335018 0.0239258 0.0505515
0 0.856201 0.866728 0.0249023 0.0459559
1 0.406982 0.203585 0.0268555 0.0487132
1 0.696289 0.448529 0.0234375 0.0422794
0 0.536377 0.492647 0.0239258 0.0441176
1 0.851562 0.261029 0.0253906 0.0422794
1 0.402832 0.159467 0.0205078 0.0431985
1 0.334473 0.191176 0.0263672 0.0477941
1 0.196533 0.931985 0.0268555 0.0441176
0 0.672363 0.714154 0.0224609 0.0422794
1 0.156494 0.501838 0.0239258 0.0477941
0 0.879883 0.0831801 0.0234375 0.0395221
1 0.824951 0.954963 0.027832 0.0441176
1 0.710938 0.472426 0.0234375 0.0404412
1 0.803467 0.171875 0.0229492 0.0441176
0 0.368164 0.692096 0.0253906 0.0459559
1 0.0944824 0.352022 0.027832 0.0496324
1 0.0146484 0.980699 0.0244141 0.0386029
1 0.187256 0.472886 0.0239258 0.046875
1 0.876709 0.716452 0.0249023 0.0450368
1 0.799072 0.409467 0.0219727 0.0376838
1 0.921875 0.845588 0.0234375 0.0404412
1 0.246582 0.0229779 0.0263672 0.0441176
1 0.828857 0.623621 0.0219727 0.046875
0 0.466553 0.671415 0.0249023 0.0505515
1 0.225586 0.78079 0.0253906 0.0487132
1 0.482422 0.131434 0.0214844 0.0441176
1 0.966553 0.744026 0.0219727 0.0431985
0 0.534668 0.463235 0.0244141 0.0404412
1 0.78418 0.59375 0.0273438 0.0441176
0 0.564453 0.607077 0.0263672 0.0505515
0 0.505127 0.678768 0.0268555 0.0487132
1 0.813232 0.441636 0.0249023 0.0431985
1 0.392334 0.875919 0.0258789 0.0514706
1 0.989746 0.175551 0.0205078 0.0459559
1 0.150146 0.232537 0.027832 0.0459559
0 0.299316 0.667739 0.0263672 0.046875
1 0.669189 0.392463 0.0219727 0.0422794
1 0.171875 0.0183824 0.0283203 0.0367647
1 0.611328 0.25 0.0195312 0.0386029
0 0.32373 0.634191 0.0234375 0.0422794
1 0.203125 0.852941 0.0253906 0.0441176
1 0.215088 0.078125 0.0249023 0.0477941
1 0.570312 0.388787 0.0234375 0.0422794
1 0.0178223 0.454504 0.0239258 0.0505515
1 0.922607 0.561581 0.0249023 0.0422794
1 0.23584 0.346507 0.0273438 0.0533088
1 0.0314941 0.409926 0.0258789 0.0459559
1 0.163574 0.772518 0.0263672 0.046875
1 0.147461 0.301011 0.0302734 0.046875
1 0.145752 0.586397 0.0239258 0.0477941
1 0.0917969 0.0326287 0.0332031 0.0542279
1 0.5979 0.299173 0.0249023 0.0450368
1 0.126953 0.828125 0.0263672 0.0496324
1 0.57959 0.248621 0.0224609 0.0431985
1 0.803955 0.221048 0.0229492 0.0431985
1 0.597656 0.230239 0.0205078 0.0413603
1 0.106445 0.530331 0.0253906 0.0459559
1 0.0925293 0.813419 0.0268555 0.0496324
1 0.0915527 0.599724 0.0249023 0.0505515
1 0.314697 0.249081 0.0268555 0.0477941
1 0.178711 0.83364 0.0263672 0.0459559
1 0.691406 0.384651 0.0244141 0.0450368
1 0.527344 0.269761 0.0253906 0.0487132
1 0.502197 0.175092 0.0249023 0.046875
1 0.811035 0.300551 0.0263672 0.0404412
1 0.132324 0.620404 0.0244141 0.0459559
1 0.783691 0.27114 0.0263672 0.0459559
1 0.418945 0.954504 0.0273438 0.0487132
1 0.206055 0.313419 0.0263672 0.0496324
1 0.981201 0.734375 0.0200195 0.0404412
1 0.983643 0.92739 0.0268555 0.0514706
