1 0.989014 0.818015 0.019043 0.0441176
1 0.169678 0.818015 0.0200195 0.0367647
1 0.807617 0.988051 0.0283203 0.0238971
1 0.879883 0.824449 0.0234375 0.0441176
1 0.406982 0.201287 0.0268555 0.0533088
1 0.480957 0.132353 0.0195312 0.0386029
1 0.410889 0.539982 0.0268555 0.0431985
1 0.0766602 0.244026 0.0292969 0.0487132
1 0.564453 0.605239 0.0283203 0.046875
1 0.0151367 0.199908 0.0263672 0.0560662
1 0.992188 0.756893 0.015625 0.0395221
1 0.187744 0.475643 0.0249023 0.0450368
1 0.0144043 0.980699 0.0249023 0.0386029
1 0.196533 0.931985 0.0249023 0.0441176
1 0.415039 0.459099 0.0273438 0.0450368
0 0.0148926 0.980699 0.0288086 0.0386029
0 0.187988 0.474724 0.0244141 0.0450368
1 0.730713 0.10386 0.0249023 0.0477941
0 0.739014 0.173713 0.0229492 0.0496324
1 0.196533 0.532169 0.0239258 0.0441176
0 0.748779 0.922794 0.0258789 0.0459559
0 0.470459 0.117647 0.0180664 0.0422794
0 0.0187988 0.44807 0.0258789 0.0450368
0 0.196777 0.53171 0.0234375 0.0450368
0 0.146484 0.585018 0.0205078 0.0431985
0 0.784424 0.59329 0.0288086 0.046875
0 0.441162 0.88557 0.0297852 0.0487132
1 0.739502 0.175551 0.0239258 0.0496324
1 0.248535 0.00827206 0.0253906 0.0165441
0 0.834473 0.863511 0.0205078 0.0413603
0 0.730713 0.106158 0.0249023 0.046875
1 0.783936 0.59329 0.0307617 0.0487132
1 0.410156 0.340533 0.0273438 0.046875
0 0.31543 0.88511 0.0253906 0.0459559
1 0.571045 0.105699 0.0239258 0.0459559
0 0.469971 0.671875 0.0268555 0.0477941
1 0.853271 0.257812 0.0249023 0.0413603
0 0.501953 0.674173 0.0244141 0.0523897
1 0.259521 0.846507 0.027832 0.0459559
0 0.521973 0.0684743 0.0234375 0.0450368
1 0.380859 0.787684 0.0244141 0.0459559
0 0.197021 0.931066 0.0258789 0.0422794
1 0.371826 0.538603 0.0258789 0.0477941
0 0.40625 0.202665 0.0253906 0.0523897
0 0.268799 0.984835 0.0268555 0.0303309
1 0.811523 0.439338 0.0283203 0.0459559
0 0.0766602 0.244485 0.03125 0.0514706
1 0.313721 0.139246 0.027832 0.0431985
0 0.156494 0.497243 0.0239258 0.0459559
1 0.521484 0.0689338 0.0234375 0.0441176
0 0.609375 0.0147059 0.0244141 0.0294118
0 0.410156 0.340074 0.0253906 0.0441176
1 0.801758 0.410846 0.0234375 0.0367647
1 0.377686 0.369026 0.0249023 0.0450368
1 0.248779 0.0206801 0.0229492 0.0413603
1 0.0314941 0.410386 0.0249023 0.0431985
1 0.470703 0.671875 0.0273438 0.0477941
0 0.880371 0.823989 0.0234375 0.046875
1 0.534668 0.33364 0.0234375 0.0496324
1 0.679932 0.122243 0.0258789 0.0477941
0 0.392334 0.657629 0.0239258 0.0450368
1 0.678711 0.0602022 0.0234375 0.0413603
1 0.588379 0.363511 0.0234375 0.0413603
1 0.440674 0.886949 0.0297852 0.0496324
1 0.914062 0.5 0.0234375 0.0477941
1 0.019043 0.44807 0.0244141 0.046875
1 0.651855 0.397518 0.0224609 0.0431985
0 0.237305 0.710478 0.0253906 0.0422794
1 0.14624 0.585478 0.0219727 0.0459559
0 0.370605 0.694393 0.0244141 0.0450368
0 0.25708 0.845588 0.0258789 0.0441176
1 0.837646 0.12454 0.0249023 0.0450368
1 0.16333 0.772059 0.0258789 0.0459559
1 0.824951 0.954963 0.027832 0.0459559
1 0.923584 0.849265 0.0249023 0.0404412
1 0.828857 0.622702 0.0219727 0.046875
1 0.0947266 0.353401 0.0273438 0.046875
0 0.755615 0.789062 0.0249023 0.0431985
1 0.0932617 0.815257 0.0273438 0.0496324
0 0.0158691 0.198989 0.0258789 0.0523897
1 0.877441 0.717831 0.0263672 0.0459559
1 0.858643 0.082261 0.0200195 0.0413603
1 0.926514 0.564338 0.0268555 0.0441176
1 0.202637 0.851103 0.0253906 0.0441176
0 0.827393 0.814798 0.0249023 0.046875
0 0.300049 0.66682 0.0239258 0.046875
1 0.13208 0.612132 0.0229492 0.0422794
0 0.322021 0.636029 0.0219727 0.0404412
1 0.881348 0.0836397 0.0205078 0.0404412
1 0.501709 0.674173 0.0249023 0.0505515
1 0.803955 0.173254 0.0249023 0.0431985
0 0.559814 0.880055 0.0268555 0.0450368
1 0.182373 0.835938 0.0249023 0.0450368
0 0.857178 0.866268 0.0249023 0.0450368
1 0.571045 0.389706 0.0229492 0.0404412
1 0.104004 0.526195 0.0253906 0.046875
1 0.148682 0.233915 0.0268555 0.0431985
1 0.0913086 0.0326287 0.0332031 0.0542279
1 0.213135 0.0785846 0.0258789 0.0523897
1 0.171875 0.0183824 0.0302734 0.0367647
0 0.564941 0.605239 0.0263672 0.046875
1 0.668701 0.392923 0.0219727 0.0431985
1 0.126221 0.824908 0.0258789 0.0487132
1 0.335693 0.1875 0.0258789 0.0477941
1 0.391602 0.875919 0.0244141 0.0514706
1 0.150879 0.295037 0.0283203 0.0441176
1 0.807617 0.116268 0.0234375 0.0431985
1 0.226562 0.775735 0.0253906 0.0477941
1 0.61084 0.248162 0.0205078 0.0404412
1 0.598389 0.230699 0.0200195 0.0404412
1 0.581055 0.247243 0.0234375 0.0422794
1 0.237793 0.345588 0.0283203 0.0514706
1 0.0922852 0.601103 0.0244141 0.0477941
1 0.896729 0.105699 0.0219727 0.0422794
1 0.526611 0.269761 0.0249023 0.0487132
1 0.989014 0.175551 0.0219727 0.0477941
1 0.597168 0.298254 0.0234375 0.0431985
1 0.810791 0.301011 0.0268555 0.0431985
1 0.691162 0.38511 0.0249023 0.0459559
1 0.205566 0.313879 0.0253906 0.0487132
1 0.805176 0.211397 0.0253906 0.0422794
1 0.503174 0.175551 0.0249023 0.0477941
1 0.983643 0.921875 0.0268555 0.0533088
1 0.314697 0.248162 0.0258789 0.0459559
1 0.784424 0.27114 0.0258789 0.0477941
1 0.419922 0.950368 0.0263672 0.0514706
