0 0.788818 0.927849 0.0268555 0.0505515
1 0.383789 0.359835 0.0253906 0.0450368
1 0.858398 0.0831801 0.0234375 0.046875
0 0.189453 0.54182 0.0341797 0.0707721
0 0.568359 0.596967 0.03125 0.0560662
0 0.833496 0.77068 0.03125 0.0505515
1 0.439209 0.880515 0.0297852 0.0588235
0 0.101562 0.0225184 0.0341797 0.0450368
1 0.101807 0.0238971 0.0336914 0.0477941
1 0.109375 0.387408 0.0292969 0.0634191
0 0.960938 0.868566 0.0253906 0.0422794
0 0.814941 0.118107 0.0234375 0.046875
1 0.787598 0.926011 0.0263672 0.0487132
0 0.826416 0.953585 0.0297852 0.0523897
1 0.96167 0.870864 0.0249023 0.0395221
0 0.799316 0.595129 0.0283203 0.0523897
0 0.922607 0.976562 0.027832 0.0431985
1 0.923584 0.975643 0.0297852 0.0431985
1 0.94751 0.561121 0.0249023 0.046875
1 0.310303 0.23989 0.0307617 0.0551471
1 0.832764 0.768382 0.0297852 0.0533088
1 0.834961 0.12546 0.0234375 0.0450368
1 0.56958 0.596967 0.027832 0.0505515
0 0.828857 0.623162 0.0249023 0.0496324
0 0.872559 0.746324 0.0283203 0.0477941
1 0.202881 0.957261 0.0307617 0.0542279
0 0.309814 0.23943 0.0307617 0.0542279
0 0.259033 0.846967 0.027832 0.0505515
0 0.439209 0.881434 0.0336914 0.0588235
0 0.934326 0.882812 0.0249023 0.0395221
1 0.385254 0.255055 0.0283203 0.0487132
1 0.800049 0.595129 0.0268555 0.0505515
1 0.988281 0.172335 0.0234375 0.0505515
1 0.828857 0.62454 0.0219727 0.0487132
1 0.814697 0.119485 0.0219727 0.0477941
0 0.164795 0.772518 0.027832 0.0542279
1 0.872559 0.745864 0.0283203 0.046875
0 0.202393 0.957261 0.027832 0.0505515
1 0.91626 0.495864 0.0249023 0.046875
0 0.0852051 0.23943 0.034668 0.0615809
1 0.415771 0.454963 0.0249023 0.0477941
0 0.109131 0.389246 0.0288086 0.0615809
1 0.377197 0.367647 0.0219727 0.0422794
0 0.0222168 0.193015 0.0336914 0.0680147
1 0.825928 0.954504 0.0297852 0.0505515
1 0.393555 0.342831 0.0253906 0.0422794
1 0.689941 0.389706 0.0302734 0.0661765
1 0.189453 0.542279 0.0341797 0.0661765
