1 0.38208 0.480239 0.0180664 0.0321691
0 0.834473 0.863051 0.0185547 0.0386029
1 0.611572 0.0128676 0.0249023 0.0257353
0 0.776367 0.714614 0.0234375 0.0450368
1 0.587402 0.365349 0.0205078 0.0321691
1 0.381592 0.786765 0.0209961 0.0404412
1 0.680908 0.104779 0.0229492 0.0404412
1 0.576904 0.391085 0.0209961 0.0340074
0 0.880371 0.824908 0.0234375 0.046875
0 0.556641 0.88511 0.0263672 0.0422794
1 0.879639 0.824449 0.0249023 0.0441176
0 0.786377 0.59375 0.0268555 0.0459559
1 0.807129 0.18704 0.0214844 0.0376838
0 0.827393 0.802849 0.0268555 0.0505515
1 0.857666 0.863051 0.0249023 0.0459559
0 0.877441 0.721507 0.0263672 0.0459559
1 0.828857 0.622702 0.0219727 0.046875
1 0.755127 0.924632 0.0288086 0.0514706
1 0.916992 0.492647 0.0234375 0.0477941
1 0.740723 0.162684 0.0234375 0.0404412
0 0.912598 0.982996 0.03125 0.0340074
0 0.828125 0.622243 0.0253906 0.0496324
1 0.439453 0.88511 0.0263672 0.0459559
1 0.534668 0.330423 0.0234375 0.0487132
1 0.731689 0.116268 0.0229492 0.0413603
1 0.301758 0.665441 0.0214844 0.0404412
1 0.0791016 0.236213 0.0273438 0.0477941
0 0.755615 0.924173 0.0297852 0.0487132
1 0.556641 0.882353 0.0263672 0.0422794
1 0.389648 0.66636 0.0195312 0.0459559
1 0.257324 0.84375 0.0253906 0.0441176
1 0.406982 0.538143 0.0229492 0.0395221
1 0.857178 0.253217 0.0249023 0.0431985
1 0.526611 0.0684743 0.0258789 0.0431985
0 0.755615 0.789522 0.0249023 0.0422794
1 0.0185547 0.196232 0.0253906 0.0505515
1 0.678955 0.0611213 0.0229492 0.0395221
0 0.565918 0.601103 0.0263672 0.0459559
1 0.31543 0.649357 0.0205078 0.0376838
1 0.929688 0.56296 0.0253906 0.0450368
1 0.03125 0.410846 0.0205078 0.0386029
0 0.825684 0.954963 0.0283203 0.0496324
1 0.237305 0.713695 0.0234375 0.046875
1 0.0908203 0.03125 0.0332031 0.0477941
1 0.92749 0.856158 0.0249023 0.046875
1 0.838379 0.12454 0.0234375 0.0431985
1 0.172119 0.0193015 0.0297852 0.0386029
1 0.401855 0.211857 0.0224609 0.0450368
1 0.318115 0.161765 0.0200195 0.0459559
1 0.0146484 0.981158 0.0253906 0.0376838
1 0.197021 0.944853 0.027832 0.0477941
1 0.414062 0.457261 0.0244141 0.0450368
1 0.524902 0.267923 0.0244141 0.046875
1 0.88208 0.0863971 0.0200195 0.0422794
1 0.209717 0.0795037 0.0258789 0.0487132
1 0.571533 0.102941 0.0239258 0.0422794
1 0.0244141 0.4375 0.0224609 0.0386029
1 0.690674 0.384191 0.0268555 0.0477941
1 0.09375 0.601562 0.0234375 0.0450368
1 0.371094 0.539522 0.0253906 0.0459559
1 0.391357 0.873621 0.0229492 0.0487132
1 0.145508 0.587316 0.0195312 0.0422794
1 0.858643 0.0836397 0.0200195 0.0422794
1 0.989014 0.174632 0.0219727 0.0496324
1 0.097168 0.360294 0.0263672 0.0477941
1 0.594727 0.295956 0.0234375 0.0386029
1 0.101074 0.524357 0.0244141 0.046875
1 0.809082 0.119026 0.0224609 0.0431985
1 0.378906 0.689338 0.0214844 0.0441176
1 0.196533 0.530331 0.0229492 0.0422794
1 0.812012 0.301471 0.0244141 0.0422794
1 0.410156 0.340074 0.0253906 0.0441176
1 0.897705 0.106158 0.0219727 0.0450368
1 0.13208 0.608915 0.0209961 0.0413603
1 0.785645 0.271599 0.0234375 0.0450368
1 0.506592 0.181526 0.0258789 0.046875
1 0.418701 0.943474 0.0258789 0.0505515
1 0.98291 0.917739 0.0283203 0.0542279
1 0.120117 0.822151 0.0253906 0.046875
1 0.1875 0.483456 0.0244141 0.0459559
1 0.377686 0.368107 0.0249023 0.0431985
1 0.153564 0.280331 0.0249023 0.0404412
1 0.80542 0.210018 0.0219727 0.0395221
1 0.583984 0.251379 0.0224609 0.0413603
1 0.0949707 0.814338 0.027832 0.0514706
1 0.164062 0.771599 0.0263672 0.046875
1 0.334961 0.182904 0.0214844 0.0459559
1 0.160156 0.487132 0.0234375 0.0404412
1 0.148193 0.234835 0.0249023 0.0431985
1 0.23877 0.345129 0.0273438 0.0505515
1 0.312988 0.246783 0.0253906 0.0450368
1 0.204834 0.314798 0.0239258 0.046875
1 0.229248 0.763787 0.0249023 0.0459559
