0 0.924072 0.976562 0.0297852 0.046875
0 0.101807 0.0234375 0.0356445 0.046875
1 0.439209 0.880515 0.0297852 0.0588235
0 0.794922 0.926011 0.0224609 0.0487132
0 0.858643 0.0831801 0.0249023 0.0487132
0 0.189453 0.542279 0.0351562 0.0735294
1 0.310303 0.23989 0.0297852 0.0588235
1 0.795166 0.925092 0.0219727 0.046875
1 0.102295 0.0243566 0.0336914 0.0487132
0 0.799561 0.594669 0.027832 0.0514706
0 0.525146 0.20818 0.0249023 0.0487132
1 0.839844 0.764706 0.0253906 0.0441176
1 0.258545 0.847886 0.0297852 0.0523897
0 0.872559 0.745864 0.0263672 0.046875
1 0.828857 0.625 0.0219727 0.0477941
0 0.259277 0.848805 0.0302734 0.0542279
0 0.202881 0.957261 0.0317383 0.0542279
1 0.93457 0.881893 0.0234375 0.0395221
1 0.416016 0.454504 0.0283203 0.0560662
1 0.800781 0.594669 0.0253906 0.0496324
0 0.56958 0.597886 0.0327148 0.0560662
1 0.924316 0.975643 0.0283203 0.0431985
1 0.308594 0.904871 0.03125 0.0560662
0 0.828857 0.623621 0.0249023 0.0487132
1 0.987549 0.173254 0.0249023 0.0560662
0 0.439453 0.881434 0.0341797 0.0588235
1 0.872559 0.744945 0.0263672 0.0450368
0 0.308594 0.238051 0.03125 0.0588235
1 0.95459 0.556985 0.0263672 0.0514706
1 0.203125 0.95818 0.03125 0.0542279
0 0.164795 0.772978 0.0288086 0.0569853
1 0.825684 0.952665 0.0263672 0.046875
0 0.0854492 0.238971 0.0351562 0.0625
1 0.689941 0.389246 0.03125 0.0652574
1 0.91626 0.495864 0.0249023 0.046875
0 0.109131 0.387868 0.0307617 0.0625
1 0.955322 0.865809 0.0249023 0.0441176
0 0.0222168 0.193015 0.0327148 0.0661765
1 0.189209 0.54182 0.034668 0.0670956
