1 0.806396 0.988051 0.0307617 0.0238971
1 0.876465 0.721507 0.0283203 0.0477941
0 0.825928 0.954504 0.0297852 0.0487132
1 0.837402 0.86443 0.0234375 0.0395221
1 0.679199 0.0625 0.0205078 0.0349265
1 0.889648 0.0974265 0.0234375 0.0459559
0 0.566406 0.598346 0.0292969 0.0514706
1 0.682861 0.0909926 0.0209961 0.0349265
0 0.91333 0.982537 0.027832 0.0349265
0 0.876465 0.723805 0.0263672 0.046875
1 0.826416 0.799173 0.0249023 0.0505515
1 0.85791 0.253676 0.0234375 0.0404412
1 0.787109 0.59329 0.0253906 0.046875
1 0.917236 0.493107 0.027832 0.046875
1 0.566895 0.600643 0.0273438 0.046875
1 0.775391 0.71875 0.0244141 0.0441176
1 0.554443 0.88511 0.0258789 0.0422794
1 0.755615 0.789522 0.0249023 0.0422794
1 0.828857 0.622702 0.0219727 0.046875
1 0.758545 0.925551 0.0297852 0.0514706
1 0.880371 0.825827 0.0234375 0.0450368
1 0.93042 0.56296 0.0268555 0.0450368
1 0.691162 0.386489 0.0258789 0.046875
1 0.172363 0.0202206 0.0283203 0.0404412
1 0.825928 0.955882 0.0297852 0.0496324
1 0.838379 0.12454 0.0234375 0.0431985
1 0.257568 0.84375 0.0249023 0.0441176
1 0.13208 0.607077 0.0200195 0.0431985
1 0.0910645 0.0303309 0.0336914 0.0477941
1 0.85791 0.862592 0.0234375 0.046875
1 0.0192871 0.195772 0.0249023 0.0514706
1 0.927979 0.858915 0.0249023 0.046875
1 0.740967 0.154871 0.0209961 0.0395221
1 0.0148926 0.981618 0.0258789 0.0367647
1 0.988281 0.175092 0.0234375 0.0487132
1 0.208008 0.0785846 0.0253906 0.0487132
1 0.143555 0.590074 0.0205078 0.0441176
1 0.98291 0.915441 0.0283203 0.0514706
1 0.196533 0.94807 0.027832 0.0487132
1 0.571533 0.102941 0.0229492 0.0441176
1 0.530762 0.0661765 0.0244141 0.0441176
1 0.896729 0.106618 0.0219727 0.0441176
1 0.859375 0.0840993 0.0205078 0.0431985
1 0.23584 0.716452 0.0224609 0.0413603
1 0.399902 0.213695 0.0244141 0.0487132
1 0.0849609 0.236213 0.0292969 0.0533088
1 0.524658 0.267923 0.0249023 0.046875
1 0.439697 0.88511 0.0258789 0.0441176
1 0.809326 0.119026 0.0219727 0.0431985
1 0.588623 0.256434 0.0219727 0.0349265
1 0.883545 0.0873162 0.0200195 0.0422794
1 0.0993652 0.525735 0.0268555 0.0477941
1 0.507812 0.185662 0.0244141 0.0441176
1 0.730713 0.117647 0.0209961 0.0422794
1 0.391846 0.87454 0.0229492 0.0487132
1 0.371338 0.539062 0.0258789 0.0450368
1 0.591064 0.286765 0.0229492 0.0386029
1 0.118408 0.819853 0.0229492 0.0459559
1 0.196777 0.529412 0.0234375 0.0441176
1 0.187012 0.484375 0.0224609 0.0459559
1 0.0942383 0.599724 0.0234375 0.0431985
1 0.786133 0.272059 0.0234375 0.0459559
1 0.414551 0.457261 0.0244141 0.0431985
1 0.162109 0.484375 0.0244141 0.0459559
1 0.232666 0.758272 0.0229492 0.0422794
1 0.37793 0.367647 0.0253906 0.0441176
1 0.811768 0.301011 0.0249023 0.0431985
1 0.417236 0.942096 0.0258789 0.0496324
1 0.409668 0.340074 0.0253906 0.0441176
1 0.311523 0.245864 0.0273438 0.0487132
1 0.164307 0.77068 0.0268555 0.0487132
1 0.147949 0.235754 0.0244141 0.0413603
1 0.23877 0.34421 0.0283203 0.0505515
1 0.0966797 0.814798 0.0263672 0.046875
1 0.098877 0.363971 0.0268555 0.0459559
1 0.205322 0.314798 0.0249023 0.046875
1 0.154297 0.272059 0.0244141 0.0441176
1 0.405029 0.538603 0.0239258 0.0441176
