1 0.165283 0.772059 0.0288086 0.0551471
1 0.882812 0.241268 0.0214844 0.046875
0 0.0976562 0.0238971 0.0283203 0.0422794
1 0.311279 0.89568 0.027832 0.0487132
1 0.858643 0.0840993 0.0200195 0.0450368
1 0.858643 0.252298 0.0219727 0.0395221
1 0.568848 0.597426 0.0273438 0.0477941
0 0.391357 0.870404 0.0219727 0.0459559
1 0.172607 0.0211397 0.0258789 0.0404412
0 0.797607 0.595129 0.0268555 0.046875
1 0.521973 0.206801 0.0195312 0.0422794
1 0.797607 0.592831 0.0268555 0.0459559
0 0.567871 0.597426 0.0302734 0.0533088
0 0.187012 0.0422794 0.0253906 0.0459559
0 0.438477 0.882812 0.0234375 0.046875
1 0.408203 0.893842 0.0224609 0.046875
1 0.201172 0.95818 0.03125 0.0523897
1 0.777344 0.921415 0.0292969 0.0505515
0 0.827393 0.775276 0.027832 0.046875
1 0.539062 0.912684 0.0253906 0.0459559
0 0.933594 0.882353 0.0253906 0.0422794
1 0.810791 0.119945 0.0219727 0.046875
1 0.920898 0.97886 0.03125 0.0422794
0 0.172119 0.0215993 0.027832 0.0431985
0 0.258545 0.847426 0.0268555 0.0514706
1 0.828857 0.624081 0.0219727 0.0477941
1 0.934326 0.880055 0.0249023 0.0431985
0 0.201172 0.959099 0.0283203 0.0487132
0 0.828857 0.623162 0.0249023 0.0496324
1 0.989014 0.172335 0.0219727 0.0487132
1 0.916992 0.493107 0.0234375 0.0487132
1 0.835938 0.12454 0.0234375 0.0431985
1 0.528076 0.309743 0.0209961 0.0404412
0 0.165039 0.772059 0.0292969 0.0496324
1 0.525635 0.269761 0.0209961 0.0395221
0 0.777344 0.922335 0.0283203 0.0487132
1 0.943115 0.564338 0.0297852 0.0514706
1 0.39209 0.872243 0.0214844 0.0441176
0 0.0852051 0.238511 0.0317383 0.0560662
0 0.872559 0.743566 0.0263672 0.0496324
1 0.415039 0.455423 0.0234375 0.0431985
1 0.38916 0.244945 0.0253906 0.0542279
1 0.785645 0.272978 0.0234375 0.0441176
0 0.826416 0.954504 0.0297852 0.0523897
0 0.107178 0.387408 0.027832 0.0560662
0 0.0222168 0.192555 0.0307617 0.0597426
1 0.972656 0.883732 0.0253906 0.0431985
1 0.799805 0.299173 0.0234375 0.0431985
1 0.311523 0.244026 0.0273438 0.0450368
1 0.377686 0.369026 0.0249023 0.0450368
1 0.689941 0.389246 0.03125 0.0634191
1 0.406006 0.338235 0.0239258 0.0422794
1 0.189453 0.54182 0.0332031 0.0615809
