1 0.384277 0.786765 0.0205078 0.0386029
1 0.559082 0.611673 0.0273438 0.0487132
1 0.80127 0.0473346 0.0175781 0.0376838
0 0.194824 0.915901 0.0253906 0.0413603
0 0.0961914 0.346967 0.0283203 0.0487132
1 0.393799 0.654412 0.0239258 0.0441176
1 0.168701 0.774816 0.0229492 0.0459559
0 0.384277 0.785846 0.0205078 0.0386029
1 0.234375 0.709099 0.0253906 0.0487132
1 0.49585 0.345129 0.0219727 0.0358456
1 0.783203 0.683364 0.0283203 0.046875
1 0.0065918 0.914062 0.0131836 0.0431985
1 0.76416 0.205423 0.0195312 0.0376838
1 0.492188 0.939338 0.0214844 0.0367647
1 0.550293 0.31296 0.0244141 0.0376838
0 0.980469 0.444853 0.0205078 0.0422794
1 0.487793 0.360754 0.0234375 0.0395221
0 0.354248 0.844669 0.0200195 0.0386029
1 0.210449 0.636489 0.0214844 0.0395221
1 0.799072 0.103401 0.0209961 0.0358456
0 0.710693 0.0179228 0.0209961 0.0284926
0 0.652344 0.340074 0.0205078 0.0330882
1 0.258301 0.847886 0.0283203 0.0487132
0 0.561035 0.518382 0.0195312 0.0404412
1 0.19458 0.917279 0.0258789 0.0441176
0 0.601562 0.0142463 0.0253906 0.0284926
0 0.878174 0.703125 0.0219727 0.0422794
0 0.839111 0.68704 0.0219727 0.0431985
1 0.878906 0.0790441 0.0234375 0.0422794
1 0.878174 0.702665 0.0200195 0.0413603
1 0.365723 0.841452 0.0205078 0.0395221
0 0.616699 0.982537 0.0244141 0.0349265
1 0.672607 0.70818 0.0239258 0.0450368
1 0.729492 0.188879 0.0234375 0.0450368
1 0.660156 0.011489 0.0205078 0.0229779
0 0.208008 0.612592 0.0224609 0.0395221
0 0.695801 0.746783 0.0205078 0.0450368
0 0.223877 0.794118 0.0268555 0.0459559
0 0.856201 0.679228 0.0200195 0.0422794
0 0.395508 0.11443 0.0244141 0.0487132
1 0.0134277 0.97886 0.0258789 0.0422794
0 0.755615 0.790441 0.0258789 0.0459559
0 0.878906 0.0772059 0.0214844 0.0422794
0 0.60083 0.454504 0.0200195 0.0395221
0 0.12793 0.828585 0.0244141 0.046875
1 0.855469 0.679228 0.0214844 0.0422794
1 0.685547 0.445772 0.0224609 0.0386029
0 0.0839844 0.600643 0.0273438 0.0523897
0 0.560303 0.876838 0.0249023 0.0441176
1 0.122803 0.472426 0.0239258 0.0404412
1 0.697998 0.378217 0.0209961 0.0395221
1 0.0837402 0.602022 0.0249023 0.0496324
1 0.296631 0.803768 0.0229492 0.0413603
1 0.419434 0.963235 0.0283203 0.0441176
0 0.209717 0.638327 0.019043 0.0376838
0 0.367432 0.794577 0.0219727 0.0395221
0 0.419189 0.963695 0.027832 0.046875
0 0.327393 0.623162 0.0239258 0.0441176
1 0.765625 0.0859375 0.0205078 0.0395221
0 0.666016 0.392923 0.0205078 0.0431985
0 0.509277 0.0174632 0.0195312 0.0349265
1 0.908691 0.507812 0.0234375 0.0395221
0 0.616943 0.888327 0.0219727 0.0431985
1 0.969482 0.678309 0.0200195 0.0330882
1 0.175781 0.829044 0.0244141 0.0441176
1 0.0961914 0.346507 0.0263672 0.0459559
1 0.557617 0.306526 0.0195312 0.0358456
1 0.645264 0.387408 0.0219727 0.0431985
1 0.0820312 0.715074 0.0224609 0.0404412
0 0.123291 0.473346 0.0249023 0.0422794
0 0.013916 0.980699 0.0239258 0.0386029
0 0.0734863 0.254596 0.0249023 0.0496324
0 0.639893 0.883272 0.0219727 0.0441176
1 0.702637 0.0376838 0.0205078 0.03125
1 0.431641 0.790441 0.0214844 0.0404412
0 0.558594 0.610754 0.0234375 0.0413603
1 0.759521 0.215074 0.0180664 0.0349265
0 0.0168457 0.466912 0.0268555 0.0551471
1 0.482178 0.884651 0.0219727 0.0413603
0 0.72998 0.188419 0.0224609 0.0459559
0 0.703369 0.651654 0.0249023 0.0459559
1 0.515137 0.684283 0.0273438 0.046875
1 0.207031 0.855239 0.0273438 0.0487132
0 0.356934 0.681526 0.0234375 0.0395221
1 0.702637 0.190717 0.0205078 0.0395221
1 0.126709 0.503676 0.0209961 0.0441176
0 0.296143 0.803309 0.0219727 0.0441176
1 0.764404 0.042739 0.0200195 0.0395221
1 0.0581055 0.879136 0.0224609 0.0395221
1 0.762207 0.890165 0.0234375 0.0413603
0 0.606201 0.484375 0.0219727 0.0386029
1 0.372559 0.537224 0.0263672 0.0450368
1 0.0732422 0.255055 0.0263672 0.0523897
0 0.288086 0.77114 0.0224609 0.0422794
0 0.463623 0.881893 0.0219727 0.0413603
1 0.0651855 0.905331 0.0239258 0.0441176
1 0.108887 0.530331 0.0273438 0.0477941
1 0.39502 0.869485 0.0224609 0.0441176
0 0.536133 0.504136 0.0234375 0.0413603
1 0.052002 0.8125 0.0258789 0.0441176
0 0.728516 0.63557 0.0214844 0.0450368
1 0.851562 0.263787 0.0263672 0.0404412
1 0.131592 0.136949 0.0239258 0.0441176
1 0.828125 0.626379 0.0205078 0.0450368
0 0.428223 0.884651 0.0244141 0.0431985
0 0.167969 0.772059 0.0234375 0.0477941
1 0.991455 0.762408 0.0170898 0.0395221
0 0.67334 0.70864 0.0234375 0.0441176
1 0.832031 0.127757 0.0234375 0.0404412
1 0.829834 0.517923 0.0219727 0.0395221
1 0.394531 0.113511 0.0224609 0.0450368
1 0.563965 0.377298 0.0234375 0.0450368
1 0.880615 0.824908 0.0219727 0.046875
1 0.460205 0.674173 0.027832 0.0505515
1 0.572998 0.216912 0.0229492 0.0404412
0 0.296631 0.674632 0.0239258 0.0477941
0 0.783203 0.683364 0.0253906 0.0450368
1 0.733398 0.0960478 0.0234375 0.0431985
1 0.168701 0.0160846 0.027832 0.0321691
1 0.19751 0.358456 0.0239258 0.0441176
1 0.237305 0.0294118 0.0273438 0.0459559
0 0.0351562 0.407629 0.0244141 0.0505515
1 0.755859 0.788143 0.0253906 0.0450368
1 0.802002 0.168658 0.0239258 0.0413603
1 0.582764 0.202206 0.0219727 0.0349265
1 0.834473 0.94761 0.0283203 0.0441176
1 0.598389 0.300092 0.0219727 0.0413603
0 0.348877 0.801471 0.0219727 0.0441176
1 0.445801 0.15579 0.0205078 0.0431985
0 0.234131 0.709559 0.0249023 0.0441176
1 0.146484 0.588235 0.0234375 0.0459559
0 0.736328 0.911305 0.0253906 0.046875
1 0.117676 0.159467 0.0244141 0.0450368
1 0.160889 0.496783 0.0258789 0.046875
1 0.672363 0.0523897 0.0234375 0.0422794
1 0.0939941 0.8125 0.0258789 0.0477941
1 0.0922852 0.0363051 0.0332031 0.0542279
1 0.914062 0.548254 0.0234375 0.0395221
1 0.88916 0.238051 0.0283203 0.0459559
1 0.990479 0.186121 0.0170898 0.0431985
1 0.612061 0.252298 0.0219727 0.0395221
1 0.520508 0.0726103 0.0234375 0.0441176
1 0.940674 0.693474 0.0249023 0.0413603
1 0.361084 0.164522 0.0239258 0.0422794
0 0.656006 0.309743 0.0209961 0.0386029
1 0.782471 0.589154 0.0268555 0.0422794
1 0.94458 0.732537 0.0200195 0.0386029
0 0.258057 0.847886 0.0249023 0.0431985
0 0.318848 0.875 0.0253906 0.0477941
1 0.0424805 0.931066 0.0234375 0.0441176
1 0.59668 0.229779 0.0195312 0.0404412
1 0.40332 0.160386 0.0234375 0.0431985
1 0.197998 0.534926 0.0258789 0.0477941
1 0.223877 0.795037 0.0258789 0.0441176
1 0.930664 0.33318 0.0234375 0.0413603
1 0.776611 0.86443 0.0229492 0.0395221
1 0.591309 0.367647 0.0234375 0.0404412
1 0.989746 0.128676 0.0185547 0.0422794
1 0.2229 0.0762868 0.0249023 0.0496324
1 0.184814 0.460478 0.0249023 0.0459559
1 0.406494 0.346967 0.0258789 0.0450368
0 0.529053 0.45818 0.0209961 0.0450368
1 0.029541 0.888327 0.0268555 0.046875
1 0.0688477 0.799632 0.0234375 0.0441176
1 0.714111 0.480239 0.0249023 0.0431985
1 0.409668 0.205882 0.0253906 0.0441176
1 0.132812 0.630515 0.0253906 0.0477941
1 0.154053 0.228401 0.0268555 0.0487132
1 0.855469 0.868566 0.0253906 0.0459559
1 0.910889 0.590533 0.0219727 0.0358456
1 0.992676 0.554688 0.0146484 0.046875
1 0.376465 0.369485 0.0263672 0.0496324
0 0.0100098 0.211857 0.0200195 0.0505515
1 0.305908 0.118566 0.0249023 0.0459559
1 0.229492 0.34421 0.0234375 0.0450368
1 0.919678 0.838235 0.0249023 0.0477941
1 0.458252 0.106618 0.0249023 0.0422794
1 0.689209 0.179688 0.0219727 0.0376838
1 0.459717 0.172335 0.0200195 0.0413603
1 0.331543 0.200827 0.0244141 0.0431985
1 0.519287 0.826746 0.0219727 0.0413603
1 0.677979 0.138787 0.0249023 0.0477941
1 0.145508 0.304228 0.0273438 0.0477941
1 0.415283 0.779412 0.0219727 0.0441176
1 0.572266 0.105699 0.0234375 0.0422794
1 0.210693 0.307904 0.0258789 0.0459559
1 0.460205 0.49954 0.0249023 0.0413603
1 0.577393 0.25046 0.0239258 0.0413603
1 0.281738 0.188879 0.0244141 0.0413603
1 0.80542 0.240349 0.0249023 0.0413603
1 0.407471 0.537684 0.0258789 0.0459559
1 0.183594 0.381893 0.0234375 0.0431985
1 0.963867 0.755055 0.0234375 0.0431985
1 0.981201 0.736673 0.0200195 0.0376838
1 0.947021 0.316176 0.0249023 0.0441176
0 0.268799 0.984375 0.0268555 0.03125
1 0.795654 0.401654 0.0229492 0.0422794
1 0.960938 0.222426 0.0253906 0.0386029
1 0.498047 0.175092 0.0263672 0.0505515
1 0.813477 0.445312 0.0234375 0.0431985
1 0.315918 0.251379 0.0263672 0.046875
1 0.531738 0.338695 0.0224609 0.0431985
1 0.366699 0.204044 0.0214844 0.0441176
1 0.972656 0.1875 0.0234375 0.0422794
1 0.780273 0.274816 0.0234375 0.0422794
1 0.919434 0.615809 0.0234375 0.0404412
1 0.803955 0.294577 0.0249023 0.0431985
1 0.531738 0.804228 0.0244141 0.0422794
1 0.483643 0.134651 0.0249023 0.0450368
1 0.531982 0.269761 0.0258789 0.0450368
1 0.41333 0.463695 0.0268555 0.0487132
1 0.986816 0.9375 0.0263672 0.0477941
1 0.441895 0.472426 0.0224609 0.0441176
1 0.267334 0.214614 0.0249023 0.0431985
