0 0.917236 0.492188 0.0249023 0.0431985
0 0.171875 0.0206801 0.0292969 0.0413603
0 0.7854 0.273438 0.0258789 0.0450368
0 0.691406 0.386949 0.0263672 0.0514706
1 0.0209961 0.193474 0.0273438 0.0560662
0 0.860107 0.0850184 0.0249023 0.046875
0 0.0959473 0.580882 0.0268555 0.0441176
1 0.882812 0.241728 0.0205078 0.0459559
0 0.439941 0.88557 0.0244141 0.046875
0 0.566895 0.596967 0.0283203 0.0523897
1 0.858643 0.0840993 0.0219727 0.046875
1 0.0932617 0.543658 0.0253906 0.0560662
1 0.91626 0.982537 0.0297852 0.0349265
0 0.789795 0.591912 0.0249023 0.0441176
1 0.690674 0.387408 0.0268555 0.0505515
1 0.929688 0.871324 0.0263672 0.0459559
0 0.206787 0.316636 0.0258789 0.0523897
1 0.858643 0.255515 0.0200195 0.0404412
0 0.810791 0.118566 0.0219727 0.0459559
1 0.810059 0.116728 0.0205078 0.0441176
1 0.808594 0.299632 0.0234375 0.0404412
1 0.790039 0.590993 0.0244141 0.0441176
0 0.0217285 0.194393 0.0258789 0.0505515
1 0.202148 0.0721507 0.0263672 0.0450368
0 0.101562 0.376838 0.0253906 0.0514706
1 0.917969 0.492647 0.0292969 0.0477941
1 0.932861 0.564798 0.0249023 0.0487132
1 0.172119 0.0211397 0.027832 0.0386029
1 0.197998 0.959559 0.027832 0.0477941
1 0.835938 0.866268 0.0205078 0.0395221
1 0.836914 0.125 0.0234375 0.0422794
0 0.82666 0.954963 0.0283203 0.0496324
0 0.0852051 0.238511 0.0307617 0.0523897
0 0.872559 0.731618 0.0234375 0.0441176
1 0.785156 0.271599 0.0234375 0.046875
0 0.197998 0.95818 0.0288086 0.046875
1 0.44043 0.883732 0.0234375 0.046875
1 0.828857 0.623621 0.0219727 0.046875
1 0.873291 0.731158 0.0249023 0.046875
1 0.0935059 0.0280331 0.0307617 0.0450368
1 0.825684 0.955882 0.0283203 0.0496324
0 0.828857 0.622702 0.0249023 0.0487132
1 0.989014 0.173254 0.0219727 0.0487132
1 0.258545 0.84421 0.0249023 0.0450368
1 0.568115 0.599265 0.0258789 0.0459559
0 0.201172 0.0721507 0.0253906 0.0450368
0 0.0939941 0.538603 0.0268555 0.0477941
1 0.825684 0.786305 0.0263672 0.0487132
1 0.551025 0.89614 0.0258789 0.0422794
1 0.863281 0.861673 0.0234375 0.046875
1 0.771484 0.742188 0.0224609 0.046875
0 0.93042 0.871324 0.0268555 0.0477941
1 0.207031 0.315257 0.0253906 0.0477941
1 0.095459 0.580882 0.0268555 0.0459559
1 0.235352 0.340074 0.0273438 0.0477941
1 0.769043 0.924632 0.0273438 0.0514706
1 0.196045 0.533548 0.027832 0.0542279
1 0.524658 0.269301 0.0229492 0.0404412
1 0.515381 0.195772 0.0209961 0.0441176
1 0.527588 0.310202 0.0219727 0.0413603
1 0.880371 0.826746 0.0234375 0.046875
1 0.391357 0.871783 0.0219727 0.0487132
1 0.414551 0.921875 0.0224609 0.0441176
1 0.755859 0.789062 0.0244141 0.0450368
0 0.164307 0.77068 0.0297852 0.0523897
1 0.376465 0.539522 0.0224609 0.0404412
1 0.395264 0.540441 0.0200195 0.0367647
1 0.395508 0.224724 0.0234375 0.0450368
1 0.981934 0.909007 0.0263672 0.0496324
1 0.568359 0.0909926 0.0234375 0.0441176
1 0.415283 0.457721 0.0249023 0.0441176
1 0.540771 0.058364 0.0249023 0.0450368
1 0.378662 0.368107 0.0249023 0.0431985
1 0.409424 0.340533 0.0239258 0.0431985
1 0.311523 0.246324 0.0273438 0.0441176
