0 0.789795 0.92739 0.0268555 0.0496324
0 0.858643 0.0840993 0.0219727 0.046875
1 0.30957 0.238511 0.0292969 0.0579044
1 0.102051 0.0238971 0.0341797 0.0477941
0 0.101562 0.0225184 0.0341797 0.0450368
1 0.833496 0.767004 0.0283203 0.0505515
0 0.189697 0.54136 0.034668 0.0716912
0 0.799316 0.595129 0.0283203 0.0523897
0 0.922607 0.976103 0.027832 0.0441176
0 0.56958 0.597426 0.0288086 0.0533088
1 0.56958 0.596048 0.027832 0.0505515
0 0.828857 0.623162 0.0249023 0.0496324
1 0.948486 0.560662 0.0249023 0.0477941
1 0.789062 0.924173 0.0263672 0.0487132
1 0.385254 0.255974 0.0283203 0.0487132
0 0.93457 0.882353 0.0234375 0.0404412
1 0.923584 0.975643 0.0297852 0.0431985
1 0.203125 0.95818 0.0302734 0.0542279
0 0.818848 0.122243 0.0234375 0.0496324
0 0.310059 0.23943 0.0302734 0.0560662
0 0.258789 0.846967 0.0283203 0.0505515
1 0.800049 0.59421 0.0268555 0.0505515
0 0.439209 0.882353 0.0336914 0.0551471
1 0.828857 0.62454 0.0219727 0.0487132
1 0.960938 0.869945 0.0253906 0.0413603
0 0.202148 0.957261 0.0283203 0.0505515
1 0.988281 0.171875 0.0234375 0.0514706
0 0.164795 0.772518 0.027832 0.0560662
1 0.416016 0.454963 0.0253906 0.0477941
1 0.377197 0.367188 0.0219727 0.0413603
0 0.0852051 0.23943 0.034668 0.0615809
1 0.872559 0.745864 0.0283203 0.046875
1 0.91626 0.494945 0.0249023 0.046875
0 0.109131 0.389246 0.0288086 0.0615809
1 0.392578 0.341912 0.0234375 0.0441176
0 0.0222168 0.193015 0.0336914 0.0661765
1 0.825684 0.954504 0.0283203 0.0505515
1 0.689941 0.390165 0.0302734 0.0652574
1 0.189209 0.54136 0.034668 0.0680147
