0 0.858643 0.0845588 0.0219727 0.0459559
1 0.101074 0.0238971 0.0341797 0.0477941
1 0.922607 0.976562 0.0297852 0.0450368
0 0.783936 0.924173 0.0297852 0.046875
0 0.310547 0.898438 0.03125 0.0542279
1 0.810791 0.119485 0.0219727 0.0477941
0 0.10083 0.0229779 0.034668 0.0459559
0 0.189453 0.54182 0.0341797 0.0689338
0 0.534912 0.919118 0.0297852 0.0496324
1 0.569092 0.596507 0.027832 0.0496324
0 0.810791 0.117188 0.0239258 0.0487132
0 0.922852 0.975643 0.03125 0.0431985
1 0.835938 0.124081 0.0234375 0.0459559
0 0.568604 0.597426 0.0288086 0.0514706
0 0.799316 0.595129 0.0283203 0.0487132
1 0.310547 0.240809 0.03125 0.0533088
1 0.202393 0.957261 0.0307617 0.0542279
0 0.966553 0.874081 0.0249023 0.0496324
0 0.310059 0.240809 0.03125 0.0533088
1 0.799805 0.59421 0.0273438 0.0487132
1 0.917236 0.493566 0.0249023 0.0496324
0 0.828857 0.623162 0.0249023 0.0477941
1 0.945312 0.561121 0.0283203 0.0487132
1 0.415527 0.455423 0.0244141 0.0450368
1 0.966309 0.875919 0.0234375 0.0459559
1 0.98877 0.172794 0.0224609 0.0514706
1 0.529053 0.308824 0.0219727 0.0404412
1 0.527588 0.272059 0.0209961 0.0386029
0 0.830322 0.771599 0.0297852 0.0542279
1 0.828857 0.62454 0.0219727 0.046875
0 0.826416 0.954044 0.0297852 0.0514706
1 0.385498 0.252298 0.0288086 0.046875
0 0.201904 0.957261 0.027832 0.0487132
0 0.872559 0.746324 0.0263672 0.0477941
0 0.438721 0.883272 0.0327148 0.0569853
0 0.0849609 0.23943 0.0341797 0.0615809
0 0.934326 0.883272 0.0249023 0.0422794
1 0.377686 0.367188 0.0239258 0.0431985
0 0.258789 0.847426 0.0273438 0.0514706
0 0.165283 0.773438 0.0268555 0.0523897
0 0.108643 0.389246 0.0288086 0.0615809
1 0.395996 0.339614 0.0244141 0.0431985
0 0.0222168 0.193015 0.0336914 0.0661765
1 0.189209 0.54182 0.034668 0.0652574
1 0.825928 0.954504 0.0297852 0.0505515
1 0.689941 0.390165 0.03125 0.0652574
