1 0.139648 0.601103 0.0234375 0.0496324
1 0.611572 0.0128676 0.0249023 0.0257353
0 0.775879 0.714614 0.0234375 0.0450368
0 0.834473 0.863051 0.0185547 0.0386029
0 0.575195 0.392463 0.0195312 0.0349265
1 0.381592 0.786765 0.0200195 0.0404412
0 0.587646 0.36489 0.0209961 0.0330882
1 0.68042 0.105239 0.0229492 0.0395221
1 0.879883 0.825368 0.0234375 0.0441176
1 0.807129 0.186581 0.0214844 0.0386029
0 0.857666 0.863051 0.0249023 0.0459559
1 0.576416 0.391085 0.0209961 0.0340074
0 0.557129 0.884191 0.0273438 0.0441176
1 0.731689 0.116268 0.0229492 0.0413603
1 0.740723 0.163143 0.0234375 0.0413603
1 0.828857 0.622702 0.0219727 0.046875
0 0.786865 0.59375 0.027832 0.0459559
0 0.877441 0.721507 0.0263672 0.0459559
0 0.912354 0.982996 0.0297852 0.0340074
0 0.880371 0.825827 0.0234375 0.046875
1 0.917236 0.494485 0.027832 0.0477941
0 0.827393 0.803309 0.0268555 0.0514706
1 0.440186 0.88511 0.0268555 0.0459559
1 0.534668 0.330423 0.0244141 0.0487132
1 0.755127 0.924632 0.0288086 0.0514706
1 0.857178 0.253217 0.0249023 0.0431985
0 0.828857 0.621783 0.0249023 0.0505515
1 0.557129 0.882353 0.0273438 0.0441176
1 0.301514 0.665901 0.0219727 0.0413603
0 0.755615 0.924173 0.0297852 0.0487132
1 0.406982 0.538143 0.0229492 0.0395221
1 0.678955 0.0611213 0.0229492 0.0395221
1 0.256836 0.84375 0.0253906 0.0441176
1 0.0185547 0.196232 0.0253906 0.0505515
1 0.315674 0.649357 0.0209961 0.0376838
1 0.389893 0.664982 0.0219727 0.0431985
1 0.526123 0.0680147 0.0268555 0.0441176
0 0.825684 0.955882 0.0283203 0.0496324
1 0.838379 0.12454 0.0234375 0.0431985
1 0.402344 0.211397 0.0224609 0.0459559
0 0.755615 0.789522 0.0249023 0.0422794
1 0.0788574 0.237132 0.0268555 0.0496324
1 0.03125 0.410846 0.0205078 0.0386029
1 0.926514 0.855699 0.0249023 0.0459559
1 0.929688 0.56296 0.0253906 0.0450368
1 0.237305 0.713695 0.0234375 0.046875
0 0.565918 0.601562 0.0263672 0.046875
1 0.88208 0.0863971 0.0200195 0.0422794
1 0.0908203 0.0317096 0.0332031 0.0487132
1 0.690674 0.384191 0.0268555 0.0477941
1 0.571289 0.10386 0.0234375 0.0441176
1 0.0146484 0.981618 0.0253906 0.0367647
1 0.318359 0.161305 0.0205078 0.046875
1 0.09375 0.601562 0.0234375 0.0450368
1 0.524902 0.267923 0.0244141 0.046875
1 0.197266 0.944853 0.0273438 0.0477941
1 0.209717 0.0795037 0.0258789 0.0487132
1 0.858643 0.0840993 0.0200195 0.0431985
1 0.414062 0.457261 0.0253906 0.0450368
1 0.391602 0.874081 0.0234375 0.0496324
1 0.145264 0.587316 0.0200195 0.0422794
1 0.172363 0.019761 0.0292969 0.0395221
1 0.37085 0.539062 0.0249023 0.046875
1 0.594727 0.295956 0.0234375 0.0386029
1 0.0246582 0.4375 0.0219727 0.0386029
1 0.809082 0.118566 0.0224609 0.0422794
1 0.987793 0.174632 0.0244141 0.0496324
1 0.101074 0.524357 0.0244141 0.046875
1 0.378906 0.689338 0.0214844 0.0441176
1 0.097168 0.360294 0.0263672 0.0477941
1 0.811523 0.30193 0.0234375 0.0413603
1 0.897705 0.105699 0.0219727 0.0441176
1 0.196777 0.530331 0.0224609 0.0422794
1 0.410156 0.339614 0.0253906 0.0450368
1 0.785645 0.272059 0.0234375 0.0459559
1 0.120361 0.822151 0.0249023 0.046875
1 0.418701 0.943474 0.0258789 0.0487132
1 0.13208 0.608915 0.0209961 0.0413603
1 0.153564 0.280331 0.0249023 0.0404412
1 0.506592 0.181066 0.0258789 0.0459559
1 0.37793 0.368107 0.0244141 0.0431985
1 0.98291 0.917739 0.0283203 0.0542279
1 0.583984 0.251379 0.0224609 0.0413603
1 0.805176 0.210018 0.0224609 0.0395221
1 0.187256 0.483456 0.0239258 0.0441176
1 0.334961 0.183364 0.0214844 0.046875
1 0.147949 0.235294 0.0244141 0.0422794
1 0.0949707 0.814338 0.027832 0.0514706
1 0.159912 0.487132 0.0229492 0.0404412
1 0.164062 0.77068 0.0263672 0.046875
1 0.23877 0.345588 0.0273438 0.0514706
1 0.312988 0.246783 0.0253906 0.0450368
1 0.205322 0.314338 0.0239258 0.0477941
1 0.229248 0.763787 0.0249023 0.0459559
