0 0.529053 0.629136 0.0209961 0.0303309
0 0.533203 0.272518 0.0214844 0.0321691
0 0.830566 0.515625 0.0185547 0.0422794
0 0.952393 0.317555 0.0200195 0.0284926
0 0.361084 0.160846 0.019043 0.0330882
0 0.353027 0.840074 0.0175781 0.0367647
0 0.572266 0.108456 0.0175781 0.03125
0 0.493652 0.680147 0.0185547 0.0294118
0 0.957764 0.228401 0.019043 0.0395221
0 0.991699 0.182904 0.0166016 0.0349265
0 0.0537109 0.116728 0.0205078 0.0367647
0 0.78125 0.581801 0.0185547 0.0386029
0 0.368164 0.796875 0.015625 0.0367647
0 0.366943 0.84421 0.0170898 0.0413603
0 0.0578613 0.313879 0.019043 0.0376838
0 0.754639 0.786765 0.0239258 0.0386029
0 0.607422 0.490809 0.0175781 0.0349265
0 0.036377 0.584559 0.0180664 0.0404412
0 0.198242 0.255515 0.0185547 0.0386029
0 0.237305 0.967831 0.0205078 0.0367647
0 0.471924 0.272518 0.0170898 0.0321691
0 0.529297 0.340533 0.0175781 0.0376838
0 0.691406 0.741728 0.0175781 0.0386029
0 0.617188 0.255055 0.0175781 0.0321691
0 0.990479 0.13557 0.0170898 0.0395221
0 0.3479 0.800092 0.0170898 0.0376838
0 0.541016 0.670956 0.0214844 0.0330882
0 0.597656 0.301011 0.0175781 0.0340074
0 0.828857 0.626379 0.0200195 0.0376838
0 0.308105 0.706342 0.0185547 0.0431985
0 0.988281 0.943015 0.0214844 0.0367647
0 0.207031 0.853401 0.0185547 0.0413603
0 0.199463 0.940257 0.0180664 0.0386029
0 0.548828 0.516085 0.0214844 0.0358456
0 0.574951 0.252757 0.019043 0.0367647
0 0.27002 0.982996 0.0224609 0.0340074
0 0.57251 0.210938 0.0180664 0.0358456
0 0.395508 0.112132 0.0224609 0.0404412
