0 0.858643 0.0840993 0.0219727 0.046875
1 0.102051 0.0238971 0.0341797 0.0477941
1 0.309814 0.238971 0.0297852 0.0569853
0 0.835938 0.122702 0.0214844 0.046875
0 0.568359 0.596967 0.03125 0.0560662
1 0.834473 0.12546 0.0234375 0.0450368
0 0.960938 0.868566 0.0253906 0.0422794
0 0.101562 0.0225184 0.0341797 0.0450368
0 0.834229 0.77068 0.0297852 0.0487132
1 0.109375 0.387408 0.0292969 0.0634191
1 0.788086 0.925092 0.0273438 0.0487132
0 0.789307 0.92739 0.027832 0.0496324
1 0.832764 0.767463 0.027832 0.0514706
1 0.94751 0.561121 0.0249023 0.046875
0 0.189453 0.540901 0.0341797 0.0707721
0 0.922607 0.977022 0.027832 0.0441176
0 0.825684 0.954044 0.0283203 0.0514706
0 0.799316 0.594669 0.0283203 0.0514706
1 0.923584 0.975643 0.0297852 0.0431985
1 0.960938 0.869945 0.0253906 0.0413603
1 0.81543 0.119485 0.0234375 0.0477941
0 0.872559 0.745864 0.0283203 0.0487132
0 0.816406 0.117647 0.0234375 0.0459559
1 0.56958 0.596048 0.0288086 0.0505515
1 0.385254 0.255974 0.0283203 0.0487132
0 0.828857 0.623621 0.0249023 0.0487132
1 0.203125 0.957261 0.0302734 0.0542279
0 0.309814 0.23943 0.0307617 0.0560662
1 0.829102 0.625 0.0234375 0.0477941
1 0.872559 0.744945 0.0283203 0.046875
1 0.800049 0.594669 0.0268555 0.0496324
1 0.988281 0.172335 0.0234375 0.0505515
0 0.93457 0.882812 0.0234375 0.0395221
0 0.258789 0.846967 0.0273438 0.0505515
0 0.202393 0.957261 0.027832 0.0505515
0 0.164795 0.772518 0.027832 0.0542279
1 0.415771 0.454963 0.0249023 0.0477941
0 0.0849609 0.238971 0.0351562 0.0625
0 0.438965 0.882353 0.0341797 0.0588235
1 0.91626 0.494945 0.0249023 0.046875
1 0.377197 0.367647 0.0219727 0.0422794
0 0.109131 0.389246 0.0288086 0.0615809
1 0.825928 0.954504 0.0297852 0.0505515
1 0.393311 0.34329 0.0258789 0.0413603
0 0.0222168 0.193015 0.0336914 0.0680147
1 0.189209 0.54182 0.0336914 0.0670956
1 0.689941 0.389706 0.03125 0.0661765
