1 0.859375 0.0850184 0.0253906 0.046875
0 0.82666 0.954504 0.0283203 0.0542279
1 0.388184 0.78079 0.0302734 0.0523897
0 0.832764 0.768382 0.0297852 0.0533088
0 0.101318 0.0225184 0.0336914 0.0450368
0 0.858643 0.0836397 0.0219727 0.0477941
0 0.533691 0.918658 0.03125 0.0487132
0 0.568359 0.596967 0.0302734 0.0560662
0 0.96167 0.866268 0.027832 0.046875
1 0.811768 0.120404 0.0219727 0.0477941
1 0.0849609 0.238511 0.0332031 0.0615809
1 0.101807 0.0234375 0.0327148 0.046875
0 0.835938 0.123162 0.0214844 0.0477941
1 0.786377 0.926011 0.0268555 0.0487132
0 0.799316 0.595129 0.0283203 0.0505515
1 0.529053 0.272978 0.0219727 0.0404412
1 0.963135 0.871324 0.0249023 0.0441176
0 0.812012 0.118566 0.0244141 0.0477941
1 0.923584 0.975643 0.0297852 0.0431985
0 0.922607 0.976562 0.0297852 0.0431985
0 0.309814 0.23943 0.0307617 0.0542279
1 0.834961 0.125 0.0234375 0.0459559
0 0.828857 0.623621 0.0249023 0.0505515
1 0.109375 0.387408 0.0292969 0.0634191
1 0.569092 0.596507 0.027832 0.0496324
0 0.872559 0.746324 0.0283203 0.0477941
1 0.529297 0.305607 0.0214844 0.0431985
1 0.202881 0.957261 0.0307617 0.0523897
1 0.946777 0.561121 0.0263672 0.0487132
1 0.310547 0.23989 0.0302734 0.0533088
1 0.832031 0.77068 0.0292969 0.0560662
0 0.439209 0.882353 0.0336914 0.0551471
0 0.258789 0.846967 0.0273438 0.0505515
1 0.800049 0.594669 0.0268555 0.0496324
1 0.988281 0.172335 0.0234375 0.0505515
0 0.0849609 0.238511 0.0351562 0.0579044
0 0.201904 0.957261 0.027832 0.0487132
1 0.385742 0.256434 0.0253906 0.0477941
1 0.872559 0.745864 0.0283203 0.046875
1 0.91626 0.495864 0.0249023 0.046875
0 0.164551 0.772518 0.0283203 0.0542279
0 0.934326 0.882812 0.0249023 0.0413603
0 0.109131 0.389246 0.0288086 0.0615809
1 0.829102 0.62454 0.0234375 0.0487132
1 0.415527 0.455423 0.0234375 0.0450368
0 0.0222168 0.193015 0.0336914 0.0661765
1 0.377441 0.366728 0.0224609 0.0422794
1 0.689941 0.390165 0.03125 0.0652574
1 0.39502 0.341912 0.0244141 0.0422794
1 0.825928 0.954504 0.0297852 0.0505515
1 0.188965 0.54182 0.0341797 0.0652574
