1 0.382568 0.479779 0.019043 0.0330882
1 0.837402 0.86443 0.0234375 0.0395221
1 0.612549 0.0124081 0.0258789 0.0248162
1 0.876465 0.721507 0.0283203 0.0477941
0 0.566406 0.598346 0.0292969 0.0514706
1 0.80542 0.988051 0.0297852 0.0238971
0 0.825928 0.953585 0.0297852 0.0487132
0 0.876465 0.723805 0.0263672 0.046875
1 0.825928 0.799632 0.0249023 0.0514706
1 0.85791 0.254136 0.0234375 0.0395221
1 0.787109 0.59329 0.0253906 0.046875
0 0.912354 0.982537 0.0297852 0.0349265
1 0.917236 0.493107 0.027832 0.046875
1 0.759277 0.92739 0.0322266 0.0514706
1 0.679443 0.0615809 0.0209961 0.0367647
1 0.566406 0.600643 0.0263672 0.046875
1 0.755859 0.79136 0.0263672 0.0441176
1 0.879883 0.825827 0.0234375 0.0450368
1 0.776123 0.717831 0.0249023 0.0441176
1 0.828857 0.622243 0.0219727 0.0459559
1 0.554688 0.884651 0.0253906 0.0431985
1 0.681641 0.09375 0.0214844 0.0386029
1 0.825928 0.955882 0.0297852 0.0496324
1 0.741455 0.15671 0.0209961 0.0395221
1 0.0910645 0.0303309 0.0336914 0.0477941
1 0.0192871 0.195772 0.0258789 0.0514706
1 0.838379 0.124081 0.0234375 0.0422794
1 0.85791 0.862592 0.0234375 0.0450368
1 0.257568 0.84375 0.0249023 0.0441176
1 0.927979 0.858915 0.0249023 0.046875
1 0.172363 0.0202206 0.0283203 0.0404412
1 0.93042 0.56296 0.0268555 0.0450368
1 0.529785 0.066636 0.0244141 0.0431985
1 0.690674 0.38557 0.0249023 0.046875
1 0.208252 0.0785846 0.0249023 0.0487132
1 0.13208 0.607537 0.0200195 0.0422794
1 0.0148926 0.981618 0.0258789 0.0367647
1 0.858643 0.0840993 0.0200195 0.0431985
1 0.988281 0.175092 0.0234375 0.0487132
1 0.144287 0.590074 0.0209961 0.0441176
1 0.809326 0.119026 0.0219727 0.0431985
1 0.439697 0.886029 0.0258789 0.0441176
1 0.0847168 0.236673 0.0297852 0.0542279
1 0.236328 0.715993 0.0234375 0.0422794
1 0.571533 0.103401 0.0229492 0.0431985
1 0.400391 0.213695 0.0244141 0.0487132
1 0.196533 0.947151 0.027832 0.0505515
1 0.0996094 0.525735 0.0273438 0.0477941
1 0.524658 0.268382 0.0239258 0.0477941
1 0.882812 0.0873162 0.0185547 0.0422794
1 0.98291 0.915901 0.0283203 0.0542279
1 0.507324 0.185202 0.0244141 0.0450368
1 0.897705 0.106618 0.0219727 0.0441176
1 0.371338 0.539062 0.0258789 0.0450368
1 0.391602 0.873621 0.0224609 0.0487132
1 0.591064 0.287684 0.0229492 0.0404412
1 0.587158 0.256893 0.0229492 0.0358456
1 0.196777 0.529412 0.0234375 0.0441176
1 0.731201 0.117188 0.0209961 0.0413603
1 0.811768 0.301011 0.0249023 0.0431985
1 0.187256 0.484375 0.0229492 0.0459559
1 0.414551 0.457261 0.0244141 0.0431985
1 0.0942383 0.600643 0.0234375 0.0450368
1 0.785889 0.271599 0.0229492 0.0450368
1 0.232178 0.758732 0.0239258 0.0431985
1 0.161133 0.484375 0.0244141 0.0459559
1 0.37793 0.367647 0.0253906 0.0441176
1 0.118652 0.819853 0.0234375 0.0459559
1 0.417236 0.942096 0.0258789 0.0496324
1 0.0986328 0.363051 0.0273438 0.0459559
1 0.409668 0.340533 0.0253906 0.0450368
1 0.147949 0.235294 0.0244141 0.0422794
1 0.311523 0.245864 0.0263672 0.0487132
1 0.164307 0.77068 0.0268555 0.0505515
1 0.0961914 0.814798 0.0263672 0.0487132
1 0.153809 0.272518 0.0253906 0.0431985
1 0.23877 0.34421 0.0283203 0.0505515
1 0.205322 0.314798 0.0249023 0.046875
1 0.405029 0.538603 0.0239258 0.0441176
