0 0.911621 0.983915 0.03125 0.0321691
0 0.0151367 0.980699 0.0292969 0.0386029
0 0.681641 0.109375 0.0244141 0.0404412
1 0.871826 0.116728 0.019043 0.0386029
0 0.654541 0.011489 0.0288086 0.0229779
1 0.376953 0.692555 0.0253906 0.0450368
0 0.267578 0.986213 0.0283203 0.0275735
1 0.806885 0.988051 0.0297852 0.0238971
1 0.602783 0.237592 0.0219727 0.0413603
0 0.237061 0.711857 0.0258789 0.0413603
1 0.681152 0.107996 0.0244141 0.0413603
0 0.739746 0.169577 0.0234375 0.0487132
1 0.588623 0.36443 0.0249023 0.0431985
1 0.0153809 0.19807 0.0258789 0.0523897
0 0.833496 0.862592 0.0205078 0.0413603
1 0.237793 0.712776 0.0224609 0.046875
1 0.564941 0.60432 0.0263672 0.0431985
0 0.610596 0.0128676 0.0249023 0.0257353
0 0.196533 0.938879 0.0268555 0.0413603
0 0.391113 0.659467 0.0244141 0.0413603
1 0.879883 0.824449 0.0234375 0.0459559
0 0.731445 0.108915 0.0234375 0.046875
1 0.854492 0.255055 0.0234375 0.0431985
0 0.522705 0.0684743 0.0249023 0.046875
0 0.828857 0.622243 0.0268555 0.0514706
0 0.440674 0.884651 0.0288086 0.0505515
0 0.258545 0.844669 0.0249023 0.0441176
0 0.825684 0.955882 0.0283203 0.0496324
0 0.405518 0.204963 0.0258789 0.0496324
0 0.678467 0.0597426 0.0219727 0.0422794
0 0.498535 0.673254 0.0224609 0.0487132
0 0.778809 0.70818 0.0263672 0.0431985
0 0.409912 0.339614 0.0258789 0.0450368
0 0.375977 0.693015 0.0234375 0.0441176
1 0.497559 0.673713 0.0234375 0.0496324
0 0.588379 0.36443 0.0244141 0.0395221
0 0.751953 0.921875 0.0273438 0.0496324
0 0.300781 0.66636 0.0234375 0.0459559
1 0.0771484 0.240349 0.0273438 0.0487132
1 0.740234 0.170496 0.0253906 0.046875
1 0.414795 0.45818 0.0268555 0.0450368
0 0.857178 0.86443 0.0249023 0.0487132
1 0.371826 0.539062 0.0258789 0.046875
1 0.534912 0.331342 0.0258789 0.0505515
0 0.880371 0.824908 0.0234375 0.0505515
1 0.196777 0.938879 0.0263672 0.0431985
1 0.258789 0.845588 0.0283203 0.0459559
1 0.571777 0.102482 0.0263672 0.046875
1 0.410156 0.340533 0.0273438 0.046875
0 0.877441 0.720129 0.0283203 0.0487132
0 0.017334 0.197151 0.0258789 0.0505515
1 0.439941 0.88557 0.0283203 0.046875
1 0.188477 0.479779 0.0253906 0.0459559
1 0.829102 0.622243 0.0234375 0.0477941
1 0.825928 0.955882 0.0297852 0.0477941
1 0.928955 0.564338 0.0268555 0.0441176
1 0.572998 0.390625 0.0229492 0.0386029
1 0.678955 0.0606618 0.0239258 0.0404412
1 0.521973 0.0693934 0.0244141 0.0450368
1 0.164062 0.77068 0.0263672 0.0450368
0 0.473389 0.670496 0.0219727 0.046875
1 0.0148926 0.981158 0.0258789 0.0376838
1 0.381104 0.786765 0.0229492 0.0422794
1 0.314941 0.147978 0.0244141 0.0459559
1 0.915771 0.495864 0.0297852 0.0487132
0 0.7854 0.594669 0.0288086 0.0459559
1 0.652344 0.397518 0.0224609 0.0431985
0 0.826416 0.808824 0.0249023 0.0514706
1 0.211426 0.0790441 0.0263672 0.0514706
0 0.558594 0.882353 0.0253906 0.0459559
1 0.838135 0.12454 0.0249023 0.0450368
1 0.751465 0.922794 0.0263672 0.0496324
1 0.925781 0.85386 0.0263672 0.0459559
1 0.157471 0.493107 0.0239258 0.0413603
1 0.124268 0.82307 0.0268555 0.046875
0 0.755615 0.788603 0.0258789 0.0441176
1 0.0961914 0.355699 0.0253906 0.0459559
1 0.197021 0.53079 0.0239258 0.0431985
1 0.666748 0.394761 0.0209961 0.0413603
1 0.596436 0.295496 0.0229492 0.0431985
0 0.56543 0.602941 0.0273438 0.0441176
0 0.319824 0.644301 0.0234375 0.0441176
1 0.88208 0.0859375 0.0219727 0.0431985
1 0.0913086 0.0321691 0.0332031 0.0533088
1 0.171875 0.0188419 0.0292969 0.0376838
1 0.151367 0.289062 0.0263672 0.0431985
1 0.146484 0.585018 0.0205078 0.0431985
1 0.391602 0.875 0.0234375 0.0496324
1 0.0932617 0.601562 0.0234375 0.0450368
1 0.37793 0.369026 0.0253906 0.0450368
1 0.525635 0.268842 0.0258789 0.0487132
1 0.858643 0.0836397 0.0219727 0.0441176
1 0.805176 0.178768 0.0224609 0.0413603
1 0.812012 0.301471 0.0263672 0.0441176
1 0.132812 0.610294 0.0214844 0.0422794
1 0.80835 0.118566 0.0219727 0.0459559
1 0.102295 0.523897 0.0239258 0.0477941
1 0.0222168 0.444853 0.0229492 0.0404412
1 0.03125 0.410386 0.0234375 0.0413603
1 0.0942383 0.815257 0.0283203 0.0514706
1 0.147949 0.234375 0.0263672 0.0441176
1 0.989014 0.175092 0.0219727 0.0505515
1 0.335449 0.184283 0.0253906 0.0450368
1 0.897461 0.107077 0.0234375 0.0450368
1 0.691162 0.38557 0.0258789 0.046875
1 0.58252 0.246324 0.0234375 0.0422794
1 0.238525 0.346048 0.027832 0.0505515
1 0.805664 0.210478 0.0244141 0.0422794
1 0.504639 0.176471 0.0268555 0.0496324
1 0.785156 0.271599 0.0253906 0.046875
1 0.227539 0.770221 0.0253906 0.0441176
1 0.205566 0.313879 0.0244141 0.046875
1 0.419189 0.946232 0.0258789 0.0487132
1 0.98291 0.919577 0.0283203 0.0560662
1 0.314209 0.247243 0.0258789 0.0441176
