0 0.619141 0.982996 0.0332031 0.0248162
0 0.893799 0.119485 0.0219727 0.0422794
0 0.756592 0.789062 0.027832 0.0487132
1 0.828857 0.823529 0.0200195 0.0514706
1 0.445801 0.477022 0.0185547 0.0349265
1 0.98999 0.819853 0.0170898 0.0422794
1 0.893799 0.120404 0.0219727 0.0386029
0 0.834473 0.86443 0.0185547 0.0395221
1 0.854736 0.0776654 0.0200195 0.0413603
1 0.397461 0.141544 0.0234375 0.0514706
1 0.984375 0.764706 0.0205078 0.0349265
0 0.561279 0.519761 0.0219727 0.0376838
0 0.745117 0.921415 0.0273438 0.0431985
0 0.126709 0.488051 0.0209961 0.0496324
0 0.726562 0.633732 0.0214844 0.0431985
1 0.976562 0.434743 0.0214844 0.0441176
0 0.692139 0.444853 0.0209961 0.0422794
0 0.854736 0.0776654 0.0219727 0.0395221
0 0.440674 0.884651 0.0288086 0.0487132
0 0.195801 0.928309 0.0244141 0.0441176
1 0.856445 0.866268 0.0234375 0.0487132
1 0.125977 0.488051 0.0224609 0.0514706
1 0.380859 0.786305 0.0253906 0.046875
1 0.4104 0.539062 0.0239258 0.0450368
1 0.196533 0.532629 0.0249023 0.0450368
0 0.608887 0.0133272 0.0234375 0.0266544
1 0.0769043 0.246324 0.0307617 0.0533088
1 0.921875 0.558824 0.0253906 0.0367647
1 0.013916 0.202665 0.0249023 0.0560662
0 0.880371 0.823529 0.0234375 0.0477941
1 0.710205 0.649816 0.0219727 0.0422794
1 0.910889 0.498621 0.0249023 0.0431985
0 0.828857 0.82261 0.0219727 0.0459559
0 0.381348 0.787224 0.0263672 0.0487132
0 0.196777 0.532629 0.0234375 0.046875
1 0.879883 0.823529 0.0234375 0.0459559
1 0.692139 0.730699 0.0229492 0.0459559
1 0.692871 0.445312 0.0234375 0.0431985
0 0.538086 0.49954 0.0234375 0.0395221
0 0.55957 0.877298 0.0273438 0.046875
1 0.735352 0.179228 0.0234375 0.0459559
0 0.392822 0.657169 0.0239258 0.0459559
1 0.359375 0.171875 0.0214844 0.0386029
1 0.414551 0.459559 0.0263672 0.0477941
1 0.520508 0.0689338 0.0234375 0.0422794
1 0.259766 0.846967 0.0283203 0.046875
1 0.377441 0.370864 0.0253906 0.0450368
1 0.767578 0.0868566 0.0214844 0.0395221
0 0.692627 0.729779 0.0219727 0.0441176
0 0.856201 0.866728 0.0249023 0.0459559
0 0.0136719 0.202206 0.0263672 0.0588235
1 0.755859 0.79136 0.0253906 0.0459559
1 0.886719 0.236213 0.0263672 0.0441176
1 0.744385 0.920956 0.0249023 0.0441176
1 0.186279 0.470129 0.0258789 0.046875
1 0.72998 0.102941 0.0234375 0.0459559
0 0.879639 0.082261 0.0219727 0.0395221
1 0.876465 0.714154 0.0234375 0.0422794
1 0.647949 0.390625 0.0224609 0.0441176
1 0.195801 0.931066 0.0263672 0.0441176
1 0.726318 0.633732 0.0219727 0.0431985
1 0.156982 0.501379 0.0229492 0.046875
1 0.677734 0.0592831 0.0224609 0.0395221
0 0.709717 0.650276 0.0229492 0.0413603
1 0.712646 0.476103 0.0249023 0.0386029
1 0.372559 0.537684 0.0273438 0.0496324
1 0.921143 0.845129 0.0249023 0.0395221
0 0.508057 0.680147 0.0249023 0.0441176
1 0.990967 0.176011 0.0180664 0.046875
1 0.440186 0.886029 0.0297852 0.0533088
1 0.571045 0.105699 0.0219727 0.0422794
1 0.779541 0.691636 0.0258789 0.0487132
1 0.76001 0.0560662 0.0209961 0.0386029
1 0.835205 0.12546 0.0249023 0.0431985
1 0.798828 0.408088 0.0214844 0.0386029
0 0.563721 0.609835 0.0239258 0.046875
1 0.0944824 0.351103 0.0288086 0.0477941
1 0.991699 0.761029 0.0166016 0.0404412
1 0.589355 0.363511 0.0234375 0.0450368
0 0.673096 0.713235 0.0229492 0.0422794
1 0.393311 0.871324 0.027832 0.0551471
0 0.23584 0.711397 0.0244141 0.0441176
1 0.359131 0.199908 0.0200195 0.0413603
1 0.679688 0.130974 0.0263672 0.0431985
1 0.0183105 0.45864 0.0258789 0.0496324
1 0.804688 0.110294 0.0234375 0.0441176
0 0.269775 0.984375 0.0268555 0.03125
1 0.224854 0.785386 0.027832 0.0487132
0 0.0761719 0.246324 0.0322266 0.0551471
1 0.309814 0.131893 0.0288086 0.0505515
0 0.465576 0.670956 0.0258789 0.0477941
0 0.365723 0.689338 0.0244141 0.0477941
1 0.813232 0.442555 0.0249023 0.0413603
1 0.829102 0.625919 0.0234375 0.0496324
1 0.409424 0.341912 0.0268555 0.0459559
1 0.145752 0.587316 0.0249023 0.0459559
1 0.151855 0.229779 0.0273438 0.0514706
0 0.258301 0.846507 0.0263672 0.0422794
1 0.783691 0.59421 0.0263672 0.0431985
1 0.163818 0.772518 0.0258789 0.0487132
0 0.315918 0.881893 0.0244141 0.046875
1 0.851562 0.261029 0.0263672 0.0422794
1 0.534424 0.338235 0.0229492 0.0441176
0 0.533203 0.462316 0.0234375 0.0422794
1 0.204834 0.85386 0.0268555 0.0441176
1 0.460693 0.110294 0.0219727 0.0459559
1 0.0314941 0.410386 0.0249023 0.0450368
1 0.668701 0.391544 0.0219727 0.0422794
1 0.992188 0.54136 0.015625 0.0459559
0 0.324463 0.633272 0.0239258 0.0422794
1 0.569824 0.389706 0.0234375 0.0404412
1 0.090332 0.600184 0.0244141 0.0496324
1 0.803223 0.170956 0.0234375 0.0459559
1 0.234619 0.348346 0.0258789 0.0496324
1 0.395508 0.126838 0.0214844 0.0404412
1 0.177002 0.830882 0.0239258 0.0422794
1 0.964844 0.747702 0.0234375 0.0431985
1 0.0141602 0.981158 0.0244141 0.0376838
1 0.147705 0.30239 0.027832 0.0477941
1 0.612305 0.251379 0.0195312 0.0395221
1 0.128174 0.828125 0.0258789 0.0514706
1 0.418701 0.956801 0.027832 0.0496324
1 0.825928 0.954504 0.0297852 0.0450368
1 0.691895 0.38511 0.0244141 0.0441176
1 0.407471 0.204044 0.0258789 0.0459559
1 0.171631 0.0174632 0.027832 0.0349265
1 0.10791 0.529871 0.0263672 0.046875
1 0.0917969 0.0326287 0.0332031 0.0542279
1 0.0922852 0.81204 0.0263672 0.046875
0 0.298584 0.669577 0.027832 0.046875
1 0.0302734 0.884651 0.0244141 0.0413603
1 0.598389 0.300092 0.0249023 0.0431985
1 0.402588 0.159926 0.0219727 0.0441176
1 0.578369 0.249081 0.0219727 0.0441176
1 0.132812 0.622243 0.0253906 0.0459559
1 0.501221 0.174173 0.0258789 0.0450368
1 0.809326 0.299173 0.0249023 0.0395221
1 0.597656 0.230239 0.0205078 0.0413603
1 0.0366211 0.917739 0.0244141 0.0413603
1 0.216797 0.0772059 0.0253906 0.0477941
1 0.80542 0.226562 0.0249023 0.0450368
1 0.782959 0.271599 0.0258789 0.0450368
1 0.245361 0.0243566 0.0258789 0.0450368
1 0.333984 0.193015 0.0253906 0.0459559
1 0.48291 0.131893 0.0224609 0.0450368
1 0.206543 0.31296 0.0263672 0.0487132
1 0.31543 0.24954 0.0263672 0.046875
1 0.980469 0.734835 0.0214844 0.0395221
1 0.528076 0.27068 0.0239258 0.046875
1 0.984375 0.929228 0.0263672 0.0533088
