1 0.171631 0.8125 0.0200195 0.0330882
0 0.779053 0.703125 0.0219727 0.0422794
1 0.162109 0.768382 0.0263672 0.0496324
1 0.75 0.922335 0.0253906 0.0487132
1 0.811279 0.436121 0.027832 0.0431985
0 0.927246 0.849265 0.0263672 0.0441176
0 0.570557 0.390625 0.0209961 0.0386029
0 0.678467 0.0597426 0.0219727 0.0404412
1 0.414795 0.459099 0.0268555 0.0450368
1 0.534668 0.332261 0.0244141 0.0505515
0 0.314697 0.886029 0.0249023 0.0441176
1 0.992676 0.759651 0.0146484 0.0431985
1 0.0197754 0.446232 0.0229492 0.046875
1 0.380859 0.787684 0.0234375 0.0459559
1 0.80249 0.410386 0.0229492 0.0358456
1 0.588623 0.36443 0.0239258 0.0431985
1 0.571289 0.105699 0.0273438 0.0514706
0 0.609375 0.0137868 0.0253906 0.0275735
1 0.410156 0.340533 0.0273438 0.046875
0 0.0148926 0.980239 0.0288086 0.0395221
1 0.259521 0.846507 0.027832 0.0459559
0 0.739502 0.172335 0.0229492 0.0487132
0 0.440674 0.884191 0.0288086 0.0514706
0 0.877441 0.717831 0.0263672 0.0459559
1 0.853271 0.256893 0.0249023 0.0413603
0 0.810059 0.4375 0.0234375 0.0386029
1 0.521973 0.0689338 0.0234375 0.0441176
0 0.163086 0.772059 0.0253906 0.0459559
1 0.824951 0.955882 0.027832 0.0459559
1 0.146729 0.585018 0.0209961 0.0450368
1 0.371826 0.539522 0.0258789 0.0477941
1 0.739746 0.174173 0.0244141 0.0487132
0 0.824951 0.955882 0.0268555 0.0477941
1 0.927979 0.563879 0.0249023 0.0431985
0 0.750732 0.921415 0.0268555 0.046875
0 0.0314941 0.410386 0.0239258 0.0431985
1 0.68042 0.117647 0.0249023 0.0459559
0 0.090332 0.0340074 0.0341797 0.0514706
1 0.924072 0.850643 0.0249023 0.0431985
0 0.828857 0.621783 0.0249023 0.0505515
0 0.588379 0.36443 0.0234375 0.0413603
0 0.730713 0.106158 0.0249023 0.0450368
1 0.314209 0.141085 0.0268555 0.0450368
1 0.914795 0.497702 0.027832 0.046875
1 0.651855 0.397518 0.0224609 0.0431985
1 0.132324 0.611213 0.0224609 0.0422794
0 0.521973 0.0684743 0.0234375 0.0450368
1 0.0952148 0.35432 0.0263672 0.046875
0 0.834473 0.863971 0.0205078 0.0404412
0 0.268311 0.985294 0.0268555 0.0294118
0 0.196777 0.53171 0.0234375 0.0431985
1 0.571289 0.390625 0.0234375 0.0404412
1 0.828857 0.622243 0.0219727 0.0459559
1 0.377686 0.369026 0.0249023 0.0450368
1 0.183594 0.837316 0.0224609 0.0459559
1 0.10376 0.525276 0.0249023 0.046875
1 0.440186 0.88557 0.0288086 0.046875
1 0.471436 0.671415 0.0249023 0.046875
0 0.471436 0.672335 0.0249023 0.046875
0 0.371094 0.693474 0.0234375 0.0431985
0 0.146484 0.585478 0.0205078 0.0422794
0 0.187744 0.477022 0.0249023 0.0459559
0 0.0195312 0.446232 0.0253906 0.0450368
1 0.125732 0.824908 0.0268555 0.0487132
1 0.202637 0.850643 0.0244141 0.0431985
0 0.784424 0.59329 0.0288086 0.046875
1 0.213135 0.0799632 0.0258789 0.0533088
1 0.678467 0.0602022 0.0239258 0.0413603
1 0.148682 0.234375 0.0268555 0.0422794
0 0.197021 0.932445 0.0249023 0.0413603
0 0.392334 0.658088 0.0239258 0.0441176
0 0.410156 0.340074 0.0253906 0.0441176
1 0.837646 0.12454 0.0249023 0.0450368
1 0.0935059 0.815257 0.027832 0.0496324
0 0.0766602 0.243107 0.03125 0.0505515
0 0.237549 0.710478 0.0249023 0.0404412
0 0.40625 0.202665 0.0253906 0.0505515
0 0.500977 0.673254 0.0234375 0.0523897
0 0.257324 0.844669 0.0253906 0.0441176
1 0.0913086 0.0326287 0.0332031 0.0542279
0 0.880371 0.823989 0.0234375 0.046875
1 0.335938 0.186121 0.0253906 0.046875
1 0.500732 0.673254 0.0258789 0.0505515
1 0.858643 0.0827206 0.0200195 0.0422794
1 0.171875 0.0188419 0.0302734 0.0376838
1 0.803711 0.174632 0.0234375 0.0422794
1 0.881348 0.0840993 0.0205078 0.0413603
0 0.156982 0.494945 0.0239258 0.0450368
0 0.755615 0.788603 0.0249023 0.0441176
1 0.0925293 0.601562 0.0239258 0.046875
1 0.598877 0.230239 0.0200195 0.0395221
1 0.226074 0.774357 0.0253906 0.0450368
0 0.827148 0.81296 0.0234375 0.046875
1 0.808838 0.117188 0.0229492 0.0431985
1 0.238281 0.346048 0.0283203 0.0523897
0 0.300537 0.66636 0.0239258 0.0459559
0 0.0161133 0.198529 0.0263672 0.0514706
0 0.321777 0.638787 0.0234375 0.0422794
1 0.668213 0.392923 0.0219727 0.0431985
0 0.559814 0.880974 0.0258789 0.0450368
1 0.391357 0.875919 0.0239258 0.0514706
1 0.610596 0.247243 0.0200195 0.0404412
1 0.526123 0.269301 0.0258789 0.0496324
1 0.151611 0.294118 0.027832 0.0422794
0 0.564941 0.605239 0.0273438 0.0450368
1 0.596924 0.297335 0.0229492 0.0431985
1 0.581543 0.247243 0.0244141 0.0422794
0 0.857178 0.866268 0.0249023 0.0450368
1 0.989014 0.175551 0.0219727 0.0477941
1 0.896729 0.106158 0.0219727 0.0431985
1 0.811768 0.301011 0.0268555 0.0413603
1 0.205566 0.313419 0.0253906 0.0477941
1 0.691162 0.38557 0.0249023 0.046875
1 0.80542 0.210478 0.0249023 0.0422794
1 0.503662 0.176011 0.0249023 0.0487132
1 0.784912 0.27114 0.0249023 0.0459559
1 0.314453 0.247702 0.0263672 0.0450368
1 0.983643 0.921415 0.0268555 0.0523897
1 0.419678 0.948529 0.0258789 0.0496324
