0 0.990967 0.414982 0.0180664 0.0376838
0 0.917236 0.492188 0.0249023 0.0431985
0 0.859375 0.0850184 0.0253906 0.046875
0 0.824951 0.782629 0.027832 0.0487132
0 0.234375 0.340533 0.0273438 0.0542279
0 0.7854 0.273897 0.0249023 0.0441176
1 0.103516 0.379136 0.0302734 0.0579044
1 0.858643 0.0836397 0.0219727 0.0459559
0 0.919434 0.980699 0.03125 0.0386029
0 0.567139 0.596967 0.0288086 0.0523897
1 0.882812 0.241268 0.0214844 0.046875
1 0.835938 0.866728 0.0205078 0.0386029
0 0.810791 0.118566 0.0219727 0.0459559
1 0.548096 0.898438 0.0268555 0.0450368
0 0.792236 0.590993 0.0268555 0.0477941
1 0.77002 0.75046 0.0273438 0.046875
1 0.791992 0.589614 0.0253906 0.046875
0 0.199219 0.0675551 0.0253906 0.046875
1 0.825684 0.78171 0.0263672 0.0505515
1 0.858643 0.255055 0.0219727 0.0413603
1 0.917236 0.491268 0.027832 0.046875
1 0.20752 0.314798 0.0263672 0.0505515
1 0.810059 0.116728 0.0205078 0.0441176
0 0.690186 0.387868 0.027832 0.0551471
0 0.198242 0.95864 0.03125 0.0514706
1 0.199463 0.0670956 0.0258789 0.0459559
1 0.828857 0.623162 0.0219727 0.0477941
1 0.09375 0.0275735 0.0332031 0.0477941
1 0.234131 0.340074 0.0268555 0.0477941
1 0.786377 0.271599 0.0229492 0.046875
1 0.825928 0.955882 0.0297852 0.0496324
0 0.0222168 0.193934 0.0268555 0.0514706
1 0.836914 0.125 0.0234375 0.0422794
1 0.807617 0.300092 0.0224609 0.0413603
1 0.439453 0.883732 0.0244141 0.0487132
1 0.989014 0.173254 0.0219727 0.0487132
0 0.75708 0.79136 0.0239258 0.0441176
1 0.756348 0.789522 0.0244141 0.0441176
0 0.0849609 0.238511 0.03125 0.0542279
1 0.690186 0.386489 0.027832 0.0542279
1 0.933594 0.565257 0.0253906 0.0477941
0 0.769775 0.752298 0.0249023 0.0450368
0 0.207275 0.316636 0.0268555 0.0542279
0 0.932129 0.877298 0.0263672 0.046875
1 0.568359 0.598805 0.0263672 0.046875
1 0.194336 0.538603 0.0292969 0.0569853
1 0.171875 0.0211397 0.0273438 0.0386029
0 0.102783 0.379136 0.0297852 0.0542279
0 0.828857 0.622702 0.0249023 0.0487132
0 0.872803 0.738051 0.0249023 0.0477941
1 0.517578 0.198989 0.0214844 0.0395221
1 0.872559 0.737592 0.0263672 0.0505515
1 0.258545 0.845588 0.0258789 0.0477941
0 0.826416 0.954044 0.0297852 0.0514706
1 0.524902 0.269301 0.0224609 0.0404412
1 0.198242 0.959559 0.0292969 0.0496324
1 0.394287 0.22932 0.0249023 0.0431985
1 0.543457 0.0569853 0.0244141 0.0441176
1 0.527588 0.310662 0.0209961 0.0404412
1 0.770508 0.924632 0.0273438 0.0514706
1 0.864014 0.860754 0.0249023 0.046875
1 0.979736 0.903493 0.0268555 0.0514706
1 0.880371 0.826746 0.0234375 0.046875
0 0.164307 0.77068 0.0297852 0.0523897
1 0.567383 0.0850184 0.0234375 0.0431985
1 0.391357 0.871324 0.0239258 0.0496324
1 0.411621 0.91636 0.0234375 0.0441176
1 0.415283 0.457721 0.0258789 0.0477941
1 0.311768 0.245864 0.0288086 0.046875
1 0.40918 0.340074 0.0244141 0.0441176
1 0.378418 0.368566 0.0253906 0.0441176
