1 0.398926 0.146599 0.0244141 0.0505515
1 0.98999 0.820772 0.0170898 0.0441176
0 0.195557 0.92739 0.0249023 0.0441176
1 0.53833 0.499081 0.0229492 0.0422794
0 0.829834 0.823529 0.0219727 0.0459559
1 0.933594 0.332261 0.0185547 0.0340074
0 0.619629 0.982996 0.03125 0.0266544
0 0.608643 0.0142463 0.0239258 0.0284926
1 0.854736 0.0772059 0.0200195 0.0404412
0 0.439697 0.884191 0.0297852 0.0514706
1 0.985107 0.764706 0.0200195 0.0367647
1 0.0766602 0.246783 0.0302734 0.0523897
1 0.121582 0.151654 0.0302734 0.0514706
0 0.55957 0.877298 0.0273438 0.0450368
1 0.608643 0.0147059 0.0258789 0.0294118
1 0.879639 0.0790441 0.0200195 0.0386029
1 0.673828 0.712776 0.0214844 0.0450368
1 0.970215 0.200368 0.0205078 0.0386029
0 0.535889 0.5 0.0258789 0.0441176
0 0.382568 0.787684 0.027832 0.0533088
0 0.878906 0.082261 0.0234375 0.0395221
1 0.381836 0.786765 0.0273438 0.0496324
1 0.776123 0.873162 0.0209961 0.0367647
0 0.196777 0.532629 0.0244141 0.046875
0 0.673096 0.712776 0.0229492 0.0431985
1 0.943848 0.321232 0.0205078 0.0395221
0 0.564453 0.610294 0.0253906 0.0459559
0 0.121826 0.152574 0.0297852 0.0514706
0 0.0915527 0.0363051 0.034668 0.0523897
1 0.455078 0.492647 0.0214844 0.0404412
0 0.392822 0.657629 0.0239258 0.0450368
1 0.921143 0.556985 0.0249023 0.0404412
1 0.259521 0.846967 0.0288086 0.046875
1 0.833496 0.865349 0.0185547 0.0395221
1 0.377686 0.370404 0.0258789 0.0459559
0 0.509521 0.681066 0.0258789 0.0459559
1 0.735107 0.179688 0.0229492 0.0450368
1 0.744141 0.919118 0.0253906 0.0441176
1 0.196533 0.533088 0.0249023 0.0459559
1 0.885986 0.236213 0.0268555 0.0441176
1 0.195801 0.930147 0.0263672 0.0441176
1 0.977295 0.43704 0.0249023 0.0450368
1 0.410889 0.538603 0.0249023 0.0441176
1 0.187744 0.46921 0.0268555 0.046875
0 0.532715 0.461857 0.0234375 0.0431985
1 0.708984 0.650735 0.0214844 0.0404412
1 0.828125 0.822151 0.0214844 0.046875
1 0.876465 0.713695 0.0234375 0.0413603
1 0.910889 0.499081 0.0249023 0.0441176
1 0.767578 0.0859375 0.0205078 0.0395221
0 0.464844 0.670956 0.0253906 0.0477941
1 0.72998 0.102022 0.0234375 0.0459559
1 0.0917969 0.0344669 0.0332031 0.0542279
1 0.439453 0.886029 0.0292969 0.0533088
1 0.589355 0.363511 0.0224609 0.0450368
1 0.157471 0.501379 0.0229492 0.046875
1 0.677246 0.0588235 0.0224609 0.0404412
0 0.235352 0.711397 0.0244141 0.0459559
1 0.0185547 0.460018 0.0263672 0.0505515
1 0.359375 0.171875 0.0214844 0.0386029
1 0.234131 0.348805 0.0249023 0.0487132
1 0.647217 0.390165 0.0229492 0.0450368
1 0.372803 0.537224 0.0268555 0.0487132
1 0.991699 0.761029 0.0166016 0.0404412
1 0.393311 0.870864 0.027832 0.0560662
1 0.0944824 0.350643 0.027832 0.0487132
1 0.572266 0.105239 0.0224609 0.0395221
0 0.269775 0.984375 0.0268555 0.03125
0 0.364746 0.689338 0.0244141 0.0477941
0 0.0761719 0.247243 0.03125 0.0533088
1 0.855469 0.867647 0.0263672 0.0459559
1 0.834473 0.125919 0.0234375 0.0422794
0 0.324463 0.632353 0.0239258 0.0441176
1 0.520752 0.0693934 0.0229492 0.0413603
1 0.691895 0.445312 0.0234375 0.0450368
1 0.759766 0.0565257 0.0205078 0.0395221
1 0.17627 0.829963 0.0244141 0.0422794
1 0.359863 0.198529 0.0205078 0.0404412
1 0.679932 0.130515 0.0249023 0.0422794
1 0.151855 0.22932 0.0283203 0.0523897
1 0.0900879 0.599724 0.0249023 0.0487132
1 0.712646 0.476103 0.0249023 0.0386029
0 0.258301 0.846507 0.0263672 0.0422794
1 0.414551 0.460018 0.0263672 0.0487132
1 0.445801 0.476103 0.0205078 0.0386029
0 0.315674 0.880974 0.0249023 0.0487132
0 0.0134277 0.202665 0.0258789 0.0579044
1 0.755859 0.789062 0.0253906 0.0450368
1 0.0317383 0.410386 0.0253906 0.0450368
1 0.780029 0.691176 0.0258789 0.0477941
1 0.205322 0.85386 0.0268555 0.0441176
1 0.146484 0.302849 0.0273438 0.0487132
1 0.879883 0.823529 0.0234375 0.0459559
1 0.145752 0.587776 0.0249023 0.046875
1 0.726562 0.634651 0.0214844 0.0413603
1 0.693604 0.732996 0.0209961 0.0450368
1 0.803955 0.108915 0.0229492 0.0431985
1 0.992188 0.542279 0.015625 0.0477941
1 0.224609 0.786305 0.0273438 0.046875
1 0.92041 0.84329 0.0263672 0.0431985
1 0.395264 0.125919 0.0219727 0.0404412
1 0.534668 0.338235 0.0224609 0.0441176
1 0.851562 0.261949 0.0263672 0.0422794
1 0.164062 0.772518 0.0263672 0.0487132
1 0.310059 0.130974 0.0283203 0.0505515
1 0.964844 0.749081 0.0234375 0.0441176
1 0.171387 0.0174632 0.0273438 0.0349265
1 0.80249 0.170496 0.0229492 0.0450368
1 0.797607 0.407629 0.0219727 0.0395221
1 0.612305 0.251379 0.0195312 0.0395221
1 0.417969 0.957261 0.0283203 0.0505515
1 0.783447 0.59421 0.0258789 0.0431985
1 0.990967 0.176011 0.0180664 0.046875
1 0.0141602 0.981158 0.0244141 0.0376838
1 0.128418 0.828125 0.0253906 0.0514706
1 0.0922852 0.81204 0.0263672 0.046875
1 0.668701 0.391544 0.0219727 0.0422794
1 0.828857 0.625 0.0249023 0.0533088
1 0.569336 0.387408 0.0234375 0.0413603
0 0.298584 0.670496 0.0288086 0.046875
1 0.408691 0.342371 0.0263672 0.0450368
1 0.407471 0.204044 0.0258789 0.0459559
1 0.825928 0.954044 0.0297852 0.0441176
1 0.460205 0.110754 0.0229492 0.046875
1 0.808594 0.298713 0.0234375 0.0404412
1 0.598145 0.300092 0.0244141 0.0431985
1 0.500732 0.174173 0.0249023 0.0450368
1 0.691895 0.384191 0.0234375 0.0441176
1 0.10791 0.529871 0.0263672 0.046875
1 0.813232 0.442096 0.0249023 0.0422794
1 0.597168 0.229779 0.0205078 0.0422794
1 0.578125 0.25 0.0214844 0.0459559
1 0.0305176 0.884651 0.0249023 0.0413603
1 0.132568 0.622702 0.0258789 0.046875
1 0.0371094 0.918199 0.0253906 0.0422794
1 0.217285 0.0767463 0.0253906 0.046875
1 0.80542 0.227941 0.0249023 0.0441176
1 0.782959 0.272518 0.0249023 0.0450368
1 0.402588 0.159926 0.0219727 0.0441176
1 0.206787 0.31296 0.0258789 0.0487132
1 0.33374 0.193934 0.0249023 0.0459559
1 0.315918 0.25 0.0263672 0.0459559
1 0.483398 0.131893 0.0234375 0.0450368
1 0.528564 0.27068 0.0239258 0.046875
1 0.244873 0.0252757 0.0249023 0.0450368
1 0.985107 0.930147 0.0268555 0.0533088
1 0.981201 0.734375 0.0219727 0.0386029
