0 0.0974121 0.0243566 0.0288086 0.0431985
1 0.858643 0.0845588 0.0200195 0.0459559
1 0.882812 0.241268 0.0214844 0.046875
0 0.391113 0.869945 0.0214844 0.0450368
1 0.568848 0.597426 0.0273438 0.0477941
1 0.858643 0.252757 0.0219727 0.0404412
0 0.797607 0.59421 0.0268555 0.046875
1 0.172363 0.0206801 0.0273438 0.0395221
0 0.438721 0.883732 0.0239258 0.0487132
1 0.872559 0.743566 0.0263672 0.0496324
0 0.920898 0.97886 0.03125 0.0422794
1 0.797607 0.592831 0.0268555 0.0459559
0 0.567627 0.597426 0.0307617 0.0533088
0 0.827393 0.774816 0.027832 0.0459559
1 0.521484 0.205882 0.0195312 0.0422794
1 0.200439 0.95864 0.0288086 0.0496324
1 0.777344 0.920956 0.0292969 0.0514706
1 0.810791 0.119945 0.0219727 0.046875
1 0.408203 0.89568 0.0224609 0.046875
0 0.933594 0.882353 0.0253906 0.0422794
0 0.258545 0.847426 0.0268555 0.0514706
1 0.934326 0.880055 0.0249023 0.0431985
0 0.188232 0.0445772 0.0268555 0.046875
1 0.539795 0.911765 0.0258789 0.0477941
0 0.200439 0.95864 0.0317383 0.0533088
1 0.989014 0.172335 0.0219727 0.0487132
1 0.828857 0.624081 0.0219727 0.0477941
1 0.920898 0.978401 0.03125 0.0431985
1 0.916992 0.493107 0.0234375 0.0487132
1 0.836914 0.124081 0.0234375 0.0441176
0 0.777344 0.922335 0.0273438 0.0487132
0 0.828857 0.623162 0.0249023 0.0496324
1 0.525391 0.269761 0.0214844 0.0395221
1 0.528564 0.309743 0.0209961 0.0404412
0 0.171875 0.0220588 0.0273438 0.0422794
1 0.942139 0.564338 0.0297852 0.0533088
0 0.0852051 0.238511 0.0317383 0.0560662
0 0.871826 0.743566 0.0268555 0.0496324
0 0.165039 0.772059 0.0283203 0.0496324
1 0.39209 0.872243 0.0224609 0.0441176
1 0.785645 0.272518 0.0234375 0.0450368
0 0.0219727 0.193015 0.03125 0.0606618
1 0.972656 0.884651 0.0253906 0.0413603
1 0.415039 0.455423 0.0234375 0.0431985
0 0.826416 0.954504 0.0297852 0.0523897
1 0.311768 0.243566 0.027832 0.0441176
0 0.106689 0.387408 0.027832 0.0560662
1 0.800537 0.300092 0.0239258 0.0431985
1 0.390137 0.243566 0.0263672 0.0533088
1 0.689941 0.389246 0.03125 0.0634191
1 0.377686 0.368566 0.0249023 0.0441176
1 0.406982 0.338695 0.0239258 0.0431985
1 0.189453 0.54182 0.0322266 0.0597426
