0 0.566406 0.597886 0.0292969 0.0523897
1 0.0200195 0.194393 0.0273438 0.0542279
0 0.0144043 0.984375 0.0288086 0.03125
1 0.0153809 0.982537 0.0268555 0.0349265
1 0.101074 0.368107 0.0234375 0.0431985
1 0.196777 0.953585 0.0283203 0.046875
0 0.914795 0.981618 0.0297852 0.0330882
1 0.835938 0.865349 0.0214844 0.0395221
0 0.875732 0.725643 0.0268555 0.046875
0 0.020752 0.195772 0.0258789 0.0496324
0 0.163574 0.769761 0.0292969 0.0579044
1 0.164307 0.77068 0.0288086 0.0523897
0 0.196777 0.953585 0.0302734 0.0505515
1 0.172852 0.0206801 0.0302734 0.0413603
1 0.917236 0.492647 0.027832 0.0477941
1 0.0852051 0.238051 0.0307617 0.0533088
1 0.771973 0.728401 0.0224609 0.0450368
1 0.885986 0.0909926 0.019043 0.0386029
1 0.789062 0.591912 0.0253906 0.0459559
1 0.553223 0.892463 0.0263672 0.0441176
1 0.0917969 0.0280331 0.0332031 0.046875
1 0.858643 0.253676 0.0219727 0.0404412
1 0.828857 0.622702 0.0219727 0.046875
1 0.258301 0.84421 0.0253906 0.0450368
1 0.928955 0.865349 0.0249023 0.0450368
1 0.931152 0.56296 0.0263672 0.0450368
1 0.838379 0.125 0.0234375 0.0477941
1 0.987793 0.174173 0.0244141 0.0505515
0 0.205078 0.0762868 0.0253906 0.0477941
1 0.567383 0.600643 0.0273438 0.0487132
1 0.690918 0.386949 0.0273438 0.0477941
1 0.82666 0.793199 0.0263672 0.0496324
1 0.166992 0.484375 0.0195312 0.0422794
1 0.859375 0.0831801 0.0214844 0.0450368
1 0.880615 0.825827 0.0249023 0.046875
1 0.883545 0.240809 0.0249023 0.0459559
1 0.860352 0.862592 0.0234375 0.0487132
1 0.511719 0.191636 0.0253906 0.0431985
1 0.440674 0.884651 0.0249023 0.0487132
1 0.76416 0.924173 0.0273438 0.0579044
1 0.18457 0.486673 0.0214844 0.0431985
1 0.755371 0.788603 0.0244141 0.0441176
1 0.825928 0.955882 0.0297852 0.0496324
1 0.097168 0.529871 0.0273438 0.0487132
1 0.810303 0.119026 0.0229492 0.0450368
1 0.810791 0.300092 0.0249023 0.0450368
1 0.391846 0.872702 0.0229492 0.0505515
1 0.786133 0.271599 0.0234375 0.0487132
1 0.197021 0.530331 0.0239258 0.0459559
1 0.524658 0.268382 0.0239258 0.0441176
1 0.0952148 0.591912 0.0253906 0.0459559
1 0.98291 0.913143 0.0283203 0.0523897
1 0.397949 0.220588 0.0224609 0.0459559
1 0.530029 0.313879 0.0229492 0.0431985
1 0.5354 0.0574449 0.0258789 0.0413603
1 0.416748 0.933824 0.0258789 0.0477941
1 0.372803 0.540441 0.0258789 0.0459559
1 0.378174 0.368107 0.0249023 0.0431985
1 0.571045 0.0988051 0.0239258 0.046875
1 0.415283 0.457261 0.0249023 0.0450368
1 0.238281 0.342831 0.0283203 0.0496324
1 0.206055 0.315257 0.0253906 0.0477941
1 0.409668 0.340074 0.0244141 0.0441176
1 0.311279 0.245864 0.027832 0.046875
1 0.399902 0.540441 0.0253906 0.0441176
