1 0.807861 0.988051 0.0297852 0.0238971
0 0.655029 0.011489 0.027832 0.0229779
0 0.0922852 0.600184 0.0224609 0.0459559
1 0.871826 0.116728 0.019043 0.0386029
1 0.0151367 0.198989 0.0263672 0.0523897
1 0.564941 0.60432 0.0273438 0.0431985
1 0.162109 0.769301 0.0273438 0.0496324
0 0.610596 0.0128676 0.0249023 0.0257353
0 0.405762 0.204044 0.0263672 0.0533088
0 0.678467 0.0592831 0.0219727 0.0413603
1 0.879639 0.824908 0.0249023 0.0450368
1 0.0148926 0.981158 0.0258789 0.0376838
1 0.588623 0.36443 0.0239258 0.0431985
1 0.0769043 0.241268 0.027832 0.0487132
0 0.314209 0.887868 0.0258789 0.0441176
1 0.472656 0.670956 0.0224609 0.0477941
0 0.587891 0.36443 0.0244141 0.0395221
0 0.0771484 0.241728 0.03125 0.0496324
0 0.0153809 0.980699 0.0297852 0.0386029
1 0.406006 0.204044 0.0258789 0.0496324
1 0.825684 0.955423 0.0283203 0.046875
1 0.132812 0.610754 0.0214844 0.0413603
1 0.414795 0.459099 0.0268555 0.0450368
0 0.522217 0.0684743 0.0249023 0.046875
0 0.410156 0.339614 0.0253906 0.0450368
0 0.834473 0.861673 0.0205078 0.0413603
0 0.267822 0.985294 0.0288086 0.0294118
1 0.534912 0.331801 0.0249023 0.0496324
1 0.829102 0.622243 0.0234375 0.0477941
1 0.499268 0.673713 0.0239258 0.0514706
0 0.440674 0.884191 0.0297852 0.0514706
0 0.77832 0.704963 0.0234375 0.0422794
1 0.607422 0.244945 0.0205078 0.0376838
1 0.371826 0.539062 0.0258789 0.046875
0 0.197021 0.53125 0.0229492 0.0422794
1 0.124512 0.824449 0.0273438 0.0496324
1 0.188721 0.841452 0.0239258 0.0413603
1 0.381348 0.786765 0.0234375 0.0441176
0 0.828857 0.621324 0.0249023 0.0514706
1 0.572021 0.102941 0.0258789 0.0477941
1 0.410156 0.340533 0.0273438 0.046875
1 0.259277 0.846507 0.0283203 0.0459559
0 0.825684 0.955423 0.0283203 0.0487132
0 0.157227 0.493566 0.0244141 0.0441176
0 0.375 0.693015 0.0234375 0.0422794
1 0.440186 0.886949 0.0297852 0.0496324
0 0.877441 0.719669 0.0283203 0.0477941
1 0.146484 0.585478 0.0214844 0.0441176
0 0.146484 0.585018 0.0205078 0.0413603
1 0.0319824 0.410846 0.0229492 0.0422794
0 0.751709 0.921415 0.0258789 0.0505515
1 0.751221 0.921875 0.0258789 0.0496324
1 0.928955 0.564338 0.0268555 0.0441176
1 0.678955 0.0602022 0.0239258 0.0413603
0 0.188477 0.47886 0.0244141 0.0459559
1 0.521729 0.0693934 0.0249023 0.0450368
0 0.391846 0.658088 0.0219727 0.0441176
1 0.740234 0.171415 0.0244141 0.0487132
1 0.854004 0.256893 0.0234375 0.0431985
1 0.020752 0.444853 0.0229492 0.0441176
1 0.203125 0.850643 0.0234375 0.0395221
1 0.600098 0.231618 0.0195312 0.0386029
1 0.572266 0.390625 0.0234375 0.0386029
0 0.237305 0.710938 0.0253906 0.0413603
1 0.731201 0.105699 0.0239258 0.0477941
0 0.257324 0.844669 0.0253906 0.0459559
0 0.0166016 0.19761 0.0253906 0.0496324
0 0.472656 0.670956 0.0214844 0.0459559
1 0.914795 0.496324 0.0297852 0.0477941
0 0.16333 0.772059 0.0249023 0.0477941
1 0.652344 0.397059 0.0224609 0.0441176
0 0.880371 0.824908 0.0234375 0.0487132
0 0.499512 0.672794 0.0224609 0.0514706
1 0.925781 0.852941 0.0263672 0.0441176
1 0.0959473 0.355699 0.0268555 0.0477941
1 0.314941 0.145221 0.0234375 0.0477941
1 0.21167 0.0795037 0.0258789 0.0523897
1 0.103027 0.524357 0.0244141 0.046875
1 0.09375 0.815257 0.0292969 0.0533088
1 0.0930176 0.602022 0.0239258 0.0459559
0 0.196045 0.9375 0.0258789 0.0422794
1 0.1521 0.292279 0.027832 0.0441176
1 0.838135 0.125 0.0249023 0.0441176
0 0.857178 0.865349 0.0249023 0.046875
0 0.558838 0.882353 0.0258789 0.0459559
0 0.755615 0.788603 0.0258789 0.0441176
1 0.667725 0.394301 0.0219727 0.0422794
0 0.826416 0.810202 0.0249023 0.0505515
0 0.300537 0.66636 0.0239258 0.0459559
1 0.391602 0.875 0.0234375 0.0496324
1 0.172119 0.0183824 0.0297852 0.0367647
1 0.377686 0.368566 0.0249023 0.0459559
1 0.147705 0.234375 0.0268555 0.0422794
0 0.785156 0.594669 0.0292969 0.0459559
1 0.0913086 0.0317096 0.0332031 0.0523897
1 0.881104 0.0854779 0.0219727 0.0422794
1 0.596436 0.296875 0.0229492 0.0422794
0 0.56543 0.603401 0.0273438 0.0450368
1 0.858643 0.0831801 0.0200195 0.0431985
0 0.320801 0.642004 0.0234375 0.0413603
1 0.80835 0.118107 0.0219727 0.0450368
1 0.526123 0.268842 0.0258789 0.0487132
1 0.804443 0.17739 0.0219727 0.0422794
1 0.812012 0.301471 0.0263672 0.0441176
1 0.335449 0.184743 0.0253906 0.0459559
1 0.226807 0.77114 0.0249023 0.0441176
1 0.691406 0.38557 0.0253906 0.046875
1 0.238525 0.345588 0.027832 0.0514706
1 0.582031 0.246324 0.0234375 0.0422794
1 0.989014 0.175092 0.0219727 0.0505515
1 0.896973 0.106618 0.0234375 0.0441176
1 0.50415 0.176011 0.0258789 0.0487132
1 0.80542 0.211397 0.0249023 0.0422794
1 0.205322 0.313879 0.0249023 0.0487132
1 0.785156 0.27114 0.0253906 0.0459559
1 0.419434 0.947151 0.0263672 0.0487132
1 0.98291 0.920496 0.0283203 0.0560662
1 0.314209 0.247702 0.0258789 0.0450368
