1 0.543945 0.0588235 0.0234375 0.0404412
0 0.977295 0.89568 0.0297852 0.0487132
1 0.858643 0.254596 0.0200195 0.0404412
0 0.804932 0.303309 0.0229492 0.0441176
0 0.858643 0.0845588 0.0200195 0.0459559
1 0.312256 0.892923 0.0268555 0.0487132
1 0.163574 0.772059 0.0292969 0.0551471
0 0.545166 0.904871 0.0249023 0.0487132
1 0.195801 0.0597426 0.0244141 0.0477941
1 0.772705 0.921875 0.0268555 0.0514706
1 0.920898 0.97886 0.03125 0.0422794
0 0.258789 0.845588 0.0253906 0.0496324
0 0.917236 0.493107 0.0249023 0.0450368
0 0.825684 0.777114 0.0263672 0.0450368
1 0.0959473 0.0243566 0.0288086 0.0450368
1 0.103516 0.381893 0.0292969 0.0579044
0 0.171875 0.0225184 0.0273438 0.0413603
1 0.810303 0.119485 0.0219727 0.0459559
1 0.54541 0.907629 0.0263672 0.0487132
1 0.828857 0.624081 0.0219727 0.0477941
1 0.917236 0.492647 0.0297852 0.0477941
0 0.198975 0.95818 0.0317383 0.0523897
1 0.786133 0.272518 0.0234375 0.0450368
0 0.438965 0.88557 0.0234375 0.046875
0 0.564453 0.0795037 0.0214844 0.0431985
0 0.689453 0.388787 0.0292969 0.0606618
0 0.567627 0.596967 0.0297852 0.0542279
1 0.258789 0.846048 0.0253906 0.0487132
0 0.933594 0.881434 0.0234375 0.0422794
1 0.989014 0.172335 0.0219727 0.0487132
1 0.568359 0.597886 0.0273438 0.0487132
1 0.83667 0.12454 0.0219727 0.0431985
0 0.795654 0.592371 0.0258789 0.046875
1 0.824219 0.777114 0.0253906 0.0450368
1 0.519531 0.200827 0.0214844 0.0413603
0 0.195068 0.0620404 0.0268555 0.046875
1 0.936768 0.565257 0.0268555 0.0459559
1 0.866455 0.857077 0.0219727 0.046875
0 0.920898 0.980699 0.03125 0.0386029
0 0.0852051 0.238511 0.0307617 0.0542279
0 0.772461 0.922794 0.0273438 0.0514706
1 0.879639 0.827206 0.0249023 0.0441176
0 0.0219727 0.193934 0.0292969 0.0569853
1 0.524658 0.270221 0.0229492 0.0404412
1 0.872559 0.741268 0.0263672 0.0505515
0 0.164795 0.77068 0.0288086 0.0505515
1 0.171387 0.0220588 0.0273438 0.0404412
0 0.75708 0.789982 0.0239258 0.0413603
0 0.230469 0.338235 0.0234375 0.0514706
1 0.804688 0.301471 0.0234375 0.0459559
0 0.871826 0.743566 0.0268555 0.0459559
1 0.528076 0.309743 0.0219727 0.0404412
1 0.689941 0.386949 0.0302734 0.0606618
0 0.104248 0.382353 0.0268555 0.0514706
1 0.199219 0.95864 0.0292969 0.0496324
0 0.828857 0.622702 0.0249023 0.0487132
1 0.409912 0.909926 0.0219727 0.0441176
0 0.826416 0.954044 0.0297852 0.0514706
1 0.391357 0.871783 0.0229492 0.0487132
0 0.769531 0.762408 0.0253906 0.0413603
0 0.209473 0.317555 0.0253906 0.0505515
1 0.976562 0.894301 0.0263672 0.0496324
1 0.414795 0.456342 0.0249023 0.0450368
1 0.311035 0.244945 0.0273438 0.046875
1 0.393066 0.233456 0.0253906 0.0459559
1 0.378418 0.368566 0.0253906 0.0459559
1 0.408936 0.340074 0.0239258 0.0441176
1 0.189941 0.54182 0.0302734 0.0560662
