1 0.822021 0.616268 0.0375977 0.0542279
0 0.101807 0.0229779 0.034668 0.0459559
1 0.438965 0.880515 0.0302734 0.0588235
1 0.309082 0.900735 0.0273438 0.0514706
0 0.568359 0.597426 0.03125 0.0588235
1 0.0847168 0.238971 0.0336914 0.0625
0 0.922607 0.976562 0.027832 0.0431985
1 0.109375 0.387408 0.0292969 0.0652574
1 0.950195 0.556985 0.03125 0.0477941
1 0.102295 0.0238971 0.0336914 0.0477941
1 0.259033 0.847886 0.027832 0.0523897
0 0.819336 0.126379 0.0234375 0.0450368
0 0.799805 0.595129 0.0283203 0.0523897
1 0.835938 0.764706 0.0253906 0.0477941
0 0.872559 0.746324 0.0283203 0.0477941
0 0.30957 0.238971 0.0302734 0.0551471
0 0.259033 0.847426 0.027832 0.0514706
1 0.789795 0.924173 0.0249023 0.0487132
1 0.310303 0.23943 0.0307617 0.0542279
1 0.56958 0.596048 0.0288086 0.0523897
1 0.923584 0.975643 0.0297852 0.0431985
1 0.38501 0.257353 0.0288086 0.0496324
1 0.828857 0.62454 0.0219727 0.046875
0 0.828857 0.623162 0.0249023 0.0477941
0 0.93457 0.882353 0.0234375 0.0404412
0 0.202393 0.957261 0.0288086 0.0505515
1 0.960205 0.869945 0.0249023 0.0413603
1 0.800781 0.59421 0.0263672 0.0505515
1 0.987549 0.173254 0.0249023 0.0560662
0 0.0849609 0.238051 0.0361328 0.0606618
1 0.202881 0.95818 0.0307617 0.0542279
0 0.164795 0.772518 0.0288086 0.0560662
1 0.416016 0.455423 0.0253906 0.0487132
0 0.438965 0.881434 0.0341797 0.0569853
1 0.376953 0.367647 0.0214844 0.0422794
1 0.91626 0.495864 0.0249023 0.046875
1 0.872559 0.745404 0.0263672 0.0459559
0 0.109131 0.387868 0.0297852 0.0625
0 0.0219727 0.193474 0.0332031 0.0670956
1 0.689941 0.389246 0.0302734 0.0670956
1 0.391846 0.34421 0.0229492 0.0431985
1 0.825684 0.953585 0.0283203 0.0487132
1 0.189209 0.54182 0.034668 0.0652574
