1 0.910889 0.5 0.0268555 0.0422794
0 0.760986 0.0597426 0.0200195 0.0349265
0 0.767578 0.0868566 0.0205078 0.0395221
1 0.893799 0.118566 0.0219727 0.0404412
0 0.855469 0.0785846 0.0185547 0.0376838
0 0.560791 0.519761 0.0219727 0.0358456
1 0.989014 0.820312 0.0170898 0.0413603
1 0.834473 0.863971 0.0205078 0.0404412
0 0.726562 0.633732 0.0205078 0.0431985
0 0.833496 0.863971 0.0205078 0.0404412
1 0.414062 0.460018 0.0263672 0.0450368
1 0.856201 0.866728 0.0268555 0.0496324
0 0.196533 0.532629 0.0239258 0.046875
1 0.564941 0.607996 0.0283203 0.0487132
1 0.755859 0.79136 0.0263672 0.0441176
0 0.780518 0.693015 0.0239258 0.0459559
0 0.441162 0.88557 0.0288086 0.046875
1 0.736328 0.177849 0.0253906 0.0450368
1 0.886719 0.235754 0.0253906 0.0431985
1 0.805908 0.112132 0.0239258 0.0441176
1 0.380615 0.785386 0.0239258 0.0450368
1 0.710938 0.648897 0.0224609 0.0404412
0 0.408936 0.341452 0.0268555 0.0450368
0 0.746338 0.921875 0.0258789 0.0422794
0 0.729736 0.10432 0.0239258 0.0450368
0 0.521484 0.0684743 0.0244141 0.0431985
1 0.746338 0.921415 0.0249023 0.0431985
0 0.755859 0.789062 0.0244141 0.0431985
1 0.780029 0.693015 0.0239258 0.0459559
1 0.72998 0.102941 0.0234375 0.0459559
0 0.880615 0.823529 0.0249023 0.0477941
1 0.879883 0.824449 0.0234375 0.0459559
1 0.0766602 0.245404 0.03125 0.0533088
0 0.689697 0.72932 0.0219727 0.046875
0 0.236328 0.710938 0.0244141 0.0431985
1 0.36084 0.181526 0.0195312 0.0431985
1 0.377686 0.369945 0.0258789 0.0431985
1 0.259766 0.846967 0.0283203 0.0450368
1 0.72583 0.633272 0.0219727 0.0422794
1 0.649658 0.392923 0.0229492 0.0431985
1 0.409912 0.341452 0.0268555 0.0450368
0 0.608887 0.0137868 0.0224609 0.0275735
1 0.835938 0.12546 0.0253906 0.0450368
1 0.37207 0.538143 0.0273438 0.0487132
1 0.992676 0.539062 0.0146484 0.0450368
1 0.520996 0.0693934 0.0234375 0.0431985
1 0.196289 0.532629 0.0244141 0.0450368
0 0.829102 0.821691 0.0234375 0.0441176
0 0.392334 0.65625 0.0249023 0.0477941
1 0.440674 0.886949 0.0288086 0.0496324
1 0.678223 0.0597426 0.0234375 0.0404412
1 0.696533 0.44807 0.0229492 0.0376838
1 0.0354004 0.914062 0.0229492 0.0358456
1 0.0300293 0.88557 0.0239258 0.0395221
1 0.311523 0.131434 0.0263672 0.0477941
0 0.535889 0.494485 0.0249023 0.0441176
1 0.0144043 0.202206 0.0258789 0.0551471
0 0.0759277 0.245864 0.0327148 0.0542279
0 0.55957 0.877298 0.0273438 0.0450368
0 0.258057 0.846507 0.0258789 0.0422794
0 0.315918 0.882353 0.0244141 0.0459559
0 0.856201 0.866728 0.0249023 0.0459559
1 0.571045 0.105699 0.0229492 0.0422794
1 0.589844 0.362132 0.0234375 0.0422794
1 0.226318 0.783088 0.027832 0.0477941
1 0.992188 0.76057 0.015625 0.0395221
0 0.269531 0.984375 0.0263672 0.03125
1 0.876709 0.715074 0.0249023 0.0441176
1 0.679688 0.130055 0.0273438 0.0450368
0 0.367188 0.691636 0.0253906 0.046875
1 0.813232 0.442096 0.0249023 0.0422794
1 0.799072 0.409007 0.0219727 0.0367647
1 0.462891 0.111673 0.0205078 0.0431985
0 0.710938 0.649816 0.0234375 0.0386029
1 0.921875 0.845588 0.0234375 0.0404412
1 0.196777 0.931526 0.0263672 0.0431985
0 0.672607 0.714154 0.0229492 0.0422794
1 0.53418 0.337776 0.0234375 0.0450368
0 0.879883 0.0827206 0.0234375 0.0404412
1 0.710938 0.475643 0.0253906 0.0395221
1 0.828857 0.62454 0.0219727 0.046875
1 0.851562 0.261029 0.0263672 0.0422794
1 0.186768 0.471507 0.0249023 0.0459559
1 0.0944824 0.351562 0.027832 0.0487132
0 0.466553 0.670037 0.0249023 0.0477941
1 0.15625 0.501838 0.0234375 0.0477941
0 0.564453 0.607996 0.0263672 0.0487132
1 0.783691 0.59375 0.0273438 0.0441176
0 0.53418 0.463235 0.0234375 0.0404412
1 0.965576 0.744945 0.0219727 0.0431985
1 0.392578 0.875919 0.0263672 0.0533088
1 0.824951 0.954963 0.0297852 0.0459559
1 0.0144043 0.980699 0.0239258 0.0386029
1 0.922607 0.560662 0.0249023 0.0404412
1 0.803223 0.171875 0.0234375 0.0441176
1 0.611328 0.25 0.0195312 0.0386029
0 0.324219 0.634191 0.0234375 0.0422794
0 0.299072 0.668658 0.0268555 0.046875
1 0.203369 0.852941 0.0258789 0.0441176
1 0.668701 0.392004 0.0219727 0.0413603
1 0.406982 0.203585 0.0268555 0.046875
1 0.145508 0.586857 0.0234375 0.046875
1 0.171631 0.0179228 0.027832 0.0358456
0 0.506348 0.679688 0.0263672 0.0487132
1 0.151367 0.231618 0.0273438 0.0477941
1 0.246094 0.0229779 0.0263672 0.0441176
1 0.163574 0.772518 0.0263672 0.046875
1 0.989746 0.176011 0.0205078 0.046875
1 0.570312 0.388327 0.0234375 0.0413603
1 0.0178223 0.456801 0.0239258 0.0477941
1 0.395508 0.129136 0.0214844 0.0395221
1 0.127441 0.828125 0.0263672 0.0496324
1 0.0314941 0.409926 0.0258789 0.0441176
1 0.147461 0.301011 0.0292969 0.046875
1 0.5979 0.299632 0.0249023 0.0441176
1 0.0915527 0.0340074 0.0327148 0.0533088
1 0.235596 0.346967 0.0268555 0.0523897
1 0.106689 0.530331 0.0258789 0.0459559
1 0.579346 0.249081 0.0229492 0.0441176
1 0.21582 0.0776654 0.0253906 0.046875
1 0.482422 0.131434 0.0214844 0.0441176
1 0.0913086 0.600184 0.0244141 0.0496324
1 0.0922852 0.8125 0.0263672 0.0477941
1 0.333984 0.192096 0.0253906 0.0477941
1 0.803955 0.223805 0.0229492 0.0431985
1 0.177979 0.832721 0.0258789 0.0441176
1 0.598145 0.230239 0.0205078 0.0413603
1 0.691406 0.384651 0.0244141 0.0450368
1 0.501953 0.175092 0.0253906 0.046875
1 0.402344 0.160846 0.0214844 0.0422794
1 0.810059 0.300551 0.0253906 0.0404412
1 0.418701 0.954504 0.027832 0.0505515
1 0.315186 0.249081 0.0268555 0.0477941
1 0.132568 0.621324 0.0249023 0.0459559
1 0.983643 0.928309 0.0268555 0.0514706
1 0.527832 0.270221 0.0244141 0.0477941
1 0.981201 0.734375 0.0200195 0.0404412
1 0.783203 0.27114 0.0263672 0.0441176
1 0.206299 0.313419 0.0258789 0.0496324
