0 0.189453 0.542279 0.0351562 0.0716912
1 0.795166 0.925092 0.0219727 0.046875
0 0.924072 0.976562 0.0297852 0.046875
0 0.79541 0.926011 0.0234375 0.0487132
0 0.102295 0.0238971 0.0356445 0.0477941
1 0.30957 0.238051 0.0283203 0.0588235
0 0.800049 0.595129 0.027832 0.0523897
1 0.438965 0.880974 0.0302734 0.0597426
0 0.858398 0.0827206 0.0234375 0.0477941
1 0.102295 0.0243566 0.034668 0.0487132
0 0.525146 0.207721 0.0249023 0.0477941
0 0.872559 0.745864 0.0263672 0.046875
1 0.258545 0.847886 0.0297852 0.0523897
0 0.258301 0.846967 0.0302734 0.0542279
1 0.839844 0.764706 0.0263672 0.0459559
0 0.203125 0.957261 0.0322266 0.0542279
1 0.828857 0.625 0.0219727 0.0477941
1 0.308594 0.905331 0.03125 0.0569853
0 0.828857 0.623162 0.0249023 0.0496324
1 0.416016 0.454044 0.0283203 0.0551471
1 0.93457 0.881893 0.0234375 0.0413603
1 0.987549 0.172794 0.0249023 0.0569853
0 0.439453 0.881434 0.0351562 0.0588235
1 0.800781 0.594669 0.0253906 0.0496324
0 0.570068 0.597886 0.0327148 0.0560662
1 0.924316 0.976103 0.0283203 0.0441176
1 0.872559 0.744945 0.0263672 0.0450368
1 0.95459 0.556526 0.0263672 0.0505515
0 0.30835 0.237592 0.0307617 0.0579044
0 0.0852051 0.238971 0.034668 0.0625
1 0.203857 0.957261 0.0317383 0.0560662
0 0.164795 0.772978 0.0288086 0.0569853
1 0.825684 0.952665 0.0263672 0.0487132
1 0.916504 0.496324 0.0263672 0.0477941
0 0.109375 0.388327 0.0302734 0.0615809
1 0.955322 0.86489 0.0249023 0.0441176
0 0.0222168 0.193015 0.0327148 0.0661765
1 0.689941 0.390165 0.0302734 0.0652574
1 0.189209 0.54182 0.034668 0.0670956
