0 0.172363 0.0206801 0.0292969 0.0413603
0 0.567139 0.596967 0.0288086 0.0523897
1 0.0942383 0.540441 0.0263672 0.0551471
1 0.771973 0.741728 0.0205078 0.0441176
1 0.198242 0.959559 0.0283203 0.0477941
1 0.882812 0.241268 0.0214844 0.046875
0 0.439941 0.88511 0.0244141 0.0459559
1 0.916504 0.982077 0.03125 0.0358456
0 0.0957031 0.58318 0.0283203 0.046875
1 0.932861 0.564338 0.0268555 0.0477941
1 0.929688 0.871324 0.0263672 0.0459559
1 0.835205 0.865349 0.0200195 0.0395221
1 0.873291 0.729779 0.0249023 0.0459559
0 0.873535 0.730239 0.0234375 0.0431985
1 0.172363 0.0211397 0.0273438 0.0386029
1 0.858643 0.0836397 0.0219727 0.0459559
0 0.101807 0.375919 0.0249023 0.0496324
1 0.917236 0.492188 0.0297852 0.046875
0 0.828857 0.622243 0.0249023 0.0496324
1 0.825684 0.955882 0.0283203 0.0496324
0 0.206543 0.316636 0.0253906 0.0523897
0 0.0214844 0.194853 0.0263672 0.0496324
1 0.789795 0.590993 0.0249023 0.0441176
0 0.0852051 0.238511 0.0307617 0.0523897
1 0.858643 0.254596 0.0219727 0.0422794
1 0.44043 0.883732 0.0234375 0.046875
1 0.202881 0.0726103 0.0258789 0.0459559
1 0.258545 0.84421 0.0249023 0.0450368
1 0.828857 0.623621 0.0219727 0.046875
0 0.82666 0.954963 0.0283203 0.0496324
1 0.836914 0.125 0.0234375 0.0441176
1 0.810059 0.116728 0.0205078 0.0441176
1 0.09375 0.0261949 0.0322266 0.0431985
1 0.98877 0.173713 0.0224609 0.0496324
1 0.808594 0.300092 0.0253906 0.0431985
0 0.197998 0.95818 0.027832 0.046875
1 0.0952148 0.58318 0.0273438 0.046875
1 0.690674 0.387408 0.0268555 0.0487132
1 0.567627 0.599724 0.0258789 0.046875
0 0.93042 0.870864 0.0268555 0.0487132
1 0.551025 0.89614 0.0258789 0.0422794
1 0.862305 0.861673 0.0234375 0.046875
1 0.785156 0.271599 0.0244141 0.0487132
1 0.206299 0.314798 0.0249023 0.0487132
1 0.235596 0.340074 0.0268555 0.0477941
0 0.202637 0.0707721 0.0253906 0.0477941
1 0.825928 0.786765 0.0249023 0.0477941
0 0.0947266 0.537684 0.0273438 0.0496324
1 0.196289 0.532629 0.0273438 0.0523897
1 0.514893 0.195312 0.0219727 0.0450368
1 0.524414 0.269301 0.0234375 0.0404412
1 0.768311 0.925092 0.0268555 0.0523897
1 0.880371 0.826746 0.0234375 0.046875
1 0.391602 0.871783 0.0224609 0.0487132
1 0.415039 0.923713 0.0234375 0.0441176
1 0.528076 0.310202 0.0219727 0.0413603
1 0.755859 0.789062 0.0244141 0.0450368
1 0.539062 0.0569853 0.0263672 0.0441176
0 0.164551 0.77068 0.0292969 0.0523897
1 0.981934 0.909467 0.0283203 0.0505515
1 0.568359 0.0923713 0.0234375 0.0450368
1 0.39624 0.539522 0.0209961 0.0386029
1 0.395508 0.223805 0.0234375 0.046875
1 0.415283 0.457721 0.0249023 0.0441176
1 0.375488 0.539062 0.0224609 0.0413603
1 0.378418 0.368107 0.0244141 0.0431985
1 0.409668 0.340074 0.0244141 0.0441176
1 0.311768 0.245864 0.027832 0.0450368
