1 0.871826 0.117647 0.019043 0.0386029
0 0.587891 0.363971 0.0224609 0.0367647
1 0.492188 0.669577 0.0205078 0.0395221
1 0.611328 0.0124081 0.0253906 0.0248162
0 0.834473 0.863511 0.0185547 0.0395221
1 0.476074 0.667279 0.0195312 0.0404412
0 0.678467 0.0592831 0.0209961 0.0413603
0 0.680908 0.106158 0.0219727 0.0395221
1 0.587646 0.36443 0.0209961 0.0340074
0 0.775879 0.712776 0.0234375 0.0450368
0 0.827393 0.804228 0.0268555 0.0514706
0 0.880371 0.824908 0.0234375 0.0487132
1 0.879883 0.825368 0.0234375 0.0441176
1 0.824951 0.955882 0.0297852 0.0496324
0 0.786621 0.59421 0.0283203 0.046875
0 0.877441 0.721507 0.0263672 0.0459559
1 0.741211 0.163603 0.0234375 0.0422794
1 0.731689 0.115809 0.0229492 0.0422794
1 0.557129 0.882353 0.0263672 0.0441176
1 0.857666 0.863051 0.0249023 0.0459559
0 0.755127 0.923713 0.0297852 0.0496324
1 0.381836 0.786765 0.0214844 0.0404412
1 0.806885 0.186581 0.0219727 0.0386029
0 0.912354 0.982996 0.0297852 0.0340074
0 0.828125 0.622243 0.0253906 0.0496324
1 0.856201 0.252298 0.0249023 0.0431985
0 0.557129 0.884651 0.0263672 0.0431985
1 0.828857 0.622702 0.0219727 0.046875
1 0.917236 0.494485 0.027832 0.0477941
1 0.576172 0.391085 0.0214844 0.0340074
1 0.439453 0.88511 0.0273438 0.0459559
0 0.825684 0.954963 0.0283203 0.0496324
1 0.407715 0.537684 0.0224609 0.0386029
1 0.0185547 0.196232 0.0253906 0.0505515
1 0.678955 0.0606618 0.0229492 0.0404412
1 0.534668 0.332261 0.0234375 0.0450368
0 0.565918 0.601562 0.0263672 0.046875
1 0.301025 0.665901 0.0219727 0.0413603
0 0.755615 0.789522 0.0249023 0.0422794
1 0.256836 0.84375 0.0253906 0.0441176
1 0.0905762 0.0317096 0.0336914 0.0487132
1 0.237061 0.714154 0.0239258 0.0441176
1 0.196777 0.944393 0.0292969 0.0487132
1 0.838379 0.125 0.0234375 0.0441176
1 0.754639 0.924173 0.0288086 0.0523897
1 0.403076 0.210018 0.0229492 0.046875
1 0.389648 0.663603 0.0224609 0.0422794
1 0.88208 0.0863971 0.0200195 0.0422794
1 0.929688 0.563879 0.0253906 0.0450368
1 0.52417 0.0680147 0.0239258 0.0441176
1 0.0786133 0.237592 0.0263672 0.0487132
1 0.316162 0.647978 0.0200195 0.0386029
1 0.0146484 0.981618 0.0253906 0.0367647
1 0.210205 0.0795037 0.0258789 0.0487132
1 0.371094 0.539062 0.0253906 0.0450368
1 0.414062 0.457261 0.0253906 0.0450368
1 0.145508 0.587316 0.0195312 0.0422794
1 0.926514 0.856158 0.0268555 0.046875
1 0.69043 0.384651 0.0273438 0.0487132
1 0.391846 0.87454 0.0229492 0.0487132
1 0.571777 0.103401 0.0244141 0.0431985
1 0.0935059 0.600643 0.0219727 0.0431985
1 0.858643 0.0836397 0.0219727 0.0441176
1 0.172119 0.0193015 0.0288086 0.0386029
1 0.03125 0.410846 0.0214844 0.0386029
1 0.524902 0.268382 0.0244141 0.0459559
1 0.378174 0.690257 0.0219727 0.0441176
1 0.80957 0.119026 0.0234375 0.0431985
1 0.988281 0.174632 0.0234375 0.0496324
1 0.318359 0.159007 0.0224609 0.0477941
1 0.0969238 0.359375 0.0258789 0.0459559
1 0.812012 0.301471 0.0244141 0.0422794
1 0.0244141 0.4375 0.0234375 0.0404412
1 0.101074 0.523897 0.0244141 0.0477941
1 0.897705 0.106158 0.0219727 0.0450368
1 0.595215 0.295956 0.0234375 0.0404412
1 0.196533 0.530331 0.0229492 0.0422794
1 0.410156 0.340074 0.0253906 0.0441176
1 0.785645 0.271599 0.0234375 0.0450368
1 0.12085 0.822151 0.0258789 0.046875
1 0.132324 0.608915 0.0214844 0.0413603
1 0.418701 0.943474 0.0258789 0.0505515
1 0.506104 0.180147 0.0258789 0.0459559
1 0.377686 0.367647 0.0249023 0.0422794
1 0.805176 0.209559 0.0224609 0.0404412
1 0.187256 0.482996 0.0239258 0.0450368
1 0.153076 0.28171 0.0249023 0.0413603
1 0.147949 0.235294 0.0244141 0.0422794
1 0.98291 0.918658 0.0283203 0.0542279
1 0.0947266 0.814338 0.0273438 0.0514706
1 0.159668 0.488051 0.0224609 0.0386029
1 0.164062 0.77068 0.0263672 0.046875
1 0.335449 0.183364 0.0224609 0.046875
1 0.583984 0.25 0.0234375 0.0422794
1 0.23877 0.345129 0.0273438 0.0505515
1 0.205322 0.314338 0.0239258 0.0477941
1 0.312744 0.247243 0.0249023 0.0441176
1 0.229004 0.763787 0.0244141 0.0459559
