1 0.248779 0.00919118 0.027832 0.0183824
1 0.194336 0.844669 0.0458984 0.0459559
1 0.804932 0.315257 0.0229492 0.0477941
0 0.40625 0.204504 0.0273438 0.0523897
0 0.0148926 0.980239 0.0288086 0.0395221
1 0.807861 0.988051 0.027832 0.0238971
1 0.856934 0.866268 0.0263672 0.0487132
1 0.730957 0.104779 0.0283203 0.0496324
1 0.748047 0.921875 0.0244141 0.0441176
1 0.834473 0.863971 0.0205078 0.0404412
1 0.564453 0.605239 0.0283203 0.0487132
0 0.689453 0.729779 0.0205078 0.0441176
1 0.755859 0.79136 0.0273438 0.0459559
0 0.713867 0.648897 0.0234375 0.0349265
1 0.559814 0.877298 0.0268555 0.0450368
0 0.747803 0.922794 0.0249023 0.0441176
1 0.989014 0.818934 0.0200195 0.0441176
1 0.858643 0.082261 0.0219727 0.0395221
0 0.31543 0.88511 0.0253906 0.0459559
0 0.895264 0.107537 0.0200195 0.0404412
0 0.807129 0.115349 0.0244141 0.0431985
1 0.739258 0.176011 0.0234375 0.0487132
0 0.236816 0.710478 0.0253906 0.0422794
1 0.881348 0.0818015 0.0205078 0.0404412
0 0.880371 0.823989 0.0234375 0.046875
1 0.913086 0.50046 0.0234375 0.046875
1 0.0766602 0.244485 0.0302734 0.0514706
0 0.076416 0.244485 0.0317383 0.0533088
0 0.739014 0.175092 0.0239258 0.0450368
1 0.688232 0.72932 0.0209961 0.046875
0 0.503174 0.675551 0.0249023 0.0496324
1 0.0148926 0.200827 0.0268555 0.0579044
0 0.466797 0.115349 0.0195312 0.0395221
1 0.409668 0.340533 0.0273438 0.046875
1 0.482178 0.130974 0.0209961 0.0431985
0 0.755615 0.788603 0.0258789 0.0441176
1 0.83667 0.125 0.0249023 0.0441176
1 0.807129 0.113971 0.0234375 0.0422794
0 0.0151367 0.199908 0.0292969 0.0560662
1 0.852295 0.261029 0.0249023 0.0422794
0 0.258301 0.846507 0.0253906 0.0441176
1 0.371826 0.539062 0.0258789 0.0487132
1 0.521484 0.0693934 0.0234375 0.0431985
1 0.406738 0.203585 0.0263672 0.0487132
0 0.481934 0.131893 0.0224609 0.0413603
1 0.0144043 0.980699 0.0249023 0.0386029
1 0.879883 0.824908 0.0234375 0.0450368
1 0.570801 0.105699 0.0244141 0.0441176
1 0.89624 0.106158 0.0219727 0.0395221
0 0.879639 0.0840993 0.0219727 0.0395221
1 0.259766 0.846967 0.0283203 0.0450368
0 0.730469 0.105239 0.0253906 0.0450368
0 0.827148 0.817555 0.0234375 0.0450368
0 0.39209 0.658088 0.0244141 0.0459559
0 0.409912 0.340074 0.0258789 0.0441176
0 0.269287 0.984375 0.0258789 0.03125
1 0.651611 0.397518 0.0229492 0.0431985
0 0.521729 0.0680147 0.0249023 0.0441176
1 0.534668 0.334099 0.0234375 0.0505515
0 0.536133 0.490809 0.0234375 0.0422794
0 0.468018 0.671415 0.0268555 0.0487132
1 0.589111 0.363971 0.0239258 0.0441176
1 0.377686 0.369026 0.0258789 0.0450368
1 0.679199 0.127298 0.0263672 0.0450368
0 0.856201 0.866728 0.0249023 0.0459559
0 0.609863 0.0137868 0.0224609 0.0275735
1 0.3125 0.136489 0.0283203 0.046875
0 0.559814 0.879596 0.0268555 0.0459559
1 0.678711 0.0602022 0.0234375 0.0413603
0 0.369629 0.693474 0.0244141 0.0450368
1 0.992188 0.757353 0.015625 0.0404412
1 0.381104 0.787224 0.0249023 0.0487132
1 0.503174 0.675551 0.0249023 0.0496324
0 0.535645 0.464614 0.0234375 0.0376838
1 0.803711 0.171875 0.0234375 0.0422794
1 0.156494 0.49954 0.0239258 0.0487132
1 0.196045 0.53171 0.0249023 0.0450368
1 0.96875 0.741268 0.0214844 0.0413603
1 0.69751 0.450368 0.0249023 0.0404412
1 0.196777 0.931985 0.0273438 0.0441176
1 0.724609 0.633732 0.0214844 0.0395221
1 0.440918 0.884651 0.0273438 0.046875
0 0.672119 0.714614 0.0219727 0.0413603
1 0.0944824 0.352482 0.027832 0.0487132
1 0.829102 0.623162 0.0234375 0.0477941
1 0.784424 0.59421 0.0288086 0.0450368
1 0.799805 0.409926 0.0234375 0.0367647
1 0.1875 0.474265 0.0244141 0.0459559
1 0.813232 0.442096 0.0268555 0.0441176
1 0.709717 0.472426 0.0229492 0.0386029
0 0.299805 0.667279 0.0253906 0.0477941
1 0.922852 0.846967 0.0234375 0.0413603
0 0.322998 0.63511 0.0229492 0.0422794
1 0.824951 0.954963 0.027832 0.0441176
1 0.669189 0.392463 0.0219727 0.0422794
1 0.876465 0.717371 0.0263672 0.046875
1 0.203369 0.852022 0.0258789 0.0441176
1 0.570801 0.388787 0.0234375 0.0422794
1 0.924072 0.564338 0.0249023 0.0441176
1 0.248047 0.0234375 0.0234375 0.0413603
0 0.564941 0.605239 0.0263672 0.0487132
1 0.213867 0.0785846 0.0253906 0.0505515
1 0.334961 0.189338 0.0263672 0.0477941
1 0.171875 0.0183824 0.0302734 0.0367647
1 0.61084 0.248162 0.0205078 0.0404412
1 0.989746 0.175551 0.0205078 0.0477941
1 0.391846 0.875919 0.0249023 0.0514706
1 0.149658 0.233456 0.027832 0.0441176
1 0.0314941 0.409926 0.0249023 0.0441176
1 0.0913086 0.0326287 0.0332031 0.0542279
1 0.226074 0.778952 0.0253906 0.0487132
1 0.145996 0.585938 0.0224609 0.046875
1 0.580078 0.248162 0.0234375 0.0422794
1 0.14917 0.298254 0.027832 0.0450368
1 0.597656 0.230699 0.0205078 0.0422794
1 0.16333 0.772059 0.0258789 0.0477941
1 0.0175781 0.450827 0.0244141 0.0505515
1 0.597656 0.299173 0.0244141 0.0431985
1 0.126709 0.826746 0.0258789 0.0487132
1 0.691406 0.38511 0.0253906 0.0459559
1 0.0927734 0.814338 0.0273438 0.0514706
1 0.179443 0.835478 0.0258789 0.0459559
1 0.811035 0.301471 0.0263672 0.0422794
1 0.5271 0.269761 0.0249023 0.0487132
1 0.981201 0.734835 0.019043 0.0395221
1 0.237305 0.346048 0.0283203 0.0542279
1 0.805664 0.212776 0.0244141 0.0431985
1 0.502686 0.175551 0.0249023 0.0477941
1 0.104736 0.527574 0.0249023 0.0477941
1 0.0922852 0.599724 0.0244141 0.0487132
1 0.783936 0.27114 0.0268555 0.0477941
1 0.315186 0.248162 0.0258789 0.0459559
1 0.132812 0.617188 0.0244141 0.046875
1 0.983643 0.923713 0.0268555 0.0514706
1 0.205811 0.313879 0.0258789 0.0487132
1 0.419434 0.952206 0.0263672 0.0496324
