0 0.704346 0.195312 0.0170898 0.0340074
0 0.13208 0.189338 0.0180664 0.0367647
0 0.178223 0.492188 0.0175781 0.0340074
0 0.74707 0.717371 0.0195312 0.0303309
1 0.98291 0.746324 0.0205078 0.0404412
0 0.207275 0.606158 0.0200195 0.0376838
1 0.181396 0.387868 0.0209961 0.0367647
0 0.174561 0.804228 0.0151367 0.0386029
0 0.286621 0.733456 0.0224609 0.0386029
0 0.0964355 0.349265 0.0229492 0.0367647
0 0.547119 0.313879 0.0180664 0.0340074
1 0.228516 0.340993 0.0205078 0.0386029
0 0.366699 0.84421 0.0175781 0.0413603
0 0.992676 0.758732 0.0146484 0.0395221
1 0.829102 0.517004 0.0234375 0.0376838
0 0.793457 0.401654 0.0224609 0.0404412
0 0.555176 0.611673 0.0205078 0.0395221
0 0.727051 0.130974 0.0166016 0.0376838
1 0.96167 0.861213 0.0249023 0.0275735
0 0.780518 0.274816 0.0219727 0.0330882
0 0.993652 0.105239 0.0126953 0.0358456
0 0.441406 0.474724 0.0205078 0.0413603
0 0.803223 0.046875 0.0185547 0.0367647
1 0.979004 0.892004 0.0234375 0.0376838
1 0.209961 0.303309 0.0214844 0.0422794
0 0.572266 0.107537 0.0205078 0.0349265
0 0.728027 0.193015 0.0166016 0.0386029
1 0.516357 0.822151 0.0200195 0.0431985
0 0.651855 0.338695 0.0205078 0.0358456
0 0.516357 0.46875 0.0200195 0.0367647
0 0.587891 0.83364 0.0244141 0.0386029
0 0.601807 0.0151654 0.0209961 0.0303309
0 0.109863 0.890165 0.0175781 0.0340074
0 0.0385742 0.405331 0.0224609 0.0422794
0 0.990723 0.130974 0.0185547 0.0376838
0 0.352783 0.84375 0.0200195 0.0367647
0 0.0986328 0.868566 0.0175781 0.0349265
1 0.815674 0.450368 0.0219727 0.0441176
0 0.192627 0.235754 0.019043 0.0413603
0 0.416016 0.774357 0.0185547 0.0395221
0 0.510254 0.0160846 0.0185547 0.0321691
1 0.267822 0.217831 0.0229492 0.0404412
0 0.979004 0.891544 0.0205078 0.0367647
1 0.458252 0.106158 0.0209961 0.0358456
0 0.993408 0.293658 0.0131836 0.0413603
1 0.991455 0.18704 0.0170898 0.0395221
0 0.980469 0.447151 0.0205078 0.0395221
1 0.467285 0.272978 0.0195312 0.0349265
0 0.210449 0.304688 0.0205078 0.0413603
0 0.914062 0.549632 0.0205078 0.0330882
0 0.972656 0.178768 0.0214844 0.0376838
1 0.781738 0.584099 0.0234375 0.0450368
1 0.793701 0.400735 0.0200195 0.0404412
0 0.0588379 0.872243 0.019043 0.0349265
1 0.965576 0.759191 0.0219727 0.0441176
0 0.00854492 0.988051 0.0170898 0.0238971
1 0.896973 0.340993 0.0185547 0.0367647
0 0.125732 0.27114 0.0209961 0.0330882
0 0.0456543 0.930607 0.0200195 0.0321691
0 0.878174 0.0767463 0.019043 0.0413603
1 0.499512 0.341452 0.0185547 0.0358456
1 0.563721 0.30193 0.019043 0.0358456
0 0.118652 0.161305 0.0205078 0.0376838
1 0.490234 0.357996 0.0205078 0.0376838
0 0.00878906 0.841452 0.0166016 0.0413603
1 0.988281 0.941176 0.0234375 0.0404412
0 0.0935059 0.811121 0.0161133 0.0395221
0 0.0285645 0.892004 0.0209961 0.0395221
0 0.921875 0.622243 0.0185547 0.0349265
0 0.617432 0.977022 0.0209961 0.0386029
0 0.32959 0.202665 0.0205078 0.0376838
1 0.575439 0.252757 0.0219727 0.0367647
1 0.919434 0.835938 0.0234375 0.0413603
0 0.76416 0.89614 0.0224609 0.0386029
1 0.481934 0.136489 0.0185547 0.0376838
0 0.85791 0.680607 0.015625 0.0376838
0 0.583984 0.198989 0.0195312 0.0321691
1 0.98999 0.130515 0.0170898 0.0386029
0 0.934326 0.488971 0.0219727 0.0367647
0 0.0241699 0.696691 0.019043 0.0496324
1 0.925781 0.334099 0.0234375 0.0413603
0 0.125977 0.504136 0.0195312 0.0358456
0 0.19873 0.538143 0.0224609 0.0413603
0 0.223389 0.798254 0.0209961 0.0340074
0 0.943848 0.686581 0.0185547 0.0349265
0 0.147949 0.299632 0.0283203 0.0330882
0 0.574951 0.253217 0.0209961 0.0358456
0 0.0810547 0.600643 0.0205078 0.0450368
0 0.919434 0.837316 0.0234375 0.0422794
0 0.420654 0.87546 0.019043 0.0395221
1 0.445312 0.154871 0.0214844 0.0358456
0 0.59668 0.231618 0.0195312 0.0349265
0 0.0327148 0.533088 0.0185547 0.0404412
0 0.517334 0.82307 0.0209961 0.0395221
0 0.155518 0.228401 0.0229492 0.0413603
1 0.530029 0.340533 0.0200195 0.0358456
0 0.910156 0.587776 0.0185547 0.0340074
0 0.534424 0.802849 0.0219727 0.0395221
0 0.133301 0.134191 0.0214844 0.0404412
1 0.943604 0.250919 0.0249023 0.0386029
0 0.834229 0.551471 0.0219727 0.0386029
0 0.00878906 0.217831 0.0175781 0.0422794
0 0.268066 0.217831 0.0244141 0.0441176
0 0.645508 0.392004 0.0195312 0.0395221
0 0.728516 0.632353 0.0214844 0.0404412
0 0.85083 0.0827206 0.0200195 0.0404412
0 0.368164 0.796415 0.0185547 0.0376838
0 0.592041 0.372243 0.0180664 0.0386029
0 0.206787 0.855239 0.0229492 0.0431985
0 0.643311 0.890625 0.0200195 0.0386029
1 0.571533 0.213235 0.0229492 0.0349265
1 0.283691 0.182904 0.0224609 0.0422794
0 0.520996 0.612132 0.0166016 0.0459559
0 0.829834 0.517004 0.0219727 0.0395221
0 0.541016 0.509191 0.0234375 0.0367647
0 0.716064 0.482996 0.0209961 0.0413603
1 0.971924 0.178309 0.0200195 0.0386029
0 0.168701 0.0160846 0.0249023 0.0321691
0 0.108643 0.53171 0.0219727 0.0395221
0 0.563965 0.375 0.0205078 0.0404412
1 0.412109 0.205423 0.0224609 0.0431985
0 0.656982 0.302849 0.019043 0.0358456
1 0.546875 0.317096 0.0214844 0.0349265
0 0.402588 0.159926 0.0209961 0.0386029
1 0.498047 0.175092 0.0244141 0.0413603
0 0.616699 0.888787 0.0205078 0.0422794
0 0.754883 0.788143 0.0234375 0.0431985
0 0.88208 0.827665 0.0170898 0.0413603
0 0.0725098 0.256434 0.0229492 0.0441176
1 0.959961 0.223805 0.0234375 0.0395221
0 0.0410156 0.120404 0.0214844 0.0386029
1 0.532715 0.272059 0.0224609 0.0404412
0 0.601562 0.44807 0.0195312 0.0376838
0 0.258545 0.846048 0.0229492 0.0395221
0 0.786377 0.67739 0.0239258 0.0477941
0 0.0551758 0.113511 0.0205078 0.0376838
0 0.606934 0.48943 0.0195312 0.0340074
0 0.373047 0.0363051 0.0244141 0.0321691
0 0.598145 0.299632 0.0195312 0.0367647
0 0.981934 0.740809 0.0185547 0.0367647
0 0.3479 0.801011 0.0200195 0.0395221
0 0.0158691 0.46875 0.0219727 0.0441176
0 0.127686 0.827206 0.0200195 0.0422794
0 0.828857 0.62546 0.0200195 0.0395221
0 0.269287 0.983456 0.0249023 0.0330882
0 0.614746 0.25 0.0185547 0.0330882
0 0.319824 0.873621 0.0234375 0.046875
0 0.0695801 0.797794 0.0200195 0.0386029
0 0.776123 0.860294 0.0219727 0.0367647
0 0.395264 0.113511 0.0229492 0.0431985
0 0.0922852 0.035386 0.0283203 0.0450368
0 0.945312 0.733456 0.0205078 0.0367647
1 0.947021 0.316176 0.0249023 0.0441176
0 0.360596 0.162224 0.0200195 0.0395221
