1 0.406982 0.204504 0.027832 0.0523897
1 0.564453 0.60432 0.0283203 0.046875
1 0.0766602 0.243566 0.0292969 0.0477941
1 0.80542 0.195772 0.027832 0.0496324
1 0.879883 0.825368 0.0234375 0.0441176
0 0.927246 0.850184 0.0283203 0.0441176
0 0.0939941 0.816176 0.027832 0.0533088
1 0.410645 0.539522 0.0253906 0.0422794
0 0.314453 0.886949 0.0253906 0.0422794
0 0.778564 0.703585 0.0229492 0.0413603
1 0.162109 0.768382 0.0263672 0.0496324
0 0.677979 0.0592831 0.0219727 0.0413603
1 0.680908 0.115809 0.0258789 0.0441176
0 0.440674 0.884191 0.0288086 0.0514706
1 0.0146484 0.981618 0.0253906 0.0367647
0 0.610596 0.0128676 0.0239258 0.0257353
0 0.739502 0.172335 0.0219727 0.0505515
0 0.0148926 0.980699 0.0288086 0.0386029
1 0.750244 0.921875 0.0249023 0.0496324
0 0.731201 0.106618 0.0249023 0.0441176
1 0.877197 0.717831 0.0249023 0.0459559
1 0.259277 0.846507 0.0273438 0.0459559
1 0.0314941 0.410386 0.0239258 0.0431985
1 0.854004 0.257812 0.0234375 0.0413603
0 0.410156 0.339614 0.0253906 0.0450368
1 0.731201 0.10432 0.0239258 0.046875
1 0.588623 0.36443 0.0239258 0.0431985
0 0.877441 0.71829 0.0263672 0.046875
0 0.834473 0.862592 0.0205078 0.0395221
1 0.534668 0.332261 0.0244141 0.0505515
1 0.381104 0.787684 0.0229492 0.0441176
0 0.0200195 0.445312 0.0253906 0.0450368
0 0.80957 0.436581 0.0234375 0.0386029
0 0.268311 0.985294 0.0268555 0.0294118
0 0.824951 0.955882 0.0268555 0.0477941
0 0.163086 0.772059 0.0253906 0.0459559
1 0.571289 0.105699 0.0273438 0.0514706
0 0.521729 0.0684743 0.0258789 0.0450368
0 0.196777 0.53125 0.0234375 0.0441176
1 0.410156 0.340533 0.0273438 0.046875
1 0.414795 0.459559 0.0268555 0.0441176
1 0.828857 0.622702 0.0219727 0.046875
0 0.40625 0.203125 0.0253906 0.0496324
0 0.391846 0.658088 0.0219727 0.0459559
0 0.188232 0.477482 0.0249023 0.046875
0 0.090332 0.0340074 0.0341797 0.0514706
1 0.739746 0.173254 0.0234375 0.0487132
0 0.750244 0.920956 0.0249023 0.0514706
1 0.521973 0.0689338 0.0244141 0.0441176
0 0.146729 0.585478 0.0209961 0.0422794
1 0.925049 0.851562 0.0249023 0.0431985
1 0.132324 0.610754 0.0224609 0.0413603
0 0.372803 0.692555 0.0219727 0.0431985
0 0.828857 0.621783 0.0249023 0.0505515
1 0.146729 0.585018 0.0209961 0.0450368
1 0.371582 0.539522 0.0263672 0.0477941
0 0.471924 0.671875 0.0239258 0.0459559
1 0.0197754 0.445312 0.0229492 0.0450368
1 0.928223 0.564338 0.0263672 0.0441176
1 0.914795 0.497243 0.027832 0.0477941
0 0.196777 0.933364 0.0244141 0.0413603
1 0.440186 0.88557 0.0288086 0.046875
1 0.651855 0.397978 0.0224609 0.0422794
1 0.678467 0.0602022 0.0239258 0.0413603
0 0.156982 0.494945 0.0239258 0.0450368
0 0.500977 0.673254 0.0234375 0.0523897
0 0.25708 0.844669 0.0249023 0.0422794
1 0.095459 0.354779 0.0268555 0.0477941
0 0.237305 0.710938 0.0253906 0.0413603
1 0.212402 0.0795037 0.0263672 0.0523897
0 0.0769043 0.243107 0.0317383 0.0505515
1 0.314453 0.142463 0.0263672 0.0459559
1 0.47168 0.672335 0.0234375 0.046875
1 0.125488 0.823989 0.0263672 0.0487132
1 0.571533 0.390625 0.0219727 0.0404412
1 0.838135 0.125 0.0249023 0.0441176
0 0.880371 0.823989 0.0234375 0.0487132
1 0.0935059 0.815257 0.027832 0.0514706
1 0.148193 0.234375 0.0268555 0.0422794
1 0.0913086 0.0321691 0.0332031 0.0533088
1 0.103516 0.524357 0.0253906 0.046875
1 0.377686 0.369026 0.0249023 0.0450368
0 0.300293 0.66636 0.0234375 0.0459559
1 0.172119 0.0183824 0.0297852 0.0367647
0 0.755615 0.789062 0.0258789 0.0431985
1 0.5 0.673713 0.0253906 0.0514706
0 0.784912 0.59421 0.0288086 0.0450368
1 0.18457 0.838235 0.0234375 0.0441176
1 0.881348 0.0850184 0.0205078 0.0413603
1 0.202393 0.850643 0.0229492 0.0413603
1 0.598877 0.230699 0.0200195 0.0386029
1 0.858643 0.0827206 0.0200195 0.0422794
0 0.827148 0.8125 0.0234375 0.0477941
1 0.667969 0.393382 0.0214844 0.0422794
0 0.559326 0.881434 0.0258789 0.0459559
0 0.0163574 0.198529 0.0258789 0.0514706
0 0.56543 0.60432 0.0273438 0.0450368
1 0.391602 0.875919 0.0234375 0.0514706
0 0.321289 0.639706 0.0234375 0.0422794
1 0.0925293 0.601562 0.0239258 0.046875
1 0.610107 0.247243 0.0200195 0.0404412
0 0.857178 0.865349 0.0249023 0.0450368
1 0.804932 0.175551 0.0229492 0.0422794
1 0.808838 0.117188 0.0229492 0.0431985
1 0.151611 0.293658 0.027832 0.0431985
1 0.335449 0.185662 0.0253906 0.0459559
1 0.526611 0.268842 0.0249023 0.0487132
1 0.226562 0.773438 0.0244141 0.0450368
1 0.811768 0.301471 0.0249023 0.0422794
1 0.596924 0.297335 0.0229492 0.0431985
1 0.238281 0.346507 0.0283203 0.0514706
1 0.582031 0.247243 0.0234375 0.0422794
1 0.691406 0.38511 0.0253906 0.0459559
1 0.989014 0.175092 0.0219727 0.0487132
1 0.896973 0.106618 0.0234375 0.0441176
1 0.503906 0.176011 0.0253906 0.0487132
1 0.80542 0.211397 0.0249023 0.0422794
1 0.205322 0.313879 0.0249023 0.0487132
1 0.784912 0.27114 0.0249023 0.0459559
1 0.314209 0.247702 0.0258789 0.0450368
1 0.983643 0.920496 0.027832 0.0542279
1 0.419678 0.94761 0.0258789 0.0496324
