1 0.791992 0.922794 0.0273438 0.0533088
1 0.308838 0.902574 0.027832 0.0514706
1 0.109375 0.387408 0.0292969 0.0634191
1 0.838379 0.764706 0.0263672 0.0459559
0 0.101807 0.0229779 0.034668 0.0459559
0 0.189697 0.542279 0.034668 0.0698529
1 0.102295 0.0243566 0.0336914 0.0487132
1 0.957764 0.867188 0.0249023 0.0395221
0 0.924072 0.976562 0.0297852 0.046875
0 0.799805 0.594669 0.0283203 0.0533088
0 0.525391 0.209099 0.0234375 0.046875
0 0.825684 0.953585 0.0283203 0.0505515
1 0.56958 0.596048 0.0288086 0.0523897
0 0.79248 0.925092 0.0244141 0.0505515
1 0.310547 0.240349 0.0292969 0.0579044
1 0.38501 0.258732 0.0288086 0.0487132
0 0.56958 0.597426 0.0317383 0.0551471
1 0.923584 0.975643 0.0297852 0.0431985
1 0.952148 0.556526 0.03125 0.0505515
1 0.828857 0.625 0.0219727 0.0477941
0 0.93457 0.882812 0.0234375 0.0395221
1 0.872559 0.744485 0.0263672 0.0459559
0 0.258545 0.846967 0.0297852 0.0523897
0 0.202393 0.95818 0.0288086 0.0505515
0 0.829102 0.623621 0.0234375 0.0487132
0 0.872559 0.745864 0.0263672 0.0487132
0 0.308838 0.238051 0.0297852 0.0569853
1 0.800781 0.59421 0.0263672 0.0505515
1 0.37793 0.367188 0.0214844 0.0413603
1 0.987549 0.173254 0.0249023 0.0560662
0 0.438965 0.881434 0.0341797 0.0569853
1 0.203369 0.95818 0.0307617 0.0542279
1 0.390625 0.347426 0.0214844 0.0404412
1 0.416016 0.454963 0.0253906 0.0496324
1 0.91626 0.495864 0.0249023 0.046875
0 0.164795 0.772518 0.0288086 0.0560662
0 0.0849609 0.238971 0.0341797 0.0606618
1 0.825684 0.953585 0.0283203 0.0487132
0 0.108887 0.388327 0.0302734 0.0615809
1 0.689941 0.389706 0.03125 0.0661765
0 0.0222168 0.193015 0.0327148 0.0661765
1 0.189453 0.54182 0.0341797 0.0652574
