1 0.411377 0.539982 0.0268555 0.0431985
1 0.564453 0.605239 0.0283203 0.046875
1 0.989014 0.818474 0.0200195 0.0431985
0 0.678467 0.0592831 0.0229492 0.0395221
1 0.140625 0.59375 0.0244141 0.0514706
1 0.970459 0.73989 0.0219727 0.0386029
1 0.879883 0.825368 0.0234375 0.0441176
1 0.0148926 0.199908 0.0268555 0.0560662
1 0.415039 0.459559 0.0273438 0.0441176
1 0.0766602 0.244026 0.0292969 0.0487132
0 0.534424 0.466912 0.0200195 0.0386029
0 0.196777 0.53171 0.0244141 0.0450368
0 0.187988 0.474265 0.0244141 0.0459559
0 0.0148926 0.980239 0.0288086 0.0395221
1 0.381104 0.787684 0.0239258 0.0459559
1 0.739258 0.175551 0.0234375 0.0477941
1 0.699707 0.452206 0.0244141 0.0367647
1 0.248535 0.00827206 0.0263672 0.0165441
1 0.853271 0.258272 0.0249023 0.0404412
1 0.0151367 0.980699 0.0253906 0.0386029
1 0.481201 0.131893 0.0200195 0.0395221
0 0.31543 0.88511 0.0244141 0.0459559
1 0.679932 0.124081 0.0258789 0.0459559
0 0.784424 0.59329 0.0288086 0.046875
1 0.196533 0.931066 0.0249023 0.0422794
1 0.410156 0.340533 0.0273438 0.046875
0 0.834473 0.862592 0.0205078 0.0395221
0 0.440674 0.884191 0.0297852 0.0514706
0 0.748291 0.922794 0.0249023 0.0459559
1 0.708984 0.472886 0.0214844 0.0376838
1 0.187744 0.475184 0.0249023 0.0459559
1 0.570801 0.105699 0.0244141 0.0459559
0 0.739258 0.175092 0.0234375 0.0450368
0 0.156738 0.497702 0.0234375 0.046875
0 0.197021 0.931066 0.0258789 0.0422794
0 0.469482 0.672335 0.0268555 0.046875
1 0.156982 0.496783 0.0239258 0.0450368
1 0.37793 0.368566 0.0253906 0.0459559
1 0.37207 0.538603 0.0253906 0.0477941
1 0.259277 0.846507 0.0283203 0.0459559
1 0.521484 0.0684743 0.0234375 0.0431985
0 0.502441 0.673713 0.0244141 0.0533088
1 0.992188 0.756893 0.015625 0.0395221
1 0.784424 0.594669 0.0288086 0.0459559
1 0.534668 0.33364 0.0234375 0.0496324
1 0.440674 0.886949 0.0297852 0.0496324
1 0.651855 0.397518 0.0224609 0.0431985
1 0.470703 0.671415 0.0283203 0.046875
0 0.237549 0.710478 0.0249023 0.0422794
1 0.589111 0.363971 0.0239258 0.0441176
1 0.196533 0.53171 0.0249023 0.0450368
0 0.521973 0.0684743 0.0234375 0.0450368
0 0.269043 0.984835 0.0263672 0.0303309
0 0.880371 0.823989 0.0234375 0.046875
1 0.313232 0.138327 0.027832 0.0431985
1 0.981201 0.736213 0.019043 0.0386029
1 0.913086 0.5 0.0234375 0.0477941
0 0.730957 0.105699 0.0244141 0.0459559
0 0.469238 0.117647 0.0185547 0.0422794
1 0.837646 0.12454 0.0249023 0.0450368
1 0.678467 0.0602022 0.0239258 0.0413603
0 0.257324 0.845588 0.0263672 0.0441176
0 0.076416 0.244485 0.0317383 0.0514706
0 0.39209 0.657629 0.0224609 0.046875
0 0.610352 0.0137868 0.0234375 0.0275735
0 0.409912 0.340074 0.0258789 0.0441176
0 0.370361 0.694393 0.0239258 0.0450368
0 0.406494 0.201746 0.0258789 0.0505515
1 0.812744 0.441176 0.0258789 0.0422794
1 0.858643 0.082261 0.0200195 0.0413603
1 0.0314941 0.409926 0.0249023 0.0441176
1 0.824951 0.954963 0.027832 0.0459559
0 0.0153809 0.199908 0.0288086 0.0560662
0 0.755859 0.789062 0.0253906 0.0431985
1 0.800781 0.410846 0.0234375 0.0367647
1 0.0947266 0.352941 0.0273438 0.0477941
1 0.828857 0.622702 0.0219727 0.046875
1 0.019043 0.448529 0.0244141 0.0477941
1 0.248291 0.0229779 0.0229492 0.0404412
0 0.827393 0.815257 0.0249023 0.0459559
1 0.876465 0.717371 0.0263672 0.0450368
1 0.922852 0.848805 0.0234375 0.0413603
0 0.299561 0.667279 0.0239258 0.0477941
0 0.322266 0.636029 0.0224609 0.0404412
1 0.881348 0.0831801 0.0205078 0.0413603
1 0.501953 0.674632 0.0253906 0.0514706
1 0.803955 0.172794 0.0249023 0.0422794
1 0.571289 0.389706 0.0234375 0.0404412
1 0.146484 0.585478 0.0214844 0.0459559
0 0.857178 0.866268 0.0249023 0.0450368
1 0.202637 0.851103 0.0253906 0.0441176
1 0.148682 0.234375 0.0268555 0.0441176
1 0.926514 0.564338 0.0249023 0.0441176
0 0.559814 0.880055 0.0258789 0.0450368
1 0.391602 0.875919 0.0244141 0.0514706
1 0.163574 0.772059 0.0253906 0.0477941
1 0.668701 0.392923 0.0219727 0.0431985
1 0.0935059 0.814338 0.0268555 0.0514706
1 0.171875 0.0183824 0.03125 0.0367647
1 0.807617 0.115809 0.0234375 0.0441176
1 0.335449 0.18796 0.0263672 0.0487132
1 0.213135 0.0790441 0.0258789 0.0514706
1 0.0913086 0.0326287 0.0332031 0.0542279
1 0.150635 0.295956 0.027832 0.0441176
1 0.132568 0.612592 0.0229492 0.0431985
1 0.181396 0.835478 0.0249023 0.0459559
0 0.564941 0.605239 0.0263672 0.046875
1 0.226074 0.776195 0.0253906 0.046875
1 0.89624 0.105239 0.0219727 0.0413603
1 0.104492 0.526195 0.0253906 0.046875
1 0.61084 0.248162 0.0205078 0.0404412
1 0.598145 0.230699 0.0205078 0.0404412
1 0.526611 0.269761 0.0249023 0.0487132
1 0.581055 0.248162 0.0234375 0.0422794
1 0.126221 0.825827 0.0258789 0.0487132
1 0.0925293 0.599724 0.0239258 0.046875
1 0.597168 0.298713 0.0234375 0.0441176
1 0.989014 0.175551 0.0219727 0.0477941
1 0.237793 0.346048 0.0283203 0.0542279
1 0.691406 0.38511 0.0253906 0.0459559
1 0.811035 0.301011 0.0263672 0.0431985
1 0.80542 0.210938 0.0249023 0.0431985
1 0.503174 0.175551 0.0249023 0.0477941
1 0.205811 0.313879 0.0258789 0.0487132
1 0.983643 0.921875 0.0268555 0.0533088
1 0.314697 0.248162 0.0258789 0.0459559
1 0.784424 0.271599 0.0258789 0.046875
1 0.419922 0.950827 0.0263672 0.0505515
