1 0.523438 0.20864 0.0175781 0.0404412
0 0.100342 0.0225184 0.034668 0.0450368
0 0.310547 0.897978 0.0302734 0.0533088
0 0.567871 0.597426 0.0302734 0.0551471
1 0.858643 0.0840993 0.0219727 0.046875
1 0.934326 0.880055 0.0249023 0.0450368
0 0.310791 0.241728 0.0297852 0.0514706
0 0.79834 0.595129 0.0283203 0.0487132
0 0.535156 0.91636 0.0292969 0.0496324
0 0.189453 0.54182 0.0332031 0.0670956
0 0.921875 0.977022 0.03125 0.0422794
1 0.921875 0.977482 0.03125 0.0450368
1 0.799316 0.594669 0.0263672 0.0477941
1 0.568848 0.596507 0.0283203 0.0496324
0 0.438721 0.882812 0.0307617 0.0542279
1 0.20166 0.95818 0.03125 0.0542279
0 0.828857 0.622702 0.0249023 0.0487132
0 0.829834 0.772059 0.0297852 0.0533088
1 0.398438 0.335018 0.0253906 0.0413603
1 0.98877 0.172335 0.0224609 0.0505515
0 0.20166 0.95818 0.0283203 0.0487132
1 0.943604 0.56296 0.0297852 0.0505515
1 0.811035 0.119485 0.0234375 0.0477941
0 0.782227 0.921875 0.03125 0.0514706
0 0.0849609 0.238971 0.0341797 0.0606618
1 0.828857 0.624081 0.0219727 0.0477941
0 0.934326 0.883272 0.0249023 0.0441176
0 0.872559 0.746324 0.0283203 0.0477941
1 0.415283 0.455423 0.0239258 0.0450368
1 0.917236 0.494026 0.0249023 0.0487132
1 0.826416 0.954044 0.0297852 0.0514706
1 0.835938 0.124081 0.0234375 0.0459559
1 0.528564 0.307904 0.0229492 0.0441176
1 0.311035 0.242188 0.0302734 0.0505515
1 0.5271 0.27068 0.0209961 0.0395221
0 0.165283 0.773897 0.0268555 0.0514706
0 0.108643 0.388787 0.0297852 0.0606618
0 0.258545 0.847886 0.0268555 0.0505515
1 0.96875 0.878676 0.0253906 0.0477941
1 0.387939 0.250919 0.0268555 0.0477941
1 0.377686 0.367647 0.0239258 0.0441176
0 0.826416 0.954504 0.0297852 0.0523897
0 0.0222168 0.192555 0.0336914 0.0652574
1 0.189453 0.54182 0.0341797 0.0634191
1 0.689453 0.389706 0.0322266 0.0643382
