1 0.396729 0.35386 0.0366211 0.0496324
1 0.387451 0.782629 0.0249023 0.046875
1 0.858643 0.0836397 0.0219727 0.0441176
0 0.54126 0.90671 0.0297852 0.0487132
1 0.882812 0.241728 0.0214844 0.0459559
1 0.0852051 0.238971 0.0317383 0.0588235
0 0.543213 0.0592831 0.0180664 0.0395221
1 0.164795 0.771599 0.0288086 0.0542279
1 0.858643 0.253217 0.0219727 0.0395221
1 0.0969238 0.0243566 0.0327148 0.0487132
0 0.258545 0.846507 0.0258789 0.0514706
1 0.171631 0.0225184 0.0288086 0.0450368
0 0.797363 0.59375 0.0253906 0.0477941
0 0.567627 0.597426 0.0307617 0.0533088
1 0.258789 0.846507 0.0263672 0.0496324
0 0.409668 0.90625 0.0224609 0.0441176
0 0.391357 0.870864 0.0209961 0.046875
0 0.558594 0.0716912 0.0205078 0.0386029
0 0.871826 0.744026 0.0268555 0.046875
0 0.199951 0.95818 0.0317383 0.0542279
1 0.105225 0.383732 0.0297852 0.0597426
1 0.810791 0.119485 0.0219727 0.0459559
0 0.826416 0.954504 0.0297852 0.0523897
1 0.520264 0.203585 0.0219727 0.0431985
1 0.541992 0.908548 0.0273438 0.046875
1 0.828857 0.623621 0.0219727 0.046875
1 0.92041 0.978401 0.03125 0.0431985
0 0.0852051 0.238971 0.0327148 0.0588235
1 0.934326 0.879596 0.0249023 0.0422794
1 0.568848 0.597426 0.0273438 0.0477941
1 0.525146 0.270221 0.0219727 0.0404412
1 0.989014 0.172794 0.0219727 0.0496324
1 0.824951 0.775735 0.0249023 0.0477941
1 0.776855 0.921415 0.0273438 0.0523897
1 0.917236 0.492647 0.0249023 0.0477941
1 0.83667 0.12454 0.0219727 0.0431985
1 0.199707 0.95864 0.0292969 0.0514706
0 0.828857 0.622702 0.0249023 0.0487132
1 0.528564 0.310202 0.0219727 0.0413603
1 0.784668 0.273438 0.0234375 0.046875
0 0.0222168 0.193934 0.0307617 0.0606618
1 0.825928 0.954963 0.0297852 0.0514706
0 0.105713 0.383272 0.0297852 0.0569853
0 0.165039 0.77114 0.0292969 0.0496324
1 0.391602 0.871783 0.0234375 0.046875
0 0.438965 0.884651 0.0234375 0.0487132
0 0.171875 0.0229779 0.0283203 0.0441176
1 0.939941 0.563879 0.0263672 0.0505515
1 0.871826 0.742647 0.0268555 0.0514706
1 0.803223 0.300092 0.0234375 0.0450368
1 0.879883 0.827206 0.0234375 0.0422794
0 0.190918 0.0533088 0.0283203 0.0551471
1 0.415527 0.454963 0.0244141 0.0459559
1 0.311523 0.244485 0.0273438 0.0459559
1 0.86792 0.852941 0.0249023 0.0477941
1 0.974365 0.889706 0.0249023 0.0422794
1 0.689941 0.389246 0.0302734 0.0615809
1 0.391602 0.238511 0.0273438 0.0523897
1 0.408691 0.340533 0.0234375 0.046875
1 0.37793 0.368566 0.0253906 0.0459559
1 0.189209 0.54182 0.0317383 0.0597426
