1 0.6521 0.335478 0.0209961 0.0367647
1 0.853271 0.0795037 0.0219727 0.0413603
1 0.0534668 0.810202 0.0229492 0.0395221
1 0.979736 0.44761 0.0200195 0.0422794
0 0.479492 0.883732 0.0195312 0.0395221
0 0.616943 0.887408 0.0219727 0.0431985
0 0.697021 0.743566 0.0219727 0.0459559
0 0.602783 0.0160846 0.0258789 0.0321691
1 0.571289 0.21829 0.0234375 0.0395221
0 0.561035 0.516544 0.0205078 0.0404412
0 0.979736 0.443015 0.0200195 0.0441176
0 0.297119 0.673713 0.0288086 0.0496324
1 0.732178 0.190257 0.0258789 0.0551471
1 0.463135 0.881434 0.0209961 0.0422794
1 0.358887 0.682445 0.0283203 0.0505515
1 0.367432 0.793658 0.0229492 0.0413603
1 0.602295 0.0147059 0.0249023 0.0294118
0 0.739258 0.913143 0.0273438 0.0487132
1 0.617188 0.886949 0.0214844 0.0422794
1 0.587891 0.214614 0.0234375 0.0395221
0 0.828125 0.825827 0.0234375 0.046875
0 0.560059 0.876379 0.0244141 0.0450368
1 0.727539 0.634651 0.0234375 0.0450368
1 0.295166 0.80239 0.0239258 0.0422794
0 0.010498 0.209099 0.0209961 0.0505515
0 0.730713 0.188419 0.0249023 0.0459559
1 0.393066 0.65579 0.0253906 0.046875
1 0.0117188 0.209559 0.0205078 0.0514706
1 0.696533 0.380055 0.0239258 0.0395221
0 0.510498 0.0174632 0.019043 0.0349265
0 0.535889 0.501838 0.0249023 0.0441176
1 0.637939 0.882353 0.0229492 0.0441176
1 0.259277 0.845588 0.0283203 0.0477941
0 0.703857 0.653493 0.0258789 0.0496324
1 0.363037 0.842831 0.0229492 0.0386029
0 0.878906 0.078125 0.0234375 0.0422794
0 0.295166 0.803309 0.0219727 0.0441176
1 0.383057 0.787224 0.0209961 0.0395221
0 0.559814 0.610294 0.0219727 0.0459559
0 0.418701 0.963695 0.027832 0.046875
0 0.619141 0.982537 0.0263672 0.0349265
1 0.52002 0.0721507 0.0234375 0.0431985
0 0.655029 0.31296 0.0200195 0.0376838
1 0.800781 0.102941 0.0234375 0.0404412
1 0.0585938 0.881893 0.0234375 0.0413603
0 0.289062 0.774357 0.0224609 0.0413603
0 0.359619 0.682904 0.0258789 0.0459559
0 0.234375 0.709099 0.0253906 0.0450368
1 0.739014 0.914062 0.0288086 0.046875
1 0.19458 0.920037 0.0268555 0.0459559
1 0.32666 0.625 0.0253906 0.0441176
1 0.175537 0.827665 0.0268555 0.046875
1 0.766357 0.0854779 0.0219727 0.0422794
1 0.908447 0.505974 0.0249023 0.0413603
1 0.687012 0.445312 0.0244141 0.0413603
1 0.666748 0.392923 0.0229492 0.0450368
0 0.728027 0.63557 0.0224609 0.0450368
1 0.6604 0.0119485 0.0219727 0.0238971
0 0.349609 0.803309 0.0224609 0.0441176
1 0.989746 0.817555 0.0205078 0.0413603
1 0.0141602 0.980239 0.0253906 0.0395221
1 0.0949707 0.348346 0.0258789 0.0459559
1 0.431641 0.788143 0.0224609 0.0413603
1 0.696289 0.742647 0.0234375 0.0459559
1 0.0180664 0.465533 0.0263672 0.0505515
1 0.781738 0.684283 0.0273438 0.046875
1 0.82666 0.826746 0.0234375 0.046875
1 0.297119 0.673254 0.027832 0.0487132
1 0.673096 0.709099 0.0249023 0.046875
1 0.0847168 0.600184 0.0239258 0.0459559
1 0.0646973 0.905331 0.0239258 0.0441176
1 0.832764 0.127757 0.0249023 0.0422794
1 0.432617 0.88511 0.0273438 0.0441176
1 0.372803 0.536305 0.027832 0.046875
1 0.605225 0.474265 0.0219727 0.0422794
1 0.580078 0.210018 0.0205078 0.0395221
1 0.519775 0.827206 0.0219727 0.0386029
0 0.530273 0.460018 0.0234375 0.0450368
1 0.123535 0.475643 0.0244141 0.0431985
1 0.991455 0.120864 0.0170898 0.0431985
1 0.782715 0.590993 0.0263672 0.0441176
1 0.838867 0.685202 0.0234375 0.0450368
1 0.80249 0.168199 0.0249023 0.0459559
1 0.446777 0.155331 0.0205078 0.0404412
1 0.732666 0.0969669 0.0258789 0.046875
1 0.128662 0.828585 0.0258789 0.0505515
1 0.0334473 0.409467 0.0249023 0.0450368
1 0.166992 0.772978 0.0253906 0.0496324
1 0.828125 0.625919 0.0214844 0.0477941
1 0.645264 0.388327 0.0239258 0.0450368
1 0.886719 0.237132 0.03125 0.0477941
1 0.169678 0.0160846 0.0268555 0.0321691
1 0.460449 0.673254 0.0263672 0.0487132
1 0.513916 0.682445 0.0297852 0.0487132
1 0.130371 0.137408 0.0244141 0.0450368
0 0.257812 0.847886 0.0253906 0.0431985
1 0.206543 0.855239 0.0283203 0.0487132
1 0.762939 0.0454963 0.0229492 0.0413603
1 0.0734863 0.253217 0.0268555 0.0542279
1 0.672607 0.0560662 0.0239258 0.0422794
1 0.39502 0.870404 0.0244141 0.0496324
1 0.377441 0.371783 0.0263672 0.0505515
1 0.117188 0.159467 0.0244141 0.0450368
1 0.852295 0.262868 0.0268555 0.0422794
1 0.914062 0.590993 0.0214844 0.0367647
1 0.19873 0.362132 0.0234375 0.0404412
0 0.318359 0.878217 0.0253906 0.046875
1 0.990967 0.762408 0.0180664 0.0413603
1 0.19751 0.534007 0.0249023 0.0477941
1 0.598633 0.300551 0.0234375 0.0441176
1 0.416504 0.782169 0.0224609 0.0441176
1 0.145996 0.589154 0.0263672 0.0477941
1 0.762939 0.88557 0.0239258 0.0395221
1 0.755615 0.789062 0.0258789 0.046875
1 0.45752 0.171415 0.0195312 0.0395221
1 0.406982 0.346507 0.0268555 0.0459559
1 0.159668 0.498162 0.0253906 0.0477941
1 0.419189 0.962316 0.0268555 0.0459559
1 0.596924 0.228401 0.0200195 0.0431985
1 0.126465 0.503217 0.0214844 0.0450368
1 0.612549 0.252757 0.0219727 0.0422794
1 0.230957 0.345588 0.0244141 0.0477941
1 0.564941 0.380055 0.0234375 0.0450368
1 0.53125 0.807445 0.0244141 0.0413603
1 0.992188 0.552849 0.015625 0.0487132
1 0.0678711 0.799173 0.0224609 0.0431985
0 0.269287 0.984375 0.027832 0.03125
1 0.408936 0.204963 0.0258789 0.0459559
1 0.855469 0.679688 0.0234375 0.0413603
1 0.457764 0.107077 0.0249023 0.0450368
1 0.394287 0.115809 0.0249023 0.0459559
1 0.94043 0.693474 0.0234375 0.0413603
1 0.590576 0.36489 0.0239258 0.0459559
1 0.946777 0.316636 0.0263672 0.0450368
1 0.813965 0.444853 0.0263672 0.0422794
1 0.532959 0.338695 0.0249023 0.0450368
1 0.879883 0.823989 0.0234375 0.0487132
1 0.092041 0.035386 0.0327148 0.0542279
1 0.991455 0.179688 0.0170898 0.0413603
1 0.713623 0.47886 0.0258789 0.0459559
1 0.222412 0.0762868 0.0258789 0.0477941
1 0.185547 0.462316 0.0263672 0.0477941
1 0.776855 0.867188 0.0224609 0.0413603
1 0.458984 0.498621 0.0253906 0.0431985
1 0.145996 0.304228 0.0273438 0.0496324
1 0.0424805 0.929228 0.0253906 0.0459559
1 0.183838 0.380515 0.0239258 0.0441176
1 0.407959 0.538143 0.0258789 0.046875
1 0.919434 0.839614 0.0263672 0.0487132
1 0.57666 0.24954 0.0224609 0.0413603
1 0.796875 0.403493 0.0234375 0.0422794
1 0.804688 0.237592 0.0263672 0.0487132
1 0.40332 0.159467 0.0224609 0.046875
1 0.932617 0.332721 0.0234375 0.0422794
1 0.960205 0.219669 0.0249023 0.0386029
1 0.0297852 0.886489 0.0273438 0.046875
1 0.153564 0.227941 0.0268555 0.0496324
1 0.224121 0.792739 0.0263672 0.0487132
1 0.915039 0.551471 0.0234375 0.0422794
1 0.530518 0.269761 0.0249023 0.0450368
1 0.942139 0.727022 0.0219727 0.0422794
1 0.972656 0.189798 0.0253906 0.0413603
1 0.572266 0.104779 0.0244141 0.0422794
1 0.361328 0.165441 0.0244141 0.0441176
1 0.831299 0.949908 0.0268555 0.046875
1 0.498779 0.175092 0.0258789 0.046875
1 0.280273 0.192096 0.0234375 0.0404412
1 0.0935059 0.814338 0.027832 0.0514706
1 0.678467 0.136949 0.027832 0.0514706
1 0.87793 0.706342 0.0234375 0.0450368
1 0.855469 0.867647 0.0263672 0.0477941
1 0.981201 0.735294 0.0219727 0.0404412
1 0.132324 0.628676 0.0263672 0.0496324
1 0.804688 0.295956 0.0253906 0.0441176
1 0.781006 0.274357 0.0258789 0.0450368
1 0.239258 0.0289522 0.0253906 0.0450368
1 0.108887 0.53079 0.0263672 0.0487132
1 0.306885 0.119485 0.0268555 0.0459559
1 0.332031 0.200368 0.0253906 0.0441176
1 0.483643 0.134191 0.0249023 0.0477941
1 0.916992 0.616268 0.0234375 0.0395221
1 0.208984 0.308364 0.0253906 0.0487132
1 0.31665 0.25 0.0258789 0.0441176
1 0.414062 0.463695 0.0263672 0.0487132
1 0.964844 0.754136 0.0234375 0.0450368
1 0.98584 0.935662 0.0263672 0.0514706
1 0.365723 0.204504 0.0224609 0.0431985
1 0.44165 0.472426 0.0219727 0.0441176
1 0.268311 0.215533 0.0239258 0.0431985
