0 0.4021 0.159007 0.0180664 0.0349265
0 0.533691 0.801011 0.0195312 0.0395221
0 0.592285 0.369485 0.0166016 0.0404412
0 0.057373 0.31296 0.0200195 0.0358456
0 0.714844 0.65579 0.0185547 0.0340074
0 0.68457 0.571232 0.0195312 0.0340074
0 0.950684 0.314338 0.0185547 0.0330882
0 0.527832 0.630055 0.0185547 0.0340074
0 0.16333 0.306066 0.0209961 0.0349265
0 0.532959 0.272978 0.0219727 0.0349265
0 0.541504 0.15671 0.0185547 0.0321691
0 0.0361328 0.58318 0.0175781 0.0413603
0 0.776123 0.858915 0.0219727 0.0358456
0 0.168701 0.0160846 0.0239258 0.0321691
0 0.00756836 0.985294 0.0151367 0.0294118
0 0.469482 0.27114 0.0161133 0.03125
0 0.546387 0.318015 0.0185547 0.0330882
0 0.958496 0.227941 0.0185547 0.0386029
0 0.572266 0.107996 0.0175781 0.0321691
0 0.412842 0.206801 0.019043 0.0404412
0 0.828857 0.518842 0.0219727 0.0395221
0 0.513184 0.482537 0.0224609 0.03125
0 0.366943 0.84421 0.0170898 0.0413603
0 0.0415039 0.12454 0.0195312 0.0358456
0 0.547119 0.580423 0.0170898 0.0358456
0 0.501221 0.340993 0.0161133 0.0330882
0 0.320557 0.872702 0.0209961 0.0395221
0 0.361328 0.160846 0.0195312 0.0330882
0 0.353027 0.839614 0.0185547 0.0358456
0 0.368164 0.796875 0.015625 0.0367647
0 0.566895 0.445312 0.0146484 0.0340074
0 0.23584 0.965993 0.0195312 0.0367647
0 0.781738 0.581801 0.0195312 0.0404412
0 0.201172 0.940257 0.0166016 0.0349265
0 0.015625 0.471048 0.0214844 0.0395221
0 0.307861 0.706342 0.0180664 0.0413603
0 0.72876 0.627757 0.0219727 0.0330882
0 0.528809 0.340074 0.0195312 0.0367647
0 0.617432 0.255055 0.0180664 0.0321691
0 0.0703125 0.811581 0.0195312 0.0386029
0 0.990479 0.134191 0.0170898 0.0404412
0 0.0554199 0.11443 0.019043 0.0340074
0 0.127441 0.826746 0.0166016 0.0413603
0 0.607422 0.490809 0.0185547 0.0367647
0 0.196289 0.250919 0.0185547 0.0422794
0 0.539551 0.672335 0.0224609 0.0321691
0 0.206787 0.85432 0.019043 0.0413603
0 0.828857 0.625919 0.0200195 0.0386029
0 0.597412 0.300551 0.0170898 0.0367647
0 0.548584 0.515625 0.0209961 0.0349265
0 0.348145 0.800551 0.0175781 0.0386029
0 0.574951 0.253217 0.019043 0.0358456
0 0.269531 0.983456 0.0234375 0.0330882
0 0.988281 0.943015 0.0234375 0.0367647
0 0.572266 0.212316 0.0185547 0.0349265
0 0.395508 0.112592 0.0224609 0.0413603
