0 0.83374 0.768382 0.0297852 0.0533088
0 0.858643 0.0840993 0.0219727 0.046875
0 0.788086 0.92693 0.0273438 0.0487132
1 0.821777 0.617188 0.0390625 0.0542279
0 0.960938 0.868566 0.0253906 0.0441176
0 0.813965 0.118107 0.0234375 0.0487132
0 0.101562 0.0225184 0.0341797 0.0450368
0 0.189697 0.54136 0.0336914 0.0698529
0 0.799316 0.595588 0.0283203 0.0514706
0 0.568359 0.596967 0.0302734 0.0560662
1 0.787598 0.926011 0.0263672 0.0487132
1 0.834229 0.125919 0.0219727 0.0459559
1 0.813232 0.119485 0.0219727 0.0496324
1 0.101807 0.0238971 0.0336914 0.0477941
0 0.923584 0.976562 0.0297852 0.046875
0 0.872559 0.745864 0.0283203 0.0487132
1 0.310303 0.23943 0.0307617 0.0542279
1 0.923584 0.975643 0.0297852 0.0431985
1 0.832764 0.768842 0.0297852 0.0542279
1 0.94751 0.560662 0.0249023 0.0477941
0 0.30957 0.23943 0.0302734 0.0542279
1 0.56958 0.596967 0.027832 0.0505515
1 0.960938 0.870864 0.0234375 0.0413603
1 0.203125 0.957261 0.0302734 0.0542279
0 0.259033 0.846967 0.027832 0.0505515
0 0.934326 0.882812 0.0249023 0.0395221
0 0.202148 0.957261 0.0283203 0.0487132
0 0.439453 0.881434 0.0332031 0.0569853
1 0.385498 0.257353 0.0249023 0.0477941
0 0.164551 0.772518 0.0283203 0.0542279
1 0.800049 0.594669 0.0268555 0.0496324
1 0.988281 0.172335 0.0234375 0.0505515
1 0.828857 0.624081 0.0219727 0.0477941
0 0.0852051 0.238971 0.034668 0.0606618
1 0.872559 0.745864 0.0283203 0.046875
1 0.415527 0.454963 0.0244141 0.0459559
1 0.91626 0.495404 0.0249023 0.0477941
0 0.108887 0.387868 0.0292969 0.0606618
0 0.0222168 0.193474 0.0336914 0.0670956
1 0.377197 0.367188 0.0219727 0.0413603
1 0.825928 0.953585 0.0297852 0.0505515
1 0.689697 0.389706 0.0297852 0.0643382
1 0.394043 0.342831 0.0253906 0.0422794
1 0.189453 0.542279 0.0341797 0.0661765
