0 0.82666 0.954504 0.0283203 0.0523897
1 0.309814 0.238971 0.0297852 0.0569853
0 0.858643 0.0840993 0.0219727 0.046875
0 0.835938 0.122702 0.0214844 0.046875
0 0.834229 0.769761 0.0297852 0.0505515
0 0.960938 0.868566 0.0253906 0.0422794
0 0.101562 0.0225184 0.0341797 0.0450368
1 0.109375 0.387408 0.0292969 0.0634191
0 0.789795 0.925551 0.0268555 0.0496324
1 0.101807 0.0238971 0.0336914 0.0477941
1 0.788574 0.925092 0.0263672 0.0487132
0 0.189697 0.54136 0.034668 0.0698529
0 0.569336 0.597886 0.03125 0.0542279
0 0.799805 0.595129 0.0283203 0.0523897
0 0.922607 0.976562 0.027832 0.0431985
1 0.833496 0.767463 0.0283203 0.0514706
1 0.56958 0.596048 0.027832 0.0505515
0 0.872559 0.746324 0.0283203 0.0477941
1 0.923584 0.975643 0.0297852 0.0431985
1 0.948486 0.561121 0.0249023 0.0487132
1 0.203125 0.95818 0.0302734 0.0542279
1 0.385254 0.255974 0.0283203 0.0487132
0 0.93457 0.882353 0.0234375 0.0404412
0 0.828857 0.623621 0.0249023 0.0487132
0 0.309814 0.23989 0.0307617 0.0569853
1 0.828857 0.62454 0.0219727 0.0487132
0 0.817871 0.120404 0.0234375 0.0477941
1 0.800049 0.595129 0.0268555 0.0505515
1 0.960938 0.869945 0.0253906 0.0413603
1 0.988281 0.172335 0.0234375 0.0505515
1 0.91626 0.495864 0.0249023 0.046875
0 0.259033 0.846967 0.027832 0.0505515
1 0.872559 0.745864 0.0283203 0.046875
0 0.439453 0.881434 0.0341797 0.0588235
0 0.0849609 0.23943 0.0341797 0.0615809
0 0.164551 0.772518 0.0283203 0.0542279
0 0.202393 0.957261 0.027832 0.0505515
1 0.416016 0.454963 0.0253906 0.0477941
1 0.377197 0.367647 0.0219727 0.0422794
0 0.109375 0.389706 0.0292969 0.0625
1 0.825684 0.954504 0.0283203 0.0505515
0 0.0222168 0.193474 0.0336914 0.0652574
1 0.392822 0.34329 0.0258789 0.0413603
1 0.689453 0.389706 0.0302734 0.0661765
1 0.189209 0.542279 0.034668 0.0661765
