1 0.140137 0.601562 0.0234375 0.0505515
0 0.834473 0.862592 0.0185547 0.0376838
0 0.440186 0.884651 0.027832 0.046875
0 0.575195 0.392463 0.0195312 0.0349265
0 0.587646 0.365349 0.0209961 0.0321691
0 0.775879 0.714614 0.0234375 0.0450368
1 0.381836 0.786765 0.0205078 0.0404412
1 0.680908 0.105239 0.0229492 0.0395221
1 0.576904 0.391085 0.0209961 0.0340074
1 0.807129 0.18704 0.0214844 0.0376838
0 0.880371 0.824908 0.0234375 0.046875
1 0.740723 0.163143 0.0234375 0.0413603
0 0.787109 0.59421 0.0273438 0.046875
0 0.556641 0.88511 0.0263672 0.0422794
1 0.879883 0.825368 0.0234375 0.0441176
1 0.857666 0.863051 0.0249023 0.0459559
0 0.877441 0.721507 0.0263672 0.0459559
1 0.731689 0.115809 0.0229492 0.0422794
0 0.912354 0.982996 0.0297852 0.0340074
0 0.827393 0.803768 0.0268555 0.0505515
1 0.439453 0.88511 0.0273438 0.0459559
1 0.828857 0.622702 0.0219727 0.046875
1 0.534668 0.330423 0.0244141 0.0487132
1 0.755127 0.924632 0.0288086 0.0514706
1 0.856934 0.253217 0.0234375 0.0431985
0 0.828857 0.621783 0.0249023 0.0505515
0 0.755615 0.924173 0.0297852 0.0505515
1 0.301514 0.665441 0.0219727 0.0422794
1 0.916992 0.492647 0.0234375 0.0459559
1 0.556641 0.882353 0.0273438 0.0441176
1 0.31543 0.649357 0.0205078 0.0376838
1 0.25708 0.84375 0.0249023 0.0441176
1 0.389648 0.665441 0.0205078 0.0477941
1 0.407227 0.538143 0.0234375 0.0395221
0 0.825684 0.955423 0.0283203 0.0487132
1 0.678955 0.0611213 0.0229492 0.0395221
1 0.0185547 0.196232 0.0253906 0.0505515
1 0.4021 0.211857 0.0229492 0.046875
1 0.0791016 0.236673 0.0273438 0.0487132
1 0.03125 0.411305 0.0205078 0.0376838
0 0.755615 0.789522 0.0249023 0.0422794
1 0.526611 0.0680147 0.0268555 0.0441176
1 0.0908203 0.0303309 0.0332031 0.0477941
1 0.838379 0.125 0.0234375 0.0441176
1 0.237549 0.714154 0.0239258 0.0441176
0 0.565918 0.601103 0.0263672 0.0459559
1 0.196533 0.943474 0.0268555 0.046875
1 0.929688 0.56296 0.0253906 0.0450368
1 0.69043 0.384651 0.0273438 0.0487132
1 0.88208 0.0863971 0.0200195 0.0422794
1 0.318115 0.161305 0.0200195 0.046875
1 0.571289 0.10386 0.0234375 0.0441176
1 0.371094 0.539522 0.0253906 0.0459559
1 0.926514 0.855699 0.0249023 0.0459559
1 0.0146484 0.981618 0.0253906 0.0367647
1 0.525146 0.267923 0.0249023 0.046875
1 0.414062 0.457261 0.0253906 0.0450368
1 0.09375 0.602482 0.0234375 0.0450368
1 0.209717 0.0795037 0.0258789 0.0487132
1 0.172363 0.0193015 0.0292969 0.0386029
1 0.391602 0.874081 0.0234375 0.0496324
1 0.858643 0.0840993 0.0200195 0.0431985
1 0.0244141 0.4375 0.0224609 0.0386029
1 0.145508 0.587776 0.0195312 0.0431985
1 0.101074 0.523897 0.0244141 0.0477941
1 0.594727 0.295956 0.0234375 0.0386029
1 0.989014 0.174632 0.0219727 0.0496324
1 0.809082 0.119026 0.0224609 0.0431985
1 0.0969238 0.360294 0.0258789 0.0477941
1 0.410156 0.339614 0.0253906 0.0450368
1 0.378662 0.689338 0.0209961 0.0441176
1 0.811523 0.301471 0.0234375 0.0422794
1 0.897705 0.105699 0.0219727 0.0441176
1 0.196533 0.530331 0.0229492 0.0422794
1 0.786133 0.272059 0.0234375 0.0459559
1 0.506592 0.181526 0.0258789 0.046875
1 0.13208 0.608915 0.0209961 0.0413603
1 0.37793 0.368107 0.0253906 0.0431985
1 0.153564 0.280331 0.0249023 0.0404412
1 0.120117 0.822151 0.0253906 0.046875
1 0.98291 0.917739 0.0283203 0.0542279
1 0.418701 0.943474 0.0268555 0.0505515
1 0.805176 0.210018 0.0224609 0.0395221
1 0.334961 0.182904 0.0214844 0.0459559
1 0.583984 0.251379 0.0224609 0.0413603
1 0.187256 0.483456 0.0239258 0.0459559
1 0.164307 0.77068 0.0268555 0.046875
1 0.160156 0.487132 0.0234375 0.0404412
1 0.0949707 0.814338 0.027832 0.0514706
1 0.147949 0.234835 0.0244141 0.0431985
1 0.239014 0.345129 0.027832 0.0505515
1 0.312744 0.246783 0.0249023 0.0450368
1 0.205078 0.314338 0.0244141 0.0477941
1 0.229492 0.763327 0.0244141 0.0450368
