0 0.380127 0.0284926 0.0219727 0.0330882
0 0.616455 0.980239 0.0219727 0.0376838
0 0.541748 0.158088 0.0180664 0.0330882
0 0.036377 0.582261 0.0180664 0.0413603
0 0.533691 0.801011 0.0195312 0.0395221
0 0.442139 0.473805 0.019043 0.0376838
0 0.453369 0.349265 0.0170898 0.0330882
0 0.0383301 0.405331 0.019043 0.0386029
0 0.765625 0.897059 0.0205078 0.0404412
0 0.616211 0.891085 0.0195312 0.0431985
0 0.691406 0.636029 0.0195312 0.0330882
0 0.754883 0.787684 0.0234375 0.0367647
0 0.46875 0.271599 0.0166016 0.0303309
0 0.918701 0.835938 0.0200195 0.0358456
0 0.593018 0.372702 0.0170898 0.0358456
0 0.0480957 0.797794 0.019043 0.0386029
0 0.713623 0.655331 0.0200195 0.0330882
0 0.168701 0.015625 0.0249023 0.03125
0 0.572266 0.107537 0.0175781 0.03125
0 0.108398 0.53171 0.0195312 0.0358456
0 0.00756836 0.985754 0.0151367 0.0284926
0 0.366943 0.84421 0.0170898 0.0395221
0 0.512939 0.480239 0.0229492 0.0321691
0 0.958496 0.227941 0.0185547 0.0386029
0 0.82959 0.516085 0.0205078 0.0431985
0 0.617188 0.255055 0.0175781 0.0321691
0 0.401855 0.160386 0.0185547 0.0358456
0 0.353027 0.839614 0.0185547 0.0358456
0 0.532959 0.273897 0.0219727 0.0349265
0 0.566406 0.446232 0.0136719 0.0340074
0 0.320312 0.872702 0.0205078 0.0395221
0 0.935791 0.245404 0.0219727 0.0294118
0 0.501221 0.341452 0.0161133 0.0340074
0 0.546387 0.318015 0.0195312 0.0330882
0 0.412842 0.206342 0.019043 0.0395221
0 0.368164 0.795956 0.015625 0.0367647
0 0.781738 0.582261 0.0205078 0.0413603
0 0.162109 0.303768 0.0214844 0.0340074
0 0.949219 0.315257 0.0185547 0.0349265
0 0.547607 0.580882 0.0170898 0.0367647
0 0.041748 0.122702 0.0200195 0.0358456
0 0.529297 0.339614 0.0205078 0.0358456
0 0.0158691 0.471048 0.0219727 0.0395221
0 0.538086 0.672794 0.0234375 0.0294118
0 0.235352 0.965993 0.0195312 0.0386029
0 0.361328 0.161305 0.0205078 0.0340074
0 0.727051 0.628676 0.0234375 0.0367647
0 0.7771 0.858456 0.0219727 0.0367647
0 0.991455 0.133732 0.0170898 0.0413603
0 0.206787 0.85432 0.019043 0.0413603
0 0.606934 0.490809 0.0185547 0.0367647
0 0.195801 0.24954 0.0185547 0.0413603
0 0.0556641 0.11489 0.0195312 0.0330882
0 0.0705566 0.811121 0.019043 0.0376838
0 0.548584 0.515165 0.0209961 0.0340074
0 0.828857 0.626379 0.0200195 0.0395221
0 0.597656 0.300551 0.0175781 0.0367647
0 0.12793 0.826287 0.0185547 0.0422794
0 0.348389 0.800551 0.0180664 0.0386029
0 0.575195 0.253217 0.0195312 0.0358456
0 0.269531 0.983456 0.0234375 0.0330882
0 0.572266 0.212776 0.0185547 0.0340074
0 0.987305 0.943015 0.0234375 0.0367647
0 0.395264 0.112592 0.0219727 0.0413603
