0 0.754883 0.787684 0.0234375 0.0367647
0 0.533203 0.272059 0.0214844 0.0330882
0 0.56665 0.443934 0.0141602 0.0349265
0 0.495605 0.678768 0.0195312 0.0284926
0 0.952393 0.317096 0.019043 0.0294118
0 0.533691 0.801011 0.0185547 0.0395221
0 0.00732422 0.985754 0.0146484 0.0284926
0 0.592285 0.369945 0.0166016 0.0395221
0 0.0537109 0.116268 0.0205078 0.0358456
0 0.728516 0.627757 0.0214844 0.03125
0 0.547119 0.577206 0.0180664 0.0330882
0 0.991699 0.182904 0.0166016 0.0349265
0 0.828857 0.518382 0.0219727 0.0404412
0 0.500977 0.341452 0.015625 0.0321691
0 0.361328 0.160846 0.0195312 0.0330882
0 0.684082 0.570772 0.0205078 0.0349265
0 0.958496 0.227941 0.0185547 0.0386029
0 0.353027 0.839614 0.0185547 0.0358456
0 0.714844 0.65579 0.0185547 0.0340074
0 0.572266 0.107537 0.0175781 0.03125
0 0.366943 0.84421 0.0170898 0.0413603
0 0.0361328 0.58318 0.0175781 0.0413603
0 0.691895 0.740809 0.0166016 0.0386029
0 0.0151367 0.471048 0.0214844 0.0395221
0 0.78125 0.582261 0.0185547 0.0395221
0 0.529297 0.339614 0.0185547 0.0376838
0 0.528076 0.629596 0.0209961 0.0349265
0 0.0727539 0.8125 0.0166016 0.0404412
0 0.368164 0.796875 0.015625 0.0367647
0 0.471191 0.271599 0.0166016 0.0321691
0 0.0576172 0.31296 0.0195312 0.0376838
0 0.617188 0.255055 0.0175781 0.0321691
0 0.607422 0.490809 0.0175781 0.0367647
0 0.236816 0.965993 0.0205078 0.0367647
0 0.990479 0.134191 0.0170898 0.0404412
0 0.198975 0.939338 0.0180664 0.0367647
0 0.197266 0.252757 0.0185547 0.0404412
0 0.828857 0.626379 0.0200195 0.0376838
0 0.540283 0.671875 0.0219727 0.03125
0 0.597168 0.300551 0.0166016 0.0367647
0 0.308105 0.706342 0.0185547 0.0413603
0 0.348389 0.800092 0.0170898 0.0376838
0 0.207031 0.85432 0.0185547 0.0413603
0 0.988281 0.943015 0.0214844 0.0367647
0 0.548584 0.515165 0.0219727 0.0358456
0 0.574951 0.252757 0.019043 0.0367647
0 0.269775 0.983456 0.0229492 0.0330882
0 0.57251 0.211857 0.0180664 0.0358456
0 0.395508 0.112132 0.0224609 0.0404412
