1 0.355957 0.801471 0.0283203 0.0422794
0 0.367188 0.79182 0.0214844 0.0431985
0 0.479736 0.883732 0.0200195 0.0395221
0 0.432861 0.884651 0.0249023 0.046875
1 0.616699 0.886029 0.0234375 0.0422794
0 0.560547 0.516085 0.0205078 0.0395221
1 0.654297 0.315257 0.0205078 0.0459559
1 0.968018 0.677849 0.019043 0.0321691
0 0.19458 0.918199 0.0258789 0.0422794
1 0.479736 0.883732 0.0200195 0.0395221
0 0.491943 0.358456 0.0249023 0.0459559
1 0.081543 0.715074 0.0224609 0.0404412
0 0.602295 0.0160846 0.0268555 0.0321691
1 0.801025 0.10386 0.0229492 0.0386029
0 0.756348 0.790441 0.0273438 0.0533088
0 0.616943 0.886949 0.0219727 0.0422794
1 0.0490723 0.919118 0.0307617 0.0496324
1 0.652344 0.339154 0.0234375 0.0386029
1 0.358887 0.681985 0.0283203 0.0514706
1 0.602295 0.0147059 0.0249023 0.0294118
0 0.0336914 0.410386 0.0253906 0.0487132
1 0.731689 0.190717 0.0258789 0.0560662
0 0.979736 0.443934 0.0200195 0.0441176
0 0.463135 0.881434 0.0209961 0.0422794
1 0.367432 0.793658 0.0229492 0.0413603
1 0.638672 0.880974 0.0224609 0.0450368
0 0.697021 0.744026 0.0209961 0.046875
1 0.491211 0.357077 0.0234375 0.0450368
1 0.0114746 0.210478 0.0200195 0.0514706
1 0.766846 0.0854779 0.0200195 0.0404412
1 0.588623 0.214614 0.0229492 0.0413603
1 0.393555 0.65579 0.0253906 0.046875
1 0.703125 0.0372243 0.0205078 0.0340074
0 0.560303 0.876379 0.0258789 0.0450368
0 0.296875 0.673713 0.0263672 0.0477941
1 0.19458 0.919118 0.0258789 0.0459559
1 0.689453 0.180607 0.0195312 0.0376838
1 0.0522461 0.811121 0.0234375 0.0413603
1 0.697021 0.379596 0.0249023 0.0404412
0 0.730469 0.189798 0.0263672 0.046875
0 0.828125 0.825827 0.0234375 0.046875
0 0.67334 0.709559 0.0244141 0.0459559
1 0.82666 0.827206 0.0234375 0.0477941
0 0.638184 0.880974 0.0234375 0.0431985
1 0.738525 0.914062 0.0288086 0.0487132
1 0.327148 0.62454 0.0253906 0.0450368
0 0.010498 0.210018 0.0209961 0.0505515
1 0.295654 0.80239 0.0239258 0.0422794
1 0.363037 0.841912 0.0219727 0.0404412
1 0.66626 0.392463 0.0219727 0.0441176
1 0.687744 0.444853 0.0249023 0.0404412
1 0.696289 0.743566 0.0234375 0.0459559
1 0.571533 0.216452 0.0219727 0.0413603
0 0.535156 0.503676 0.0253906 0.0422794
0 0.618652 0.982537 0.0263672 0.0349265
1 0.383301 0.787224 0.0205078 0.0395221
1 0.174072 0.827206 0.027832 0.0496324
0 0.559326 0.610754 0.0229492 0.0450368
1 0.259277 0.845588 0.0283203 0.0477941
0 0.703857 0.653033 0.0258789 0.0487132
1 0.297119 0.673713 0.027832 0.0496324
0 0.510498 0.0174632 0.019043 0.0349265
1 0.781982 0.684283 0.027832 0.046875
0 0.782471 0.682904 0.0268555 0.0477941
0 0.29541 0.803309 0.0224609 0.0441176
0 0.419189 0.963235 0.027832 0.0477941
1 0.838867 0.685202 0.0234375 0.0450368
1 0.0842285 0.601562 0.0239258 0.0505515
1 0.0334473 0.409007 0.0249023 0.0459559
1 0.989746 0.817555 0.0205078 0.0413603
0 0.73877 0.912224 0.0273438 0.0487132
1 0.908447 0.506434 0.0249023 0.0422794
1 0.0180664 0.465993 0.0263672 0.0496324
0 0.289062 0.774357 0.0234375 0.0431985
1 0.673096 0.709099 0.0249023 0.046875
1 0.580078 0.209099 0.0214844 0.0395221
1 0.013916 0.97932 0.0268555 0.0413603
1 0.763672 0.0454963 0.0224609 0.0413603
0 0.878906 0.0776654 0.0234375 0.0431985
1 0.431152 0.88511 0.0273438 0.0441176
1 0.372803 0.536305 0.027832 0.046875
1 0.0583496 0.880974 0.0239258 0.0431985
1 0.52002 0.0721507 0.0234375 0.0431985
0 0.359375 0.682445 0.0263672 0.0450368
1 0.123291 0.474265 0.0239258 0.0422794
1 0.660156 0.011489 0.0224609 0.0229779
1 0.832031 0.127757 0.0253906 0.0422794
0 0.234375 0.709559 0.0253906 0.0459559
0 0.728027 0.636029 0.0224609 0.0459559
1 0.0957031 0.347886 0.0263672 0.046875
1 0.802246 0.167739 0.0253906 0.046875
0 0.655518 0.31204 0.0209961 0.0376838
1 0.128174 0.828585 0.0258789 0.0505515
0 0.349365 0.80239 0.0219727 0.0441176
1 0.782715 0.590074 0.0263672 0.0441176
1 0.990723 0.124081 0.0185547 0.0441176
1 0.431641 0.789062 0.0224609 0.0413603
1 0.732666 0.0969669 0.0258789 0.046875
1 0.828125 0.625919 0.0214844 0.0477941
1 0.519531 0.826287 0.0214844 0.0386029
1 0.513916 0.682904 0.0297852 0.0496324
1 0.16748 0.772978 0.0253906 0.0496324
1 0.419434 0.963235 0.0283203 0.0459559
1 0.762939 0.886029 0.0239258 0.0404412
1 0.446533 0.155331 0.0200195 0.0422794
1 0.198975 0.361673 0.0239258 0.0413603
0 0.257812 0.847426 0.0253906 0.0441176
0 0.529785 0.460018 0.0234375 0.0450368
1 0.755615 0.789062 0.0258789 0.046875
1 0.645264 0.387868 0.0239258 0.0441176
1 0.206543 0.855239 0.0283203 0.0487132
1 0.0734863 0.253676 0.0268555 0.0533088
1 0.0649414 0.905331 0.0244141 0.0441176
1 0.169434 0.0160846 0.0273438 0.0321691
1 0.39502 0.869945 0.0244141 0.0487132
1 0.460449 0.673254 0.0263672 0.0487132
1 0.14624 0.588695 0.0239258 0.0487132
0 0.318604 0.877298 0.0249023 0.0487132
1 0.130371 0.137408 0.0244141 0.0450368
1 0.912598 0.591452 0.0234375 0.0340074
1 0.991455 0.762408 0.0170898 0.0413603
1 0.598145 0.301011 0.0234375 0.0450368
1 0.672363 0.0556066 0.0244141 0.0431985
1 0.117432 0.159467 0.0239258 0.0450368
1 0.852295 0.262868 0.0268555 0.0422794
1 0.886719 0.237592 0.0332031 0.0487132
1 0.596924 0.22886 0.0200195 0.0441176
1 0.377441 0.370864 0.0263672 0.0523897
1 0.159912 0.498162 0.0258789 0.0477941
1 0.19751 0.534926 0.0249023 0.0477941
1 0.813965 0.445312 0.0263672 0.0431985
1 0.855469 0.679688 0.0234375 0.0431985
1 0.394531 0.115349 0.0253906 0.046875
1 0.416016 0.78171 0.0224609 0.0450368
1 0.991455 0.181526 0.0170898 0.0413603
1 0.612061 0.252757 0.0229492 0.0422794
1 0.126465 0.502757 0.0214844 0.0441176
1 0.230713 0.345129 0.0239258 0.046875
1 0.564453 0.379596 0.0234375 0.0459559
1 0.992188 0.553309 0.015625 0.0477941
1 0.776855 0.867188 0.0224609 0.0413603
1 0.879883 0.823989 0.0234375 0.0487132
1 0.0419922 0.930147 0.0244141 0.0441176
1 0.0681152 0.799632 0.0229492 0.0441176
1 0.457764 0.107077 0.0249023 0.0450368
1 0.406494 0.346967 0.0268555 0.046875
1 0.185303 0.461857 0.0258789 0.0487132
1 0.531738 0.806526 0.0244141 0.0431985
1 0.457764 0.171875 0.0200195 0.0422794
1 0.222656 0.0767463 0.0263672 0.0487132
0 0.269531 0.984375 0.0273438 0.03125
1 0.590576 0.365349 0.0249023 0.0450368
1 0.408936 0.205423 0.0258789 0.046875
1 0.832031 0.949908 0.0263672 0.0450368
1 0.092041 0.0358456 0.0327148 0.0551471
1 0.941406 0.693015 0.0234375 0.0422794
1 0.877441 0.704963 0.0234375 0.0459559
1 0.946045 0.317096 0.0268555 0.0459559
1 0.145752 0.303768 0.027832 0.0505515
1 0.796631 0.403033 0.0239258 0.0431985
1 0.713623 0.47932 0.0258789 0.046875
1 0.919434 0.839614 0.0263672 0.0487132
1 0.804688 0.238051 0.0263672 0.0477941
1 0.932617 0.332721 0.0234375 0.0422794
1 0.403076 0.159926 0.0229492 0.0477941
1 0.532959 0.339614 0.0258789 0.046875
1 0.942383 0.727941 0.0234375 0.0422794
1 0.914062 0.550551 0.0253906 0.0422794
1 0.108887 0.53079 0.0263672 0.0487132
1 0.458984 0.498621 0.0253906 0.0431985
1 0.223877 0.792739 0.0268555 0.046875
1 0.153564 0.227941 0.0268555 0.0496324
1 0.029541 0.886489 0.027832 0.046875
1 0.572266 0.105239 0.0244141 0.0431985
1 0.183594 0.380515 0.0234375 0.0441176
1 0.408203 0.538143 0.0263672 0.046875
1 0.972656 0.189338 0.0253906 0.0404412
1 0.960938 0.220588 0.0253906 0.0386029
1 0.57666 0.24954 0.0224609 0.0413603
1 0.239258 0.0289522 0.0253906 0.0450368
1 0.855469 0.867647 0.0263672 0.0477941
1 0.981201 0.735754 0.0219727 0.0395221
1 0.0935059 0.813419 0.027832 0.0496324
1 0.132324 0.629596 0.0263672 0.0496324
1 0.280273 0.190257 0.0234375 0.0422794
1 0.531006 0.270221 0.0258789 0.0459559
1 0.804932 0.295496 0.0258789 0.0450368
1 0.361328 0.164982 0.0244141 0.0450368
1 0.498779 0.175551 0.0258789 0.0477941
1 0.678223 0.136949 0.0283203 0.0514706
1 0.780518 0.274816 0.0258789 0.0459559
1 0.332031 0.200827 0.0253906 0.0450368
1 0.306396 0.119485 0.0268555 0.0459559
1 0.483643 0.134191 0.0249023 0.0477941
1 0.963867 0.754136 0.0234375 0.0450368
1 0.31665 0.25 0.0258789 0.0441176
1 0.209229 0.307904 0.0258789 0.0496324
1 0.917969 0.616728 0.0234375 0.0422794
1 0.986816 0.935662 0.0263672 0.0514706
1 0.414062 0.464154 0.0273438 0.0496324
1 0.365967 0.204044 0.0229492 0.0441176
1 0.441895 0.471967 0.0224609 0.0450368
1 0.268555 0.215074 0.0253906 0.0459559
