0 0.82666 0.954504 0.0283203 0.0542279
0 0.832764 0.768382 0.027832 0.0514706
0 0.568359 0.596967 0.0302734 0.0560662
0 0.835938 0.123162 0.0214844 0.0477941
0 0.811523 0.118566 0.0234375 0.0459559
0 0.960938 0.866268 0.0283203 0.0450368
1 0.101807 0.0229779 0.0327148 0.0459559
0 0.189697 0.54136 0.0336914 0.0698529
1 0.858643 0.0836397 0.0219727 0.0459559
0 0.101318 0.0220588 0.0336914 0.0441176
1 0.786621 0.926011 0.0263672 0.0487132
1 0.528564 0.273897 0.0219727 0.0404412
1 0.109375 0.386949 0.0292969 0.0625
0 0.799316 0.595129 0.0283203 0.0505515
1 0.922607 0.976562 0.0297852 0.0431985
1 0.528564 0.307445 0.0219727 0.0376838
0 0.309814 0.23989 0.0297852 0.0533088
0 0.922607 0.977022 0.0297852 0.0422794
1 0.960938 0.870864 0.0234375 0.0413603
1 0.811768 0.120404 0.0219727 0.0477941
1 0.203125 0.957261 0.0302734 0.0523897
1 0.569336 0.596507 0.0273438 0.0496324
0 0.828857 0.623621 0.0249023 0.0487132
1 0.832764 0.77068 0.0297852 0.0542279
1 0.835205 0.12546 0.0219727 0.0450368
0 0.872559 0.746324 0.0283203 0.0477941
1 0.947754 0.561121 0.0263672 0.0487132
1 0.800049 0.594669 0.0268555 0.0496324
1 0.310547 0.23989 0.0302734 0.0533088
0 0.0849609 0.238051 0.0361328 0.0588235
1 0.988281 0.172335 0.0234375 0.0505515
0 0.934326 0.882812 0.0249023 0.0395221
1 0.829102 0.625 0.0234375 0.0477941
1 0.872559 0.745864 0.0283203 0.046875
1 0.91626 0.494945 0.0249023 0.046875
1 0.385498 0.256434 0.0249023 0.0477941
0 0.258789 0.846967 0.0273438 0.0505515
0 0.202148 0.957261 0.0273438 0.0487132
0 0.439209 0.881893 0.0336914 0.0560662
0 0.164551 0.772518 0.0273438 0.0542279
1 0.415527 0.454963 0.0234375 0.0459559
0 0.109131 0.389246 0.0288086 0.0597426
0 0.0222168 0.193474 0.0336914 0.0670956
1 0.377441 0.367188 0.0224609 0.0413603
1 0.689941 0.389706 0.0302734 0.0643382
1 0.825928 0.954504 0.0297852 0.0505515
1 0.189209 0.54136 0.0336914 0.0661765
1 0.394775 0.341912 0.0249023 0.0422794
