1 0.795898 0.926471 0.0234375 0.0477941
0 0.795898 0.92693 0.0234375 0.046875
1 0.30957 0.238051 0.0283203 0.0606618
1 0.109863 0.386949 0.0302734 0.0625
0 0.102295 0.0238971 0.0356445 0.0477941
0 0.839844 0.766085 0.0253906 0.046875
0 0.525146 0.207261 0.0258789 0.046875
0 0.189697 0.542279 0.034668 0.0716912
1 0.840576 0.765625 0.0249023 0.0459559
1 0.102295 0.0248162 0.0336914 0.0496324
1 0.438965 0.880974 0.0302734 0.0597426
0 0.859375 0.0827206 0.0234375 0.0477941
0 0.872559 0.746324 0.0263672 0.0477941
0 0.800049 0.594669 0.027832 0.0514706
0 0.203125 0.957261 0.03125 0.0542279
0 0.259277 0.847886 0.0302734 0.0542279
1 0.828857 0.625 0.0219727 0.0477941
1 0.258789 0.847886 0.0292969 0.0523897
1 0.800781 0.594669 0.0253906 0.0496324
0 0.829102 0.623621 0.0234375 0.0487132
1 0.987549 0.172794 0.0249023 0.0551471
1 0.93457 0.882353 0.0234375 0.0404412
1 0.416016 0.454044 0.0283203 0.0569853
1 0.955566 0.556526 0.0263672 0.0505515
0 0.308594 0.238051 0.0302734 0.0588235
0 0.569824 0.596967 0.0302734 0.0560662
0 0.164795 0.772518 0.0288086 0.0560662
1 0.924316 0.975184 0.0283203 0.0422794
0 0.439453 0.881434 0.0341797 0.0606618
1 0.872559 0.745404 0.0263672 0.0459559
1 0.307373 0.90579 0.0317383 0.0560662
1 0.203613 0.957261 0.03125 0.0560662
1 0.689941 0.389706 0.0302734 0.0661765
1 0.825684 0.952665 0.0263672 0.046875
0 0.0852051 0.238971 0.034668 0.0625
1 0.91626 0.496783 0.0249023 0.046875
0 0.109131 0.388327 0.0307617 0.0615809
0 0.0222168 0.193474 0.0327148 0.0652574
1 0.95459 0.865349 0.0234375 0.0431985
1 0.189209 0.54182 0.0336914 0.0670956
