1 0.387451 0.783088 0.0249023 0.0441176
0 0.858643 0.0845588 0.0200195 0.0459559
0 0.990967 0.415441 0.0180664 0.0367647
1 0.920166 0.97886 0.0327148 0.0422794
1 0.77002 0.753676 0.0273438 0.0441176
0 0.917236 0.493566 0.0249023 0.0441176
1 0.835938 0.866728 0.0185547 0.0367647
1 0.811035 0.116268 0.0205078 0.0450368
1 0.882812 0.242188 0.0214844 0.046875
1 0.792725 0.590533 0.0288086 0.0487132
0 0.171875 0.0225184 0.0273438 0.0413603
1 0.102539 0.380515 0.0302734 0.0588235
1 0.858643 0.251379 0.0219727 0.0395221
0 0.92041 0.980239 0.03125 0.0395221
1 0.0939941 0.0275735 0.0327148 0.0477941
1 0.518311 0.199908 0.0200195 0.0376838
1 0.439453 0.883732 0.0244141 0.0487132
0 0.824951 0.780331 0.0268555 0.0459559
0 0.232422 0.340993 0.0253906 0.0496324
0 0.567139 0.596967 0.0297852 0.0523897
0 0.793213 0.590074 0.0258789 0.0459559
0 0.770996 0.925092 0.0263672 0.0505515
0 0.439697 0.883732 0.0249023 0.0487132
0 0.197754 0.0647978 0.0253906 0.0450368
1 0.756592 0.789522 0.0249023 0.0441176
0 0.784668 0.272059 0.0224609 0.0477941
0 0.810791 0.118566 0.0219727 0.0459559
1 0.197998 0.0643382 0.0258789 0.0441176
1 0.690186 0.386489 0.0288086 0.0579044
0 0.198486 0.95864 0.0317383 0.0533088
1 0.828857 0.623162 0.0219727 0.0477941
1 0.917236 0.492647 0.027832 0.0477941
1 0.83667 0.125 0.0219727 0.0422794
1 0.825928 0.955882 0.0297852 0.0496324
1 0.568359 0.597886 0.0263672 0.046875
0 0.689697 0.387868 0.0288086 0.0588235
1 0.989014 0.173254 0.0219727 0.0487132
1 0.806885 0.30239 0.0219727 0.0441176
0 0.0849609 0.238971 0.03125 0.0551471
0 0.932861 0.880055 0.0249023 0.0450368
0 0.0222168 0.193934 0.027832 0.0533088
1 0.543213 0.0579044 0.0249023 0.0441176
0 0.871826 0.741728 0.0249023 0.0459559
1 0.546387 0.903033 0.0263672 0.0450368
1 0.824951 0.779412 0.0268555 0.0477941
0 0.756592 0.79136 0.0239258 0.0422794
0 0.769775 0.755974 0.0249023 0.0413603
1 0.258789 0.845588 0.0253906 0.0477941
1 0.171387 0.0215993 0.0273438 0.0395221
1 0.393799 0.231618 0.0239258 0.0422794
0 0.826416 0.954044 0.0297852 0.0514706
0 0.208252 0.316636 0.0268555 0.0523897
0 0.102783 0.380515 0.0297852 0.0551471
1 0.770996 0.925092 0.0273438 0.0505515
0 0.828857 0.622243 0.0249023 0.0496324
1 0.934326 0.565257 0.0249023 0.0459559
1 0.566895 0.0840993 0.0244141 0.0431985
1 0.52417 0.268842 0.0229492 0.0413603
1 0.19873 0.95864 0.0292969 0.0496324
0 0.164307 0.770221 0.0297852 0.0514706
1 0.527588 0.310202 0.0209961 0.0413603
1 0.872803 0.73943 0.0249023 0.0487132
1 0.880371 0.827206 0.0234375 0.0459559
1 0.864746 0.859375 0.0234375 0.0459559
1 0.391357 0.871324 0.0229492 0.0496324
1 0.979004 0.900735 0.0263672 0.0496324
1 0.410645 0.914522 0.0224609 0.0422794
1 0.415283 0.457721 0.0258789 0.0477941
1 0.311035 0.245404 0.0283203 0.0459559
1 0.192383 0.539982 0.03125 0.0579044
1 0.378662 0.368566 0.0258789 0.0459559
1 0.409424 0.340074 0.0249023 0.0441176
