0 0.990967 0.415441 0.0180664 0.0367647
1 0.882812 0.241728 0.0214844 0.0459559
1 0.859375 0.0845588 0.0205078 0.0459559
0 0.543945 0.0588235 0.0234375 0.0404412
1 0.773193 0.924632 0.0288086 0.0514706
0 0.917236 0.494026 0.0249023 0.0450368
0 0.804688 0.30239 0.0214844 0.0441176
1 0.164062 0.772059 0.0292969 0.0551471
1 0.858643 0.254596 0.0200195 0.0404412
1 0.312744 0.892923 0.0268555 0.0487132
1 0.828857 0.623621 0.0219727 0.046875
1 0.93457 0.879596 0.0234375 0.0422794
0 0.544189 0.904412 0.0307617 0.0477941
0 0.825684 0.776654 0.0263672 0.0459559
0 0.258789 0.845588 0.0253906 0.0496324
0 0.689453 0.388327 0.0292969 0.0597426
1 0.0964355 0.0243566 0.0307617 0.046875
1 0.258789 0.845588 0.0253906 0.0477941
1 0.920898 0.978401 0.03125 0.0431985
1 0.543945 0.90579 0.0273438 0.0487132
0 0.199463 0.95864 0.0317383 0.0533088
1 0.104248 0.382812 0.0288086 0.0579044
0 0.77417 0.920956 0.0268555 0.0514706
1 0.917236 0.492647 0.0297852 0.0477941
0 0.567627 0.597426 0.0297852 0.0533088
1 0.824219 0.776195 0.0253906 0.046875
1 0.785156 0.272978 0.0224609 0.0459559
1 0.810791 0.119945 0.0219727 0.0450368
1 0.866455 0.856618 0.0219727 0.0477941
1 0.9375 0.565717 0.0263672 0.046875
1 0.568848 0.597886 0.0273438 0.0487132
0 0.920898 0.980239 0.03125 0.0395221
0 0.563232 0.078125 0.0219727 0.0441176
1 0.879639 0.828125 0.0249023 0.0441176
0 0.933594 0.881434 0.0234375 0.0422794
1 0.989014 0.172335 0.0219727 0.0487132
0 0.438965 0.884651 0.0234375 0.046875
1 0.519531 0.201287 0.0214844 0.0422794
1 0.872803 0.741728 0.0249023 0.0496324
0 0.229248 0.338235 0.0229492 0.0514706
1 0.83667 0.124081 0.0219727 0.0422794
0 0.171631 0.0229779 0.0288086 0.0422794
0 0.0852051 0.238971 0.0317383 0.0551471
1 0.171387 0.0220588 0.0283203 0.0422794
0 0.796387 0.592831 0.0244141 0.0459559
1 0.199219 0.95864 0.0292969 0.0496324
0 0.104736 0.382353 0.0297852 0.0551471
0 0.757324 0.788143 0.0234375 0.0431985
0 0.0219727 0.193934 0.0302734 0.0588235
1 0.410645 0.907629 0.0224609 0.046875
1 0.524902 0.270221 0.0224609 0.0404412
0 0.193604 0.0602022 0.0288086 0.0505515
0 0.164795 0.77114 0.0288086 0.0496324
1 0.528076 0.310202 0.0209961 0.0395221
1 0.804688 0.301471 0.0234375 0.0459559
0 0.871826 0.744026 0.0268555 0.046875
1 0.391602 0.871783 0.0234375 0.0487132
0 0.828857 0.623162 0.0249023 0.0477941
0 0.769531 0.764246 0.0253906 0.0413603
1 0.690186 0.386949 0.0307617 0.0606618
0 0.210205 0.318934 0.0249023 0.0533088
0 0.826416 0.954044 0.0297852 0.0514706
1 0.311523 0.244945 0.0273438 0.046875
1 0.414795 0.455882 0.0239258 0.0441176
1 0.97583 0.893382 0.0268555 0.0459559
1 0.392822 0.233915 0.0258789 0.046875
1 0.378418 0.368566 0.0253906 0.0459559
1 0.408691 0.339614 0.0234375 0.0450368
1 0.189697 0.54182 0.0307617 0.0579044
