0 0.858643 0.0845588 0.0219727 0.0459559
0 0.784424 0.923254 0.0307617 0.046875
1 0.78418 0.924173 0.0273438 0.046875
1 0.810791 0.120404 0.0219727 0.0477941
0 0.310303 0.898438 0.0307617 0.0542279
0 0.534912 0.919118 0.0297852 0.0496324
0 0.567871 0.596967 0.0302734 0.0560662
0 0.101074 0.0225184 0.0341797 0.0450368
0 0.810791 0.118107 0.0239258 0.0487132
0 0.922852 0.976562 0.03125 0.046875
1 0.835938 0.12454 0.0234375 0.0450368
1 0.922852 0.976103 0.03125 0.0441176
0 0.189453 0.540901 0.0341797 0.0689338
0 0.798584 0.595129 0.027832 0.0487132
1 0.569092 0.596507 0.027832 0.0496324
1 0.202393 0.957261 0.0307617 0.0542279
1 0.310547 0.240809 0.03125 0.0533088
1 0.799805 0.594669 0.0273438 0.0496324
0 0.966553 0.874081 0.0249023 0.0496324
0 0.310059 0.23989 0.03125 0.0533088
1 0.945312 0.560662 0.0283203 0.0477941
1 0.966309 0.87546 0.0234375 0.046875
0 0.438232 0.882353 0.0327148 0.0551471
1 0.98877 0.172335 0.0224609 0.0505515
0 0.828857 0.623621 0.0249023 0.0487132
1 0.529053 0.308824 0.0219727 0.0404412
0 0.830566 0.771599 0.03125 0.0560662
1 0.828857 0.625 0.0219727 0.0477941
1 0.527588 0.272059 0.0219727 0.0386029
1 0.415039 0.454963 0.0234375 0.0459559
0 0.872559 0.746324 0.0283203 0.0496324
0 0.826416 0.953585 0.0297852 0.0523897
0 0.0847168 0.238511 0.0356445 0.0579044
1 0.917236 0.494026 0.0249023 0.0505515
1 0.385742 0.253217 0.0283203 0.046875
0 0.934326 0.883272 0.0249023 0.0422794
0 0.20166 0.957261 0.0283203 0.0487132
1 0.377441 0.367188 0.0244141 0.0431985
0 0.258789 0.847426 0.0273438 0.0514706
0 0.108887 0.389246 0.0292969 0.0615809
0 0.165039 0.773438 0.0273438 0.0523897
1 0.395752 0.340074 0.0249023 0.0422794
1 0.189209 0.542279 0.034668 0.0661765
0 0.0222168 0.193015 0.0336914 0.0661765
1 0.825928 0.954044 0.0297852 0.0514706
1 0.689941 0.389706 0.03125 0.0643382
