1 0.388672 0.669577 0.0185547 0.0431985
1 0.140869 0.598805 0.0229492 0.0487132
0 0.834473 0.863051 0.0185547 0.0386029
1 0.612061 0.0128676 0.0258789 0.0257353
1 0.587158 0.365349 0.0209961 0.0321691
1 0.381836 0.786765 0.0214844 0.0404412
1 0.0310059 0.411305 0.0180664 0.0358456
0 0.787598 0.59329 0.0263672 0.0450368
1 0.825928 0.802849 0.0249023 0.0505515
0 0.776367 0.715993 0.0234375 0.0441176
1 0.805908 0.1875 0.019043 0.0367647
1 0.825928 0.955882 0.0297852 0.0496324
0 0.880371 0.824908 0.0234375 0.046875
0 0.82666 0.80239 0.0263672 0.0514706
1 0.879639 0.825368 0.0249023 0.0441176
1 0.857666 0.862592 0.0249023 0.0450368
1 0.756836 0.924632 0.03125 0.0514706
0 0.877441 0.722886 0.0263672 0.046875
1 0.681152 0.100643 0.0244141 0.0413603
1 0.0246582 0.4375 0.0209961 0.0349265
0 0.828857 0.621783 0.0249023 0.0487132
1 0.916992 0.492647 0.0234375 0.0477941
1 0.740967 0.160846 0.0229492 0.0404412
0 0.756104 0.924173 0.0297852 0.0487132
1 0.828857 0.622243 0.0219727 0.0459559
0 0.912354 0.982996 0.0297852 0.0340074
1 0.534424 0.330882 0.0239258 0.0441176
0 0.565918 0.601103 0.0273438 0.0477941
1 0.379395 0.68796 0.0205078 0.0413603
1 0.0810547 0.234835 0.0273438 0.0487132
0 0.755615 0.789522 0.0249023 0.0422794
1 0.439941 0.88511 0.0263672 0.0459559
0 0.825684 0.954963 0.0283203 0.0496324
1 0.0187988 0.195772 0.0258789 0.0514706
1 0.731689 0.116728 0.0219727 0.0422794
1 0.556641 0.883272 0.0263672 0.0441176
1 0.856934 0.253676 0.0234375 0.0422794
1 0.679443 0.0606618 0.0219727 0.0386029
1 0.92749 0.856618 0.0249023 0.0477941
1 0.25708 0.84421 0.0249023 0.0450368
1 0.527344 0.0680147 0.0263672 0.0441176
1 0.929688 0.56296 0.0253906 0.0450368
1 0.0905762 0.0307904 0.0336914 0.0487132
1 0.406738 0.537684 0.0234375 0.0404412
1 0.31958 0.162684 0.0200195 0.0459559
1 0.838379 0.12454 0.0234375 0.0431985
1 0.690674 0.384651 0.0268555 0.046875
1 0.237793 0.715074 0.0244141 0.0441176
1 0.172363 0.019761 0.0292969 0.0395221
1 0.0146484 0.981618 0.0253906 0.0367647
1 0.88208 0.0863971 0.0200195 0.0422794
1 0.0983887 0.361213 0.0249023 0.0477941
1 0.14502 0.588235 0.0205078 0.0441176
1 0.10083 0.523897 0.0249023 0.0477941
1 0.571289 0.10386 0.0234375 0.0441176
1 0.858643 0.0840993 0.0200195 0.0431985
1 0.371094 0.539522 0.0253906 0.0459559
1 0.391846 0.874081 0.0229492 0.0496324
1 0.0942383 0.601562 0.0234375 0.0450368
1 0.988281 0.174632 0.0214844 0.0496324
1 0.197021 0.945312 0.027832 0.0487132
1 0.525146 0.268382 0.0249023 0.0477941
1 0.809082 0.119026 0.0224609 0.0431985
1 0.208984 0.0799632 0.0253906 0.0477941
1 0.414062 0.457261 0.0253906 0.0450368
1 0.401855 0.213235 0.0234375 0.0459559
1 0.132324 0.608456 0.0205078 0.0422794
1 0.593262 0.292279 0.0234375 0.0441176
1 0.196777 0.529871 0.0234375 0.0431985
1 0.897705 0.106158 0.0219727 0.0450368
1 0.334961 0.182904 0.0214844 0.0459559
1 0.786133 0.272059 0.0234375 0.0441176
1 0.812012 0.301471 0.0244141 0.0422794
1 0.806396 0.209559 0.0219727 0.0386029
1 0.506592 0.181985 0.0249023 0.0459559
1 0.98291 0.917739 0.0283203 0.0542279
1 0.187256 0.483915 0.0239258 0.0450368
1 0.410156 0.340074 0.0253906 0.0441176
1 0.37793 0.368107 0.0253906 0.0431985
1 0.15332 0.278493 0.0253906 0.0404412
1 0.584473 0.253676 0.0224609 0.0404412
1 0.1604 0.486213 0.0239258 0.0422794
1 0.164307 0.77068 0.0268555 0.0487132
1 0.417969 0.943474 0.0253906 0.0505515
1 0.0952148 0.814338 0.0273438 0.0514706
1 0.147949 0.235294 0.0253906 0.0441176
1 0.119873 0.821232 0.0249023 0.0487132
1 0.23877 0.345588 0.0283203 0.0514706
1 0.3125 0.247243 0.0253906 0.0459559
1 0.205078 0.314338 0.0244141 0.0477941
1 0.230713 0.761949 0.0249023 0.0459559
