1 0.882812 0.241728 0.0205078 0.0459559
0 0.990967 0.415441 0.0180664 0.0367647
1 0.835938 0.867647 0.0185547 0.0386029
0 0.806641 0.304688 0.0214844 0.0450368
1 0.920166 0.97886 0.0327148 0.0422794
1 0.312256 0.891544 0.027832 0.0514706
0 0.858643 0.0840993 0.0200195 0.0450368
1 0.858643 0.254596 0.0200195 0.0404412
0 0.916992 0.493107 0.0234375 0.0431985
1 0.810059 0.116268 0.0205078 0.0450368
1 0.0942383 0.0266544 0.0332031 0.0477941
0 0.92041 0.979779 0.03125 0.0404412
1 0.197998 0.0634191 0.0258789 0.0459559
0 0.171875 0.0225184 0.0273438 0.0413603
1 0.917236 0.492188 0.027832 0.046875
0 0.810791 0.118566 0.0219727 0.0459559
0 0.198486 0.95864 0.0317383 0.0533088
0 0.566895 0.0854779 0.0224609 0.0422794
0 0.825684 0.779412 0.0263672 0.0459559
0 0.567627 0.596967 0.0288086 0.0523897
1 0.83667 0.125 0.0219727 0.0422794
1 0.828857 0.623621 0.0219727 0.046875
0 0.771484 0.925092 0.0263672 0.0505515
0 0.197754 0.0638787 0.0253906 0.046875
1 0.989014 0.172794 0.0219727 0.0477941
0 0.439453 0.884651 0.0253906 0.0505515
1 0.543213 0.0579044 0.0249023 0.0441176
0 0.232422 0.340074 0.0253906 0.0496324
1 0.566895 0.0836397 0.0234375 0.0422794
1 0.690186 0.386949 0.0288086 0.0569853
0 0.784668 0.272059 0.0224609 0.0477941
0 0.793701 0.591912 0.0268555 0.0477941
1 0.568848 0.598346 0.0273438 0.0477941
1 0.806152 0.30193 0.0224609 0.0450368
0 0.689941 0.388327 0.0283203 0.0579044
0 0.933594 0.880515 0.0234375 0.0441176
1 0.546143 0.903493 0.0258789 0.0459559
1 0.258789 0.845588 0.0253906 0.0477941
1 0.824219 0.779412 0.0263672 0.0477941
1 0.770996 0.925092 0.0273438 0.0505515
0 0.0222168 0.193474 0.027832 0.0523897
1 0.935303 0.565257 0.0249023 0.0459559
0 0.0849609 0.238971 0.03125 0.0533088
1 0.171631 0.0215993 0.0268555 0.0395221
1 0.524658 0.268842 0.0229492 0.0413603
1 0.865723 0.859835 0.0234375 0.046875
0 0.871826 0.742647 0.0249023 0.0459559
1 0.879883 0.827206 0.0234375 0.0459559
1 0.872803 0.73943 0.0249023 0.0487132
1 0.528076 0.310662 0.0219727 0.0404412
1 0.198486 0.95864 0.0288086 0.0496324
0 0.828857 0.623162 0.0249023 0.0477941
1 0.393555 0.232077 0.0244141 0.0431985
0 0.164551 0.770221 0.0292969 0.0514706
0 0.756592 0.790901 0.0239258 0.0413603
0 0.769531 0.757353 0.0253906 0.0404412
0 0.208252 0.317096 0.0268555 0.0514706
0 0.103027 0.380974 0.0273438 0.0523897
0 0.826416 0.954044 0.0297852 0.0514706
1 0.391357 0.871324 0.0229492 0.0496324
1 0.4104 0.913143 0.0219727 0.0431985
1 0.97876 0.899816 0.0249023 0.0496324
1 0.415771 0.457261 0.0249023 0.046875
1 0.311035 0.245404 0.0283203 0.0459559
1 0.191406 0.540901 0.0302734 0.0560662
1 0.378662 0.368107 0.0258789 0.0450368
1 0.408691 0.340074 0.0244141 0.0441176
