0 0.536865 0.443934 0.0170898 0.0330882
0 0.20459 0.704504 0.0205078 0.0376838
0 0.20752 0.851103 0.0175781 0.0367647
0 0.705078 0.263327 0.015625 0.0358456
0 0.514404 0.487592 0.019043 0.0340074
0 0.174805 0.366728 0.0185547 0.0386029
0 0.552002 0.424632 0.0180664 0.0404412
0 0.395752 0.112592 0.0161133 0.0358456
0 0.269775 0.982996 0.0229492 0.0340074
0 0.474365 0.277574 0.0180664 0.0386029
0 0.957031 0.318934 0.0185547 0.0349265
0 0.723877 0.302849 0.0170898 0.0340074
0 0.649658 0.620404 0.019043 0.0459559
0 0.692139 0.738051 0.0180664 0.0422794
0 0.552734 0.517004 0.0205078 0.0395221
