1 0.878906 0.078125 0.0214844 0.0422794
1 0.0522461 0.91682 0.03125 0.0505515
1 0.234375 0.70864 0.0253906 0.0496324
1 0.393799 0.654871 0.0239258 0.0450368
1 0.0065918 0.913143 0.0131836 0.0413603
1 0.652344 0.340074 0.0224609 0.0367647
1 0.327393 0.623621 0.0249023 0.0431985
1 0.838135 0.686121 0.0219727 0.0450368
0 0.710938 0.0183824 0.0214844 0.0275735
0 0.617188 0.983456 0.0253906 0.0330882
1 0.496094 0.933364 0.0214844 0.0413603
1 0.555176 0.309283 0.0205078 0.0358456
0 0.82666 0.826287 0.0234375 0.0422794
0 0.194336 0.91682 0.0253906 0.0413603
0 0.224365 0.794577 0.0288086 0.046875
0 0.652344 0.339614 0.0214844 0.0340074
1 0.782471 0.683824 0.0288086 0.0477941
0 0.327393 0.623162 0.0229492 0.0441176
1 0.799316 0.10386 0.0214844 0.0367647
1 0.210205 0.636029 0.0209961 0.0404412
1 0.695801 0.185202 0.0205078 0.0395221
1 0.672607 0.70864 0.0239258 0.0459559
1 0.69751 0.377757 0.0209961 0.0386029
0 0.839111 0.686581 0.0219727 0.0441176
0 0.498047 0.931526 0.0205078 0.0395221
1 0.0493164 0.118107 0.0273438 0.0413603
0 0.980469 0.444393 0.0205078 0.0431985
1 0.367676 0.794577 0.0224609 0.0395221
0 0.0839844 0.599724 0.0273438 0.0523897
1 0.737061 0.912684 0.0288086 0.0496324
1 0.695312 0.744485 0.0234375 0.0459559
0 0.60083 0.456342 0.0200195 0.0395221
0 0.395508 0.11489 0.0244141 0.0477941
0 0.561035 0.517004 0.0195312 0.0395221
0 0.0732422 0.254596 0.0244141 0.0496324
0 0.756348 0.790441 0.0273438 0.0514706
1 0.297119 0.674632 0.0268555 0.0477941
1 0.686035 0.445312 0.0234375 0.0395221
0 0.560303 0.876838 0.0258789 0.0441176
1 0.258057 0.846967 0.0288086 0.0487132
1 0.0344238 0.408088 0.0258789 0.0477941
1 0.19458 0.917739 0.0258789 0.0450368
0 0.601807 0.0142463 0.0258789 0.0284926
1 0.731689 0.190717 0.0249023 0.0505515
1 0.365234 0.841452 0.0214844 0.0395221
0 0.209961 0.637868 0.0185547 0.0367647
0 0.207764 0.613051 0.0229492 0.0404412
0 0.878906 0.0776654 0.0214844 0.0431985
1 0.0134277 0.97932 0.0268555 0.0413603
1 0.0178223 0.465993 0.0258789 0.0496324
1 0.383789 0.785386 0.0205078 0.0376838
0 0.696045 0.745404 0.0200195 0.0459559
0 0.288574 0.772059 0.0224609 0.0422794
1 0.0837402 0.601562 0.0239258 0.0505515
1 0.702637 0.189338 0.0205078 0.0404412
0 0.0168457 0.465993 0.0268555 0.0551471
0 0.166748 0.772059 0.0219727 0.0477941
1 0.660156 0.011489 0.0214844 0.0229779
1 0.081543 0.715074 0.0224609 0.0404412
1 0.765625 0.0863971 0.0205078 0.0404412
0 0.419189 0.963695 0.027832 0.046875
0 0.463623 0.881893 0.0219727 0.0413603
0 0.666016 0.392923 0.0214844 0.0431985
0 0.606201 0.483456 0.0209961 0.0404412
1 0.419434 0.963235 0.0273438 0.0459559
1 0.175781 0.829504 0.0253906 0.0450368
0 0.616943 0.888327 0.0219727 0.0431985
0 0.0141602 0.980699 0.0244141 0.0386029
1 0.168213 0.774357 0.0239258 0.0450368
1 0.878174 0.703585 0.0219727 0.0431985
1 0.908691 0.507353 0.0234375 0.0404412
0 0.639404 0.880515 0.0219727 0.0441176
0 0.0341797 0.409467 0.0253906 0.0505515
0 0.730225 0.189338 0.0249023 0.0477941
0 0.509277 0.0170037 0.0195312 0.0340074
0 0.35791 0.681526 0.0244141 0.0413603
1 0.0515137 0.811581 0.0239258 0.0422794
1 0.12793 0.828585 0.0253906 0.0487132
1 0.206787 0.856158 0.027832 0.0487132
1 0.481201 0.884651 0.0209961 0.0395221
0 0.559082 0.610294 0.0224609 0.0441176
0 0.296875 0.674173 0.0244141 0.046875
1 0.703125 0.0376838 0.0205078 0.0330882
0 0.0102539 0.211397 0.0205078 0.0514706
1 0.832031 0.127757 0.0253906 0.0404412
1 0.763916 0.0431985 0.0209961 0.0404412
1 0.645264 0.387868 0.0229492 0.0441176
1 0.0959473 0.347426 0.0258789 0.0459559
1 0.563965 0.378217 0.0224609 0.0450368
0 0.296143 0.803309 0.0219727 0.0441176
0 0.535645 0.504136 0.0244141 0.0413603
0 0.703857 0.652114 0.0249023 0.046875
1 0.855469 0.679688 0.0214844 0.0431985
1 0.514893 0.683824 0.0288086 0.0477941
1 0.782227 0.589154 0.0273438 0.0422794
1 0.828125 0.625919 0.0214844 0.0459559
1 0.0578613 0.879136 0.0229492 0.0395221
1 0.969482 0.678768 0.0200195 0.0358456
0 0.428955 0.884651 0.0249023 0.0450368
0 0.349121 0.801471 0.0224609 0.0441176
1 0.572266 0.217371 0.0224609 0.0395221
1 0.762207 0.889706 0.0244141 0.0422794
1 0.296875 0.802849 0.0234375 0.0431985
1 0.598389 0.300551 0.0219727 0.0422794
1 0.755859 0.788143 0.0253906 0.0450368
0 0.673096 0.709099 0.0239258 0.0450368
1 0.52002 0.0721507 0.0234375 0.0431985
0 0.782959 0.683364 0.0258789 0.046875
1 0.80249 0.168199 0.0249023 0.0441176
1 0.432373 0.789982 0.0219727 0.0413603
1 0.123047 0.472426 0.0234375 0.0404412
1 0.394531 0.869026 0.0234375 0.0450368
1 0.582764 0.201287 0.0219727 0.0349265
1 0.879639 0.823989 0.0219727 0.046875
1 0.371826 0.536765 0.0249023 0.0477941
0 0.234131 0.709559 0.0249023 0.0441176
1 0.197754 0.358456 0.0244141 0.0441176
1 0.733154 0.0960478 0.0239258 0.0450368
0 0.728516 0.63557 0.0224609 0.0450368
1 0.168945 0.0160846 0.0273438 0.0321691
1 0.991455 0.761489 0.0170898 0.0395221
1 0.446045 0.155331 0.0209961 0.0422794
0 0.737061 0.911305 0.0268555 0.0487132
1 0.131104 0.136949 0.0239258 0.0441176
1 0.394287 0.113971 0.0229492 0.0441176
1 0.0651855 0.905331 0.0239258 0.0441176
1 0.14624 0.588235 0.0239258 0.0477941
1 0.0732422 0.254596 0.0263672 0.0533088
1 0.126465 0.503676 0.0214844 0.0441176
1 0.59668 0.22932 0.0195312 0.0413603
1 0.591309 0.366268 0.0234375 0.0413603
1 0.991455 0.184283 0.0170898 0.0431985
1 0.852295 0.263327 0.0268555 0.0413603
1 0.459961 0.673713 0.0273438 0.0477941
0 0.656006 0.309743 0.0219727 0.0386029
1 0.887695 0.236213 0.03125 0.0477941
1 0.612061 0.252757 0.0219727 0.0404412
0 0.318848 0.87546 0.0253906 0.0487132
1 0.931396 0.33364 0.0219727 0.0422794
1 0.989746 0.127757 0.0185547 0.0422794
0 0.258057 0.847886 0.0249023 0.0431985
1 0.117432 0.159467 0.0239258 0.0450368
1 0.238281 0.0289522 0.0263672 0.0450368
1 0.672607 0.0542279 0.0239258 0.0422794
1 0.914062 0.549632 0.0234375 0.0404412
0 0.529297 0.45818 0.0214844 0.0431985
1 0.40332 0.160386 0.0234375 0.0431985
1 0.941406 0.693015 0.0234375 0.0422794
1 0.409668 0.205882 0.0244141 0.0459559
1 0.776611 0.865349 0.0229492 0.0395221
1 0.1604 0.497243 0.0258789 0.0477941
1 0.911865 0.591452 0.0219727 0.0358456
1 0.406738 0.347426 0.0263672 0.0459559
1 0.833496 0.948529 0.0283203 0.0459559
1 0.992676 0.554228 0.0146484 0.0477941
1 0.943604 0.730699 0.0219727 0.0404412
1 0.0424805 0.931066 0.0234375 0.0441176
1 0.222656 0.0767463 0.0253906 0.0487132
1 0.376465 0.369945 0.0263672 0.0523897
1 0.108887 0.53125 0.0263672 0.0477941
1 0.19751 0.534926 0.0258789 0.0477941
1 0.458984 0.172794 0.0205078 0.0422794
1 0.185059 0.461397 0.0253906 0.0477941
1 0.361084 0.164522 0.0239258 0.0422794
1 0.224121 0.794118 0.0263672 0.0459559
1 0.029541 0.887408 0.027832 0.046875
1 0.458252 0.106618 0.0249023 0.0441176
1 0.22998 0.344669 0.0234375 0.0459559
1 0.0927734 0.035386 0.03125 0.0505515
1 0.855469 0.867647 0.0263672 0.0459559
1 0.0688477 0.799173 0.0234375 0.0450368
1 0.0939941 0.8125 0.0268555 0.0496324
1 0.919678 0.838235 0.0249023 0.0477941
1 0.960938 0.221967 0.0253906 0.0376838
1 0.132568 0.630055 0.0258789 0.0487132
1 0.519287 0.826746 0.0219727 0.0413603
1 0.576904 0.25046 0.0249023 0.0431985
1 0.689209 0.180147 0.0219727 0.0386029
1 0.415771 0.780331 0.0219727 0.0441176
1 0.572266 0.105239 0.0234375 0.0413603
1 0.145508 0.304228 0.0273438 0.0496324
1 0.153809 0.228401 0.0263672 0.0487132
1 0.813232 0.445312 0.0249023 0.0431985
1 0.459717 0.5 0.0249023 0.0422794
1 0.532227 0.338695 0.0234375 0.0431985
1 0.714111 0.479779 0.0258789 0.0459559
1 0.805176 0.23989 0.0253906 0.0422794
1 0.306152 0.118107 0.0253906 0.0450368
1 0.678223 0.137868 0.0263672 0.0496324
1 0.331787 0.201287 0.0249023 0.0441176
1 0.947021 0.316176 0.0249023 0.0441176
1 0.981201 0.736213 0.0219727 0.0386029
1 0.407959 0.537684 0.0258789 0.0459559
1 0.795898 0.402114 0.0234375 0.0431985
0 0.268799 0.984375 0.0268555 0.03125
1 0.498291 0.175092 0.0249023 0.046875
1 0.281494 0.189338 0.0239258 0.0422794
1 0.964844 0.755515 0.0234375 0.0441176
1 0.183594 0.381893 0.0234375 0.0431985
1 0.972656 0.188419 0.0234375 0.0422794
1 0.316406 0.250919 0.0263672 0.0459559
1 0.209961 0.307904 0.0253906 0.0477941
1 0.780029 0.274816 0.0249023 0.0422794
1 0.366211 0.204044 0.0224609 0.0441176
1 0.803711 0.295037 0.0253906 0.0441176
1 0.531738 0.269761 0.0263672 0.046875
1 0.531738 0.804228 0.0244141 0.0422794
1 0.483643 0.134651 0.0249023 0.046875
1 0.918945 0.616728 0.0234375 0.0422794
1 0.413574 0.464154 0.0273438 0.0496324
1 0.986816 0.936581 0.0263672 0.0496324
1 0.441895 0.472426 0.0224609 0.0441176
1 0.267578 0.214614 0.0244141 0.0431985
