1 0.807861 0.988051 0.027832 0.0238971
1 0.804932 0.315257 0.0229492 0.0477941
1 0.856934 0.865349 0.0263672 0.0505515
1 0.589111 0.240809 0.0249023 0.0459559
0 0.678223 0.0597426 0.0224609 0.0404412
1 0.415039 0.45864 0.0273438 0.0441176
1 0.730957 0.105239 0.0283203 0.0505515
0 0.688232 0.727482 0.0200195 0.0450368
0 0.89624 0.106158 0.0219727 0.0431985
0 0.0148926 0.981158 0.0258789 0.0376838
1 0.248291 0.00873162 0.0268555 0.0174632
1 0.55957 0.878217 0.0273438 0.046875
1 0.989014 0.818934 0.0200195 0.0441176
0 0.834473 0.863511 0.0205078 0.0413603
1 0.564453 0.605239 0.0283203 0.0487132
1 0.407471 0.203125 0.0268555 0.0533088
0 0.480713 0.131434 0.0219727 0.0422794
0 0.156494 0.498621 0.0239258 0.046875
1 0.076416 0.244026 0.0297852 0.0505515
0 0.671875 0.714614 0.0214844 0.0395221
0 0.535889 0.490349 0.0229492 0.0413603
0 0.748047 0.922794 0.0253906 0.0441176
1 0.410156 0.340533 0.0273438 0.046875
0 0.406738 0.202665 0.0263672 0.0505515
1 0.0148926 0.980699 0.0249023 0.0386029
1 0.156738 0.497702 0.0234375 0.0450368
1 0.879883 0.824908 0.0234375 0.046875
0 0.739502 0.175092 0.0239258 0.0450368
1 0.739258 0.175092 0.0234375 0.0487132
0 0.535645 0.466452 0.0224609 0.0376838
1 0.853271 0.258732 0.0249023 0.0413603
1 0.46875 0.671415 0.0263672 0.046875
0 0.46875 0.671875 0.0263672 0.0477941
0 0.880371 0.823989 0.0234375 0.046875
1 0.37207 0.538603 0.0253906 0.0477941
0 0.315674 0.88511 0.0249023 0.0459559
0 0.502686 0.674632 0.0249023 0.0514706
1 0.259521 0.846507 0.027832 0.0459559
1 0.913086 0.5 0.0234375 0.0477941
1 0.521484 0.0689338 0.0234375 0.0441176
1 0.481934 0.131434 0.0205078 0.0422794
1 0.381104 0.787224 0.0239258 0.046875
1 0.571045 0.105699 0.0239258 0.0459559
0 0.237305 0.710478 0.0253906 0.0422794
1 0.699219 0.451287 0.0253906 0.0386029
0 0.755615 0.788603 0.0258789 0.0441176
1 0.187744 0.475184 0.0239258 0.0459559
1 0.679688 0.125919 0.0263672 0.0459559
1 0.377686 0.369026 0.0258789 0.0450368
0 0.269043 0.984835 0.0263672 0.0303309
0 0.257812 0.845588 0.0253906 0.0422794
0 0.467529 0.117188 0.019043 0.0413603
1 0.858643 0.082261 0.0200195 0.0413603
0 0.521973 0.0684743 0.0234375 0.0450368
1 0.196533 0.53171 0.0249023 0.0450368
1 0.197021 0.932445 0.0268555 0.0431985
1 0.991699 0.756893 0.0166016 0.0395221
1 0.83667 0.12546 0.0249023 0.0450368
0 0.39209 0.658088 0.0234375 0.0441176
0 0.730469 0.105699 0.0253906 0.0459559
0 0.410156 0.340074 0.0253906 0.0441176
1 0.588623 0.363511 0.0229492 0.0413603
1 0.534668 0.33318 0.0234375 0.0505515
0 0.076416 0.244485 0.0317383 0.0533088
1 0.440918 0.884651 0.0283203 0.046875
1 0.709229 0.473346 0.0219727 0.0386029
1 0.678223 0.0602022 0.0244141 0.0413603
0 0.827393 0.817096 0.0249023 0.0459559
0 0.369873 0.694393 0.0239258 0.0450368
1 0.813232 0.441636 0.0268555 0.0431985
1 0.724609 0.634191 0.0214844 0.0386029
1 0.651855 0.397518 0.0224609 0.0431985
0 0.610352 0.0137868 0.0234375 0.0275735
1 0.312988 0.137408 0.0283203 0.0431985
1 0.0314941 0.409926 0.0249023 0.0441176
1 0.881104 0.0827206 0.0219727 0.0404412
0 0.856201 0.866268 0.0249023 0.0450368
0 0.0151367 0.199908 0.0283203 0.0560662
1 0.0947266 0.352941 0.0273438 0.0477941
1 0.807617 0.11489 0.0234375 0.0422794
1 0.969482 0.740349 0.0219727 0.0413603
1 0.800781 0.410386 0.0234375 0.0376838
0 0.559814 0.880055 0.0268555 0.0450368
1 0.502686 0.675092 0.0258789 0.0505515
1 0.802979 0.171875 0.0239258 0.0422794
1 0.824951 0.954963 0.027832 0.0441176
1 0.784424 0.594669 0.0288086 0.0459559
1 0.829102 0.623162 0.0234375 0.0477941
1 0.922852 0.847886 0.0234375 0.0413603
1 0.148682 0.234375 0.0268555 0.0441176
0 0.299805 0.667279 0.0244141 0.0477941
1 0.0180664 0.448989 0.0244141 0.0487132
1 0.203125 0.851103 0.0253906 0.0441176
1 0.89624 0.105239 0.0219727 0.0413603
1 0.876465 0.717371 0.0263672 0.046875
0 0.322754 0.63557 0.0224609 0.0413603
1 0.14624 0.585478 0.0219727 0.0459559
1 0.925049 0.564338 0.0249023 0.0441176
1 0.0932617 0.814338 0.0273438 0.0514706
0 0.564941 0.605699 0.0263672 0.0477941
1 0.335205 0.188419 0.0258789 0.0477941
1 0.669189 0.392463 0.0219727 0.0422794
1 0.16333 0.772059 0.0249023 0.0477941
1 0.149658 0.297794 0.0268555 0.0441176
1 0.213623 0.0790441 0.0249023 0.0514706
1 0.248291 0.0229779 0.0239258 0.0404412
1 0.570801 0.389246 0.0234375 0.0413603
1 0.0913086 0.0326287 0.0332031 0.0542279
1 0.171875 0.0183824 0.0302734 0.0367647
1 0.981201 0.734375 0.019043 0.0404412
1 0.61084 0.248162 0.0205078 0.0404412
1 0.226318 0.777114 0.0249023 0.046875
1 0.133057 0.61489 0.0229492 0.0441176
1 0.391602 0.875919 0.0244141 0.0496324
1 0.104736 0.527114 0.0249023 0.046875
1 0.126709 0.825827 0.0258789 0.046875
1 0.092041 0.600643 0.0249023 0.0487132
1 0.18042 0.835478 0.0249023 0.0441176
1 0.580566 0.248162 0.0234375 0.0422794
1 0.989746 0.175551 0.0205078 0.0477941
1 0.598145 0.230699 0.0195312 0.0422794
1 0.597168 0.299173 0.0244141 0.0431985
1 0.5271 0.269761 0.0258789 0.0487132
1 0.691406 0.38511 0.0253906 0.0459559
1 0.237793 0.346048 0.0283203 0.0542279
1 0.810791 0.301011 0.0268555 0.0431985
1 0.502686 0.175551 0.0249023 0.0477941
1 0.805664 0.210938 0.0244141 0.0431985
1 0.314941 0.248162 0.0253906 0.0459559
1 0.784424 0.27114 0.0268555 0.0477941
1 0.984375 0.922794 0.0263672 0.0496324
1 0.205322 0.313879 0.0258789 0.0487132
1 0.419434 0.951287 0.0263672 0.0496324
