1 0.204834 0.0758272 0.0258789 0.046875
1 0.101074 0.369945 0.0224609 0.0431985
1 0.803711 0.988051 0.03125 0.0238971
0 0.0854492 0.237592 0.0322266 0.0523897
0 0.928955 0.866728 0.027832 0.0496324
1 0.015625 0.983456 0.0273438 0.0330882
1 0.0200195 0.194393 0.0273438 0.0542279
0 0.0974121 0.528952 0.027832 0.0523897
0 0.0148926 0.984835 0.0297852 0.0303309
1 0.0852051 0.238051 0.0307617 0.0551471
1 0.164551 0.770221 0.0283203 0.0514706
1 0.168457 0.483915 0.0185547 0.0395221
0 0.0922852 0.0294118 0.0341797 0.0477941
1 0.172852 0.0206801 0.0292969 0.0413603
0 0.875 0.725643 0.0263672 0.046875
1 0.197021 0.954504 0.027832 0.046875
0 0.914062 0.982077 0.0292969 0.0358456
1 0.0922852 0.0284926 0.0332031 0.0459559
1 0.858398 0.254136 0.0234375 0.0395221
0 0.020752 0.195772 0.0258789 0.0496324
1 0.835938 0.865349 0.0205078 0.0395221
1 0.928955 0.866268 0.0249023 0.0450368
0 0.197021 0.954963 0.0307617 0.0496324
0 0.163574 0.77068 0.0292969 0.0560662
1 0.257812 0.84329 0.0244141 0.0450368
1 0.882812 0.242647 0.0234375 0.0441176
1 0.917236 0.492647 0.0297852 0.0477941
1 0.771973 0.72932 0.0224609 0.0450368
1 0.829102 0.623162 0.0234375 0.0477941
1 0.931152 0.56296 0.0263672 0.046875
1 0.838379 0.125 0.0234375 0.0477941
1 0.788818 0.592371 0.0258789 0.046875
1 0.552734 0.892463 0.0253906 0.0422794
1 0.097168 0.53079 0.0263672 0.046875
1 0.987793 0.174632 0.0244141 0.0514706
1 0.858643 0.0831801 0.0219727 0.0450368
1 0.512451 0.191636 0.0249023 0.0450368
1 0.440674 0.884651 0.0239258 0.046875
1 0.567139 0.600184 0.0258789 0.0459559
1 0.880615 0.825827 0.0249023 0.046875
1 0.18457 0.486213 0.0214844 0.0422794
1 0.690918 0.386489 0.0263672 0.0487132
1 0.197021 0.53079 0.0239258 0.046875
1 0.82666 0.792739 0.0263672 0.0505515
1 0.860352 0.862592 0.0234375 0.0487132
0 0.204834 0.0753676 0.0258789 0.0477941
1 0.810303 0.119026 0.0229492 0.0450368
1 0.524414 0.268382 0.0234375 0.0422794
1 0.095459 0.590993 0.0258789 0.0477941
1 0.825928 0.955882 0.0297852 0.0496324
1 0.397705 0.220588 0.0219727 0.0441176
1 0.810059 0.300551 0.0253906 0.0459559
1 0.391602 0.872702 0.0224609 0.0487132
1 0.98291 0.913143 0.0283203 0.0523897
1 0.764893 0.924173 0.0268555 0.0560662
1 0.786133 0.271599 0.0234375 0.0487132
1 0.535889 0.0569853 0.0258789 0.0404412
1 0.755859 0.788603 0.0253906 0.0441176
1 0.237793 0.342831 0.0273438 0.0477941
1 0.205811 0.315257 0.0249023 0.0477941
1 0.378174 0.368107 0.0249023 0.0431985
1 0.529297 0.3125 0.0224609 0.0422794
1 0.415283 0.457721 0.0239258 0.0441176
1 0.373047 0.540441 0.0244141 0.0441176
1 0.570801 0.0974265 0.0234375 0.0459559
1 0.41626 0.933364 0.0249023 0.046875
1 0.409668 0.340533 0.0244141 0.0431985
1 0.39917 0.539982 0.0239258 0.0431985
1 0.311523 0.246324 0.0273438 0.0441176
