0 0.838867 0.764706 0.0234375 0.0477941
0 0.924072 0.976562 0.0297852 0.046875
1 0.438965 0.880974 0.0302734 0.0597426
0 0.101807 0.0238971 0.0356445 0.0477941
0 0.93457 0.882812 0.0234375 0.0395221
0 0.189697 0.54182 0.034668 0.0726103
1 0.839844 0.764706 0.0253906 0.0441176
0 0.525391 0.20818 0.0244141 0.046875
1 0.310547 0.240349 0.0292969 0.0597426
0 0.858643 0.0836397 0.0249023 0.0477941
1 0.794189 0.925092 0.0239258 0.0505515
1 0.102295 0.0248162 0.034668 0.0496324
1 0.570068 0.596507 0.0297852 0.0533088
0 0.800049 0.59421 0.027832 0.0523897
0 0.872559 0.745404 0.0263672 0.0477941
0 0.56958 0.597886 0.0327148 0.0560662
1 0.93457 0.881893 0.0234375 0.0395221
1 0.309082 0.904412 0.0302734 0.0551471
1 0.41626 0.454504 0.0297852 0.0579044
0 0.829102 0.623621 0.0234375 0.0487132
1 0.828857 0.625 0.0219727 0.0477941
0 0.202881 0.957261 0.0317383 0.0542279
0 0.258301 0.846967 0.0302734 0.0523897
1 0.801025 0.594669 0.0258789 0.0496324
1 0.987549 0.172794 0.0249023 0.0551471
1 0.924072 0.975643 0.0297852 0.0431985
0 0.308594 0.238511 0.0302734 0.0579044
1 0.872559 0.744485 0.0263672 0.0459559
0 0.439453 0.881434 0.0351562 0.0606618
0 0.0849609 0.238051 0.0361328 0.0588235
1 0.203125 0.95818 0.03125 0.0560662
0 0.164551 0.772518 0.0283203 0.0560662
1 0.953857 0.557445 0.0268555 0.0487132
1 0.956299 0.865809 0.0249023 0.0441176
1 0.916504 0.496324 0.0263672 0.0477941
1 0.825684 0.952665 0.0263672 0.0487132
1 0.689941 0.389246 0.03125 0.0652574
0 0.109131 0.388327 0.0297852 0.0615809
0 0.0224609 0.193015 0.0332031 0.0661765
1 0.189209 0.54182 0.034668 0.0670956
