0 0.662598 0.983456 0.0263672 0.0330882
0 0.660889 0.0133272 0.019043 0.0266544
0 0.755371 0.788143 0.0244141 0.046875
0 0.522461 0.47932 0.0195312 0.0358456
0 0.234131 0.712776 0.0209961 0.0395221
1 0.501953 0.92739 0.0195312 0.0367647
1 0.462891 0.882353 0.0205078 0.0422794
1 0.342773 0.504136 0.0253906 0.0413603
1 0.650879 0.340074 0.0205078 0.0349265
0 0.601562 0.0151654 0.0234375 0.0303309
1 0.175293 0.829963 0.0214844 0.0386029
1 0.601074 0.0147059 0.0224609 0.0294118
0 0.354004 0.84421 0.0205078 0.0376838
0 0.0666504 0.719669 0.0219727 0.0404412
1 0.083252 0.712776 0.0219727 0.0395221
1 0.259277 0.845129 0.0283203 0.046875
0 0.223389 0.795496 0.0249023 0.0431985
1 0.993408 0.316176 0.0131836 0.0441176
0 0.728516 0.634651 0.0214844 0.0431985
0 0.0541992 0.111213 0.0244141 0.0422794
0 0.419434 0.964154 0.0273438 0.0459559
1 0.83667 0.686121 0.0200195 0.0431985
0 0.354004 0.680607 0.0195312 0.0376838
1 0.765137 0.0873162 0.0195312 0.0367647
0 0.602295 0.451746 0.0200195 0.0376838
1 0.814941 0.485754 0.0185547 0.0321691
1 0.126953 0.502757 0.0214844 0.0404412
1 0.0959473 0.344669 0.0249023 0.0422794
1 0.657471 0.307445 0.0200195 0.0413603
1 0.431641 0.793658 0.0205078 0.0413603
0 0.23584 0.0284926 0.0244141 0.0459559
1 0.79834 0.101562 0.0205078 0.0358456
0 0.126709 0.504596 0.0229492 0.0422794
1 0.89209 0.341912 0.0205078 0.0367647
0 0.108887 0.533088 0.0234375 0.0404412
1 0.563721 0.37546 0.0229492 0.0431985
0 0.762451 0.891085 0.0249023 0.0395221
1 0.458984 0.675092 0.0273438 0.0487132
1 0.980469 0.447151 0.0205078 0.0413603
0 0.0581055 0.876379 0.0244141 0.0431985
1 0.424805 0.882353 0.0234375 0.0422794
0 0.0449219 0.931066 0.0214844 0.0386029
0 0.83667 0.6875 0.0200195 0.0422794
1 0.684082 0.444393 0.0234375 0.0395221
1 0.784424 0.680607 0.0258789 0.0487132
1 0.0939941 0.811581 0.0229492 0.0441176
0 0.0935059 0.814338 0.0229492 0.0441176
0 0.209717 0.637408 0.019043 0.0376838
0 0.0830078 0.600184 0.0283203 0.0514706
1 0.365234 0.842831 0.0214844 0.0386029
0 0.557373 0.610754 0.0239258 0.0413603
1 0.878906 0.69807 0.0205078 0.0395221
1 0.195068 0.915441 0.0249023 0.0422794
1 0.207275 0.85432 0.0249023 0.0450368
0 0.0927734 0.0376838 0.0322266 0.0496324
1 0.698975 0.378676 0.0209961 0.0367647
1 0.765137 0.0418199 0.0185547 0.0358456
0 0.463623 0.881434 0.0229492 0.0422794
1 0.0727539 0.255974 0.0263672 0.0523897
1 0.396484 0.866728 0.0224609 0.0422794
1 0.0827637 0.602022 0.0249023 0.0496324
0 0.703125 0.652114 0.0234375 0.0395221
0 0.65625 0.307445 0.0214844 0.0395221
1 0.168701 0.0170037 0.0288086 0.0340074
0 0.509277 0.0170037 0.0195312 0.0340074
1 0.776855 0.861673 0.0234375 0.0431985
0 0.0725098 0.255515 0.0249023 0.0514706
0 0.395508 0.113511 0.0234375 0.046875
1 0.490723 0.941176 0.0205078 0.0367647
0 0.20752 0.608915 0.0224609 0.0395221
1 0.488281 0.360294 0.0244141 0.0404412
0 0.367676 0.795496 0.0214844 0.0413603
1 0.665039 0.392463 0.0195312 0.0404412
1 0.728027 0.632812 0.0224609 0.0450368
0 0.304688 0.118566 0.0263672 0.0477941
1 0.561035 0.300551 0.0185547 0.0367647
0 0.00830078 0.104779 0.015625 0.0477941
1 0.0581055 0.877298 0.0224609 0.0395221
1 0.856201 0.678309 0.0219727 0.0422794
0 0.784668 0.680147 0.0244141 0.0477941
0 0.424805 0.882353 0.0234375 0.0422794
1 0.223389 0.795496 0.0239258 0.0413603
0 0.0964355 0.478401 0.0229492 0.0413603
0 0.616455 0.888327 0.0229492 0.0431985
0 0.459229 0.674632 0.0249023 0.0441176
0 0.641357 0.886029 0.0249023 0.0477941
1 0.87793 0.0790441 0.0234375 0.0422794
1 0.394775 0.113511 0.0229492 0.0450368
1 0.305664 0.117188 0.0234375 0.046875
0 0.618164 0.980239 0.0234375 0.0395221
1 0.76709 0.198529 0.0195312 0.03125
1 0.908691 0.509191 0.0234375 0.0367647
0 0.326904 0.623162 0.0219727 0.0441176
1 0.234863 0.0257353 0.0244141 0.0441176
1 0.645264 0.387868 0.0209961 0.0404412
0 0.0361328 0.40625 0.0253906 0.0477941
1 0.852295 0.263327 0.0219727 0.0358456
1 0.0437012 0.931526 0.0219727 0.0376838
1 0.108643 0.532169 0.0249023 0.0441176
1 0.785645 0.0505515 0.0166016 0.0404412
1 0.132812 0.13557 0.0244141 0.0431985
0 0.0656738 0.90579 0.0229492 0.0431985
1 0.838379 0.943474 0.0283203 0.0450368
0 0.606689 0.486213 0.0219727 0.0386029
1 0.851562 0.0818015 0.0214844 0.0404412
0 0.173096 0.786765 0.0200195 0.0404412
1 0.419922 0.963235 0.0273438 0.0441176
1 0.200195 0.360754 0.0234375 0.0413603
1 0.515137 0.684283 0.0273438 0.0450368
1 0.547363 0.317096 0.0224609 0.0367647
1 0.592041 0.368566 0.0219727 0.0404412
1 0.360107 0.160846 0.0229492 0.0422794
1 0.940674 0.693934 0.0219727 0.0386029
0 0.295898 0.676471 0.0214844 0.0514706
1 0.0925293 0.0367647 0.0307617 0.0514706
1 0.729736 0.18796 0.0200195 0.0431985
1 0.0290527 0.889706 0.0249023 0.0459559
0 0.73584 0.910386 0.0234375 0.0450368
1 0.0700684 0.798713 0.0229492 0.0422794
0 0.12793 0.828125 0.0224609 0.0459559
0 0.0170898 0.467371 0.0263672 0.0487132
1 0.828125 0.625919 0.0205078 0.0441176
1 0.755371 0.787684 0.0244141 0.0441176
1 0.223389 0.0772059 0.0239258 0.0459559
1 0.48291 0.884651 0.0224609 0.0431985
0 0.297607 0.805607 0.0209961 0.0395221
1 0.184082 0.459559 0.0224609 0.0441176
1 0.715332 0.482537 0.0244141 0.0422794
1 0.461914 0.49954 0.0234375 0.0395221
1 0.871826 0.26011 0.0219727 0.0349265
0 0.0134277 0.981618 0.0229492 0.0367647
1 0.928955 0.331342 0.0219727 0.0376838
1 0.146973 0.589614 0.0234375 0.0450368
1 0.802246 0.0477941 0.0185547 0.0367647
1 0.833496 0.547335 0.0205078 0.0321691
1 0.991699 0.761489 0.0166016 0.0395221
1 0.118164 0.160386 0.0253906 0.0450368
0 0.536621 0.503676 0.0224609 0.0386029
1 0.881104 0.824908 0.0219727 0.046875
1 0.497803 0.34375 0.0209961 0.0367647
1 0.598389 0.300551 0.0209961 0.0404412
1 0.146484 0.302849 0.0263672 0.0413603
1 0.572754 0.215533 0.0224609 0.0376838
1 0.052002 0.813419 0.0268555 0.0441176
0 0.348145 0.800551 0.0214844 0.0441176
1 0.330322 0.201746 0.0239258 0.0413603
1 0.782471 0.587316 0.0249023 0.0422794
1 0.582764 0.202206 0.0219727 0.0349265
1 0.211426 0.306526 0.0244141 0.0450368
0 0.540283 0.430607 0.0200195 0.0450368
1 0.679443 0.141544 0.0209961 0.0404412
1 0.914062 0.548254 0.0234375 0.0395221
1 0.22876 0.34329 0.0229492 0.0431985
1 0.282471 0.186121 0.0258789 0.0450368
1 0.161865 0.495404 0.0249023 0.0441176
1 0.802246 0.169118 0.0234375 0.0386029
1 0.402832 0.160846 0.0224609 0.0422794
1 0.444824 0.15579 0.0205078 0.0413603
1 0.371094 0.539522 0.0234375 0.0459559
0 0.286621 0.77068 0.0214844 0.0395221
1 0.703613 0.192555 0.0205078 0.0395221
1 0.154541 0.228401 0.0258789 0.0487132
0 0.121338 0.471507 0.0239258 0.0422794
0 0.318848 0.87454 0.0244141 0.046875
1 0.132812 0.631893 0.0244141 0.0450368
1 0.40625 0.346967 0.0253906 0.0450368
1 0.855469 0.867647 0.0253906 0.0477941
0 0.259033 0.846048 0.0249023 0.0413603
1 0.197998 0.535386 0.0258789 0.046875
1 0.367432 0.204963 0.0209961 0.0422794
1 0.572266 0.105239 0.0234375 0.0413603
1 0.688721 0.179228 0.0200195 0.0349265
1 0.910156 0.590533 0.0214844 0.0358456
1 0.919434 0.837316 0.0234375 0.0459559
1 0.415771 0.778493 0.0209961 0.0422794
1 0.758545 0.21829 0.0180664 0.0358456
1 0.410645 0.205423 0.0244141 0.0431985
1 0.805664 0.241728 0.0234375 0.0386029
1 0.460938 0.173713 0.0214844 0.0404412
1 0.94458 0.732537 0.0219727 0.0404412
1 0.596436 0.230699 0.019043 0.0386029
1 0.99292 0.557904 0.0141602 0.0459559
1 0.612061 0.250919 0.0200195 0.0386029
1 0.889648 0.238511 0.0234375 0.0413603
1 0.458984 0.106158 0.0244141 0.0395221
1 0.315918 0.252298 0.0263672 0.0487132
1 0.990479 0.1875 0.0170898 0.0422794
1 0.92041 0.616728 0.0234375 0.0386029
1 0.520264 0.0735294 0.0229492 0.0441176
1 0.832031 0.129596 0.0253906 0.0422794
1 0.407227 0.538143 0.0234375 0.0431985
1 0.575439 0.251379 0.0209961 0.0376838
1 0.497314 0.175092 0.0239258 0.046875
1 0.98999 0.130055 0.0170898 0.0431985
1 0.794434 0.400735 0.0224609 0.0404412
1 0.375488 0.367647 0.0273438 0.0477941
1 0.964844 0.755974 0.0214844 0.0431985
0 0.268555 0.983915 0.0273438 0.0321691
1 0.182129 0.383732 0.0224609 0.0413603
1 0.803223 0.294118 0.0234375 0.0404412
1 0.531006 0.340074 0.0219727 0.0404412
1 0.779785 0.274816 0.0224609 0.0404412
1 0.517822 0.823529 0.0219727 0.0404412
1 0.960938 0.222886 0.0253906 0.0395221
1 0.267578 0.215993 0.0253906 0.0441176
1 0.829834 0.517004 0.0219727 0.0395221
1 0.981201 0.73989 0.0200195 0.0386029
1 0.412842 0.463695 0.0258789 0.0487132
0 0.0102539 0.213235 0.0205078 0.0496324
1 0.483887 0.13511 0.0234375 0.0422794
1 0.97168 0.183824 0.0234375 0.0404412
1 0.94751 0.316176 0.0249023 0.0459559
1 0.532471 0.271599 0.0258789 0.0431985
1 0.814209 0.44807 0.0219727 0.0413603
1 0.532715 0.802849 0.0244141 0.0431985
1 0.441406 0.472426 0.0224609 0.0441176
1 0.987549 0.938879 0.0249023 0.046875
