1 0.853271 0.0795037 0.0219727 0.0395221
1 0.405762 0.174632 0.0244141 0.0533088
0 0.366699 0.793658 0.0224609 0.0395221
0 0.560303 0.875919 0.0249023 0.0459559
1 0.448975 0.159926 0.0170898 0.0367647
1 0.980469 0.188419 0.0263672 0.0459559
1 0.464355 0.880974 0.0205078 0.0376838
1 0.449951 0.512408 0.0209961 0.0395221
0 0.727295 0.634191 0.0229492 0.0477941
0 0.979736 0.442096 0.0219727 0.0441176
1 0.129395 0.137408 0.0234375 0.0413603
1 0.538086 0.501838 0.0234375 0.0441176
0 0.123779 0.476562 0.0229492 0.0431985
1 0.979492 0.443474 0.0234375 0.0431985
1 0.460938 0.153033 0.0205078 0.0376838
0 0.510498 0.0174632 0.0200195 0.0349265
1 0.519775 0.827206 0.0209961 0.0349265
0 0.0332031 0.410386 0.0244141 0.0487132
0 0.560547 0.609375 0.0224609 0.0459559
0 0.535889 0.501838 0.0239258 0.0441176
1 0.360596 0.684283 0.0268555 0.0487132
1 0.914062 0.590074 0.0234375 0.0330882
1 0.0922852 0.0349265 0.03125 0.0533088
0 0.560059 0.516544 0.0205078 0.0386029
0 0.325928 0.627298 0.0249023 0.0450368
1 0.0183105 0.465074 0.0268555 0.0514706
0 0.116699 0.161765 0.0234375 0.0459559
1 0.704346 0.653952 0.0249023 0.046875
0 0.0178223 0.463695 0.027832 0.0560662
0 0.36084 0.684283 0.0263672 0.046875
1 0.123535 0.474265 0.0234375 0.0422794
1 0.269531 0.215533 0.0224609 0.0358456
1 0.117188 0.161765 0.0234375 0.0422794
0 0.0859375 0.600184 0.0244141 0.0496324
0 0.619629 0.983915 0.0273438 0.0321691
0 0.293701 0.801471 0.0229492 0.0367647
0 0.418457 0.962776 0.0283203 0.0487132
1 0.617432 0.886029 0.0219727 0.0404412
1 0.393311 0.657169 0.0249023 0.0459559
1 0.727051 0.63557 0.0224609 0.0431985
0 0.159424 0.499081 0.0229492 0.0441176
0 0.732422 0.186121 0.0234375 0.0450368
0 0.829102 0.825827 0.0234375 0.046875
1 0.6604 0.0128676 0.0209961 0.0257353
0 0.531006 0.460938 0.0249023 0.0450368
1 0.382812 0.787224 0.0214844 0.0395221
1 0.170654 0.0160846 0.027832 0.0321691
1 0.530029 0.808824 0.0229492 0.0386029
0 0.878906 0.0799632 0.0234375 0.0422794
1 0.0856934 0.599724 0.0239258 0.046875
1 0.259277 0.846048 0.0283203 0.0487132
1 0.0327148 0.409926 0.0244141 0.0441176
1 0.604248 0.0147059 0.0249023 0.0294118
1 0.175781 0.827665 0.0263672 0.046875
1 0.0664062 0.799173 0.0234375 0.0395221
1 0.194824 0.922794 0.0253906 0.0459559
1 0.520508 0.0707721 0.0234375 0.0441176
1 0.740234 0.915441 0.0292969 0.0477941
1 0.63501 0.881893 0.0219727 0.0395221
1 0.197266 0.533088 0.0253906 0.0459559
0 0.290039 0.775735 0.0214844 0.0404412
1 0.46167 0.672794 0.0268555 0.0477941
1 0.67334 0.709559 0.0244141 0.0477941
1 0.78125 0.685662 0.0253906 0.0459559
1 0.158936 0.499081 0.0239258 0.0459559
1 0.0949707 0.349265 0.0268555 0.0459559
0 0.351562 0.80239 0.0224609 0.0459559
1 0.731689 0.0988051 0.0249023 0.046875
0 0.19751 0.532169 0.0239258 0.0459559
1 0.989014 0.817555 0.0200195 0.0431985
1 0.695801 0.380974 0.0244141 0.0413603
1 0.706299 0.0248162 0.0219727 0.0404412
1 0.372803 0.535846 0.027832 0.0477941
1 0.827148 0.825827 0.0234375 0.046875
0 0.074707 0.250919 0.0263672 0.0496324
1 0.839844 0.683824 0.0214844 0.0441176
1 0.910156 0.504136 0.0253906 0.0431985
1 0.66748 0.392463 0.0224609 0.0459559
1 0.126709 0.502298 0.0209961 0.0450368
1 0.832764 0.127298 0.0249023 0.0431985
1 0.418457 0.784007 0.0234375 0.0441176
0 0.297852 0.672794 0.0273438 0.0477941
1 0.128662 0.828585 0.0258789 0.0505515
1 0.80249 0.168199 0.0249023 0.0459559
1 0.146484 0.588235 0.0234375 0.0477941
1 0.512939 0.681985 0.0288086 0.0477941
1 0.434814 0.883732 0.0249023 0.046875
1 0.37793 0.371324 0.0273438 0.0514706
1 0.64624 0.389706 0.0249023 0.0441176
1 0.885986 0.237132 0.0327148 0.0496324
0 0.0925293 0.0367647 0.0336914 0.0514706
1 0.766357 0.0845588 0.0209961 0.0404412
1 0.165283 0.772518 0.0249023 0.0487132
1 0.783203 0.592831 0.0253906 0.0441176
1 0.851562 0.262408 0.0263672 0.0413603
1 0.0144043 0.980699 0.0249023 0.0386029
1 0.307861 0.124081 0.0268555 0.0496324
0 0.257568 0.847426 0.0258789 0.0441176
1 0.153076 0.228401 0.027832 0.0505515
1 0.278076 0.194393 0.0219727 0.0376838
1 0.407227 0.345129 0.0273438 0.0450368
0 0.317383 0.879596 0.0253906 0.0459559
1 0.565918 0.383272 0.0244141 0.0441176
1 0.689941 0.444393 0.0244141 0.0413603
1 0.206299 0.855239 0.0288086 0.046875
1 0.94043 0.694853 0.0234375 0.0404412
1 0.612061 0.252757 0.0209961 0.0422794
1 0.755859 0.789062 0.0253906 0.0450368
1 0.186523 0.463695 0.0263672 0.046875
1 0.231689 0.346967 0.0239258 0.0487132
1 0.590088 0.363511 0.0249023 0.0450368
1 0.185059 0.380974 0.0224609 0.0413603
1 0.992676 0.549632 0.0146484 0.0477941
1 0.940674 0.723805 0.0219727 0.0395221
1 0.395264 0.871324 0.0258789 0.0514706
1 0.458252 0.107537 0.0249023 0.0459559
1 0.0932617 0.8125 0.0273438 0.0496324
0 0.269531 0.984375 0.0273438 0.03125
1 0.990967 0.761489 0.0180664 0.0413603
1 0.695557 0.743107 0.0219727 0.0450368
1 0.360352 0.16636 0.0253906 0.0441176
1 0.458252 0.497702 0.0249023 0.0413603
1 0.713135 0.477941 0.0249023 0.0441176
1 0.828125 0.62454 0.0234375 0.0505515
1 0.7771 0.869945 0.0219727 0.0413603
1 0.533936 0.338695 0.0258789 0.0450368
0 0.0112305 0.207721 0.0214844 0.0514706
1 0.802246 0.10386 0.0234375 0.0422794
1 0.854736 0.680607 0.0200195 0.0413603
1 0.597656 0.227941 0.0214844 0.0422794
1 0.109131 0.529871 0.0258789 0.0487132
1 0.879639 0.823989 0.0249023 0.0487132
1 0.408936 0.537684 0.0258789 0.0459559
1 0.598145 0.300551 0.0234375 0.0441176
1 0.577393 0.248621 0.0219727 0.046875
0 0.234619 0.710478 0.0249023 0.0459559
1 0.804688 0.233915 0.0253906 0.0450368
1 0.960938 0.217831 0.0234375 0.0367647
1 0.674561 0.0574449 0.0239258 0.0431985
1 0.806396 0.297335 0.0249023 0.0431985
1 0.197998 0.36443 0.0229492 0.0395221
1 0.972656 0.193015 0.0253906 0.0386029
1 0.814209 0.443015 0.0249023 0.0404412
1 0.762451 0.0473346 0.0219727 0.0413603
1 0.762207 0.883732 0.0234375 0.0376838
1 0.418457 0.960938 0.0283203 0.0487132
1 0.797607 0.404871 0.0239258 0.0413603
1 0.991455 0.177849 0.0170898 0.0431985
1 0.408691 0.204963 0.0263672 0.0477941
1 0.394287 0.115809 0.0229492 0.0441176
1 0.92041 0.840533 0.0263672 0.046875
1 0.678955 0.136029 0.027832 0.0496324
1 0.781494 0.273897 0.0258789 0.0459559
1 0.855469 0.867647 0.0263672 0.0477941
1 0.946045 0.317096 0.0268555 0.0441176
1 0.223877 0.790901 0.0258789 0.046875
1 0.572266 0.104779 0.0244141 0.0422794
1 0.877441 0.709099 0.0234375 0.0431985
1 0.146729 0.303768 0.0258789 0.0487132
1 0.0300293 0.886029 0.0258789 0.0459559
1 0.932861 0.331801 0.0219727 0.0422794
1 0.132812 0.626838 0.0253906 0.0477941
1 0.403076 0.159467 0.0229492 0.046875
1 0.221924 0.0758272 0.0268555 0.0487132
1 0.915527 0.55239 0.0234375 0.0422794
1 0.442627 0.472426 0.0219727 0.0422794
1 0.499268 0.175092 0.0258789 0.046875
1 0.530029 0.269301 0.0239258 0.0459559
1 0.0412598 0.925551 0.0239258 0.0459559
1 0.33252 0.199449 0.0253906 0.0441176
1 0.316406 0.24954 0.0253906 0.0431985
1 0.483154 0.134191 0.0249023 0.0477941
1 0.830566 0.951746 0.0263672 0.046875
1 0.981201 0.733915 0.0219727 0.0395221
1 0.414062 0.463235 0.0263672 0.0496324
1 0.207764 0.308824 0.0239258 0.0459559
1 0.364014 0.203125 0.0219727 0.0404412
1 0.964111 0.753676 0.0249023 0.0441176
1 0.240967 0.0275735 0.0249023 0.0477941
1 0.98584 0.934743 0.0263672 0.0514706
