0 0.784424 0.925092 0.027832 0.0487132
0 0.189697 0.54136 0.034668 0.0698529
1 0.52417 0.210018 0.0180664 0.0413603
0 0.533936 0.918658 0.0307617 0.0487132
1 0.785645 0.926011 0.0263672 0.0487132
0 0.568359 0.596967 0.0302734 0.0560662
0 0.101074 0.0225184 0.0341797 0.0450368
1 0.101318 0.0238971 0.0336914 0.0477941
1 0.963867 0.873621 0.0234375 0.046875
0 0.799316 0.595588 0.0283203 0.0496324
1 0.835205 0.125 0.0219727 0.0441176
0 0.963379 0.867647 0.0283203 0.0496324
0 0.811035 0.118107 0.0234375 0.046875
1 0.810791 0.119945 0.0219727 0.046875
1 0.922607 0.976562 0.0297852 0.0431985
1 0.831299 0.771599 0.0297852 0.0560662
0 0.92334 0.976562 0.03125 0.046875
1 0.109375 0.387408 0.0292969 0.0634191
1 0.310547 0.240349 0.03125 0.0542279
0 0.832031 0.769761 0.0292969 0.0560662
1 0.56958 0.596507 0.027832 0.0496324
1 0.872559 0.745864 0.0283203 0.046875
0 0.828857 0.623621 0.0249023 0.0487132
0 0.826416 0.953585 0.0297852 0.0523897
1 0.202637 0.957261 0.0302734 0.0542279
0 0.439209 0.882353 0.0336914 0.0569853
1 0.946045 0.560202 0.0297852 0.0487132
0 0.30957 0.23989 0.03125 0.0533088
1 0.528076 0.272978 0.0209961 0.0386029
1 0.800049 0.594669 0.0268555 0.0496324
0 0.872559 0.746324 0.0283203 0.0477941
1 0.529297 0.306985 0.0224609 0.0441176
1 0.385986 0.255515 0.0258789 0.0477941
0 0.259033 0.846967 0.027832 0.0505515
1 0.917236 0.494026 0.0249023 0.0487132
1 0.988281 0.172335 0.0234375 0.0505515
1 0.828857 0.62454 0.0219727 0.046875
0 0.202148 0.957261 0.0283203 0.0487132
0 0.934326 0.882812 0.0249023 0.0413603
0 0.0849609 0.23943 0.0341797 0.0615809
0 0.164551 0.772518 0.0283203 0.0542279
1 0.415527 0.455423 0.0234375 0.046875
0 0.108887 0.389246 0.0292969 0.0615809
1 0.377686 0.367188 0.0239258 0.0431985
0 0.0222168 0.192555 0.0336914 0.0670956
1 0.395264 0.340074 0.0239258 0.0422794
1 0.689941 0.389706 0.0302734 0.0643382
1 0.825928 0.954504 0.0297852 0.0505515
1 0.189453 0.542279 0.0351562 0.0661765
