1 0.858643 0.255515 0.0200195 0.0404412
1 0.791748 0.589614 0.0288086 0.0487132
1 0.882812 0.241728 0.0205078 0.0459559
1 0.811035 0.116268 0.0205078 0.0431985
0 0.859375 0.0845588 0.0205078 0.0459559
0 0.824951 0.782629 0.027832 0.046875
1 0.77002 0.751379 0.0273438 0.046875
0 0.172119 0.0220588 0.0268555 0.0404412
0 0.916992 0.492647 0.0234375 0.0441176
1 0.547607 0.898897 0.0268555 0.0441176
0 0.92041 0.980699 0.03125 0.0386029
0 0.234131 0.341912 0.0258789 0.0477941
1 0.234375 0.340074 0.0263672 0.0477941
1 0.835938 0.866728 0.0205078 0.0386029
1 0.917236 0.492188 0.027832 0.046875
1 0.806885 0.300551 0.0219727 0.0422794
1 0.0935059 0.027114 0.0327148 0.046875
0 0.567627 0.596967 0.0288086 0.0523897
1 0.83667 0.125 0.0219727 0.0422794
1 0.824951 0.78079 0.027832 0.0505515
0 0.770752 0.924632 0.0268555 0.0514706
0 0.810791 0.118107 0.0219727 0.0450368
0 0.79248 0.590533 0.0263672 0.046875
1 0.989014 0.173254 0.0219727 0.0487132
1 0.825928 0.955882 0.0297852 0.0496324
0 0.198242 0.95864 0.03125 0.0533088
0 0.785889 0.27114 0.0229492 0.0459559
0 0.198975 0.0670956 0.0258789 0.0459559
1 0.756348 0.789522 0.0244141 0.0441176
1 0.828857 0.623621 0.0219727 0.046875
1 0.439453 0.883732 0.0244141 0.0487132
1 0.933594 0.565717 0.0234375 0.046875
1 0.568359 0.598805 0.0263672 0.046875
0 0.689941 0.387408 0.0283203 0.0560662
1 0.518066 0.198989 0.0205078 0.0376838
0 0.0222168 0.194393 0.0268555 0.0523897
1 0.171875 0.0211397 0.0263672 0.0386029
1 0.194336 0.538603 0.0292969 0.0551471
0 0.932129 0.877757 0.0263672 0.0459559
0 0.0852051 0.238511 0.0307617 0.0542279
0 0.756836 0.79136 0.0234375 0.0441176
1 0.258545 0.845129 0.0258789 0.046875
1 0.872559 0.737592 0.0263672 0.0487132
0 0.872803 0.738971 0.0249023 0.0459559
1 0.52417 0.269301 0.0219727 0.0404412
0 0.828857 0.622702 0.0249023 0.0487132
0 0.769775 0.752757 0.0249023 0.0441176
1 0.543457 0.0574449 0.0244141 0.0450368
1 0.198242 0.959559 0.0283203 0.0496324
0 0.102539 0.380055 0.0273438 0.0505515
0 0.208008 0.316636 0.0263672 0.0523897
1 0.770508 0.925092 0.0273438 0.0505515
0 0.826416 0.954504 0.0297852 0.0505515
1 0.527588 0.310202 0.0209961 0.0395221
1 0.394531 0.229779 0.0244141 0.0422794
1 0.567139 0.0850184 0.0239258 0.0431985
1 0.880371 0.826287 0.0234375 0.0459559
0 0.164551 0.770221 0.0292969 0.0514706
1 0.864258 0.861213 0.0234375 0.0459559
1 0.979736 0.902574 0.0268555 0.0514706
1 0.391113 0.872243 0.0234375 0.0496324
1 0.415283 0.457261 0.0249023 0.046875
1 0.411621 0.91636 0.0234375 0.0441176
1 0.312012 0.245864 0.0283203 0.0450368
1 0.409424 0.340074 0.0239258 0.0441176
1 0.378662 0.368107 0.0249023 0.0431985
