0 0.804443 0.111673 0.0219727 0.0431985
0 0.835205 0.127757 0.0249023 0.0386029
1 0.76001 0.0592831 0.0209961 0.0358456
1 0.4104 0.539522 0.0229492 0.0441176
1 0.856934 0.866268 0.0234375 0.0487132
0 0.767578 0.0877757 0.0205078 0.0395221
0 0.726562 0.633732 0.0205078 0.0431985
1 0.414062 0.459559 0.0263672 0.0441176
0 0.196533 0.532629 0.0239258 0.046875
1 0.989014 0.820312 0.019043 0.0413603
0 0.377441 0.369485 0.0244141 0.0441176
0 0.834473 0.863511 0.0205078 0.0395221
0 0.893799 0.119026 0.0219727 0.0395221
1 0.564941 0.607996 0.0283203 0.0487132
1 0.910889 0.49954 0.0249023 0.0431985
0 0.855469 0.0785846 0.0205078 0.0395221
1 0.755859 0.79136 0.0263672 0.0441176
0 0.780518 0.693015 0.0249023 0.0459559
1 0.736328 0.177849 0.0244141 0.0450368
0 0.0141602 0.200827 0.0273438 0.0579044
0 0.729736 0.10386 0.0239258 0.0459559
0 0.441162 0.88557 0.0288086 0.046875
1 0.805664 0.111673 0.0234375 0.0450368
1 0.886719 0.236213 0.0253906 0.0422794
0 0.521484 0.0684743 0.0244141 0.0431985
1 0.380859 0.785386 0.0244141 0.0450368
1 0.710938 0.649357 0.0214844 0.0413603
1 0.746338 0.921415 0.0249023 0.0431985
0 0.755859 0.789062 0.0244141 0.0431985
1 0.0766602 0.244945 0.03125 0.0542279
1 0.879883 0.824449 0.0234375 0.0459559
0 0.880371 0.823529 0.0234375 0.0477941
1 0.409912 0.341452 0.0268555 0.0450368
0 0.746582 0.921875 0.0263672 0.0441176
1 0.64917 0.392463 0.0229492 0.0422794
0 0.408936 0.341912 0.0268555 0.0459559
1 0.377686 0.369485 0.0258789 0.0441176
1 0.730469 0.102941 0.0234375 0.0459559
0 0.392334 0.657169 0.0229492 0.0459559
1 0.780029 0.693015 0.0249023 0.0459559
0 0.608887 0.0133272 0.0224609 0.0266544
1 0.694824 0.446691 0.0234375 0.0404412
0 0.829102 0.821232 0.0234375 0.0431985
0 0.236328 0.710938 0.0253906 0.0431985
1 0.372314 0.538603 0.0258789 0.0477941
1 0.72583 0.633272 0.0219727 0.0422794
1 0.196289 0.532169 0.0244141 0.0459559
1 0.520996 0.0689338 0.0224609 0.0422794
1 0.0136719 0.202206 0.0263672 0.0588235
1 0.259766 0.846967 0.0283203 0.046875
1 0.835938 0.12546 0.0253906 0.0431985
1 0.678223 0.0597426 0.0224609 0.0404412
1 0.440674 0.886029 0.0288086 0.0514706
1 0.876465 0.715074 0.0234375 0.0441176
1 0.588867 0.363971 0.0234375 0.0441176
1 0.571045 0.106158 0.0229492 0.0413603
0 0.535889 0.494945 0.0239258 0.0431985
0 0.258301 0.846507 0.0263672 0.0422794
1 0.311523 0.131434 0.0263672 0.0477941
0 0.690186 0.729779 0.0229492 0.0477941
0 0.55957 0.877757 0.0273438 0.0459559
1 0.992188 0.76057 0.015625 0.0395221
1 0.226318 0.783548 0.027832 0.0487132
1 0.679688 0.130055 0.0263672 0.0431985
0 0.367432 0.690257 0.0239258 0.0477941
1 0.798828 0.409007 0.0214844 0.0367647
0 0.315918 0.882353 0.0253906 0.0477941
0 0.856201 0.866728 0.0249023 0.0459559
1 0.0300293 0.886029 0.0239258 0.0386029
1 0.992188 0.539062 0.0136719 0.046875
1 0.360596 0.181066 0.019043 0.0441176
1 0.462402 0.111213 0.0205078 0.0441176
1 0.813232 0.442096 0.0249023 0.0422794
1 0.534424 0.337776 0.0229492 0.0450368
1 0.710938 0.476562 0.0253906 0.0395221
1 0.0356445 0.914522 0.0234375 0.0349265
1 0.920898 0.845588 0.0234375 0.0404412
0 0.0761719 0.245404 0.0332031 0.0551471
1 0.196777 0.931985 0.0263672 0.0441176
0 0.269531 0.984375 0.0273438 0.03125
0 0.564453 0.607996 0.0253906 0.0487132
0 0.710449 0.649357 0.0224609 0.0395221
0 0.879639 0.082261 0.0219727 0.0395221
1 0.392822 0.875919 0.0268555 0.0533088
1 0.828857 0.62454 0.0219727 0.046875
0 0.466064 0.670496 0.0249023 0.046875
1 0.851562 0.261029 0.0263672 0.0422794
0 0.672607 0.714154 0.0229492 0.0422794
1 0.156494 0.501379 0.0239258 0.046875
1 0.0942383 0.351562 0.0283203 0.0487132
1 0.186523 0.471507 0.0253906 0.0459559
1 0.824951 0.954963 0.0297852 0.0459559
1 0.783691 0.59375 0.0273438 0.0441176
1 0.965576 0.744945 0.0219727 0.0431985
1 0.0144043 0.980699 0.0239258 0.0386029
1 0.668701 0.392463 0.0219727 0.0422794
1 0.921875 0.560202 0.0253906 0.0413603
1 0.803223 0.171875 0.0234375 0.0441176
0 0.53418 0.463235 0.0234375 0.0404412
1 0.0180664 0.457721 0.0234375 0.0477941
0 0.299072 0.668658 0.0268555 0.046875
1 0.151367 0.231618 0.0273438 0.0477941
0 0.506592 0.680147 0.0268555 0.0477941
0 0.324219 0.633732 0.0234375 0.0431985
1 0.171631 0.0179228 0.027832 0.0358456
1 0.570312 0.388327 0.0234375 0.0413603
1 0.203369 0.85386 0.0258789 0.0441176
1 0.611328 0.25 0.0195312 0.0386029
1 0.406982 0.203585 0.0268555 0.046875
1 0.990234 0.176011 0.0195312 0.046875
1 0.0915527 0.0340074 0.0336914 0.0533088
1 0.0314941 0.409926 0.0258789 0.0441176
1 0.598145 0.300092 0.0244141 0.0431985
1 0.163574 0.772059 0.0263672 0.0477941
1 0.235352 0.347426 0.0263672 0.0514706
1 0.145508 0.586857 0.0244141 0.046875
1 0.395508 0.128676 0.0214844 0.0404412
1 0.24585 0.0229779 0.0268555 0.0441176
1 0.691406 0.384651 0.0244141 0.0450368
1 0.106689 0.530331 0.0258789 0.0459559
1 0.147217 0.300551 0.0288086 0.0477941
1 0.579346 0.248621 0.0219727 0.0431985
1 0.127441 0.828125 0.0253906 0.0496324
1 0.597656 0.230239 0.0195312 0.0413603
1 0.48291 0.131434 0.0224609 0.0441176
1 0.21582 0.0776654 0.0253906 0.0487132
1 0.803955 0.223805 0.0229492 0.0431985
1 0.177979 0.832721 0.0258789 0.0441176
1 0.0925293 0.8125 0.0258789 0.0477941
1 0.0913086 0.599724 0.0244141 0.0505515
1 0.334229 0.192096 0.0249023 0.0477941
1 0.501953 0.174632 0.0253906 0.0459559
1 0.418701 0.954963 0.027832 0.0496324
1 0.402588 0.160846 0.0209961 0.0422794
1 0.810303 0.299632 0.0249023 0.0404412
1 0.132568 0.621324 0.0249023 0.0459559
1 0.527832 0.270221 0.0244141 0.0477941
1 0.983643 0.928309 0.0268555 0.0514706
1 0.315186 0.24954 0.0258789 0.046875
1 0.783203 0.271599 0.0263672 0.0450368
1 0.981201 0.734375 0.0200195 0.0404412
1 0.206299 0.313879 0.0258789 0.0487132
