1 0.985107 0.763327 0.0200195 0.0358456
1 0.98999 0.820772 0.0170898 0.0422794
0 0.805176 0.111673 0.0224609 0.0431985
0 0.834229 0.128217 0.0249023 0.0395221
1 0.759766 0.058364 0.0214844 0.0358456
1 0.833496 0.863971 0.0205078 0.0404412
0 0.76001 0.0606618 0.0209961 0.0386029
0 0.726562 0.633732 0.0205078 0.0413603
0 0.767578 0.0877757 0.0205078 0.0395221
1 0.856934 0.866268 0.0234375 0.0487132
1 0.910889 0.49954 0.0249023 0.0431985
0 0.893555 0.119026 0.0234375 0.0395221
1 0.735596 0.179228 0.0249023 0.0459559
0 0.736328 0.178309 0.0224609 0.0477941
0 0.855469 0.078125 0.0205078 0.0386029
1 0.414062 0.459559 0.0263672 0.0459559
1 0.710449 0.648897 0.0224609 0.0404412
1 0.886719 0.236213 0.0253906 0.0422794
0 0.521484 0.0684743 0.0244141 0.0431985
0 0.755859 0.788143 0.0244141 0.0431985
0 0.440918 0.88557 0.0283203 0.046875
1 0.805664 0.111673 0.0234375 0.0450368
1 0.380859 0.785386 0.0244141 0.0450368
0 0.780518 0.692555 0.0249023 0.046875
0 0.880615 0.823529 0.0249023 0.0477941
0 0.408936 0.341452 0.0268555 0.046875
1 0.0766602 0.244945 0.03125 0.0523897
1 0.72998 0.103401 0.0234375 0.0450368
0 0.729492 0.10432 0.0234375 0.0450368
1 0.6521 0.391544 0.0258789 0.0422794
1 0.377441 0.370404 0.0253906 0.0441176
1 0.724854 0.634191 0.0219727 0.0404412
0 0.746582 0.921875 0.0263672 0.0441176
1 0.879883 0.823529 0.0234375 0.0459559
1 0.696045 0.44807 0.0229492 0.0376838
1 0.440674 0.886029 0.0288086 0.0514706
1 0.746338 0.920956 0.0249023 0.0441176
0 0.829102 0.821691 0.0234375 0.0441176
1 0.409912 0.341452 0.0268555 0.0450368
1 0.520996 0.0698529 0.0234375 0.0422794
0 0.236084 0.710938 0.0249023 0.0431985
1 0.835938 0.12546 0.0253906 0.0431985
1 0.259521 0.846967 0.0288086 0.0450368
0 0.608887 0.0137868 0.0224609 0.0275735
1 0.372314 0.538603 0.0268555 0.0477941
1 0.780029 0.692555 0.0249023 0.046875
1 0.677734 0.0597426 0.0234375 0.0404412
1 0.196289 0.53171 0.0244141 0.0450368
0 0.392334 0.65625 0.0249023 0.0477941
1 0.876465 0.715533 0.0234375 0.0431985
0 0.0759277 0.246324 0.0327148 0.0533088
1 0.679199 0.130515 0.0273438 0.0441176
0 0.258057 0.846507 0.0258789 0.0422794
0 0.856201 0.866728 0.0249023 0.0459559
1 0.571045 0.105699 0.0229492 0.0422794
0 0.535889 0.494945 0.0239258 0.0431985
1 0.588867 0.363511 0.0234375 0.0450368
1 0.311035 0.131434 0.0263672 0.0477941
1 0.0144043 0.202206 0.0258789 0.0551471
0 0.690674 0.72932 0.0229492 0.046875
1 0.813232 0.442096 0.0249023 0.0422794
1 0.226318 0.783548 0.027832 0.046875
0 0.55957 0.877757 0.0273438 0.0459559
1 0.798828 0.409007 0.0214844 0.0367647
1 0.53418 0.335938 0.0234375 0.0487132
1 0.991699 0.76057 0.0166016 0.0395221
1 0.851562 0.261489 0.0253906 0.0413603
1 0.462646 0.111213 0.0209961 0.0441176
0 0.269531 0.984375 0.0263672 0.03125
1 0.711426 0.476103 0.0244141 0.0386029
0 0.315918 0.882353 0.0244141 0.0477941
1 0.920898 0.845588 0.0234375 0.0404412
1 0.196777 0.931526 0.0263672 0.0431985
1 0.992188 0.539522 0.015625 0.0459559
1 0.0300293 0.886029 0.0239258 0.0404412
1 0.360596 0.181526 0.019043 0.0450368
1 0.392578 0.875919 0.0263672 0.0533088
0 0.367188 0.690257 0.0234375 0.0477941
1 0.828857 0.625 0.0219727 0.0477941
0 0.879639 0.082261 0.0219727 0.0395221
0 0.710449 0.649816 0.0224609 0.0386029
0 0.672607 0.714154 0.0229492 0.0422794
1 0.668701 0.392004 0.0219727 0.0413603
1 0.0944824 0.351562 0.027832 0.0487132
1 0.156494 0.502298 0.0239258 0.046875
0 0.564209 0.608456 0.0249023 0.0477941
1 0.186523 0.471507 0.0244141 0.0459559
1 0.783691 0.59375 0.0273438 0.0441176
1 0.921875 0.560662 0.0253906 0.0404412
1 0.965576 0.745404 0.0219727 0.0422794
1 0.803467 0.170956 0.0229492 0.0441176
0 0.466064 0.670956 0.0249023 0.0477941
1 0.0361328 0.915441 0.0234375 0.0367647
0 0.506592 0.679688 0.0258789 0.046875
1 0.0144043 0.980699 0.0239258 0.0386029
0 0.53418 0.463235 0.0234375 0.0404412
1 0.824951 0.954963 0.0297852 0.0441176
1 0.204346 0.852941 0.0258789 0.0422794
0 0.299072 0.668658 0.0268555 0.046875
0 0.323975 0.633732 0.0239258 0.0431985
1 0.611816 0.25046 0.0195312 0.0376838
1 0.990234 0.175551 0.0195312 0.0459559
1 0.570312 0.388327 0.0234375 0.0413603
1 0.235107 0.347426 0.0258789 0.0514706
1 0.151367 0.231158 0.0273438 0.0487132
1 0.407471 0.203585 0.0268555 0.046875
1 0.598145 0.300092 0.0244141 0.0431985
1 0.691406 0.38511 0.0244141 0.0441176
1 0.171631 0.0179228 0.0288086 0.0358456
1 0.0180664 0.457721 0.0244141 0.0477941
1 0.395508 0.128676 0.0214844 0.0404412
1 0.145508 0.586857 0.0244141 0.046875
1 0.163574 0.772518 0.0253906 0.046875
1 0.245605 0.0229779 0.0263672 0.0441176
1 0.0913086 0.0349265 0.0351562 0.0551471
1 0.127686 0.828125 0.0258789 0.0496324
1 0.579346 0.248621 0.0229492 0.0431985
1 0.17749 0.831342 0.0239258 0.0413603
1 0.147217 0.300551 0.0288086 0.0477941
1 0.0314941 0.409926 0.0258789 0.0441176
1 0.106934 0.530331 0.0263672 0.0459559
1 0.597656 0.230239 0.0205078 0.0413603
1 0.804932 0.223805 0.0229492 0.0431985
1 0.216309 0.0776654 0.0253906 0.0487132
1 0.482422 0.131434 0.0224609 0.0441176
1 0.0913086 0.600184 0.0244141 0.0496324
1 0.333984 0.192096 0.0253906 0.0477941
1 0.0925293 0.8125 0.0258789 0.0477941
1 0.501709 0.174632 0.0249023 0.0459559
1 0.810303 0.300092 0.0249023 0.0395221
1 0.418701 0.955423 0.027832 0.0487132
1 0.402588 0.160846 0.0209961 0.0422794
1 0.132568 0.621324 0.0249023 0.0459559
1 0.527832 0.270221 0.0244141 0.0477941
1 0.315186 0.249081 0.0268555 0.0477941
1 0.783203 0.27114 0.0263672 0.0441176
1 0.983643 0.928309 0.0268555 0.0514706
1 0.206299 0.31296 0.0258789 0.0487132
1 0.980469 0.734375 0.0205078 0.0404412
