0 0.189697 0.54182 0.034668 0.0707721
0 0.568359 0.596967 0.0302734 0.0579044
0 0.858643 0.0836397 0.0219727 0.0477941
0 0.789795 0.924632 0.0268555 0.0514706
0 0.835938 0.122243 0.0214844 0.0477941
0 0.960938 0.868566 0.0253906 0.0441176
0 0.101562 0.0225184 0.0341797 0.0450368
1 0.834229 0.125 0.0249023 0.0459559
0 0.834229 0.769761 0.0297852 0.0505515
1 0.258545 0.845588 0.0307617 0.0533088
1 0.101807 0.0238971 0.0336914 0.0477941
1 0.109375 0.387408 0.0292969 0.0634191
1 0.83374 0.767463 0.0297852 0.0514706
1 0.788574 0.925092 0.0263672 0.0505515
0 0.922607 0.976103 0.027832 0.0441176
1 0.310303 0.23989 0.0307617 0.0551471
0 0.799316 0.595588 0.0283203 0.0514706
1 0.923584 0.975643 0.0297852 0.0431985
0 0.872559 0.745864 0.0283203 0.0487132
1 0.960938 0.870864 0.0253906 0.0413603
1 0.94751 0.561121 0.0249023 0.046875
0 0.258545 0.846967 0.0297852 0.0523897
1 0.817383 0.119945 0.0234375 0.046875
0 0.817383 0.118566 0.0234375 0.0459559
1 0.56958 0.596967 0.027832 0.0505515
0 0.828857 0.623162 0.0249023 0.0496324
0 0.309814 0.238971 0.0307617 0.0551471
1 0.829102 0.62454 0.0234375 0.0487132
1 0.385254 0.255974 0.0283203 0.0487132
0 0.93457 0.882812 0.0234375 0.0395221
0 0.202393 0.957261 0.027832 0.0505515
1 0.203125 0.95818 0.0302734 0.0542279
1 0.872559 0.745404 0.0283203 0.0477941
1 0.800049 0.595129 0.0268555 0.0505515
1 0.988281 0.172335 0.0234375 0.0505515
0 0.164551 0.772518 0.0283203 0.0560662
0 0.0849609 0.238051 0.0361328 0.0588235
1 0.415527 0.454504 0.0244141 0.046875
0 0.438965 0.881434 0.0341797 0.0569853
1 0.91626 0.495864 0.0249023 0.046875
0 0.108887 0.389706 0.0292969 0.0625
1 0.376953 0.367188 0.0214844 0.0413603
0 0.0222168 0.193474 0.0336914 0.0670956
1 0.825928 0.954504 0.0297852 0.0487132
1 0.392578 0.341452 0.0234375 0.0431985
1 0.689941 0.389246 0.03125 0.0652574
1 0.189209 0.54136 0.034668 0.0661765
