1 0.101318 0.370864 0.0229492 0.0431985
0 0.0148926 0.986213 0.0297852 0.0275735
1 0.204346 0.0758272 0.0258789 0.046875
1 0.169922 0.483915 0.0205078 0.0376838
1 0.804932 0.988051 0.0307617 0.0238971
1 0.0200195 0.194393 0.0273438 0.0542279
0 0.0852051 0.238051 0.0307617 0.0533088
0 0.875 0.726562 0.0263672 0.046875
1 0.0852051 0.238511 0.0297852 0.0542279
0 0.914795 0.982077 0.0297852 0.0358456
0 0.0925293 0.0294118 0.0336914 0.0477941
1 0.875732 0.726103 0.0268555 0.0441176
1 0.882812 0.242647 0.0234375 0.0441176
1 0.858643 0.254596 0.0219727 0.0404412
0 0.020752 0.195312 0.0258789 0.0505515
1 0.172607 0.0206801 0.0288086 0.0413603
1 0.835938 0.865349 0.0214844 0.0413603
0 0.196777 0.955882 0.03125 0.0496324
1 0.0925293 0.0280331 0.0327148 0.0450368
1 0.258057 0.84421 0.0249023 0.0450368
1 0.928955 0.866728 0.0249023 0.0459559
0 0.163574 0.77068 0.0292969 0.0560662
1 0.197021 0.955423 0.027832 0.0487132
1 0.838379 0.12454 0.0234375 0.0487132
1 0.98877 0.173713 0.0224609 0.0514706
1 0.828857 0.623162 0.0219727 0.0477941
1 0.917969 0.493107 0.0292969 0.0487132
1 0.55249 0.893382 0.0258789 0.0422794
1 0.858643 0.0831801 0.0219727 0.046875
1 0.771973 0.729779 0.0224609 0.0441176
1 0.789062 0.592371 0.0253906 0.0450368
1 0.512939 0.192555 0.0249023 0.0450368
1 0.184326 0.486673 0.0209961 0.0413603
1 0.932129 0.56296 0.0283203 0.046875
1 0.097168 0.53079 0.0263672 0.046875
1 0.810303 0.119026 0.0229492 0.0450368
1 0.196777 0.53079 0.0244141 0.046875
1 0.440674 0.884651 0.0239258 0.0487132
0 0.20459 0.0753676 0.0253906 0.0477941
1 0.690918 0.386489 0.0263672 0.0487132
1 0.82666 0.79136 0.0263672 0.0496324
1 0.810059 0.300551 0.0253906 0.0459559
1 0.567139 0.599724 0.0268555 0.046875
1 0.52417 0.268382 0.0239258 0.0422794
1 0.880615 0.825827 0.0249023 0.0487132
1 0.0957031 0.590074 0.0273438 0.0477941
1 0.86084 0.862592 0.0234375 0.0487132
1 0.391602 0.872702 0.0224609 0.0487132
1 0.397461 0.221048 0.0224609 0.0450368
1 0.825928 0.955882 0.0297852 0.0496324
1 0.765137 0.923254 0.0263672 0.0560662
1 0.786133 0.27114 0.0234375 0.0477941
1 0.536377 0.0569853 0.0258789 0.0404412
1 0.98291 0.912684 0.0283203 0.0533088
1 0.237793 0.342371 0.0273438 0.046875
1 0.755859 0.789062 0.0253906 0.0450368
1 0.378418 0.368107 0.0244141 0.0431985
1 0.528809 0.31204 0.0224609 0.0413603
1 0.415283 0.457721 0.0249023 0.0441176
1 0.373291 0.539982 0.0239258 0.0450368
1 0.205566 0.315717 0.0244141 0.046875
1 0.409668 0.340533 0.0244141 0.0431985
1 0.570312 0.0965074 0.0234375 0.0459559
1 0.398926 0.539982 0.0234375 0.0431985
1 0.41626 0.931526 0.0249023 0.046875
1 0.311523 0.245864 0.0273438 0.0450368
