1 0.194092 0.844669 0.0454102 0.0441176
1 0.804932 0.314338 0.0229492 0.0477941
1 0.885986 0.236213 0.027832 0.0422794
0 0.689453 0.729779 0.0214844 0.0441176
1 0.989014 0.818934 0.019043 0.0441176
1 0.747559 0.921875 0.0244141 0.0422794
1 0.534668 0.465533 0.0224609 0.0395221
1 0.731201 0.104779 0.027832 0.0496324
1 0.856934 0.866268 0.0263672 0.0487132
0 0.747803 0.922794 0.0249023 0.0441176
1 0.564453 0.605699 0.0283203 0.0496324
1 0.834473 0.862592 0.0205078 0.0395221
0 0.895264 0.107996 0.0200195 0.0413603
1 0.713867 0.649357 0.0234375 0.0358456
0 0.807129 0.11489 0.0244141 0.0441176
1 0.559814 0.877298 0.0268555 0.0450368
0 0.076416 0.245404 0.0317383 0.0533088
0 0.0148926 0.199908 0.0288086 0.0560662
1 0.739258 0.176011 0.0234375 0.0487132
1 0.536621 0.494026 0.0224609 0.0413603
0 0.755615 0.788603 0.0258789 0.0441176
1 0.755859 0.79136 0.0283203 0.0459559
1 0.857666 0.0818015 0.0219727 0.0404412
0 0.739014 0.175092 0.0239258 0.0450368
0 0.466797 0.115349 0.0195312 0.0395221
0 0.503174 0.676011 0.0249023 0.0505515
1 0.076416 0.244485 0.0297852 0.0514706
1 0.912598 0.50046 0.0234375 0.046875
0 0.237305 0.710938 0.0253906 0.0431985
1 0.409668 0.340533 0.0273438 0.046875
0 0.31543 0.88511 0.0253906 0.0459559
0 0.481689 0.131893 0.0229492 0.0413603
1 0.0148926 0.200368 0.0268555 0.0569853
1 0.807129 0.113971 0.0234375 0.0404412
1 0.881348 0.0818015 0.0205078 0.0404412
1 0.83667 0.125 0.0249023 0.0441176
0 0.536133 0.491268 0.0234375 0.0431985
0 0.879883 0.0840993 0.0234375 0.0395221
0 0.828125 0.818474 0.0263672 0.0431985
0 0.730469 0.105239 0.0253906 0.046875
0 0.856201 0.866728 0.0249023 0.0459559
0 0.535645 0.464154 0.0234375 0.0386029
0 0.257568 0.846507 0.0268555 0.0441176
0 0.521729 0.0684743 0.0249023 0.0450368
1 0.37207 0.538603 0.0263672 0.0496324
1 0.377441 0.369026 0.0263672 0.0450368
1 0.381104 0.787224 0.0239258 0.046875
1 0.852295 0.261029 0.0249023 0.0422794
0 0.409912 0.340074 0.0258789 0.0441176
1 0.259521 0.846967 0.0288086 0.046875
0 0.392334 0.657169 0.0239258 0.0459559
1 0.0144043 0.980699 0.0249023 0.0386029
1 0.688232 0.72932 0.0209961 0.046875
0 0.468018 0.671415 0.0268555 0.0487132
1 0.406738 0.203585 0.0263672 0.0487132
1 0.571045 0.105699 0.0239258 0.0441176
1 0.521484 0.0689338 0.0234375 0.0441176
0 0.369629 0.693015 0.0244141 0.0459559
0 0.269287 0.984375 0.0258789 0.03125
1 0.482178 0.130515 0.0209961 0.0422794
0 0.609863 0.0142463 0.0234375 0.0284926
1 0.534668 0.33364 0.0234375 0.0496324
1 0.678223 0.0602022 0.0244141 0.0413603
1 0.89624 0.107077 0.0219727 0.0395221
1 0.879883 0.824908 0.0234375 0.046875
1 0.651611 0.397518 0.0229492 0.0431985
1 0.992188 0.757812 0.015625 0.0395221
1 0.503662 0.676471 0.0258789 0.0477941
1 0.156494 0.49954 0.0239258 0.0487132
0 0.559814 0.878676 0.0268555 0.0459559
1 0.312744 0.136489 0.027832 0.046875
1 0.196777 0.931985 0.0273438 0.0441176
1 0.440918 0.884651 0.0283203 0.046875
1 0.589844 0.362592 0.0234375 0.0431985
1 0.196045 0.532169 0.0249023 0.0459559
1 0.803711 0.171875 0.0234375 0.0422794
0 0.672363 0.714614 0.0224609 0.0413603
1 0.968018 0.741728 0.0219727 0.0422794
1 0.679199 0.127757 0.0263672 0.0459559
1 0.0944824 0.352482 0.027832 0.0487132
1 0.799805 0.409926 0.0234375 0.0367647
1 0.724609 0.633732 0.0214844 0.0395221
1 0.69751 0.450368 0.0249023 0.0404412
0 0.299805 0.667279 0.0253906 0.0477941
1 0.828857 0.622702 0.0219727 0.046875
0 0.322998 0.63511 0.0229492 0.0422794
1 0.1875 0.473805 0.0244141 0.0450368
1 0.710205 0.471967 0.0239258 0.0413603
1 0.922607 0.846967 0.0249023 0.0413603
1 0.824951 0.954963 0.027832 0.0459559
1 0.203369 0.852022 0.0258789 0.0441176
1 0.784424 0.59421 0.0288086 0.0450368
1 0.813232 0.442096 0.0268555 0.0441176
0 0.564941 0.606158 0.0263672 0.0487132
1 0.876465 0.717831 0.0263672 0.0459559
1 0.924316 0.564338 0.0263672 0.0441176
1 0.248047 0.0229779 0.0234375 0.0404412
1 0.334717 0.189798 0.0258789 0.0487132
1 0.213867 0.0785846 0.0244141 0.0505515
1 0.145996 0.585938 0.0224609 0.046875
1 0.669189 0.392463 0.0229492 0.0422794
1 0.61084 0.248162 0.0205078 0.0404412
1 0.989746 0.175092 0.0205078 0.046875
1 0.39209 0.875919 0.0253906 0.0514706
1 0.570801 0.388787 0.0234375 0.0422794
1 0.171875 0.0183824 0.0302734 0.0367647
1 0.226074 0.778952 0.0253906 0.0487132
1 0.0314941 0.409926 0.0249023 0.0441176
1 0.149658 0.233456 0.027832 0.0441176
1 0.0915527 0.0326287 0.0327148 0.0523897
1 0.580078 0.248162 0.0234375 0.0422794
1 0.14917 0.298713 0.027832 0.0459559
1 0.16333 0.772518 0.0258789 0.046875
1 0.0178223 0.451287 0.0249023 0.0496324
1 0.126709 0.826746 0.0258789 0.0487132
1 0.597656 0.230699 0.0205078 0.0422794
1 0.0927734 0.813879 0.0273438 0.0505515
1 0.597168 0.299173 0.0244141 0.0431985
1 0.237305 0.346048 0.0283203 0.0542279
1 0.179443 0.835478 0.0258789 0.0459559
1 0.5271 0.269761 0.0258789 0.0487132
1 0.811035 0.301471 0.0263672 0.0422794
1 0.804932 0.213235 0.0249023 0.0422794
1 0.691406 0.38511 0.0253906 0.0459559
1 0.104736 0.528493 0.0249023 0.0477941
1 0.502686 0.175551 0.0249023 0.0477941
1 0.092041 0.599265 0.0249023 0.0477941
1 0.783936 0.27114 0.0268555 0.0477941
1 0.981201 0.734835 0.019043 0.0395221
1 0.314697 0.248162 0.0258789 0.0459559
1 0.132812 0.617647 0.0244141 0.0459559
1 0.983643 0.923713 0.0268555 0.0514706
1 0.205566 0.313879 0.0263672 0.0487132
1 0.418945 0.952206 0.0273438 0.0496324
