1 0.805664 0.315257 0.0234375 0.0477941
0 0.474121 0.122702 0.0234375 0.0450368
0 0.197021 0.930147 0.0268555 0.0459559
1 0.589111 0.240349 0.0249023 0.046875
1 0.886719 0.235754 0.0292969 0.0431985
1 0.248291 0.00873162 0.0268555 0.0174632
0 0.678223 0.0592831 0.0224609 0.0395221
0 0.689209 0.72932 0.0209961 0.0431985
1 0.856934 0.866268 0.0263672 0.0505515
0 0.0148926 0.980699 0.0288086 0.0386029
1 0.989014 0.818934 0.019043 0.0441176
1 0.411377 0.539062 0.0268555 0.0431985
1 0.807861 0.988051 0.027832 0.0238971
1 0.415039 0.45864 0.0273438 0.0441176
1 0.564453 0.605239 0.0283203 0.0505515
1 0.834473 0.863511 0.0205078 0.0413603
1 0.534912 0.466452 0.0219727 0.0395221
0 0.481201 0.131434 0.0219727 0.0422794
1 0.755859 0.79136 0.0273438 0.0459559
1 0.714355 0.649357 0.0224609 0.0358456
0 0.747803 0.922794 0.0249023 0.0441176
1 0.559814 0.877298 0.0268555 0.0450368
0 0.536377 0.490809 0.0229492 0.0422794
0 0.536133 0.465533 0.0234375 0.0376838
1 0.0148926 0.200368 0.0268555 0.0569853
0 0.880371 0.823989 0.0234375 0.046875
1 0.0766602 0.244026 0.0302734 0.0505515
1 0.913086 0.5 0.0234375 0.0477941
1 0.730469 0.10386 0.0244141 0.0477941
0 0.409912 0.340533 0.0258789 0.0450368
0 0.468262 0.671415 0.0263672 0.0487132
1 0.687988 0.72886 0.0205078 0.0459559
0 0.31543 0.88511 0.0253906 0.0459559
0 0.503174 0.675092 0.0249023 0.0505515
0 0.521729 0.0680147 0.0249023 0.0441176
0 0.895996 0.106618 0.0205078 0.0422794
1 0.858643 0.0818015 0.0200195 0.0404412
0 0.467285 0.116268 0.0195312 0.0413603
1 0.739014 0.175551 0.0229492 0.0477941
1 0.0144043 0.980699 0.0249023 0.0386029
0 0.739258 0.175551 0.0234375 0.0441176
0 0.237305 0.710478 0.0253906 0.0422794
1 0.881104 0.0827206 0.0219727 0.0404412
0 0.076416 0.244945 0.0317383 0.0523897
0 0.755615 0.788603 0.0258789 0.0441176
0 0.730469 0.105239 0.0244141 0.0450368
1 0.852295 0.26057 0.0249023 0.0413603
1 0.536865 0.493107 0.0219727 0.0395221
1 0.879883 0.824908 0.0234375 0.046875
1 0.381104 0.787224 0.0249023 0.046875
0 0.257568 0.845588 0.0268555 0.0441176
0 0.392578 0.657169 0.0224609 0.0459559
1 0.83667 0.12546 0.0249023 0.0450368
1 0.259521 0.846507 0.0288086 0.0459559
1 0.468262 0.670956 0.0273438 0.0477941
1 0.37207 0.538603 0.0253906 0.0477941
0 0.0151367 0.199908 0.0283203 0.0560662
1 0.4104 0.340533 0.0258789 0.0450368
1 0.570801 0.105699 0.0244141 0.0441176
0 0.827393 0.817555 0.0268555 0.0431985
0 0.880615 0.0836397 0.0219727 0.0386029
0 0.269043 0.984375 0.0263672 0.03125
1 0.807617 0.11489 0.0234375 0.0422794
0 0.369385 0.693474 0.0239258 0.0450368
1 0.156738 0.498621 0.0234375 0.0450368
1 0.197021 0.931985 0.0268555 0.0441176
0 0.856201 0.866728 0.0249023 0.0459559
1 0.89624 0.105239 0.0219727 0.0395221
1 0.992188 0.756893 0.015625 0.0395221
1 0.521484 0.0689338 0.0234375 0.0441176
1 0.678223 0.0602022 0.0244141 0.0413603
1 0.679199 0.126838 0.0263672 0.0459559
1 0.53418 0.334099 0.0234375 0.0487132
1 0.651855 0.397518 0.0224609 0.0431985
1 0.440186 0.886029 0.0288086 0.0496324
0 0.610107 0.0142463 0.0229492 0.0284926
1 0.803711 0.171875 0.0234375 0.0422794
1 0.377686 0.369026 0.0258789 0.0450368
1 0.96875 0.741268 0.0214844 0.0413603
1 0.196045 0.53171 0.0249023 0.0450368
1 0.482178 0.130515 0.0209961 0.0422794
1 0.698486 0.450827 0.0249023 0.0395221
1 0.1875 0.474265 0.0244141 0.0459559
0 0.559814 0.879596 0.0268555 0.0459559
0 0.672119 0.714614 0.0219727 0.0413603
1 0.406494 0.202665 0.0258789 0.0487132
0 0.299561 0.667279 0.0249023 0.0477941
1 0.784424 0.59421 0.027832 0.046875
1 0.724609 0.634651 0.0214844 0.0395221
1 0.829102 0.623162 0.0234375 0.0477941
1 0.3125 0.137408 0.0273438 0.046875
1 0.709717 0.472886 0.0229492 0.0395221
1 0.813232 0.442096 0.0268555 0.0441176
1 0.0944824 0.352482 0.027832 0.0487132
1 0.503174 0.675551 0.0258789 0.0496324
1 0.588867 0.363051 0.0234375 0.0422794
0 0.322754 0.63511 0.0224609 0.0422794
1 0.799805 0.409926 0.0234375 0.0367647
1 0.922852 0.846967 0.0234375 0.0413603
1 0.203125 0.852022 0.0253906 0.0441176
1 0.824951 0.954963 0.027832 0.0441176
1 0.876465 0.716912 0.0263672 0.0459559
1 0.925049 0.564338 0.0268555 0.0441176
0 0.564941 0.605699 0.0263672 0.0477941
1 0.0314941 0.409926 0.0249023 0.0441176
1 0.148926 0.233915 0.0263672 0.0450368
1 0.669189 0.392463 0.0229492 0.0422794
1 0.145996 0.585478 0.0224609 0.0459559
1 0.248047 0.0234375 0.0234375 0.0413603
1 0.213623 0.0790441 0.0249023 0.0514706
1 0.0932617 0.814338 0.0273438 0.0514706
1 0.61084 0.248162 0.0205078 0.0404412
1 0.989746 0.175092 0.0205078 0.046875
1 0.16333 0.772059 0.0258789 0.0477941
1 0.171875 0.0183824 0.0302734 0.0367647
1 0.39209 0.875919 0.0253906 0.0514706
1 0.226074 0.778033 0.0253906 0.046875
1 0.0180664 0.450368 0.0244141 0.0496324
1 0.149414 0.298254 0.0273438 0.0450368
1 0.0913086 0.0326287 0.0332031 0.0542279
1 0.334961 0.188879 0.0263672 0.0487132
1 0.570801 0.389246 0.0234375 0.0413603
1 0.580566 0.248162 0.0224609 0.0422794
1 0.981201 0.734375 0.019043 0.0404412
1 0.126709 0.826746 0.0258789 0.046875
1 0.179932 0.835478 0.0258789 0.0441176
1 0.597656 0.230699 0.0195312 0.0422794
1 0.597168 0.299173 0.0244141 0.0431985
1 0.5271 0.269301 0.0258789 0.0496324
1 0.805664 0.211397 0.0244141 0.0422794
1 0.104492 0.528033 0.0253906 0.046875
1 0.811035 0.301011 0.0263672 0.0431985
1 0.0922852 0.600184 0.0253906 0.0477941
1 0.237549 0.346048 0.027832 0.0523897
1 0.132812 0.616268 0.0234375 0.0450368
1 0.691406 0.38511 0.0253906 0.0459559
1 0.502686 0.175551 0.0239258 0.0477941
1 0.783936 0.27114 0.0268555 0.0477941
1 0.314697 0.248162 0.0258789 0.0459559
1 0.983643 0.922794 0.0268555 0.0514706
1 0.205811 0.313879 0.0258789 0.0487132
1 0.419434 0.952206 0.0263672 0.0496324
