0 0.536865 0.914522 0.0288086 0.0533088
1 0.858643 0.0845588 0.0219727 0.0459559
1 0.311279 0.896599 0.027832 0.0487132
0 0.189697 0.540901 0.0327148 0.0652574
0 0.567871 0.596967 0.0302734 0.0542279
1 0.933594 0.880515 0.0253906 0.0441176
1 0.798584 0.59375 0.0258789 0.0477941
1 0.522705 0.20864 0.019043 0.0404412
1 0.108398 0.387408 0.0292969 0.0615809
1 0.404541 0.886489 0.0209961 0.0413603
1 0.921143 0.978401 0.0327148 0.0431985
0 0.798584 0.595588 0.027832 0.0477941
1 0.568848 0.596507 0.0283203 0.0477941
1 0.390869 0.870404 0.0200195 0.0422794
0 0.920898 0.977941 0.03125 0.0422794
1 0.536865 0.915441 0.0249023 0.0477941
0 0.439209 0.882353 0.0249023 0.0459559
1 0.20166 0.95864 0.0302734 0.0533088
0 0.20166 0.959099 0.0273438 0.0487132
1 0.829102 0.624081 0.0234375 0.0477941
1 0.811279 0.119485 0.0229492 0.0477941
1 0.917236 0.493566 0.0249023 0.0477941
0 0.258545 0.846967 0.0268555 0.0505515
1 0.796387 0.292279 0.0224609 0.0386029
1 0.989014 0.171875 0.0219727 0.0496324
1 0.528564 0.309743 0.0209961 0.0404412
1 0.943848 0.563879 0.0263672 0.046875
1 0.835938 0.12454 0.0234375 0.0450368
0 0.828125 0.772518 0.03125 0.0542279
1 0.786621 0.271599 0.0224609 0.0395221
0 0.933594 0.883272 0.0253906 0.0422794
0 0.828857 0.623162 0.0249023 0.0496324
0 0.0849609 0.23943 0.0341797 0.0615809
1 0.526611 0.270221 0.0209961 0.0404412
0 0.872559 0.745404 0.0263672 0.0496324
0 0.778809 0.921875 0.0302734 0.0496324
0 0.108398 0.388327 0.0283203 0.0597426
0 0.165283 0.772059 0.027832 0.0477941
1 0.415283 0.454963 0.0239258 0.0441176
0 0.0219727 0.193015 0.0332031 0.0643382
1 0.969482 0.881893 0.0268555 0.046875
1 0.311035 0.243107 0.0292969 0.0487132
1 0.388428 0.247243 0.0268555 0.0496324
0 0.826416 0.953585 0.0297852 0.0523897
1 0.189453 0.54182 0.0332031 0.0615809
1 0.377686 0.368566 0.0249023 0.0459559
1 0.4021 0.33364 0.0229492 0.0422794
1 0.689941 0.389706 0.03125 0.0643382
