1 0.324463 0.172794 0.0239258 0.0441176
1 0.314453 0.652114 0.0195312 0.0358456
0 0.85791 0.863511 0.0263672 0.046875
1 0.612061 0.0124081 0.0258789 0.0248162
1 0.140137 0.600184 0.0234375 0.0496324
1 0.587402 0.365349 0.0205078 0.0321691
1 0.381836 0.786765 0.0205078 0.0404412
0 0.834473 0.863511 0.0185547 0.0395221
1 0.576904 0.391544 0.0200195 0.0330882
0 0.776367 0.715074 0.0234375 0.0441176
0 0.44043 0.884651 0.0273438 0.0450368
1 0.389648 0.667739 0.0195312 0.0450368
1 0.302002 0.664982 0.0219727 0.0413603
1 0.681152 0.101103 0.0244141 0.0404412
1 0.825928 0.955882 0.0297852 0.0477941
1 0.806152 0.18704 0.0205078 0.0376838
0 0.787109 0.59375 0.0273438 0.0459559
0 0.556641 0.88511 0.0263672 0.0422794
1 0.85791 0.863051 0.0234375 0.0459559
1 0.740967 0.161765 0.0229492 0.0404412
1 0.879883 0.824449 0.0234375 0.0441176
0 0.880371 0.824908 0.0234375 0.046875
0 0.877441 0.722426 0.0263672 0.0459559
1 0.755615 0.924632 0.0288086 0.0514706
1 0.916992 0.492647 0.0234375 0.0459559
0 0.827393 0.802849 0.0268555 0.0505515
1 0.53418 0.329963 0.0234375 0.0477941
1 0.439453 0.88511 0.0273438 0.0459559
1 0.828857 0.622243 0.0219727 0.0459559
0 0.912354 0.982996 0.0297852 0.0340074
0 0.828857 0.621783 0.0249023 0.0487132
1 0.0800781 0.235294 0.0263672 0.0477941
1 0.731689 0.116728 0.0229492 0.0422794
1 0.556641 0.882353 0.0273438 0.0441176
0 0.755859 0.924173 0.0292969 0.0487132
1 0.03125 0.411305 0.0195312 0.0376838
1 0.856934 0.253217 0.0234375 0.0413603
0 0.825684 0.955423 0.0283203 0.0487132
1 0.406738 0.537684 0.0234375 0.0404412
1 0.5271 0.0680147 0.0258789 0.0441176
1 0.690674 0.384191 0.0268555 0.0477941
0 0.755615 0.789522 0.0249023 0.0422794
1 0.256836 0.84421 0.0253906 0.0450368
1 0.0241699 0.4375 0.0219727 0.0367647
1 0.678955 0.0611213 0.0219727 0.0395221
1 0.929688 0.563419 0.0253906 0.0441176
0 0.565918 0.601103 0.0263672 0.0477941
1 0.838379 0.124081 0.0234375 0.0422794
1 0.237793 0.714614 0.0244141 0.0450368
1 0.92749 0.855699 0.0249023 0.0459559
1 0.0185547 0.195772 0.0253906 0.0514706
1 0.88208 0.0863971 0.0200195 0.0422794
1 0.0908203 0.0317096 0.0332031 0.0487132
1 0.318848 0.162684 0.0195312 0.0459559
1 0.371094 0.539522 0.0253906 0.0459559
1 0.0148926 0.981618 0.0258789 0.0367647
1 0.524902 0.268382 0.0244141 0.0477941
1 0.197021 0.944853 0.027832 0.0477941
1 0.391602 0.873621 0.0234375 0.0505515
1 0.172119 0.0193015 0.0297852 0.0386029
1 0.37915 0.688879 0.0209961 0.0431985
1 0.4021 0.212776 0.0229492 0.0450368
1 0.858643 0.0836397 0.0200195 0.0422794
1 0.571289 0.10386 0.0234375 0.0441176
1 0.10083 0.523897 0.0249023 0.0477941
1 0.145264 0.588235 0.0200195 0.0422794
1 0.414551 0.457261 0.0244141 0.0450368
1 0.809082 0.118566 0.0224609 0.0422794
1 0.594238 0.295956 0.0234375 0.0386029
1 0.09375 0.601562 0.0234375 0.0450368
1 0.097168 0.361673 0.0263672 0.0487132
1 0.209473 0.0795037 0.0253906 0.0487132
1 0.988281 0.174632 0.0214844 0.0496324
1 0.786133 0.272059 0.0234375 0.0441176
1 0.897705 0.105699 0.0219727 0.0441176
1 0.811523 0.30193 0.0234375 0.0413603
1 0.196777 0.530331 0.0234375 0.0422794
1 0.410156 0.340533 0.0253906 0.0450368
1 0.506592 0.181526 0.0258789 0.046875
1 0.583984 0.252298 0.0224609 0.0413603
1 0.98291 0.917739 0.0283203 0.0542279
1 0.13208 0.608915 0.0209961 0.0413603
1 0.80542 0.209559 0.0219727 0.0386029
1 0.37793 0.368107 0.0244141 0.0431985
1 0.120117 0.822151 0.0253906 0.0487132
1 0.153564 0.279412 0.0249023 0.0404412
1 0.418213 0.943474 0.0258789 0.0487132
1 0.334961 0.182445 0.0214844 0.046875
1 0.1875 0.483915 0.0244141 0.0450368
1 0.164307 0.77068 0.0268555 0.0487132
1 0.160156 0.486673 0.0234375 0.0413603
1 0.0949707 0.814338 0.027832 0.0514706
1 0.148193 0.234835 0.0249023 0.0431985
1 0.23877 0.345129 0.0283203 0.0505515
1 0.3125 0.246783 0.0253906 0.0450368
1 0.205322 0.314338 0.0239258 0.0477941
1 0.230225 0.762408 0.0249023 0.046875
