1 0.367676 0.797794 0.0205078 0.0404412
0 0.702881 0.653952 0.0219727 0.0376838
0 0.00683594 0.921875 0.0136719 0.0349265
1 0.195312 0.914522 0.0214844 0.0386029
1 0.182617 0.462316 0.0166016 0.0386029
0 0.520264 0.0730699 0.0209961 0.0376838
1 0.715332 0.483915 0.0263672 0.0450368
0 0.149658 0.392004 0.0180664 0.0358456
0 0.734375 0.908088 0.0205078 0.0386029
1 0.109863 0.534467 0.0224609 0.0376838
0 0.59668 0.231158 0.0195312 0.0395221
0 0.195312 0.913603 0.0214844 0.0367647
1 0.190186 0.4375 0.0200195 0.0367647
0 0.980469 0.446691 0.0205078 0.0404412
0 0.991455 0.122243 0.0141602 0.0514706
1 0.980469 0.446691 0.0205078 0.0404412
0 0.0993652 0.867188 0.019043 0.0340074
0 0.728516 0.125 0.0175781 0.0386029
1 0.878174 0.0772059 0.0200195 0.0404412
1 0.0368652 0.405331 0.0258789 0.0422794
0 0.416504 0.777114 0.0195312 0.0413603
1 0.683838 0.445312 0.0219727 0.0358456
1 0.832764 0.534467 0.0200195 0.0487132
1 0.665039 0.391544 0.0195312 0.0386029
0 0.664795 0.391544 0.0200195 0.0386029
1 0.101074 0.276195 0.0234375 0.0431985
1 0.976562 0.889246 0.0214844 0.0395221
0 0.204102 0.784467 0.0166016 0.0340074
0 0.353027 0.844669 0.0195312 0.0367647
0 0.350586 0.512408 0.0175781 0.0395221
0 0.463135 0.882353 0.0219727 0.0386029
1 0.483154 0.884651 0.0219727 0.0413603
1 0.593018 0.369945 0.0200195 0.0395221
0 0.32959 0.203585 0.0224609 0.0395221
0 0.109619 0.887408 0.0180664 0.0340074
0 0.802246 0.296415 0.0234375 0.0376838
1 0.366211 0.84375 0.0214844 0.0367647
0 0.82251 0.822151 0.0170898 0.0358456
1 0.489746 0.941176 0.0195312 0.0367647
0 0.407959 0.538143 0.0209961 0.0431985
1 0.704102 0.193934 0.0195312 0.0386029
1 0.728516 0.188879 0.0175781 0.0395221
1 0.796875 0.0960478 0.0205078 0.0358456
0 0.459473 0.676471 0.0205078 0.0404412
1 0.0957031 0.344669 0.0234375 0.0404412
0 0.855469 0.868107 0.0253906 0.0395221
0 0.0371094 0.405331 0.0244141 0.0441176
1 0.147217 0.299632 0.0239258 0.0386029
0 0.224609 0.0776654 0.0234375 0.0431985
0 0.660889 0.0137868 0.019043 0.0275735
0 0.0288086 0.892463 0.0224609 0.0422794
1 0.992188 0.30193 0.0136719 0.046875
0 0.652344 0.338235 0.0195312 0.0349265
0 0.0585938 0.873621 0.0224609 0.0395221
0 0.537598 0.505055 0.0224609 0.0340074
0 0.207031 0.607077 0.0214844 0.0413603
0 0.592285 0.370864 0.0185547 0.0395221
0 0.838379 0.6875 0.0185547 0.0404412
0 0.12915 0.191176 0.0209961 0.0367647
0 0.716064 0.483456 0.0229492 0.0404412
0 0.728516 0.631893 0.0224609 0.0450368
1 0.059082 0.875919 0.0214844 0.0367647
1 0.612793 0.25046 0.0205078 0.0358456
0 0.612549 0.250919 0.019043 0.0386029
0 0.108887 0.53171 0.0224609 0.0395221
0 0.155518 0.227941 0.0239258 0.0404412
1 0.419922 0.963235 0.0253906 0.0404412
0 0.634277 0.553309 0.0205078 0.0367647
1 0.394531 0.113511 0.0214844 0.0431985
1 0.0720215 0.256434 0.0249023 0.0496324
0 0.0959473 0.346967 0.0239258 0.0413603
1 0.154785 0.22886 0.0234375 0.0422794
1 0.233887 0.0303309 0.0234375 0.0404412
0 0.563721 0.375 0.0209961 0.0404412
0 0.367676 0.795496 0.0205078 0.0395221
0 0.125488 0.504136 0.0205078 0.0358456
1 0.598389 0.299632 0.0200195 0.0367647
1 0.19873 0.358456 0.0214844 0.0386029
0 0.395996 0.863971 0.0205078 0.0441176
1 0.802979 0.294577 0.0219727 0.0395221
1 0.756348 0.217831 0.0185547 0.0349265
0 0.0656738 0.90579 0.0209961 0.0376838
1 0.941406 0.692096 0.0205078 0.0386029
0 0.304688 0.118566 0.0234375 0.0422794
1 0.572266 0.106618 0.0214844 0.0367647
0 0.556152 0.610294 0.0244141 0.0404412
0 0.045166 0.931066 0.0200195 0.0367647
0 0.174072 0.795956 0.019043 0.0367647
0 0.942139 0.693015 0.0200195 0.0367647
0 0.544434 0.0363051 0.0185547 0.0376838
1 0.360107 0.161305 0.0209961 0.0395221
0 0.920166 0.522518 0.0219727 0.0340074
0 0.0522461 0.813879 0.0214844 0.0395221
1 0.895996 0.341452 0.0185547 0.0376838
0 0.371338 0.540441 0.0200195 0.0441176
1 0.210693 0.304228 0.0219727 0.0422794
1 0.417236 0.777114 0.0209961 0.0450368
0 0.118896 0.160846 0.0229492 0.0404412
1 0.0444336 0.932445 0.0205078 0.0358456
1 0.406982 0.538603 0.0209961 0.0404412
1 0.881104 0.825827 0.0219727 0.0450368
1 0.224365 0.0767463 0.0229492 0.0395221
0 0.510498 0.0165441 0.019043 0.0330882
1 0.329346 0.201746 0.0209961 0.0395221
0 0.828125 0.626838 0.0214844 0.0404412
1 0.785645 0.051011 0.0166016 0.0358456
1 0.0283203 0.892004 0.0214844 0.0431985
0 0.684326 0.444853 0.0219727 0.0349265
0 0.617432 0.97932 0.0209961 0.0376838
0 0.914062 0.55193 0.0205078 0.0340074
0 0.934326 0.48989 0.0219727 0.0367647
0 0.0812988 0.601562 0.0229492 0.0450368
1 0.305908 0.118107 0.0219727 0.0395221
1 0.729004 0.633732 0.0224609 0.0431985
0 0.234375 0.0303309 0.0234375 0.0422794
1 0.0524902 0.813879 0.0229492 0.0395221
0 0.10083 0.275735 0.0219727 0.0422794
0 0.601562 0.0151654 0.0224609 0.0303309
1 0.992188 0.761029 0.015625 0.0404412
0 0.763672 0.894301 0.0224609 0.0386029
0 0.133545 0.134191 0.0219727 0.0404412
0 0.221436 0.797794 0.0229492 0.0367647
0 0.598389 0.300092 0.0200195 0.0376838
0 0.601074 0.450827 0.0195312 0.0358456
1 0.519531 0.0730699 0.0214844 0.0395221
1 0.228516 0.34375 0.0224609 0.0404412
0 0.0722656 0.255974 0.0244141 0.0487132
0 0.785889 0.678309 0.0249023 0.0496324
1 0.889893 0.238051 0.0219727 0.0386029
0 0.514404 0.685662 0.0268555 0.0367647
0 0.688721 0.179688 0.0180664 0.0303309
1 0.779541 0.273897 0.0219727 0.0367647
1 0.562012 0.300551 0.0185547 0.0367647
1 0.146973 0.59329 0.0224609 0.0450368
0 0.754883 0.789062 0.0234375 0.0431985
0 0.207275 0.85432 0.0229492 0.0431985
0 0.645752 0.391085 0.0200195 0.0376838
0 0.0703125 0.797794 0.0205078 0.0404412
0 0.616455 0.888787 0.0229492 0.0422794
1 0.498779 0.341912 0.019043 0.0349265
1 0.839111 0.942555 0.0268555 0.0487132
1 0.92749 0.332721 0.0219727 0.0386029
1 0.489502 0.359835 0.0219727 0.0376838
1 0.85083 0.0827206 0.0219727 0.0404412
1 0.441162 0.471967 0.0219727 0.0413603
1 0.402588 0.160386 0.0219727 0.0376838
1 0.369141 0.20864 0.0195312 0.0386029
0 0.746826 0.717831 0.0200195 0.0349265
0 0.394775 0.113971 0.0229492 0.0441176
1 0.981934 0.744945 0.0205078 0.0431985
0 0.0407715 0.120864 0.0219727 0.0376838
0 0.421875 0.878676 0.0214844 0.0441176
1 0.781982 0.584559 0.0239258 0.0441176
0 0.348145 0.801011 0.0205078 0.0413603
1 0.405762 0.347426 0.0224609 0.0441176
1 0.835205 0.549173 0.0219727 0.0340074
0 0.0551758 0.112592 0.0214844 0.0395221
0 0.880371 0.825827 0.0205078 0.046875
0 0.146973 0.300092 0.0244141 0.0376838
1 0.315186 0.252298 0.0219727 0.0431985
0 0.856201 0.679228 0.0170898 0.0386029
0 0.910156 0.590074 0.0205078 0.0349265
1 0.801514 0.0482537 0.019043 0.0358456
0 0.269287 0.983915 0.0268555 0.0321691
1 0.856201 0.867647 0.0249023 0.0422794
1 0.133057 0.631893 0.0229492 0.0413603
0 0.0107422 0.217831 0.0214844 0.0459559
0 0.642822 0.888327 0.0219727 0.0431985
1 0.463379 0.176011 0.0195312 0.0376838
0 0.360596 0.162224 0.0209961 0.0395221
1 0.570312 0.211857 0.0205078 0.0358456
1 0.546875 0.317096 0.0214844 0.0349265
1 0.411621 0.465074 0.0234375 0.0441176
0 0.921875 0.619945 0.0205078 0.0376838
1 0.198486 0.536765 0.0229492 0.0441176
0 0.168457 0.0165441 0.0244141 0.0330882
0 0.127441 0.828125 0.0205078 0.0422794
0 0.0163574 0.46829 0.0239258 0.0450368
0 0.776367 0.860754 0.0234375 0.0395221
1 0.267578 0.216452 0.0234375 0.0413603
1 0.596436 0.231618 0.019043 0.0367647
1 0.919434 0.836397 0.0234375 0.0441176
1 0.283203 0.184283 0.0234375 0.0431985
1 0.829834 0.516085 0.0219727 0.0395221
1 0.963867 0.755515 0.0234375 0.0441176
1 0.445557 0.155331 0.0219727 0.0367647
1 0.533691 0.802849 0.0234375 0.0413603
1 0.459473 0.106158 0.0224609 0.0358456
1 0.516846 0.82261 0.0209961 0.0422794
1 0.374023 0.363971 0.0244141 0.0422794
0 0.606689 0.488051 0.0209961 0.0367647
0 0.657227 0.303768 0.0195312 0.0358456
1 0.583252 0.200827 0.0209961 0.0340074
1 0.181885 0.38557 0.0219727 0.0395221
0 0.319336 0.87454 0.0234375 0.046875
1 0.530518 0.340074 0.0200195 0.0367647
0 0.09375 0.813879 0.0195312 0.0395221
0 0.259033 0.846048 0.0239258 0.0395221
1 0.411377 0.205423 0.0229492 0.0413603
1 0.575928 0.252757 0.0209961 0.0367647
1 0.990723 0.18704 0.0185547 0.0413603
1 0.987793 0.940717 0.0244141 0.0413603
1 0.832031 0.130974 0.0253906 0.0376838
1 0.94458 0.732996 0.0200195 0.0395221
1 0.497559 0.176471 0.0234375 0.0404412
1 0.793213 0.402574 0.0229492 0.0404412
1 0.814697 0.450368 0.0219727 0.0404412
1 0.98999 0.130515 0.0170898 0.0422794
1 0.532715 0.272518 0.0234375 0.0413603
0 0.0925293 0.0358456 0.0288086 0.0459559
1 0.971924 0.181066 0.0219727 0.0386029
1 0.960938 0.223346 0.0234375 0.0404412
1 0.94751 0.316176 0.0249023 0.0441176
1 0.484131 0.136029 0.0219727 0.0404412
