1 0.384277 0.26011 0.0302734 0.0496324
0 0.838867 0.764706 0.0234375 0.0477941
0 0.924072 0.976562 0.0297852 0.046875
1 0.30957 0.238051 0.0283203 0.0588235
1 0.102051 0.0243566 0.0341797 0.0487132
1 0.839844 0.764706 0.0253906 0.0459559
0 0.93457 0.882812 0.0234375 0.0395221
0 0.101807 0.0229779 0.0356445 0.0459559
0 0.189453 0.542279 0.0351562 0.0716912
0 0.858643 0.0836397 0.0249023 0.0496324
1 0.793945 0.925092 0.0234375 0.0487132
0 0.525391 0.20818 0.0244141 0.046875
0 0.799561 0.59421 0.027832 0.0523897
0 0.872559 0.746324 0.0283203 0.0477941
0 0.56958 0.597886 0.0327148 0.0560662
1 0.309082 0.903952 0.0302734 0.0542279
1 0.93457 0.880974 0.0234375 0.0395221
1 0.828857 0.62454 0.0219727 0.046875
1 0.41626 0.454504 0.0288086 0.0579044
0 0.829102 0.623621 0.0234375 0.0487132
0 0.258301 0.846967 0.0302734 0.0523897
1 0.801025 0.594669 0.0258789 0.0496324
1 0.872559 0.745404 0.0283203 0.0459559
1 0.923584 0.975643 0.0297852 0.0431985
1 0.203613 0.957261 0.03125 0.0560662
0 0.202881 0.957261 0.0288086 0.0505515
0 0.439453 0.880515 0.0341797 0.0588235
1 0.987549 0.173254 0.0249023 0.0560662
0 0.308594 0.238051 0.0302734 0.0569853
0 0.164551 0.772518 0.0283203 0.0560662
1 0.953857 0.557904 0.0268555 0.0496324
1 0.956299 0.86489 0.0249023 0.0441176
0 0.0852051 0.238971 0.034668 0.0625
1 0.91626 0.495864 0.0249023 0.046875
1 0.689941 0.389246 0.0302734 0.0652574
1 0.825684 0.952665 0.0263672 0.0487132
0 0.0222168 0.193015 0.0327148 0.0661765
0 0.109375 0.388327 0.0302734 0.0615809
1 0.189209 0.54182 0.034668 0.0670956
