0 0.911865 0.983915 0.0327148 0.0321691
0 0.654785 0.011489 0.0283203 0.0229779
0 0.314209 0.887408 0.0258789 0.0431985
1 0.406494 0.205882 0.027832 0.0533088
1 0.806885 0.988511 0.0297852 0.0229779
0 0.267578 0.985294 0.0292969 0.0257353
0 0.0151367 0.980699 0.0292969 0.0386029
1 0.681152 0.108915 0.0244141 0.0413603
0 0.678467 0.0602022 0.0219727 0.0413603
1 0.879883 0.824908 0.0234375 0.0450368
1 0.0153809 0.198529 0.0258789 0.0533088
0 0.610596 0.0128676 0.0249023 0.0257353
1 0.588623 0.36443 0.0239258 0.0431985
0 0.0773926 0.241268 0.0307617 0.0505515
1 0.564941 0.60432 0.0263672 0.0431985
1 0.854492 0.256434 0.0234375 0.0422794
1 0.161865 0.769761 0.0268555 0.0505515
0 0.522705 0.0684743 0.0249023 0.046875
1 0.606445 0.244026 0.0195312 0.0376838
1 0.0771484 0.240809 0.0283203 0.0496324
1 0.188232 0.478401 0.0249023 0.046875
1 0.473145 0.670956 0.0224609 0.0477941
0 0.440674 0.884191 0.0297852 0.0514706
0 0.406006 0.204504 0.0258789 0.0505515
0 0.409912 0.340074 0.0258789 0.0459559
0 0.834473 0.862592 0.0205078 0.0413603
0 0.77832 0.705423 0.0234375 0.0431985
0 0.391846 0.658088 0.0219727 0.0441176
0 0.16333 0.772059 0.0258789 0.0477941
1 0.196289 0.938879 0.0263672 0.0450368
0 0.237305 0.711397 0.0253906 0.0422794
1 0.600342 0.231618 0.0200195 0.0386029
1 0.825928 0.955423 0.0297852 0.0487132
1 0.414795 0.45864 0.0268555 0.0441176
0 0.499268 0.672794 0.0229492 0.0496324
0 0.25708 0.844669 0.0258789 0.0441176
0 0.375 0.692555 0.0234375 0.0431985
0 0.588379 0.36443 0.0244141 0.0395221
0 0.825684 0.955423 0.0283203 0.0487132
1 0.829102 0.622243 0.0234375 0.0477941
1 0.534912 0.331342 0.0249023 0.0505515
1 0.0148926 0.981158 0.0258789 0.0376838
0 0.828857 0.621324 0.0268555 0.0514706
1 0.371826 0.539522 0.0258789 0.0477941
1 0.731689 0.107077 0.0239258 0.0487132
1 0.572754 0.390625 0.0224609 0.0386029
1 0.572021 0.102941 0.0258789 0.0477941
0 0.877441 0.720129 0.0283203 0.0487132
1 0.4104 0.340533 0.027832 0.046875
1 0.498535 0.673254 0.0244141 0.0505515
1 0.202393 0.851562 0.0239258 0.0395221
1 0.259277 0.845588 0.0283203 0.0459559
1 0.678955 0.0606618 0.0239258 0.0404412
0 0.196533 0.938419 0.0258789 0.0422794
1 0.197021 0.53079 0.0239258 0.0431985
1 0.652344 0.397518 0.0224609 0.0431985
0 0.751953 0.921875 0.0273438 0.0496324
1 0.740234 0.170956 0.0244141 0.0477941
0 0.300781 0.66636 0.0234375 0.0459559
1 0.439697 0.88557 0.0288086 0.046875
1 0.522217 0.0689338 0.0239258 0.0459559
0 0.473389 0.670496 0.0219727 0.046875
0 0.0170898 0.197151 0.0253906 0.0505515
1 0.928955 0.563879 0.0268555 0.0450368
1 0.380859 0.786765 0.0234375 0.0441176
1 0.751465 0.922794 0.0263672 0.0496324
1 0.124756 0.823529 0.027832 0.0477941
1 0.915771 0.496324 0.0297852 0.0477941
1 0.314941 0.147059 0.0234375 0.0477941
1 0.157471 0.493566 0.0239258 0.0422794
1 0.925781 0.852941 0.0263672 0.0441176
0 0.880371 0.824908 0.0234375 0.0505515
0 0.558838 0.882353 0.0258789 0.0459559
1 0.21167 0.0795037 0.0268555 0.0523897
1 0.838135 0.12454 0.0249023 0.0450368
0 0.785156 0.595129 0.0292969 0.0450368
0 0.857178 0.86443 0.0249023 0.0487132
1 0.0961914 0.355239 0.0263672 0.046875
1 0.132812 0.610294 0.0214844 0.0422794
1 0.667236 0.393842 0.0209961 0.0413603
0 0.56543 0.603401 0.0273438 0.0450368
1 0.151611 0.289982 0.0268555 0.0431985
0 0.826416 0.809743 0.0249023 0.0514706
1 0.596436 0.295956 0.0229492 0.0422794
1 0.0214844 0.445772 0.0224609 0.0422794
1 0.146484 0.585478 0.0205078 0.0441176
0 0.755615 0.788603 0.0249023 0.0441176
1 0.88208 0.0854779 0.0219727 0.0422794
1 0.102783 0.523897 0.0249023 0.0477941
1 0.172119 0.0183824 0.0297852 0.0367647
0 0.320557 0.642923 0.0229492 0.0431985
1 0.0913086 0.0321691 0.0332031 0.0533088
1 0.0932617 0.602022 0.0234375 0.0459559
1 0.0310059 0.410386 0.0239258 0.0431985
1 0.391602 0.875 0.0234375 0.0514706
1 0.858643 0.0831801 0.0200195 0.0431985
1 0.37793 0.368566 0.0253906 0.0441176
1 0.525635 0.268842 0.0258789 0.0487132
1 0.805176 0.177849 0.0224609 0.0413603
1 0.147705 0.234835 0.0268555 0.0431985
1 0.0942383 0.815257 0.0292969 0.0533088
1 0.8125 0.30193 0.0253906 0.0431985
1 0.80835 0.118107 0.0219727 0.0450368
1 0.989014 0.175092 0.0219727 0.0505515
1 0.691162 0.38557 0.0258789 0.046875
1 0.335449 0.184743 0.0253906 0.0459559
1 0.897461 0.106618 0.0234375 0.0441176
1 0.582031 0.246324 0.0234375 0.0422794
1 0.23877 0.346048 0.0283203 0.0523897
1 0.227051 0.77068 0.0253906 0.0450368
1 0.805664 0.210478 0.0244141 0.0422794
1 0.50415 0.175551 0.0258789 0.0496324
1 0.205322 0.314338 0.0249023 0.0477941
1 0.785156 0.27114 0.0253906 0.0459559
1 0.419434 0.946232 0.0263672 0.0487132
1 0.98291 0.919577 0.0283203 0.0560662
1 0.314209 0.247243 0.0258789 0.0459559
