0 0.990967 0.415441 0.0180664 0.0367647
0 0.858643 0.0845588 0.0200195 0.0441176
0 0.0966797 0.0252757 0.0292969 0.0450368
0 0.91626 0.494026 0.0249023 0.0450368
1 0.858643 0.254136 0.0200195 0.0395221
1 0.164062 0.772518 0.0292969 0.0560662
1 0.0852051 0.238971 0.0307617 0.0569853
0 0.689209 0.388327 0.0288086 0.0597426
0 0.542969 0.90579 0.03125 0.0487132
0 0.803711 0.30193 0.0224609 0.0431985
0 0.775879 0.920956 0.0263672 0.0514706
1 0.0966797 0.0238971 0.03125 0.0477941
0 0.920898 0.980239 0.03125 0.0395221
1 0.810791 0.119945 0.0219727 0.0450368
1 0.828857 0.623621 0.0219727 0.046875
1 0.93457 0.879596 0.0234375 0.0422794
0 0.567627 0.596967 0.0297852 0.0523897
1 0.776367 0.920496 0.0273438 0.0523897
1 0.568848 0.597426 0.0263672 0.0477941
1 0.784668 0.272978 0.0224609 0.0459559
1 0.171387 0.0215993 0.0283203 0.0431985
1 0.519775 0.202665 0.0209961 0.0413603
0 0.258789 0.846507 0.0253906 0.0514706
1 0.917236 0.493566 0.027832 0.0477941
1 0.920898 0.97886 0.03125 0.0422794
0 0.0849609 0.238511 0.0322266 0.0560662
0 0.199463 0.95864 0.0317383 0.0533088
0 0.410156 0.907169 0.0224609 0.0441176
1 0.824219 0.775735 0.0253906 0.0477941
1 0.989014 0.172794 0.0219727 0.0496324
0 0.228516 0.337316 0.0214844 0.0459559
1 0.825928 0.955882 0.0297852 0.0496324
1 0.83667 0.125 0.0219727 0.0422794
1 0.525146 0.269761 0.0219727 0.0395221
0 0.758301 0.786305 0.0224609 0.0395221
0 0.543213 0.0588235 0.0209961 0.0404412
1 0.543457 0.908088 0.0283203 0.0477941
0 0.391357 0.871324 0.0209961 0.0477941
1 0.104736 0.383272 0.0297852 0.0588235
0 0.796875 0.592831 0.0253906 0.0459559
1 0.391602 0.871783 0.0234375 0.0487132
0 0.826416 0.954044 0.0297852 0.0514706
1 0.199707 0.95864 0.0292969 0.0514706
1 0.528564 0.310202 0.0209961 0.0395221
0 0.769531 0.765165 0.0253906 0.0395221
1 0.879639 0.828125 0.0249023 0.0422794
1 0.871826 0.741728 0.0249023 0.0496324
0 0.10498 0.383272 0.0302734 0.0569853
0 0.0219727 0.193934 0.0302734 0.0588235
0 0.871826 0.744026 0.0249023 0.0450368
0 0.171875 0.0225184 0.0283203 0.0431985
1 0.938965 0.564798 0.0263672 0.0487132
0 0.212646 0.319853 0.0249023 0.0514706
0 0.438965 0.884651 0.0234375 0.046875
1 0.803955 0.300551 0.0229492 0.0459559
0 0.829102 0.623162 0.0234375 0.0477941
1 0.867188 0.855239 0.0214844 0.046875
0 0.165039 0.77114 0.0292969 0.0514706
0 0.560791 0.0735294 0.0209961 0.0422794
1 0.689697 0.387408 0.0297852 0.0597426
1 0.311279 0.244485 0.0268555 0.0459559
0 0.192871 0.0556066 0.0283203 0.0542279
1 0.415527 0.454504 0.0244141 0.0450368
1 0.975098 0.891544 0.0263672 0.0441176
1 0.40918 0.340533 0.0234375 0.046875
1 0.378174 0.369026 0.0249023 0.0450368
1 0.392578 0.236213 0.0253906 0.0496324
1 0.189453 0.542279 0.03125 0.0588235
