0 0.858643 0.0840993 0.0219727 0.0450368
0 0.82666 0.954044 0.0263672 0.0514706
0 0.525391 0.210018 0.0214844 0.0450368
1 0.309082 0.900735 0.0273438 0.0496324
0 0.790771 0.92693 0.0258789 0.0487132
1 0.949951 0.557904 0.0297852 0.0459559
0 0.568359 0.597426 0.03125 0.0588235
0 0.101318 0.0225184 0.034668 0.0450368
0 0.189453 0.54182 0.0341797 0.0707721
1 0.102051 0.0238971 0.0341797 0.0477941
1 0.109375 0.386949 0.0292969 0.0643382
0 0.872559 0.746324 0.0263672 0.0477941
0 0.799316 0.595129 0.0283203 0.0523897
0 0.922607 0.977022 0.027832 0.0422794
1 0.835205 0.765165 0.0249023 0.046875
1 0.789551 0.924173 0.0253906 0.046875
1 0.310547 0.240809 0.0302734 0.0551471
1 0.384766 0.256893 0.0283203 0.0487132
1 0.923584 0.975643 0.0297852 0.0413603
0 0.93457 0.882353 0.0234375 0.0386029
0 0.819336 0.125919 0.0234375 0.0477941
0 0.828857 0.623621 0.0249023 0.0487132
1 0.56958 0.596507 0.0288086 0.0514706
0 0.309326 0.238511 0.0307617 0.0542279
0 0.258789 0.847426 0.0283203 0.0514706
1 0.988281 0.172335 0.0234375 0.0523897
0 0.202637 0.957261 0.0283203 0.0505515
1 0.203369 0.95818 0.0307617 0.0542279
1 0.800049 0.594669 0.0268555 0.0496324
1 0.828857 0.625 0.0219727 0.0477941
1 0.91626 0.495404 0.0249023 0.0459559
0 0.438965 0.881434 0.0341797 0.0588235
1 0.960205 0.869945 0.0249023 0.0413603
0 0.0852051 0.238971 0.034668 0.0625
1 0.415771 0.455423 0.0249023 0.0487132
1 0.377441 0.367647 0.0214844 0.0422794
0 0.164795 0.772518 0.0288086 0.0560662
1 0.872559 0.745404 0.0263672 0.0459559
0 0.109131 0.389706 0.0288086 0.0625
1 0.392334 0.342831 0.0229492 0.0422794
0 0.0219727 0.193015 0.0332031 0.0680147
1 0.689941 0.389246 0.0302734 0.0652574
1 0.825684 0.953585 0.0283203 0.0487132
1 0.189209 0.54136 0.0336914 0.0661765
