0 0.858643 0.0840993 0.0219727 0.046875
0 0.533691 0.918658 0.03125 0.0487132
0 0.835938 0.123162 0.0214844 0.0459559
1 0.101562 0.0234375 0.0332031 0.046875
0 0.101074 0.0225184 0.0341797 0.0450368
1 0.523682 0.209559 0.0180664 0.0422794
0 0.567871 0.596967 0.0302734 0.0560662
1 0.963135 0.871324 0.0249023 0.0459559
0 0.189697 0.540901 0.0336914 0.0689338
0 0.962402 0.866268 0.0283203 0.0487132
1 0.785889 0.926011 0.0268555 0.0487132
1 0.109375 0.387408 0.0292969 0.0634191
0 0.832031 0.768842 0.0292969 0.0560662
0 0.826416 0.953585 0.0297852 0.0523897
0 0.811035 0.117647 0.0234375 0.0477941
0 0.921875 0.977022 0.0292969 0.0422794
0 0.799316 0.594669 0.0283203 0.0496324
1 0.835205 0.125 0.0219727 0.0441176
1 0.922607 0.976562 0.0297852 0.0431985
1 0.310547 0.240349 0.03125 0.0542279
1 0.569092 0.596507 0.027832 0.0496324
1 0.832031 0.77068 0.0292969 0.0560662
1 0.947021 0.559283 0.0297852 0.046875
1 0.202881 0.957261 0.0307617 0.0542279
1 0.528076 0.273897 0.0209961 0.0386029
0 0.828857 0.623621 0.0249023 0.0487132
0 0.872559 0.746324 0.0283203 0.0496324
0 0.30957 0.23943 0.03125 0.0542279
1 0.800049 0.594669 0.0268555 0.0496324
1 0.872559 0.745864 0.0283203 0.0487132
1 0.385986 0.255974 0.0249023 0.046875
1 0.988281 0.172335 0.0234375 0.0505515
1 0.529297 0.306526 0.0214844 0.0431985
1 0.828857 0.625 0.0219727 0.0477941
0 0.0849609 0.23943 0.0341797 0.0615809
0 0.259033 0.846967 0.027832 0.0505515
1 0.91626 0.494945 0.0249023 0.046875
0 0.439209 0.882353 0.0336914 0.0551471
0 0.201904 0.957261 0.027832 0.0487132
0 0.164795 0.772518 0.0288086 0.0542279
1 0.415527 0.455423 0.0234375 0.0450368
0 0.934326 0.882812 0.0249023 0.0413603
0 0.109131 0.389246 0.0288086 0.0615809
1 0.377686 0.366728 0.0239258 0.0422794
0 0.0222168 0.193015 0.0336914 0.0661765
1 0.39502 0.340993 0.0244141 0.0422794
1 0.189453 0.542279 0.0341797 0.0661765
1 0.825928 0.954044 0.0297852 0.0514706
1 0.689941 0.390165 0.0302734 0.0652574
