1 0.876709 0.722886 0.0297852 0.0487132
1 0.804932 0.987592 0.0307617 0.0248162
1 0.015625 0.983456 0.0273438 0.0330882
1 0.101562 0.369485 0.0253906 0.0459559
1 0.885986 0.0923713 0.019043 0.0376838
1 0.0200195 0.194853 0.0273438 0.0551471
0 0.0146484 0.984835 0.0292969 0.0303309
0 0.828857 0.622243 0.0249023 0.0496324
1 0.835938 0.865349 0.0214844 0.0413603
1 0.196777 0.954504 0.0283203 0.0487132
0 0.020752 0.195312 0.0258789 0.0505515
0 0.914795 0.981618 0.0297852 0.0349265
0 0.875732 0.725643 0.0268555 0.046875
1 0.172852 0.0206801 0.0292969 0.0413603
1 0.0852051 0.238051 0.0307617 0.0551471
0 0.197021 0.953585 0.0307617 0.0505515
1 0.789062 0.592371 0.0253906 0.046875
1 0.917236 0.492647 0.0297852 0.0477941
1 0.858398 0.254136 0.0234375 0.0413603
1 0.771973 0.728401 0.0234375 0.0450368
1 0.828857 0.622702 0.0219727 0.046875
1 0.092041 0.0284926 0.0336914 0.0459559
1 0.16748 0.484835 0.0195312 0.0413603
1 0.552734 0.892463 0.0253906 0.0422794
1 0.257812 0.84421 0.0253906 0.0450368
1 0.931152 0.563419 0.0263672 0.0459559
1 0.928955 0.865349 0.0249023 0.0450368
1 0.838379 0.12454 0.0234375 0.046875
1 0.98877 0.174173 0.0224609 0.0505515
1 0.164307 0.77068 0.0288086 0.0523897
1 0.690918 0.386489 0.0263672 0.0487132
1 0.859375 0.0831801 0.0214844 0.0450368
0 0.205078 0.0758272 0.0253906 0.0487132
1 0.883545 0.241268 0.0249023 0.0450368
1 0.82666 0.793199 0.0263672 0.0496324
1 0.860352 0.862592 0.0234375 0.0487132
1 0.511963 0.192555 0.0249023 0.0431985
1 0.567139 0.600184 0.0268555 0.0477941
1 0.880615 0.825827 0.0249023 0.046875
1 0.810303 0.119026 0.0229492 0.0450368
1 0.825928 0.955882 0.0297852 0.0496324
1 0.18457 0.486673 0.0214844 0.0431985
1 0.764648 0.924173 0.0273438 0.0579044
1 0.810303 0.300092 0.0249023 0.0450368
1 0.786133 0.271599 0.0234375 0.0487132
1 0.097168 0.529871 0.0273438 0.0487132
1 0.440674 0.884651 0.0239258 0.0487132
1 0.755859 0.789062 0.0253906 0.0450368
1 0.197021 0.53079 0.0239258 0.046875
1 0.524658 0.268382 0.0239258 0.0422794
1 0.98291 0.913143 0.0283203 0.0523897
1 0.39209 0.872702 0.0224609 0.0487132
1 0.397949 0.220588 0.0224609 0.0459559
1 0.095459 0.591912 0.0249023 0.0477941
1 0.238037 0.342831 0.027832 0.0496324
1 0.5354 0.0574449 0.0258789 0.0413603
1 0.530029 0.31296 0.0229492 0.0431985
1 0.378174 0.368107 0.0249023 0.0431985
1 0.205811 0.315257 0.0249023 0.0477941
1 0.373047 0.540441 0.0253906 0.0459559
1 0.416748 0.933364 0.0258789 0.046875
1 0.415283 0.457261 0.0249023 0.0450368
1 0.571289 0.0983456 0.0234375 0.0459559
1 0.409668 0.340533 0.0244141 0.0431985
1 0.399414 0.539982 0.0244141 0.0431985
1 0.311035 0.246324 0.0273438 0.0459559
