0 0.524414 0.207261 0.0234375 0.046875
1 0.383789 0.265165 0.03125 0.0523897
0 0.949951 0.866268 0.0249023 0.0376838
0 0.189697 0.54182 0.034668 0.0726103
0 0.860352 0.082261 0.03125 0.0487132
0 0.382812 0.267463 0.0292969 0.0551471
0 0.102295 0.0238971 0.0356445 0.0477941
1 0.109619 0.387408 0.0297852 0.0652574
1 0.30957 0.237592 0.0292969 0.0597426
1 0.102539 0.0248162 0.0341797 0.0496324
1 0.798828 0.928768 0.0244141 0.046875
1 0.438965 0.880974 0.0302734 0.0597426
1 0.800781 0.59421 0.0253906 0.0505515
0 0.925049 0.976562 0.0297852 0.046875
0 0.825928 0.953585 0.0249023 0.0450368
0 0.259033 0.847886 0.0307617 0.0542279
0 0.203369 0.957261 0.0317383 0.0542279
0 0.842285 0.766085 0.0263672 0.0450368
1 0.924316 0.975184 0.0283203 0.0441176
0 0.798828 0.928768 0.0244141 0.046875
1 0.950195 0.866728 0.0234375 0.0386029
1 0.958008 0.556985 0.03125 0.0514706
1 0.825928 0.953125 0.0249023 0.0422794
1 0.416992 0.453585 0.03125 0.0579044
1 0.872559 0.745864 0.0263672 0.046875
0 0.800781 0.59375 0.0263672 0.0496324
0 0.439453 0.881434 0.0341797 0.0588235
1 0.258301 0.847886 0.0302734 0.0523897
1 0.987549 0.173713 0.0249023 0.0569853
0 0.570068 0.597426 0.0327148 0.0588235
0 0.308594 0.237592 0.03125 0.0597426
0 0.828857 0.623621 0.0249023 0.0487132
0 0.164795 0.772978 0.0288086 0.0569853
0 0.0849609 0.238511 0.0361328 0.0597426
1 0.916504 0.496324 0.0263672 0.0477941
0 0.872559 0.746324 0.0263672 0.0477941
1 0.203613 0.957261 0.03125 0.0579044
1 0.303955 0.90579 0.0288086 0.0560662
0 0.109131 0.388327 0.0307617 0.0634191
0 0.0222168 0.193015 0.0327148 0.0661765
1 0.689941 0.389706 0.03125 0.0661765
1 0.189209 0.542279 0.0336914 0.0661765
