0 0.366455 0.793658 0.0219727 0.0395221
0 0.561035 0.609375 0.0234375 0.0459559
0 0.852295 0.078125 0.0200195 0.0422794
1 0.853271 0.0795037 0.0219727 0.0395221
0 0.361572 0.685662 0.0268555 0.0477941
1 0.419434 0.783548 0.0244141 0.0413603
1 0.986084 0.186121 0.0249023 0.0450368
1 0.38208 0.787224 0.0209961 0.0395221
0 0.0332031 0.410846 0.0253906 0.0477941
1 0.124023 0.474724 0.0224609 0.0431985
0 0.97876 0.441636 0.0219727 0.0431985
1 0.128662 0.137868 0.0229492 0.0404412
0 0.535889 0.501379 0.0239258 0.0431985
0 0.560059 0.517004 0.0205078 0.0395221
1 0.450439 0.51057 0.0200195 0.0395221
1 0.361572 0.685202 0.0268555 0.0505515
0 0.0178223 0.462776 0.027832 0.0560662
0 0.510498 0.0174632 0.0209961 0.0349265
1 0.538086 0.500919 0.0234375 0.0441176
0 0.417969 0.962776 0.0283203 0.0487132
1 0.393066 0.657169 0.0244141 0.0459559
0 0.123779 0.476562 0.0219727 0.0431985
0 0.462891 0.671875 0.0273438 0.0477941
0 0.726562 0.634651 0.0224609 0.0431985
1 0.979004 0.442096 0.0234375 0.0422794
0 0.619141 0.984375 0.0273438 0.03125
1 0.116943 0.161765 0.0229492 0.0422794
1 0.092041 0.0349265 0.0336914 0.0551471
1 0.531006 0.461857 0.0249023 0.0450368
0 0.116455 0.161765 0.0229492 0.0459559
1 0.0859375 0.599724 0.0234375 0.046875
0 0.781738 0.684743 0.0244141 0.0477941
1 0.0649414 0.801471 0.0234375 0.0404412
1 0.660156 0.0128676 0.0214844 0.0257353
1 0.91626 0.602022 0.0219727 0.0404412
1 0.939941 0.719669 0.0205078 0.0386029
1 0.985107 0.765625 0.0200195 0.0386029
1 0.941406 0.695312 0.0214844 0.0395221
1 0.705322 0.653493 0.0249023 0.0459559
0 0.73291 0.185662 0.0224609 0.0441176
1 0.0183105 0.463695 0.0268555 0.0523897
1 0.727295 0.63511 0.0229492 0.0441176
1 0.617432 0.88557 0.0209961 0.0395221
0 0.878906 0.078125 0.0205078 0.0404412
0 0.158691 0.498621 0.0224609 0.0431985
1 0.781006 0.685662 0.0258789 0.0477941
1 0.197754 0.533088 0.0253906 0.0459559
0 0.829102 0.824908 0.0234375 0.046875
0 0.325684 0.628676 0.0253906 0.0459559
1 0.840576 0.683364 0.0219727 0.0413603
1 0.158691 0.499081 0.0234375 0.0459559
1 0.462158 0.672335 0.0258789 0.046875
1 0.634521 0.881893 0.0209961 0.0395221
1 0.170898 0.0160846 0.0273438 0.0321691
1 0.259033 0.846048 0.0288086 0.0487132
1 0.667969 0.392923 0.0234375 0.046875
1 0.175781 0.827665 0.0263672 0.046875
1 0.0947266 0.349724 0.0273438 0.0450368
1 0.125977 0.494026 0.0234375 0.0523897
1 0.741455 0.914062 0.0239258 0.046875
1 0.989014 0.818934 0.0200195 0.0422794
1 0.731201 0.0997243 0.0249023 0.0450368
1 0.372803 0.535846 0.027832 0.0477941
0 0.0859375 0.600184 0.0244141 0.0496324
1 0.827393 0.824908 0.0219727 0.046875
1 0.0627441 0.89568 0.0258789 0.046875
0 0.352051 0.801471 0.0224609 0.0459559
1 0.67334 0.709559 0.0234375 0.0477941
1 0.0324707 0.409926 0.0249023 0.0441176
1 0.194824 0.924173 0.0253906 0.0450368
1 0.146729 0.588235 0.0229492 0.0477941
1 0.510742 0.681985 0.0273438 0.0477941
1 0.64624 0.389706 0.0249023 0.0441176
1 0.80249 0.168199 0.0229492 0.0459559
1 0.605469 0.0147059 0.0253906 0.0294118
1 0.435303 0.882812 0.0249023 0.046875
0 0.19751 0.532169 0.0239258 0.0459559
0 0.0754395 0.25046 0.0268555 0.0487132
1 0.186768 0.465074 0.0258789 0.0477941
1 0.377686 0.371324 0.0268555 0.0514706
1 0.152832 0.228401 0.0273438 0.0505515
1 0.910156 0.504136 0.0253906 0.0431985
1 0.185303 0.380515 0.0229492 0.0422794
1 0.520508 0.0703125 0.0234375 0.0431985
0 0.258057 0.846507 0.0258789 0.0422794
1 0.766846 0.0845588 0.0209961 0.0404412
0 0.0925293 0.0363051 0.0336914 0.0505515
1 0.880371 0.823529 0.0234375 0.0477941
1 0.395264 0.871324 0.0268555 0.0514706
1 0.885742 0.237132 0.03125 0.0459559
1 0.128662 0.828585 0.0268555 0.0505515
1 0.695068 0.382353 0.0249023 0.0441176
1 0.83374 0.127298 0.0249023 0.0431985
1 0.783447 0.59375 0.0258789 0.0441176
1 0.851562 0.262408 0.0263672 0.0413603
1 0.45874 0.107537 0.0249023 0.0459559
1 0.590088 0.363051 0.0249023 0.0441176
1 0.755859 0.789062 0.0253906 0.0450368
1 0.0930176 0.8125 0.0268555 0.0477941
1 0.231934 0.347426 0.0234375 0.0477941
1 0.992676 0.549173 0.0146484 0.046875
1 0.45752 0.498162 0.0244141 0.0404412
0 0.297607 0.672335 0.027832 0.0487132
1 0.713135 0.477022 0.0249023 0.0441176
1 0.990967 0.761029 0.0180664 0.0404412
1 0.854004 0.680607 0.0205078 0.0395221
0 0.269531 0.984375 0.0283203 0.03125
1 0.165039 0.772518 0.0253906 0.0487132
0 0.31665 0.879136 0.0249023 0.0487132
1 0.533936 0.338695 0.0249023 0.0450368
1 0.855469 0.867647 0.0253906 0.0459559
1 0.30835 0.126379 0.0268555 0.0523897
1 0.612061 0.252298 0.0200195 0.0413603
1 0.689941 0.445772 0.0244141 0.0422794
1 0.762207 0.883732 0.0224609 0.0376838
1 0.695557 0.741268 0.0209961 0.0450368
1 0.206299 0.855239 0.0288086 0.046875
1 0.0141602 0.980239 0.0253906 0.0395221
1 0.56665 0.38557 0.0249023 0.0431985
1 0.108887 0.529412 0.0263672 0.0477941
1 0.777588 0.869945 0.0219727 0.0395221
1 0.407227 0.34421 0.0273438 0.0450368
1 0.960938 0.217371 0.0234375 0.0358456
1 0.828125 0.625 0.0234375 0.0514706
1 0.360352 0.167279 0.0253906 0.0441176
1 0.761963 0.0477941 0.0219727 0.0404412
1 0.409912 0.537684 0.0268555 0.0459559
0 0.0117188 0.206801 0.0214844 0.0514706
1 0.597412 0.228401 0.0209961 0.0431985
1 0.945312 0.317555 0.0253906 0.0431985
1 0.408691 0.205423 0.0263672 0.046875
1 0.675049 0.0579044 0.0239258 0.0422794
1 0.804932 0.233456 0.0249023 0.0441176
1 0.802246 0.10386 0.0234375 0.0422794
1 0.678955 0.136029 0.027832 0.0477941
1 0.418457 0.960938 0.0273438 0.0487132
1 0.598145 0.300551 0.0234375 0.0441176
1 0.877441 0.709559 0.0234375 0.0441176
1 0.197754 0.366268 0.0224609 0.0395221
1 0.806885 0.297794 0.0239258 0.0422794
1 0.97168 0.194393 0.0234375 0.0376838
0 0.234863 0.710938 0.0253906 0.046875
1 0.797119 0.40579 0.0229492 0.0413603
1 0.572266 0.10432 0.0244141 0.0413603
1 0.92041 0.841452 0.0263672 0.046875
1 0.223877 0.789982 0.0268555 0.046875
1 0.577393 0.248621 0.0219727 0.046875
1 0.991455 0.17693 0.0170898 0.0431985
1 0.146973 0.304228 0.0253906 0.0477941
1 0.813232 0.443015 0.0249023 0.0422794
1 0.781494 0.273897 0.0258789 0.0459559
1 0.132812 0.626379 0.0253906 0.046875
1 0.39502 0.117188 0.0224609 0.0450368
1 0.443359 0.471967 0.0234375 0.0431985
1 0.932861 0.331801 0.0219727 0.0404412
1 0.499512 0.175092 0.0263672 0.046875
1 0.0300293 0.886029 0.0258789 0.0441176
1 0.0412598 0.925092 0.0239258 0.0450368
1 0.221436 0.0753676 0.0268555 0.0496324
1 0.403076 0.159467 0.0229492 0.046875
1 0.915527 0.55239 0.0234375 0.0422794
1 0.964111 0.753676 0.0249023 0.0422794
1 0.414551 0.462776 0.0263672 0.0487132
1 0.828857 0.952665 0.0268555 0.046875
1 0.332764 0.198989 0.0249023 0.0450368
1 0.483643 0.133272 0.0249023 0.0477941
1 0.530029 0.269301 0.0239258 0.0459559
1 0.316406 0.25 0.0253906 0.0441176
1 0.363525 0.203125 0.0219727 0.0404412
1 0.986084 0.933824 0.0249023 0.0514706
1 0.981201 0.733915 0.0219727 0.0395221
1 0.207764 0.309743 0.0239258 0.0459559
1 0.241455 0.0266544 0.0258789 0.0477941
