1 0.355957 0.801471 0.0283203 0.0422794
1 0.233398 0.709099 0.0263672 0.0505515
0 0.479492 0.883732 0.0195312 0.0395221
1 0.979736 0.447151 0.0200195 0.0431985
1 0.571289 0.21875 0.0234375 0.0386029
0 0.560547 0.516085 0.0205078 0.0395221
0 0.602783 0.0160846 0.0258789 0.0321691
0 0.616943 0.887408 0.0219727 0.0413603
1 0.359375 0.682445 0.0283203 0.0505515
0 0.697021 0.743566 0.0219727 0.0459559
0 0.0107422 0.20818 0.0205078 0.0542279
1 0.732178 0.190257 0.0258789 0.0551471
0 0.673096 0.710018 0.0239258 0.046875
1 0.463135 0.881434 0.0209961 0.0422794
1 0.617188 0.886489 0.0214844 0.0413603
1 0.367432 0.793658 0.0229492 0.0413603
0 0.297119 0.673254 0.0268555 0.046875
0 0.979736 0.443015 0.0200195 0.0441176
1 0.602783 0.0147059 0.0249023 0.0294118
1 0.588379 0.215993 0.0234375 0.0404412
1 0.638184 0.882353 0.0224609 0.0441176
0 0.560059 0.876379 0.0244141 0.0450368
0 0.739258 0.913143 0.0273438 0.0487132
1 0.393799 0.65671 0.0239258 0.0450368
0 0.731201 0.188879 0.0249023 0.0450368
0 0.637695 0.882353 0.0234375 0.0404412
1 0.327148 0.625 0.0253906 0.0441176
0 0.828125 0.825827 0.0234375 0.0487132
1 0.29541 0.801471 0.0244141 0.0404412
0 0.782471 0.683824 0.0258789 0.0477941
0 0.510742 0.0174632 0.0195312 0.0349265
1 0.0117188 0.209559 0.0205078 0.0514706
1 0.363037 0.841912 0.0229492 0.0386029
0 0.535889 0.502298 0.0249023 0.0431985
1 0.697021 0.379596 0.0249023 0.0404412
0 0.703857 0.653493 0.0258789 0.0496324
0 0.289062 0.774357 0.0224609 0.0413603
1 0.259277 0.845588 0.0283203 0.0477941
0 0.295166 0.803309 0.0219727 0.0441176
0 0.418701 0.963235 0.027832 0.0477941
0 0.878906 0.0776654 0.0214844 0.0413603
0 0.559814 0.610294 0.0219727 0.0477941
1 0.52002 0.0721507 0.0234375 0.0431985
1 0.175537 0.829504 0.0268555 0.046875
0 0.234375 0.709559 0.0253906 0.0459559
1 0.666748 0.392923 0.0229492 0.0450368
0 0.655273 0.31296 0.0195312 0.0376838
1 0.297119 0.673254 0.027832 0.0487132
1 0.19458 0.919577 0.0268555 0.046875
0 0.619141 0.982537 0.0263672 0.0349265
1 0.739502 0.914982 0.0288086 0.0487132
1 0.766357 0.0850184 0.0209961 0.0413603
1 0.0585938 0.882353 0.0234375 0.0404412
1 0.800781 0.102941 0.0234375 0.0404412
0 0.359619 0.682445 0.0258789 0.0450368
1 0.383057 0.786765 0.0209961 0.0404412
1 0.908447 0.505515 0.0249023 0.0422794
1 0.82666 0.827206 0.0234375 0.0477941
0 0.349854 0.80239 0.0219727 0.0441176
1 0.519775 0.827206 0.0209961 0.0386029
1 0.6875 0.445772 0.0244141 0.0422794
1 0.781738 0.684283 0.0283203 0.046875
1 0.660156 0.0119485 0.0224609 0.0238971
0 0.728027 0.636029 0.0224609 0.0459559
1 0.989014 0.817555 0.0200195 0.0431985
1 0.0646973 0.905331 0.0239258 0.0441176
1 0.0180664 0.465533 0.0263672 0.0505515
1 0.673096 0.709099 0.0249023 0.046875
1 0.431641 0.788143 0.0224609 0.0413603
1 0.0947266 0.348805 0.0263672 0.0450368
1 0.373047 0.536305 0.0273438 0.046875
1 0.696533 0.742647 0.0239258 0.0459559
1 0.832764 0.127298 0.0249023 0.0431985
1 0.0847168 0.599724 0.0239258 0.046875
1 0.838867 0.685202 0.0234375 0.0450368
1 0.432617 0.886029 0.0273438 0.0441176
1 0.782715 0.590533 0.0263672 0.0431985
1 0.991455 0.120864 0.0170898 0.0431985
1 0.80249 0.168199 0.0249023 0.0459559
1 0.0141602 0.980239 0.0253906 0.0395221
1 0.580078 0.210018 0.0205078 0.0395221
1 0.128418 0.828585 0.0263672 0.0505515
1 0.732666 0.0974265 0.0258789 0.0459559
1 0.605225 0.473346 0.0219727 0.0422794
1 0.123535 0.475643 0.0244141 0.0431985
1 0.166992 0.772978 0.0253906 0.0496324
1 0.447266 0.155331 0.0205078 0.0404412
1 0.645264 0.387868 0.0239258 0.0441176
0 0.530273 0.460018 0.0234375 0.0450368
1 0.828125 0.62546 0.0214844 0.0487132
1 0.460449 0.672794 0.0263672 0.0477941
1 0.513672 0.682445 0.0292969 0.0487132
1 0.0334473 0.409467 0.0249023 0.0450368
1 0.885986 0.237592 0.034668 0.0487132
1 0.852295 0.262868 0.0268555 0.0422794
1 0.914062 0.590993 0.0214844 0.0367647
1 0.206543 0.856158 0.0283203 0.0487132
1 0.990967 0.761489 0.0180664 0.0413603
1 0.169678 0.0160846 0.0268555 0.0321691
0 0.318359 0.878217 0.0253906 0.046875
1 0.762939 0.0454963 0.0229492 0.0413603
1 0.130371 0.137408 0.0244141 0.0450368
1 0.673096 0.0560662 0.0239258 0.0422794
0 0.257812 0.847426 0.0253906 0.0441176
1 0.395264 0.870864 0.0239258 0.0487132
1 0.19873 0.362132 0.0244141 0.0404412
1 0.598633 0.300551 0.0234375 0.0441176
1 0.0737305 0.253217 0.0263672 0.0542279
1 0.117188 0.159467 0.0244141 0.0450368
1 0.53125 0.807445 0.0244141 0.0413603
1 0.377441 0.371324 0.0263672 0.0514706
1 0.755859 0.789062 0.0253906 0.046875
1 0.762451 0.88511 0.0239258 0.0386029
1 0.416748 0.782169 0.0229492 0.0459559
1 0.406738 0.346507 0.0263672 0.0459559
1 0.612549 0.252757 0.0219727 0.0422794
1 0.197266 0.534007 0.0253906 0.0477941
1 0.596924 0.228401 0.0200195 0.0431985
1 0.45752 0.170956 0.0195312 0.0404412
1 0.145996 0.589154 0.0263672 0.0477941
1 0.419189 0.962316 0.0268555 0.0459559
1 0.230957 0.345588 0.0244141 0.0477941
1 0.992188 0.55193 0.015625 0.0487132
1 0.126465 0.503217 0.0214844 0.0450368
1 0.855469 0.679688 0.0234375 0.0431985
1 0.564941 0.380055 0.0234375 0.0450368
1 0.067627 0.798713 0.0229492 0.0422794
0 0.269531 0.984375 0.0273438 0.03125
1 0.159668 0.498162 0.0253906 0.0477941
1 0.813965 0.444853 0.0263672 0.0422794
1 0.457764 0.107077 0.0249023 0.0450368
1 0.879883 0.823989 0.0234375 0.0487132
1 0.394287 0.115809 0.0249023 0.0459559
1 0.94043 0.693474 0.0234375 0.0413603
1 0.776855 0.867647 0.0224609 0.0422794
1 0.408447 0.205423 0.0258789 0.046875
1 0.590576 0.36489 0.0239258 0.0459559
1 0.532959 0.339154 0.0249023 0.0459559
1 0.991455 0.179688 0.0170898 0.0413603
1 0.946045 0.316636 0.0268555 0.0450368
1 0.713623 0.47886 0.0258789 0.0459559
1 0.458984 0.498621 0.0253906 0.0413603
1 0.222412 0.0762868 0.0258789 0.0477941
1 0.092041 0.035386 0.0327148 0.0542279
1 0.183838 0.380515 0.0239258 0.0441176
1 0.804688 0.237132 0.0263672 0.0477941
1 0.185547 0.461857 0.0263672 0.0487132
1 0.408203 0.538143 0.0253906 0.046875
1 0.145996 0.304688 0.0273438 0.0505515
1 0.972656 0.189798 0.0253906 0.0413603
1 0.576416 0.25 0.0219727 0.0404412
1 0.919434 0.839614 0.0263672 0.0487132
1 0.796875 0.403952 0.0234375 0.0431985
1 0.960938 0.220129 0.0234375 0.0376838
1 0.942139 0.727482 0.0219727 0.0413603
1 0.0422363 0.928768 0.0249023 0.0450368
1 0.0297852 0.886489 0.0273438 0.046875
1 0.932617 0.332721 0.0234375 0.0422794
1 0.224121 0.792739 0.0263672 0.046875
1 0.15332 0.227941 0.0263672 0.0496324
1 0.914795 0.551471 0.0249023 0.0422794
1 0.403076 0.159467 0.0229492 0.046875
1 0.572266 0.105239 0.0244141 0.0431985
1 0.831299 0.949908 0.0268555 0.046875
1 0.804688 0.295956 0.0253906 0.0441176
1 0.0935059 0.813419 0.027832 0.0514706
1 0.530518 0.270221 0.0249023 0.0459559
1 0.279785 0.192096 0.0234375 0.0404412
1 0.361328 0.165441 0.0244141 0.0441176
1 0.87793 0.706342 0.0234375 0.0450368
1 0.678467 0.136949 0.027832 0.0514706
1 0.498779 0.175551 0.0258789 0.0477941
1 0.981201 0.735294 0.0219727 0.0404412
1 0.855469 0.867647 0.0263672 0.0477941
1 0.132324 0.628676 0.0263672 0.0496324
1 0.780518 0.274816 0.0258789 0.0459559
1 0.239258 0.0289522 0.0253906 0.0450368
1 0.916992 0.616268 0.0234375 0.0395221
1 0.306641 0.119485 0.0263672 0.0459559
1 0.108887 0.53079 0.0263672 0.0487132
1 0.332031 0.199908 0.0253906 0.0450368
1 0.483643 0.134191 0.0249023 0.0477941
1 0.208984 0.308364 0.0253906 0.0487132
1 0.963867 0.754596 0.0234375 0.0459559
1 0.31665 0.25 0.0258789 0.0441176
1 0.414062 0.463695 0.0263672 0.0487132
1 0.442139 0.472426 0.0219727 0.0441176
1 0.986816 0.935662 0.0263672 0.0514706
1 0.365723 0.204504 0.0224609 0.0431985
1 0.268311 0.215533 0.0249023 0.0431985
