1 0.311279 0.89568 0.027832 0.0487132
1 0.858643 0.0845588 0.0200195 0.0459559
1 0.882812 0.241268 0.0214844 0.046875
1 0.82666 0.953585 0.03125 0.0487132
1 0.165039 0.772059 0.0283203 0.0551471
0 0.180176 0.0349265 0.0351562 0.0514706
1 0.858643 0.252757 0.0219727 0.0404412
0 0.797607 0.594669 0.0268555 0.0477941
1 0.409912 0.899816 0.0219727 0.0441176
0 0.409424 0.897978 0.0209961 0.0459559
1 0.824951 0.775276 0.0268555 0.0487132
0 0.82666 0.775276 0.0283203 0.046875
1 0.87793 0.828125 0.0234375 0.0441176
0 0.921143 0.97932 0.0327148 0.0413603
1 0.568848 0.597426 0.0283203 0.0477941
0 0.391602 0.870864 0.0214844 0.046875
1 0.521484 0.205423 0.0205078 0.0431985
1 0.172119 0.0215993 0.0288086 0.0413603
0 0.567383 0.597426 0.03125 0.0551471
1 0.797119 0.592371 0.0258789 0.046875
0 0.258545 0.846967 0.0268555 0.0523897
1 0.777344 0.920956 0.0292969 0.0514706
0 0.200439 0.959099 0.0317383 0.0542279
0 0.438721 0.883732 0.0239258 0.046875
1 0.540283 0.910846 0.0258789 0.0459559
1 0.810791 0.119945 0.0219727 0.046875
1 0.828857 0.623162 0.0219727 0.0477941
1 0.872803 0.743566 0.0249023 0.0496324
1 0.92041 0.977482 0.03125 0.0450368
0 0.776855 0.921875 0.0283203 0.0496324
1 0.917236 0.493566 0.0249023 0.0496324
0 0.828857 0.622702 0.0249023 0.0505515
1 0.989014 0.172794 0.0219727 0.0496324
0 0.871826 0.743107 0.0268555 0.0505515
1 0.200195 0.95864 0.0292969 0.0514706
1 0.870117 0.846507 0.0234375 0.0441176
1 0.934326 0.879596 0.0249023 0.0441176
1 0.836914 0.125 0.0234375 0.0441176
1 0.525391 0.270221 0.0214844 0.0404412
1 0.528564 0.310202 0.0219727 0.0413603
0 0.172119 0.0229779 0.0288086 0.0422794
0 0.0849609 0.238971 0.0322266 0.0569853
0 0.165039 0.77114 0.0283203 0.0514706
1 0.39209 0.872243 0.0224609 0.0459559
0 0.82666 0.954504 0.03125 0.0523897
0 0.189453 0.0477941 0.0273438 0.0477941
1 0.941406 0.563419 0.0292969 0.0533088
0 0.0222168 0.193474 0.0307617 0.0597426
1 0.415527 0.454963 0.0244141 0.0459559
0 0.106201 0.386489 0.027832 0.0560662
1 0.785889 0.272978 0.0239258 0.0459559
1 0.311768 0.244026 0.027832 0.0450368
1 0.973389 0.886029 0.0268555 0.0404412
1 0.801758 0.300092 0.0244141 0.0431985
1 0.390137 0.242647 0.0263672 0.0533088
1 0.37793 0.368566 0.0253906 0.0459559
1 0.689941 0.389246 0.0322266 0.0634191
1 0.407471 0.339154 0.0239258 0.0459559
1 0.189453 0.542279 0.0322266 0.0606618
