1 0.920898 0.608915 0.0234375 0.0340074
1 0.367188 0.792739 0.0224609 0.0395221
0 0.366943 0.793658 0.0219727 0.0395221
1 0.853271 0.0799632 0.0219727 0.0404412
1 0.43042 0.786765 0.0229492 0.0404412
1 0.449463 0.513327 0.0209961 0.0395221
0 0.979736 0.443015 0.0200195 0.0441176
1 0.352051 0.799173 0.0224609 0.0431985
1 0.979492 0.443934 0.0234375 0.0422794
0 0.5354 0.501838 0.0249023 0.0441176
0 0.560303 0.875919 0.0249023 0.0459559
1 0.537598 0.500919 0.0244141 0.0441176
1 0.359863 0.683824 0.0283203 0.0514706
0 0.560059 0.517004 0.0205078 0.0395221
0 0.510498 0.0174632 0.0200195 0.0349265
1 0.463623 0.881893 0.0209961 0.0413603
1 0.519775 0.827206 0.0209961 0.0367647
1 0.704346 0.653493 0.0258789 0.0477941
1 0.297119 0.672335 0.027832 0.0487132
1 0.32666 0.626379 0.0253906 0.0431985
0 0.19751 0.533088 0.0239258 0.0477941
0 0.829102 0.825827 0.0234375 0.0487132
1 0.530029 0.460938 0.0249023 0.0450368
1 0.0742188 0.251379 0.0273438 0.0542279
0 0.618652 0.982996 0.0273438 0.0340074
0 0.878906 0.078125 0.0214844 0.0404412
1 0.393066 0.657169 0.0244141 0.0459559
0 0.559814 0.610754 0.0219727 0.046875
0 0.0925293 0.0363051 0.0327148 0.0505515
1 0.195068 0.921875 0.0258789 0.0459559
1 0.455078 0.169577 0.0175781 0.0376838
1 0.382568 0.787224 0.0209961 0.0395221
0 0.73291 0.186581 0.0234375 0.0459559
0 0.418213 0.962776 0.0288086 0.0487132
0 0.531006 0.460938 0.0249023 0.0450368
1 0.259277 0.845588 0.0283203 0.0477941
1 0.123291 0.474265 0.0239258 0.0441176
1 0.6604 0.0128676 0.0219727 0.0257353
0 0.294189 0.801471 0.0239258 0.0386029
0 0.360352 0.683824 0.0263672 0.0477941
1 0.460205 0.15579 0.0200195 0.0376838
1 0.174072 0.827206 0.027832 0.0477941
1 0.448486 0.157169 0.019043 0.0386029
1 0.603516 0.0147059 0.0253906 0.0294118
1 0.617188 0.886029 0.0214844 0.0404412
1 0.129883 0.137408 0.0234375 0.0431985
1 0.117188 0.159926 0.0244141 0.0459559
0 0.297363 0.672335 0.0263672 0.046875
0 0.0744629 0.252298 0.0258789 0.0505515
1 0.520508 0.0707721 0.0234375 0.0441176
1 0.373047 0.536305 0.0273438 0.046875
1 0.0180664 0.465074 0.0263672 0.0514706
1 0.0854492 0.599724 0.0244141 0.046875
1 0.0949707 0.349724 0.0268555 0.0450368
1 0.73999 0.915441 0.0288086 0.0477941
1 0.530029 0.808824 0.0229492 0.0386029
1 0.914062 0.590533 0.0234375 0.0340074
1 0.832764 0.127298 0.0249023 0.0431985
1 0.727051 0.63511 0.0224609 0.0441176
0 0.351074 0.80239 0.0224609 0.0441176
0 0.290283 0.775276 0.0219727 0.0395221
1 0.696533 0.380974 0.0239258 0.0413603
1 0.0327148 0.409926 0.0244141 0.0441176
1 0.732178 0.0983456 0.0249023 0.0459559
1 0.667236 0.392463 0.0229492 0.0459559
1 0.705811 0.027114 0.0209961 0.0395221
1 0.67334 0.709559 0.0244141 0.0477941
1 0.169922 0.0160846 0.0263672 0.0321691
1 0.989014 0.817096 0.0200195 0.0422794
1 0.0922852 0.0349265 0.03125 0.0533088
1 0.434326 0.883732 0.0249023 0.0450368
1 0.909424 0.504136 0.0249023 0.0413603
1 0.635986 0.881893 0.0229492 0.0413603
1 0.0673828 0.798254 0.0234375 0.0413603
1 0.78125 0.684743 0.0263672 0.0459559
1 0.80249 0.168199 0.0249023 0.0459559
1 0.827148 0.825827 0.0234375 0.046875
1 0.645752 0.388787 0.0249023 0.0459559
1 0.197266 0.533548 0.0253906 0.046875
1 0.128662 0.828585 0.0258789 0.0505515
0 0.0109863 0.20864 0.0209961 0.0514706
1 0.766357 0.0850184 0.0209961 0.0413603
1 0.461426 0.672794 0.0263672 0.0477941
1 0.417969 0.783088 0.0224609 0.0441176
1 0.839844 0.684743 0.0214844 0.0441176
1 0.165527 0.772518 0.0244141 0.0487132
1 0.126709 0.502757 0.0209961 0.0459559
1 0.15918 0.499081 0.0244141 0.0459559
1 0.145996 0.588695 0.0263672 0.046875
1 0.851562 0.262408 0.0263672 0.0413603
1 0.689453 0.444393 0.0244141 0.0413603
1 0.206299 0.856158 0.0288086 0.046875
1 0.885986 0.237592 0.0327148 0.0487132
1 0.783203 0.592831 0.0253906 0.0441176
1 0.0141602 0.980699 0.0253906 0.0386029
1 0.377686 0.371324 0.0258789 0.0514706
1 0.395752 0.871324 0.0258789 0.0496324
1 0.801758 0.10386 0.0234375 0.0422794
0 0.258057 0.846507 0.0249023 0.0422794
1 0.512939 0.681985 0.0297852 0.0477941
0 0.317383 0.880055 0.0253906 0.0450368
1 0.406982 0.345129 0.0268555 0.0450368
0 0.269775 0.984375 0.027832 0.03125
1 0.565674 0.381893 0.0239258 0.0450368
1 0.992188 0.551011 0.015625 0.046875
1 0.590088 0.363511 0.0249023 0.0450368
1 0.990967 0.761489 0.0180664 0.0395221
1 0.94043 0.694393 0.0234375 0.0395221
1 0.185059 0.381893 0.0224609 0.0431985
1 0.695801 0.742647 0.0224609 0.0441176
0 0.234619 0.710478 0.0249023 0.0459559
1 0.755615 0.789062 0.0249023 0.0450368
1 0.307617 0.122702 0.0273438 0.0487132
1 0.611572 0.252757 0.0209961 0.0422794
1 0.186279 0.463235 0.0258789 0.0477941
1 0.231689 0.346967 0.0239258 0.0487132
1 0.598145 0.301011 0.0234375 0.0450368
1 0.828125 0.62454 0.0234375 0.0505515
1 0.15332 0.228401 0.0273438 0.0505515
1 0.7771 0.869026 0.0219727 0.0413603
1 0.713135 0.477941 0.0249023 0.0441176
1 0.533447 0.338695 0.0258789 0.046875
1 0.879883 0.823989 0.0234375 0.0487132
1 0.0932617 0.8125 0.0273438 0.0514706
1 0.577393 0.24954 0.0219727 0.046875
1 0.458252 0.107077 0.0249023 0.0450368
1 0.941406 0.724724 0.0214844 0.0395221
1 0.674072 0.0579044 0.0249023 0.0441176
1 0.269287 0.214614 0.0239258 0.0395221
1 0.597412 0.227941 0.0209961 0.0441176
1 0.762695 0.883732 0.0234375 0.0376838
1 0.45874 0.498162 0.0249023 0.0422794
1 0.198242 0.363971 0.0234375 0.0404412
1 0.678955 0.136949 0.027832 0.0496324
1 0.806396 0.296875 0.0249023 0.0422794
1 0.418945 0.960938 0.0273438 0.046875
1 0.278809 0.193934 0.0224609 0.0386029
1 0.762939 0.046875 0.0219727 0.0404412
1 0.854736 0.680147 0.0200195 0.0422794
1 0.946045 0.317096 0.0268555 0.0441176
1 0.813965 0.443934 0.0263672 0.0422794
1 0.805176 0.235294 0.0253906 0.0459559
1 0.408691 0.204963 0.0263672 0.0477941
1 0.796875 0.405331 0.0234375 0.0422794
1 0.361084 0.165901 0.0239258 0.0450368
1 0.959961 0.21829 0.0234375 0.0376838
1 0.394043 0.115349 0.0224609 0.0450368
1 0.408447 0.538143 0.0258789 0.046875
1 0.109131 0.529871 0.0258789 0.0487132
1 0.972656 0.191636 0.0253906 0.0395221
1 0.572266 0.10432 0.0244141 0.0413603
1 0.92041 0.840533 0.0263672 0.046875
1 0.223877 0.790901 0.0258789 0.046875
1 0.0297852 0.886029 0.0263672 0.0459559
1 0.146484 0.304228 0.0263672 0.0496324
1 0.78125 0.274357 0.0253906 0.0450368
1 0.991455 0.178309 0.0170898 0.0422794
1 0.222168 0.0758272 0.0263672 0.0487132
1 0.530518 0.269761 0.0249023 0.046875
1 0.933594 0.332261 0.0214844 0.0413603
1 0.915527 0.55193 0.0234375 0.0413603
1 0.499268 0.175551 0.0258789 0.0477941
1 0.132568 0.626838 0.0258789 0.0477941
1 0.855469 0.867647 0.0253906 0.0477941
1 0.877441 0.70818 0.0234375 0.0431985
1 0.403076 0.159467 0.0229492 0.046875
1 0.33252 0.199908 0.0253906 0.0450368
1 0.981201 0.734375 0.0219727 0.0386029
1 0.207764 0.308824 0.0239258 0.0459559
1 0.0415039 0.92739 0.0244141 0.0459559
1 0.483643 0.133732 0.0249023 0.0487132
1 0.316406 0.24954 0.0253906 0.0431985
1 0.414062 0.463695 0.0263672 0.0487132
1 0.442627 0.472426 0.0219727 0.0441176
1 0.240479 0.0275735 0.0258789 0.0477941
1 0.830566 0.950827 0.0263672 0.0450368
1 0.963867 0.753676 0.0234375 0.0441176
1 0.98584 0.934743 0.0263672 0.0514706
1 0.364746 0.203125 0.0224609 0.0422794
