1 0.382568 0.480699 0.0180664 0.0330882
1 0.806152 0.988051 0.0302734 0.0238971
1 0.876465 0.721048 0.0283203 0.046875
1 0.613037 0.0133272 0.0258789 0.0266544
1 0.533447 0.326746 0.0219727 0.0413603
0 0.755859 0.790441 0.0292969 0.0459559
0 0.757568 0.925092 0.0297852 0.046875
1 0.787109 0.592831 0.0253906 0.0477941
1 0.56543 0.602022 0.0273438 0.0459559
0 0.775879 0.715993 0.0234375 0.0441176
1 0.776611 0.717371 0.0249023 0.0431985
1 0.755859 0.79136 0.0263672 0.0441176
0 0.876465 0.723346 0.0263672 0.0459559
1 0.758545 0.926471 0.0317383 0.0514706
1 0.825928 0.800551 0.0249023 0.0496324
0 0.912354 0.982537 0.0297852 0.0349265
0 0.566406 0.601103 0.0273438 0.0477941
1 0.806152 0.205882 0.0185547 0.0441176
1 0.917236 0.494026 0.027832 0.046875
1 0.85791 0.253217 0.0234375 0.0413603
1 0.825928 0.955882 0.0297852 0.0496324
0 0.825684 0.954963 0.0283203 0.0496324
1 0.828857 0.622702 0.0219727 0.046875
1 0.879883 0.825827 0.0234375 0.0450368
1 0.555176 0.883732 0.0263672 0.0431985
1 0.741455 0.158088 0.0219727 0.0404412
1 0.679443 0.0602022 0.0209961 0.0376838
1 0.85791 0.862592 0.0234375 0.0450368
1 0.52832 0.066636 0.0234375 0.0431985
1 0.927979 0.857077 0.0249023 0.046875
1 0.019043 0.195772 0.0253906 0.0514706
1 0.838379 0.125 0.0234375 0.0441176
1 0.25708 0.84375 0.0249023 0.0441176
1 0.681641 0.0965074 0.0224609 0.0404412
1 0.172363 0.019761 0.0283203 0.0395221
1 0.93042 0.56296 0.0268555 0.0450368
1 0.0910645 0.0298713 0.0327148 0.046875
1 0.401611 0.212776 0.0249023 0.046875
1 0.439697 0.88511 0.0258789 0.0441176
1 0.0146484 0.981618 0.0253906 0.0367647
1 0.691162 0.38557 0.0258789 0.046875
1 0.208984 0.0795037 0.0253906 0.046875
1 0.858643 0.0840993 0.0200195 0.0431985
1 0.988281 0.174632 0.0234375 0.0496324
1 0.524658 0.268382 0.0249023 0.0477941
1 0.100342 0.525276 0.0258789 0.0487132
1 0.882812 0.0873162 0.0205078 0.0422794
1 0.236816 0.715533 0.0244141 0.0431985
1 0.809082 0.119026 0.0224609 0.0431985
1 0.731689 0.117188 0.0209961 0.0431985
1 0.0847168 0.236673 0.0297852 0.0542279
1 0.571045 0.103401 0.0229492 0.0431985
1 0.196777 0.946232 0.0273438 0.0487132
1 0.592285 0.289982 0.0224609 0.0431985
1 0.371094 0.539062 0.0253906 0.0450368
1 0.144775 0.590074 0.0209961 0.0459559
1 0.98291 0.915901 0.0283203 0.0542279
1 0.50708 0.184743 0.0239258 0.0459559
1 0.13208 0.607996 0.0200195 0.0431985
1 0.391846 0.87454 0.0229492 0.0487132
1 0.897705 0.106618 0.0219727 0.0441176
1 0.196533 0.529412 0.0239258 0.0441176
1 0.0942383 0.601103 0.0234375 0.0441176
1 0.414062 0.457721 0.0244141 0.0441176
1 0.585938 0.255974 0.0224609 0.0395221
1 0.231445 0.76011 0.0234375 0.0441176
1 0.098877 0.362592 0.0268555 0.046875
1 0.811768 0.301011 0.0249023 0.0431985
1 0.1875 0.483456 0.0234375 0.0459559
1 0.785645 0.272059 0.0224609 0.0459559
1 0.409912 0.340533 0.0249023 0.0450368
1 0.37793 0.367647 0.0253906 0.0441176
1 0.161133 0.485294 0.0244141 0.0459559
1 0.147949 0.235294 0.0253906 0.0422794
1 0.164307 0.77068 0.0268555 0.0487132
1 0.417725 0.942555 0.0258789 0.0505515
1 0.311523 0.245864 0.0263672 0.0487132
1 0.0959473 0.814798 0.0268555 0.0487132
1 0.119141 0.820772 0.0234375 0.0459559
1 0.23877 0.344669 0.0283203 0.0496324
1 0.153564 0.273438 0.0258789 0.0413603
1 0.405518 0.538143 0.0239258 0.0431985
1 0.205322 0.314798 0.0249023 0.046875
