1 0.386963 0.779412 0.0317383 0.0551471
0 0.102295 0.0234375 0.0356445 0.046875
1 0.30957 0.237132 0.0283203 0.0588235
0 0.859375 0.082261 0.0234375 0.046875
0 0.38208 0.267463 0.0297852 0.0514706
1 0.102539 0.0248162 0.0341797 0.0496324
0 0.189697 0.54182 0.034668 0.0707721
0 0.52417 0.206342 0.0258789 0.046875
1 0.843018 0.767004 0.0249023 0.046875
1 0.925049 0.975184 0.0297852 0.0459559
1 0.800781 0.59421 0.0253906 0.0505515
1 0.438965 0.880515 0.0302734 0.0588235
1 0.825928 0.952206 0.0249023 0.0422794
0 0.842285 0.767004 0.0283203 0.046875
0 0.258301 0.846967 0.0302734 0.0542279
0 0.203369 0.956342 0.0307617 0.0542279
0 0.924805 0.975643 0.03125 0.0487132
0 0.825928 0.953585 0.0249023 0.0450368
1 0.872559 0.746324 0.0263672 0.0477941
1 0.958008 0.556066 0.03125 0.0514706
0 0.800293 0.929688 0.0244141 0.046875
1 0.258301 0.847886 0.0302734 0.0523897
0 0.800781 0.594669 0.0263672 0.0496324
1 0.416504 0.454504 0.0302734 0.0597426
0 0.439453 0.881434 0.0341797 0.0569853
1 0.987549 0.173254 0.0249023 0.0560662
0 0.164795 0.772518 0.0288086 0.0560662
0 0.570068 0.597886 0.0327148 0.0560662
0 0.828857 0.624081 0.0249023 0.0496324
0 0.308594 0.237592 0.0302734 0.0597426
1 0.916504 0.496324 0.0263672 0.0477941
0 0.872559 0.746324 0.0263672 0.0477941
1 0.203613 0.957261 0.03125 0.0560662
0 0.0852051 0.238971 0.034668 0.0625
1 0.303955 0.90579 0.0288086 0.0560662
1 0.689941 0.389706 0.03125 0.0661765
0 0.0224609 0.193015 0.0322266 0.0661765
0 0.109131 0.388327 0.0307617 0.0615809
1 0.189209 0.54182 0.0336914 0.0652574
