1 0.549316 0.899357 0.0273438 0.0431985
0 0.860107 0.0850184 0.0249023 0.046875
1 0.882812 0.241728 0.0205078 0.0459559
0 0.7854 0.273897 0.0249023 0.0441176
1 0.917236 0.491728 0.027832 0.0459559
1 0.858643 0.255515 0.0200195 0.0404412
0 0.771973 0.745404 0.0244141 0.0459559
0 0.567139 0.596507 0.0288086 0.0533088
1 0.835938 0.866728 0.0205078 0.0386029
0 0.917969 0.981618 0.03125 0.0367647
0 0.810791 0.118566 0.0219727 0.0459559
0 0.0961914 0.577206 0.0253906 0.0422794
0 0.69043 0.387868 0.0273438 0.0551471
1 0.811035 0.116728 0.0205078 0.0441176
0 0.199219 0.0693934 0.0253906 0.0431985
1 0.825928 0.955882 0.0297852 0.0496324
0 0.791016 0.590993 0.0253906 0.0459559
1 0.807617 0.300092 0.0224609 0.0413603
1 0.79126 0.589614 0.0249023 0.0450368
1 0.0935059 0.027114 0.0327148 0.046875
1 0.378174 0.538603 0.0200195 0.0330882
1 0.785156 0.272059 0.0234375 0.0459559
1 0.932617 0.564798 0.0234375 0.046875
1 0.828857 0.623621 0.0219727 0.046875
1 0.824951 0.783088 0.0268555 0.0496324
1 0.195312 0.536765 0.0283203 0.0551471
1 0.83667 0.12454 0.0219727 0.0431985
1 0.439941 0.883732 0.0244141 0.0487132
0 0.77002 0.925092 0.0263672 0.0523897
0 0.197998 0.95864 0.0307617 0.0514706
1 0.200195 0.0693934 0.0253906 0.0450368
0 0.207031 0.316636 0.0263672 0.0523897
1 0.198242 0.959559 0.0283203 0.0477941
1 0.690674 0.387408 0.027832 0.0542279
1 0.171631 0.0211397 0.0268555 0.0386029
0 0.0219727 0.194393 0.0263672 0.0505515
0 0.0849609 0.238051 0.0302734 0.0514706
1 0.989014 0.173254 0.0219727 0.0487132
1 0.207275 0.315257 0.0258789 0.0496324
0 0.102295 0.378217 0.0258789 0.0487132
1 0.567871 0.598805 0.0263672 0.046875
1 0.0952148 0.578125 0.0263672 0.0422794
1 0.258789 0.844669 0.0253906 0.0459559
1 0.234619 0.340074 0.0258789 0.0459559
1 0.873535 0.734835 0.0263672 0.0487132
0 0.828857 0.623162 0.0249023 0.0477941
1 0.980469 0.90579 0.0263672 0.0505515
0 0.872803 0.734835 0.0249023 0.046875
1 0.864258 0.861213 0.0234375 0.0459559
1 0.770996 0.746324 0.0234375 0.0477941
1 0.77002 0.924632 0.0273438 0.0514706
1 0.516846 0.19807 0.0209961 0.0413603
1 0.755859 0.789522 0.0244141 0.0441176
0 0.82666 0.954504 0.0283203 0.0505515
1 0.524414 0.269761 0.0234375 0.0395221
0 0.931152 0.873621 0.0263672 0.0450368
0 0.0942383 0.544577 0.0263672 0.0450368
1 0.880371 0.826287 0.0234375 0.0459559
1 0.527588 0.309743 0.0219727 0.0404412
1 0.542969 0.0565257 0.0253906 0.0450368
1 0.394775 0.227941 0.0239258 0.0441176
0 0.164307 0.770221 0.0288086 0.0514706
1 0.567871 0.0868566 0.0244141 0.0450368
1 0.391113 0.871324 0.0234375 0.0496324
1 0.412109 0.918199 0.0224609 0.0441176
1 0.415283 0.457261 0.0258789 0.0450368
1 0.378662 0.368107 0.0249023 0.0431985
1 0.409424 0.340533 0.0239258 0.0431985
1 0.311768 0.245864 0.027832 0.0450368
