0 0.835938 0.122702 0.0214844 0.046875
0 0.858643 0.0840993 0.0219727 0.046875
0 0.189697 0.54182 0.034668 0.0707721
0 0.960938 0.868566 0.0253906 0.0422794
0 0.101807 0.0229779 0.034668 0.0459559
0 0.834229 0.77068 0.0297852 0.0487132
1 0.109375 0.387408 0.0292969 0.0634191
0 0.789551 0.925551 0.0273438 0.0496324
0 0.569336 0.598346 0.03125 0.0533088
1 0.310547 0.240809 0.0292969 0.0551471
1 0.833496 0.767463 0.0283203 0.0496324
1 0.101807 0.0238971 0.0336914 0.0477941
1 0.788818 0.925092 0.0268555 0.0487132
1 0.948486 0.560662 0.0249023 0.0477941
0 0.825684 0.954044 0.0283203 0.0514706
0 0.799805 0.594669 0.0283203 0.0514706
0 0.922607 0.977022 0.0297852 0.0441176
1 0.923584 0.975643 0.0297852 0.0431985
1 0.960938 0.869945 0.0253906 0.0413603
1 0.56958 0.596507 0.027832 0.0496324
1 0.828857 0.62454 0.0219727 0.0487132
0 0.872559 0.745864 0.0283203 0.0487132
0 0.309814 0.238971 0.0297852 0.0551471
1 0.385254 0.255974 0.0283203 0.0487132
1 0.800049 0.594669 0.0268555 0.0496324
1 0.203125 0.957261 0.0302734 0.0542279
0 0.817139 0.119026 0.0249023 0.046875
1 0.988281 0.171875 0.0234375 0.0514706
0 0.259033 0.846967 0.027832 0.0505515
0 0.828857 0.623162 0.0249023 0.0496324
0 0.93457 0.882812 0.0234375 0.0395221
1 0.91626 0.495864 0.0249023 0.046875
1 0.872559 0.744945 0.0283203 0.046875
0 0.439209 0.881434 0.0336914 0.0569853
0 0.202393 0.957261 0.027832 0.0505515
0 0.164551 0.772518 0.0283203 0.0560662
0 0.0852051 0.23943 0.034668 0.0615809
1 0.415771 0.454963 0.0249023 0.0477941
1 0.377197 0.367188 0.0219727 0.0413603
0 0.108887 0.387868 0.0302734 0.0606618
0 0.0222168 0.193474 0.0336914 0.0670956
1 0.825684 0.954504 0.0283203 0.0487132
1 0.392822 0.342371 0.0229492 0.0431985
1 0.689941 0.389706 0.0302734 0.0661765
1 0.189209 0.542279 0.034668 0.0661765
