0 0.928223 0.857077 0.0283203 0.046875
1 0.58667 0.365809 0.0209961 0.0294118
1 0.805664 0.189338 0.0185547 0.0367647
1 0.612549 0.0128676 0.0258789 0.0257353
1 0.38208 0.481618 0.0180664 0.0330882
1 0.379883 0.68704 0.0195312 0.0395221
1 0.03125 0.411765 0.0175781 0.0367647
0 0.787598 0.59329 0.0263672 0.046875
1 0.787109 0.59329 0.0253906 0.046875
1 0.381836 0.786765 0.0224609 0.0422794
1 0.825928 0.80239 0.0249023 0.0496324
1 0.0249023 0.4375 0.0205078 0.0330882
0 0.776367 0.715993 0.0234375 0.0441176
0 0.880371 0.824908 0.0234375 0.046875
0 0.82666 0.80239 0.0263672 0.0496324
0 0.828857 0.621783 0.0249023 0.0487132
1 0.879639 0.824449 0.0249023 0.0441176
0 0.876465 0.722886 0.0263672 0.046875
1 0.916992 0.492647 0.0234375 0.0459559
0 0.756104 0.924173 0.0297852 0.0487132
0 0.912354 0.982996 0.0297852 0.0340074
1 0.857666 0.862592 0.0249023 0.0450368
1 0.756836 0.925551 0.03125 0.0514706
1 0.740967 0.160846 0.0229492 0.0404412
0 0.565918 0.601103 0.0273438 0.0477941
1 0.53418 0.329963 0.0234375 0.0422794
0 0.755615 0.789522 0.0249023 0.0422794
1 0.828857 0.622702 0.0219727 0.046875
1 0.856934 0.253676 0.0234375 0.0422794
1 0.681152 0.0997243 0.0244141 0.0413603
1 0.92749 0.856618 0.0249023 0.0477941
1 0.556152 0.883272 0.0273438 0.0441176
1 0.439941 0.88511 0.0263672 0.0459559
0 0.825684 0.955423 0.0283203 0.0487132
1 0.679443 0.0606618 0.0219727 0.0386029
1 0.929688 0.563419 0.0253906 0.0441176
1 0.25708 0.84375 0.0249023 0.0441176
1 0.731689 0.116728 0.0219727 0.0422794
1 0.838379 0.12454 0.0234375 0.0431985
1 0.081543 0.234835 0.0273438 0.0487132
1 0.690674 0.384651 0.0258789 0.046875
1 0.526855 0.0670956 0.0244141 0.0441176
1 0.0908203 0.0298713 0.0332031 0.046875
1 0.0192871 0.196232 0.0258789 0.0505515
1 0.237305 0.715074 0.0244141 0.0441176
1 0.172119 0.019761 0.0288086 0.0395221
1 0.0148926 0.981618 0.0249023 0.0367647
1 0.88208 0.0863971 0.0200195 0.0422794
1 0.320068 0.164522 0.0200195 0.0459559
1 0.10083 0.524357 0.0249023 0.0487132
1 0.0939941 0.601562 0.0229492 0.0450368
1 0.14502 0.588695 0.0205078 0.0431985
1 0.988281 0.174632 0.0214844 0.0496324
1 0.858643 0.0836397 0.0200195 0.0422794
1 0.571045 0.10386 0.0229492 0.0441176
1 0.80957 0.117647 0.0214844 0.0422794
1 0.40625 0.538143 0.0234375 0.0413603
1 0.524658 0.267923 0.0239258 0.046875
1 0.37085 0.539522 0.0249023 0.0459559
1 0.334473 0.182904 0.0205078 0.0459559
1 0.391846 0.874081 0.0229492 0.0496324
1 0.0983887 0.361673 0.0258789 0.046875
1 0.401367 0.213235 0.0234375 0.0459559
1 0.414307 0.457261 0.0249023 0.0450368
1 0.196533 0.945312 0.0268555 0.0487132
1 0.208984 0.0799632 0.0253906 0.0477941
1 0.897705 0.105699 0.0219727 0.0441176
1 0.98291 0.917739 0.0283203 0.0542279
1 0.806396 0.209559 0.0219727 0.0367647
1 0.196777 0.529871 0.0234375 0.0431985
1 0.13208 0.608456 0.0209961 0.0422794
1 0.812012 0.301471 0.0244141 0.0404412
1 0.786133 0.272059 0.0234375 0.0441176
1 0.506592 0.182904 0.0249023 0.0459559
1 0.593018 0.292279 0.0229492 0.0441176
1 0.187256 0.484375 0.0239258 0.0459559
1 0.37793 0.368107 0.0253906 0.0431985
1 0.410156 0.340074 0.0253906 0.0441176
1 0.417969 0.943474 0.0253906 0.0505515
1 0.584717 0.254136 0.0229492 0.0395221
1 0.160645 0.486213 0.0244141 0.0422794
1 0.0952148 0.814338 0.0273438 0.0514706
1 0.148193 0.234835 0.0249023 0.0431985
1 0.164307 0.77068 0.0268555 0.0505515
1 0.15332 0.277574 0.0253906 0.0422794
1 0.23877 0.345588 0.0283203 0.0514706
1 0.119629 0.821232 0.0244141 0.0487132
1 0.230957 0.761949 0.0244141 0.0459559
1 0.312256 0.247243 0.0258789 0.0459559
1 0.205322 0.314338 0.0249023 0.0477941
