0 0.5271 0.674632 0.0258789 0.0220588
0 0.510254 0.0160846 0.0185547 0.0321691
1 0.940674 0.246783 0.0219727 0.0340074
0 0.921143 0.622243 0.0170898 0.0330882
0 0.815674 0.451746 0.019043 0.0376838
0 0.971924 0.17739 0.019043 0.0349265
0 0.666016 0.420037 0.0175781 0.0330882
1 0.979736 0.447151 0.0219727 0.0395221
0 0.214111 0.742647 0.0170898 0.0330882
0 0.948486 0.738971 0.0170898 0.0330882
0 0.99292 0.758272 0.0141602 0.0386029
0 0.582764 0.19807 0.019043 0.0321691
0 0.64624 0.392463 0.0170898 0.0349265
0 0.21582 0.929688 0.015625 0.0413603
0 0.44458 0.153952 0.0200195 0.0340074
0 0.491211 0.358456 0.0195312 0.0367647
0 0.467529 0.270221 0.0180664 0.03125
0 0.572266 0.108456 0.0195312 0.0330882
0 0.653076 0.338235 0.019043 0.0349265
1 0.958496 0.225643 0.0205078 0.0376838
0 0.617432 0.977022 0.0209961 0.0386029
0 0.352783 0.842831 0.019043 0.0367647
0 0.367676 0.84421 0.0175781 0.0413603
0 0.980469 0.446691 0.0205078 0.0404412
0 0.194336 0.243107 0.0166016 0.0413603
0 0.817139 0.808824 0.0170898 0.0404412
0 0.125977 0.503217 0.0185547 0.0358456
0 0.993652 0.105239 0.0126953 0.0376838
0 0.793701 0.402114 0.019043 0.0376838
0 0.458252 0.107077 0.0209961 0.0303309
0 0.953857 0.0588235 0.019043 0.0386029
0 0.0319824 0.53171 0.0170898 0.0376838
0 0.500732 0.341452 0.0180664 0.0358456
0 0.00927734 0.988051 0.0185547 0.0238971
0 0.00805664 0.217371 0.0161133 0.0395221
0 0.516357 0.465993 0.0200195 0.0349265
0 0.960205 0.225184 0.0219727 0.0386029
0 0.858643 0.671875 0.019043 0.0349265
0 0.625 0.315717 0.0166016 0.0358456
0 0.991699 0.186121 0.0166016 0.0376838
0 0.155762 0.230239 0.0224609 0.0376838
0 0.496094 0.609835 0.0214844 0.0358456
0 0.781738 0.58364 0.0224609 0.0441176
0 0.803223 0.046875 0.0185547 0.0367647
1 0.925781 0.334099 0.0214844 0.0395221
0 0.378662 0.0335478 0.0229492 0.0340074
0 0.529297 0.34421 0.0205078 0.0321691
0 0.268311 0.222886 0.0219727 0.0376838
1 0.532715 0.272518 0.0224609 0.0376838
0 0.133057 0.13511 0.019043 0.0386029
0 0.547607 0.315257 0.0170898 0.0330882
0 0.211426 0.303309 0.0185547 0.0404412
0 0.0947266 0.170037 0.0175781 0.0404412
0 0.765137 0.897978 0.0224609 0.0386029
0 0.19873 0.539982 0.0214844 0.0376838
0 0.65625 0.302849 0.0175781 0.0340074
0 0.368164 0.795956 0.0166016 0.0367647
0 0.0385742 0.405331 0.0205078 0.0386029
1 0.412354 0.206342 0.0219727 0.0431985
0 0.570557 0.210938 0.0209961 0.0358456
0 0.616455 0.889706 0.0200195 0.0441176
0 0.168701 0.0151654 0.0249023 0.0303309
0 0.118896 0.161765 0.019043 0.0367647
0 0.615967 0.25046 0.019043 0.0321691
0 0.71582 0.483915 0.0195312 0.0413603
0 0.965576 0.758732 0.0219727 0.0395221
0 0.618896 0.420496 0.0170898 0.0395221
0 0.206787 0.85432 0.0219727 0.0431985
0 0.544922 0.512408 0.0214844 0.0358456
0 0.574951 0.253676 0.0200195 0.0349265
0 0.516602 0.82261 0.0195312 0.0386029
0 0.834229 0.552849 0.0219727 0.0376838
0 0.108643 0.53171 0.0209961 0.0376838
0 0.982178 0.741268 0.0170898 0.0358456
0 0.534424 0.802849 0.0209961 0.0395221
0 0.593018 0.372243 0.019043 0.0367647
0 0.401855 0.160386 0.0205078 0.0358456
0 0.85083 0.0840993 0.0200195 0.0395221
0 0.990479 0.131434 0.0170898 0.0367647
0 0.319824 0.873621 0.0214844 0.0431985
0 0.728027 0.630055 0.0205078 0.0395221
0 0.258789 0.846507 0.0234375 0.0367647
0 0.360596 0.162224 0.0200195 0.0376838
0 0.563965 0.373162 0.0195312 0.0404412
0 0.348145 0.800551 0.0185547 0.0386029
0 0.754883 0.787224 0.0234375 0.0413603
0 0.602783 0.448529 0.0180664 0.0386029
0 0.919678 0.837316 0.0219727 0.0386029
0 0.829834 0.517463 0.0219727 0.0386029
0 0.0410156 0.120404 0.0214844 0.0386029
1 0.94751 0.316636 0.0249023 0.0413603
0 0.0158691 0.469669 0.0219727 0.0422794
0 0.84375 0.128217 0.0205078 0.0358456
0 0.786865 0.676471 0.0219727 0.0441176
0 0.598145 0.300092 0.0195312 0.0395221
0 0.606689 0.48943 0.019043 0.0340074
0 0.775635 0.859375 0.0219727 0.0367647
0 0.269287 0.983456 0.0239258 0.0330882
0 0.0554199 0.11443 0.0209961 0.0358456
0 0.828857 0.62454 0.0200195 0.0395221
0 0.128174 0.827206 0.0209961 0.0441176
0 0.987549 0.941176 0.0249023 0.0404412
0 0.395264 0.113051 0.0229492 0.0422794
0 0.0922852 0.0358456 0.0273438 0.0422794
