0 0.85791 0.863511 0.0263672 0.046875
1 0.611572 0.0128676 0.0249023 0.0257353
0 0.574707 0.392004 0.0185547 0.0340074
0 0.775879 0.713695 0.0234375 0.0450368
1 0.476562 0.667279 0.0205078 0.0404412
0 0.916504 0.493107 0.0234375 0.0450368
0 0.587646 0.36489 0.0209961 0.0330882
0 0.835205 0.863971 0.0200195 0.0404412
1 0.68042 0.105699 0.0219727 0.0386029
0 0.440186 0.884651 0.0268555 0.0450368
1 0.879883 0.825368 0.0234375 0.0441176
1 0.857666 0.863051 0.0249023 0.0459559
1 0.825928 0.955882 0.0297852 0.0477941
0 0.786865 0.59421 0.027832 0.046875
0 0.877441 0.721507 0.0263672 0.0459559
1 0.741211 0.163143 0.0234375 0.0413603
1 0.731689 0.115809 0.0229492 0.0422794
1 0.576172 0.391085 0.0205078 0.0340074
1 0.806885 0.186581 0.0219727 0.0386029
0 0.827393 0.803309 0.0268555 0.0514706
0 0.912354 0.982996 0.0297852 0.0340074
1 0.381592 0.786765 0.0209961 0.0404412
1 0.828857 0.622243 0.0219727 0.0459559
0 0.880371 0.824908 0.0234375 0.0487132
1 0.916992 0.492647 0.0234375 0.0459559
0 0.557129 0.884651 0.0263672 0.0431985
1 0.856934 0.253217 0.0234375 0.0431985
0 0.828857 0.621783 0.0249023 0.0505515
1 0.439453 0.88511 0.0263672 0.0459559
1 0.557129 0.882353 0.0273438 0.0441176
1 0.534668 0.330882 0.0234375 0.0477941
0 0.755127 0.924173 0.0297852 0.0487132
1 0.407471 0.538143 0.0229492 0.0376838
0 0.825684 0.955423 0.0283203 0.0487132
1 0.678955 0.0611213 0.0229492 0.0395221
1 0.52417 0.0675551 0.0239258 0.0431985
1 0.754639 0.924173 0.0288086 0.0523897
1 0.301514 0.665901 0.0219727 0.0413603
1 0.257324 0.84375 0.0253906 0.0441176
1 0.0185547 0.196232 0.0253906 0.0505515
1 0.402588 0.210478 0.0229492 0.0459559
1 0.838379 0.12454 0.0234375 0.0431985
1 0.389893 0.664062 0.0219727 0.0431985
1 0.237305 0.713695 0.0234375 0.046875
0 0.755371 0.789062 0.0244141 0.0431985
1 0.315918 0.647978 0.0205078 0.0386029
1 0.929688 0.563419 0.0253906 0.0441176
1 0.0905762 0.0317096 0.0336914 0.0487132
1 0.88208 0.0863971 0.0200195 0.0422794
1 0.197021 0.944393 0.027832 0.046875
0 0.565918 0.601562 0.0263672 0.046875
1 0.926514 0.855699 0.0249023 0.0459559
1 0.0786133 0.237592 0.0263672 0.0487132
1 0.571289 0.10386 0.0234375 0.0441176
1 0.0148926 0.981618 0.0258789 0.0367647
1 0.524902 0.268382 0.0244141 0.0459559
1 0.690674 0.384651 0.0268555 0.046875
1 0.414062 0.456801 0.0244141 0.0441176
1 0.391357 0.873621 0.0229492 0.0487132
1 0.858643 0.0836397 0.0200195 0.0422794
1 0.09375 0.602482 0.0234375 0.0450368
1 0.37085 0.539522 0.0249023 0.0459559
1 0.145752 0.587316 0.0200195 0.0422794
1 0.318359 0.159926 0.0214844 0.0477941
1 0.80957 0.117647 0.0214844 0.0422794
1 0.03125 0.410386 0.0214844 0.0395221
1 0.378418 0.690257 0.0214844 0.0441176
1 0.594727 0.295956 0.0234375 0.0404412
1 0.172119 0.0193015 0.0288086 0.0386029
1 0.209717 0.0795037 0.0258789 0.0487132
1 0.0969238 0.359835 0.0258789 0.046875
1 0.101074 0.523897 0.0244141 0.0477941
1 0.988281 0.174632 0.0214844 0.0496324
1 0.897705 0.106158 0.0219727 0.0450368
1 0.812012 0.301471 0.0244141 0.0422794
1 0.410156 0.340074 0.0253906 0.0441176
1 0.0246582 0.4375 0.0229492 0.0404412
1 0.785645 0.271599 0.0234375 0.0450368
1 0.196777 0.530331 0.0224609 0.0422794
1 0.120117 0.822151 0.0253906 0.046875
1 0.418701 0.943474 0.0258789 0.0505515
1 0.13208 0.608915 0.0209961 0.0413603
1 0.377686 0.368107 0.0249023 0.0431985
1 0.805664 0.210018 0.0234375 0.0395221
1 0.506592 0.180607 0.0258789 0.046875
1 0.15332 0.28125 0.0244141 0.0404412
1 0.1875 0.482996 0.0244141 0.0450368
1 0.98291 0.918658 0.0283203 0.0542279
1 0.164062 0.77114 0.0263672 0.0459559
1 0.335205 0.183364 0.0219727 0.046875
1 0.159912 0.487592 0.0229492 0.0395221
1 0.0947266 0.814338 0.0273438 0.0514706
1 0.147949 0.235294 0.0244141 0.0422794
1 0.583984 0.250919 0.0234375 0.0422794
1 0.23877 0.345129 0.0273438 0.0505515
1 0.312744 0.247243 0.0249023 0.0441176
1 0.205322 0.314798 0.0239258 0.046875
1 0.229004 0.763787 0.0244141 0.0459559
