0 0.366699 0.793658 0.0224609 0.0395221
0 0.560303 0.875919 0.0249023 0.0441176
0 0.292725 0.799632 0.0229492 0.0367647
0 0.852295 0.078125 0.0219727 0.0422794
1 0.853271 0.0795037 0.0219727 0.0395221
0 0.561035 0.609375 0.0234375 0.0459559
0 0.697021 0.741268 0.0219727 0.0450368
1 0.781738 0.686121 0.0273438 0.0523897
1 0.984375 0.186581 0.0253906 0.0459559
1 0.538086 0.500919 0.0234375 0.0441176
0 0.841309 0.683364 0.0234375 0.0413603
0 0.361572 0.685202 0.0268555 0.0487132
0 0.560059 0.517004 0.0195312 0.0395221
1 0.418945 0.783548 0.0234375 0.0413603
1 0.361328 0.684283 0.0283203 0.0523897
1 0.123779 0.474724 0.0229492 0.0431985
1 0.128662 0.137868 0.0229492 0.0404412
0 0.0332031 0.410846 0.0244141 0.0477941
1 0.393066 0.657169 0.0244141 0.0459559
0 0.417969 0.962776 0.0283203 0.0487132
1 0.660156 0.0128676 0.0214844 0.0257353
1 0.979004 0.442096 0.0234375 0.0422794
1 0.449951 0.511489 0.0200195 0.0395221
0 0.123779 0.476562 0.0219727 0.0431985
1 0.092041 0.0344669 0.034668 0.0560662
1 0.617432 0.884651 0.0219727 0.0395221
0 0.97876 0.441636 0.0219727 0.0431985
0 0.740967 0.914062 0.0249023 0.0487132
1 0.705078 0.653493 0.0253906 0.0459559
1 0.117188 0.161765 0.0234375 0.0422794
0 0.730713 0.0997243 0.0249023 0.046875
1 0.828125 0.824449 0.0214844 0.0514706
0 0.0178223 0.463235 0.027832 0.0551471
0 0.535889 0.501379 0.0239258 0.0431985
1 0.382324 0.787224 0.0214844 0.0395221
0 0.520752 0.0689338 0.0239258 0.0441176
0 0.510498 0.0174632 0.0209961 0.0349265
1 0.91626 0.602941 0.0219727 0.0404412
0 0.653076 0.324908 0.0219727 0.0431985
1 0.462158 0.672335 0.0258789 0.046875
0 0.5896 0.362592 0.0249023 0.0450368
1 0.0861816 0.599724 0.0239258 0.046875
1 0.634521 0.881893 0.0209961 0.0395221
1 0.0649414 0.801471 0.0234375 0.0404412
1 0.0180664 0.464154 0.0263672 0.0514706
1 0.731201 0.0992647 0.0249023 0.0459559
1 0.840576 0.683824 0.0219727 0.0422794
1 0.939941 0.720129 0.0205078 0.0395221
0 0.116455 0.161305 0.0229492 0.0450368
0 0.462891 0.672335 0.0273438 0.046875
1 0.989014 0.818474 0.0200195 0.0431985
1 0.19751 0.533088 0.0249023 0.0441176
0 0.619141 0.984375 0.0273438 0.03125
0 0.158936 0.498621 0.0219727 0.0431985
0 0.878906 0.0799632 0.0234375 0.0422794
1 0.510742 0.681985 0.0273438 0.0477941
1 0.741455 0.914062 0.0239258 0.046875
1 0.941406 0.695312 0.0214844 0.0395221
1 0.259033 0.846048 0.0288086 0.0487132
1 0.194824 0.923713 0.0253906 0.0441176
0 0.726562 0.634651 0.0224609 0.0431985
1 0.170898 0.0160846 0.0283203 0.0321691
0 0.781738 0.685202 0.0244141 0.0487132
1 0.158447 0.49954 0.0229492 0.0450368
0 0.325439 0.628676 0.0249023 0.0459559
1 0.175537 0.827665 0.0268555 0.046875
1 0.373047 0.535846 0.0273438 0.0477941
0 0.732422 0.186121 0.0224609 0.0431985
1 0.0947266 0.349724 0.0273438 0.0450368
1 0.0627441 0.89568 0.0268555 0.046875
0 0.531494 0.461397 0.0249023 0.0441176
0 0.351807 0.80239 0.0229492 0.0459559
1 0.605469 0.0151654 0.0253906 0.0303309
1 0.125977 0.494026 0.0234375 0.0523897
0 0.0859375 0.600184 0.0244141 0.0496324
1 0.67334 0.709559 0.0244141 0.0477941
0 0.829102 0.824908 0.0234375 0.046875
1 0.755615 0.789062 0.0258789 0.046875
1 0.64624 0.389706 0.0249023 0.0441176
1 0.667969 0.392923 0.0224609 0.046875
1 0.0324707 0.409926 0.0249023 0.0441176
1 0.766846 0.0845588 0.0209961 0.0404412
1 0.802002 0.168658 0.0239258 0.0450368
1 0.520508 0.0698529 0.0234375 0.0441176
1 0.146484 0.588235 0.0224609 0.0477941
0 0.19751 0.532169 0.0239258 0.0459559
1 0.879883 0.823989 0.0234375 0.046875
1 0.128418 0.828585 0.0263672 0.0505515
1 0.910156 0.503676 0.0253906 0.0441176
1 0.783203 0.59375 0.0253906 0.0441176
0 0.0751953 0.25046 0.0263672 0.0487132
1 0.854004 0.680607 0.0205078 0.0395221
1 0.695068 0.381893 0.0249023 0.0431985
1 0.185303 0.380515 0.0229492 0.0422794
1 0.377686 0.371783 0.0268555 0.0505515
1 0.152832 0.228401 0.0273438 0.0505515
1 0.83374 0.127298 0.0249023 0.0431985
1 0.855469 0.867647 0.0263672 0.0459559
0 0.258057 0.846507 0.0258789 0.0441176
1 0.45874 0.107996 0.0249023 0.046875
1 0.56665 0.38511 0.0249023 0.0441176
1 0.39502 0.871324 0.0263672 0.0514706
1 0.435303 0.882812 0.0249023 0.046875
1 0.186768 0.464614 0.0258789 0.046875
1 0.851562 0.262408 0.0263672 0.0413603
1 0.885742 0.237132 0.03125 0.0477941
1 0.45752 0.498162 0.0244141 0.0404412
1 0.590088 0.363971 0.0249023 0.0441176
1 0.165039 0.773438 0.0253906 0.0487132
1 0.992188 0.549632 0.015625 0.0477941
1 0.534424 0.338695 0.0249023 0.0487132
1 0.689941 0.445772 0.0244141 0.0422794
1 0.712891 0.477022 0.0253906 0.0441176
1 0.762207 0.883732 0.0224609 0.0376838
1 0.308105 0.125919 0.0263672 0.0514706
1 0.206055 0.856158 0.0292969 0.046875
1 0.231934 0.347426 0.0234375 0.0477941
1 0.695557 0.741268 0.0219727 0.0450368
1 0.0930176 0.8125 0.0268555 0.0477941
0 0.269775 0.984375 0.027832 0.03125
0 0.0922852 0.0363051 0.0341797 0.0505515
1 0.0141602 0.980239 0.0253906 0.0395221
0 0.297607 0.672794 0.027832 0.0477941
0 0.31665 0.879136 0.0249023 0.0487132
1 0.407471 0.34421 0.0268555 0.0450368
1 0.990967 0.761489 0.0180664 0.0395221
1 0.612061 0.252757 0.0200195 0.0422794
1 0.777832 0.869945 0.0224609 0.0395221
1 0.828125 0.62454 0.0253906 0.0523897
1 0.761719 0.0477941 0.0214844 0.0404412
1 0.109131 0.529871 0.0258789 0.0487132
1 0.360352 0.167279 0.0253906 0.0441176
1 0.597412 0.228401 0.0209961 0.0431985
1 0.409668 0.538143 0.0273438 0.046875
1 0.960938 0.217371 0.0234375 0.0358456
1 0.813965 0.443015 0.0263672 0.0422794
0 0.0117188 0.207261 0.0214844 0.0505515
1 0.598145 0.300092 0.0244141 0.0450368
1 0.804932 0.233915 0.0249023 0.0450368
1 0.675049 0.058364 0.0249023 0.0431985
1 0.802246 0.10386 0.0234375 0.0422794
1 0.807129 0.297335 0.0244141 0.0431985
1 0.877441 0.709559 0.0234375 0.0441176
1 0.945312 0.318015 0.0253906 0.0441176
1 0.408203 0.204963 0.0263672 0.0477941
0 0.235107 0.710478 0.0249023 0.0459559
1 0.797607 0.40579 0.0239258 0.0413603
1 0.678955 0.136489 0.027832 0.0487132
1 0.92041 0.841912 0.0263672 0.0477941
1 0.577393 0.248621 0.0219727 0.046875
1 0.991455 0.17693 0.0170898 0.0431985
1 0.418457 0.960938 0.0283203 0.0487132
1 0.197754 0.366268 0.0224609 0.0395221
1 0.971924 0.193934 0.0249023 0.0386029
1 0.146729 0.304228 0.0258789 0.0477941
1 0.572266 0.10432 0.0244141 0.0413603
1 0.223877 0.789982 0.0268555 0.046875
1 0.443359 0.471967 0.0224609 0.0431985
1 0.781494 0.273897 0.0258789 0.0459559
1 0.394775 0.116728 0.0229492 0.0441176
1 0.132812 0.625919 0.0253906 0.0477941
1 0.0300293 0.886029 0.0258789 0.0441176
1 0.932861 0.331342 0.0219727 0.0413603
1 0.499512 0.175551 0.0263672 0.0477941
1 0.403076 0.159467 0.0229492 0.046875
1 0.0412598 0.925551 0.0239258 0.0459559
1 0.964111 0.753676 0.0249023 0.0422794
1 0.221436 0.0753676 0.0268555 0.0496324
1 0.915527 0.55239 0.0234375 0.0422794
1 0.414551 0.462776 0.0263672 0.0487132
1 0.82959 0.952665 0.0263672 0.046875
1 0.332275 0.199449 0.0249023 0.0441176
1 0.530029 0.269761 0.0239258 0.046875
1 0.483154 0.133272 0.0249023 0.0477941
1 0.316406 0.25 0.0263672 0.0441176
1 0.986084 0.933824 0.0249023 0.0514706
1 0.36377 0.203125 0.0224609 0.0404412
1 0.207764 0.309743 0.0239258 0.0459559
1 0.981201 0.733915 0.0219727 0.0395221
1 0.241211 0.0266544 0.0253906 0.0477941
