0 0.52417 0.206342 0.0229492 0.046875
0 0.859375 0.082261 0.0234375 0.046875
1 0.80249 0.931066 0.0249023 0.0459559
1 0.828857 0.62454 0.0219727 0.0487132
0 0.189697 0.542279 0.034668 0.0716912
0 0.102295 0.0238971 0.0356445 0.0477941
1 0.439209 0.880515 0.0297852 0.0588235
1 0.103027 0.0248162 0.0361328 0.0496324
1 0.84375 0.766085 0.0263672 0.046875
1 0.925049 0.975184 0.0297852 0.0459559
0 0.381104 0.267463 0.0297852 0.0514706
1 0.309326 0.237592 0.027832 0.0579044
1 0.381592 0.267923 0.0268555 0.0505515
1 0.825928 0.951746 0.0249023 0.0413603
1 0.80127 0.59375 0.0253906 0.0514706
0 0.825928 0.954044 0.0249023 0.0441176
0 0.802002 0.930147 0.0239258 0.0441176
0 0.84375 0.766085 0.0283203 0.046875
0 0.203857 0.956342 0.0307617 0.0542279
1 0.258301 0.847886 0.0302734 0.0523897
0 0.924805 0.975643 0.03125 0.0487132
0 0.259033 0.847886 0.0307617 0.0542279
0 0.800537 0.59375 0.0268555 0.0496324
1 0.958496 0.555607 0.03125 0.0523897
1 0.416748 0.454504 0.0307617 0.0579044
1 0.872559 0.746324 0.0263672 0.0496324
0 0.570068 0.597886 0.0327148 0.0579044
0 0.828857 0.623621 0.0249023 0.0505515
0 0.308594 0.237132 0.0302734 0.0588235
1 0.916504 0.496324 0.0263672 0.0477941
0 0.439453 0.881434 0.0341797 0.0569853
1 0.987549 0.173713 0.0249023 0.0569853
0 0.164795 0.772059 0.0288086 0.0569853
0 0.0849609 0.237592 0.0361328 0.0597426
1 0.203857 0.957261 0.0307617 0.0560662
0 0.872559 0.747243 0.0263672 0.0496324
1 0.303955 0.90625 0.0288086 0.0588235
1 0.689941 0.389246 0.03125 0.0670956
0 0.0222168 0.193015 0.0327148 0.0661765
0 0.109131 0.387868 0.0307617 0.0625
1 0.189209 0.542279 0.0336914 0.0661765
