1 0.804443 0.988051 0.0297852 0.0238971
0 0.102051 0.373621 0.0244141 0.0431985
1 0.91626 0.981158 0.0297852 0.0376838
0 0.91626 0.981158 0.0297852 0.0376838
0 0.873291 0.728401 0.0249023 0.0450368
0 0.0964355 0.588695 0.0288086 0.0505515
1 0.875 0.728401 0.0253906 0.0450368
1 0.882812 0.241728 0.0214844 0.0459559
0 0.206055 0.317096 0.0253906 0.0514706
1 0.172119 0.0206801 0.027832 0.0395221
0 0.929688 0.869945 0.0253906 0.046875
1 0.203857 0.073989 0.0258789 0.0450368
1 0.77124 0.735754 0.0209961 0.0450368
1 0.258301 0.84421 0.0244141 0.0450368
1 0.835938 0.865349 0.0205078 0.0395221
1 0.0930176 0.027114 0.0327148 0.0450368
1 0.929688 0.870404 0.0253906 0.0459559
0 0.0212402 0.194393 0.0268555 0.0505515
1 0.0952148 0.586397 0.0283203 0.0496324
0 0.0852051 0.238511 0.0307617 0.0542279
1 0.836914 0.12454 0.0234375 0.0450368
1 0.98877 0.173254 0.0224609 0.0505515
1 0.858643 0.254136 0.0219727 0.0413603
1 0.917236 0.492647 0.0297852 0.0477941
1 0.932861 0.56296 0.0268555 0.0431985
0 0.197998 0.957261 0.027832 0.0450368
1 0.789551 0.592371 0.0253906 0.0450368
1 0.829102 0.623162 0.0234375 0.0477941
1 0.44043 0.884651 0.0234375 0.046875
1 0.858398 0.0836397 0.0234375 0.0477941
1 0.55249 0.89568 0.0249023 0.0431985
0 0.0959473 0.533548 0.0288086 0.0505515
1 0.810303 0.119485 0.0229492 0.0441176
1 0.196777 0.532169 0.0263672 0.0496324
1 0.690674 0.386949 0.0268555 0.0477941
1 0.80957 0.300551 0.0263672 0.0441176
1 0.825928 0.955882 0.0297852 0.0496324
0 0.203613 0.0721507 0.0253906 0.046875
1 0.86084 0.862592 0.0234375 0.0487132
1 0.206299 0.315257 0.0249023 0.0477941
1 0.236816 0.341912 0.0273438 0.0477941
1 0.786133 0.271599 0.0234375 0.0487132
1 0.826416 0.787224 0.0249023 0.0487132
1 0.567627 0.600184 0.0258789 0.0459559
1 0.880615 0.826746 0.0249023 0.046875
1 0.514404 0.193015 0.0239258 0.0459559
1 0.537598 0.0565257 0.0263672 0.0413603
1 0.524414 0.268842 0.0234375 0.0413603
1 0.391602 0.871783 0.0224609 0.0487132
0 0.164551 0.77068 0.0292969 0.0523897
1 0.766846 0.924173 0.0258789 0.0542279
1 0.528564 0.310662 0.0229492 0.0404412
1 0.755859 0.789062 0.0244141 0.0450368
1 0.981934 0.911765 0.0283203 0.0533088
1 0.415039 0.926471 0.0234375 0.0477941
1 0.396729 0.222426 0.0229492 0.0459559
1 0.569336 0.0946691 0.0234375 0.0459559
1 0.374268 0.539522 0.0239258 0.0441176
1 0.378662 0.368107 0.0249023 0.0431985
1 0.415283 0.457721 0.0249023 0.0441176
1 0.397705 0.539062 0.0219727 0.0413603
1 0.409668 0.340074 0.0244141 0.0441176
1 0.311523 0.245864 0.0273438 0.0431985
