0 0.189697 0.54136 0.034668 0.0716912
1 0.109375 0.387408 0.0302734 0.0634191
0 0.101807 0.0229779 0.034668 0.0459559
1 0.309082 0.902574 0.0283203 0.0514706
1 0.439209 0.880055 0.0297852 0.0579044
1 0.838379 0.764706 0.0263672 0.0459559
1 0.258545 0.845588 0.0307617 0.0533088
1 0.957764 0.867647 0.0249023 0.0386029
1 0.923584 0.975643 0.0297852 0.0431985
1 0.56958 0.596507 0.0288086 0.0514706
0 0.525391 0.20864 0.0234375 0.0459559
0 0.56958 0.597886 0.0317383 0.0542279
1 0.102051 0.0238971 0.0341797 0.0477941
0 0.791992 0.924173 0.0234375 0.0487132
0 0.922607 0.976562 0.027832 0.0431985
0 0.799805 0.595129 0.0283203 0.0523897
0 0.825684 0.953585 0.0283203 0.0505515
1 0.828857 0.625 0.0219727 0.0477941
1 0.952148 0.556526 0.03125 0.0505515
0 0.258545 0.846967 0.0297852 0.0523897
1 0.310547 0.240349 0.0292969 0.0560662
1 0.38501 0.259191 0.0288086 0.0496324
1 0.872559 0.744945 0.0263672 0.0450368
0 0.439453 0.881434 0.0332031 0.0569853
0 0.308838 0.238051 0.0297852 0.0551471
1 0.801025 0.594669 0.0258789 0.0496324
0 0.93457 0.882812 0.0234375 0.0395221
0 0.202393 0.95818 0.0288086 0.0505515
0 0.872559 0.746324 0.0263672 0.0477941
1 0.987549 0.173254 0.0249023 0.0560662
1 0.377686 0.367647 0.0219727 0.0422794
0 0.165039 0.772518 0.0283203 0.0560662
0 0.0852051 0.238051 0.0356445 0.0588235
1 0.203369 0.95818 0.0307617 0.0542279
0 0.828857 0.623621 0.0249023 0.0487132
1 0.91626 0.495864 0.0249023 0.046875
1 0.416016 0.455423 0.0253906 0.0487132
1 0.825684 0.953585 0.0283203 0.0487132
1 0.390625 0.346967 0.0214844 0.0413603
0 0.0222168 0.193474 0.0336914 0.0670956
0 0.108887 0.388327 0.0302734 0.0615809
1 0.689941 0.389706 0.0302734 0.0661765
1 0.189453 0.54136 0.0341797 0.0661765
