0 0.524414 0.205882 0.0234375 0.0477941
0 0.189697 0.542279 0.034668 0.0735294
0 0.860352 0.0827206 0.03125 0.0477941
0 0.381348 0.267004 0.0302734 0.0523897
0 0.102295 0.0243566 0.0356445 0.0487132
1 0.102539 0.0252757 0.0341797 0.0505515
1 0.801514 0.59375 0.0249023 0.0514706
1 0.925049 0.975184 0.0297852 0.0459559
1 0.30957 0.237592 0.0283203 0.0579044
0 0.203613 0.956342 0.03125 0.0542279
1 0.438965 0.880515 0.0302734 0.0588235
0 0.924805 0.975643 0.03125 0.0487132
0 0.259277 0.847886 0.03125 0.0542279
0 0.80249 0.930147 0.0249023 0.0459559
0 0.84375 0.766085 0.0283203 0.046875
1 0.381592 0.267923 0.0268555 0.0505515
1 0.258545 0.847886 0.0297852 0.0542279
1 0.872559 0.745864 0.0263672 0.0487132
0 0.800781 0.59375 0.0263672 0.0496324
1 0.958496 0.555607 0.0283203 0.0505515
0 0.825928 0.953585 0.0249023 0.0450368
0 0.439453 0.881434 0.0341797 0.0569853
0 0.570068 0.597426 0.0327148 0.0569853
1 0.916504 0.496324 0.0263672 0.0477941
1 0.416504 0.454963 0.0302734 0.0588235
0 0.308594 0.237132 0.0302734 0.0588235
1 0.987549 0.173254 0.0249023 0.0560662
0 0.828857 0.623621 0.0249023 0.0505515
0 0.164795 0.772059 0.0288086 0.0569853
0 0.0849609 0.237592 0.0361328 0.0597426
1 0.204102 0.957261 0.03125 0.0560662
1 0.303223 0.905331 0.0302734 0.0569853
0 0.872559 0.746783 0.0263672 0.0487132
0 0.0222168 0.193015 0.0327148 0.0661765
0 0.109131 0.387868 0.0307617 0.0625
1 0.689941 0.389706 0.03125 0.0661765
1 0.189453 0.54182 0.0341797 0.0670956
