0 0.535889 0.50046 0.0258789 0.0431985
0 0.563965 0.610294 0.0244141 0.0459559
0 0.619629 0.982996 0.03125 0.0266544
1 0.190674 0.375919 0.0229492 0.0386029
1 0.844482 0.681985 0.0249023 0.0349265
1 0.0766602 0.246324 0.0292969 0.0514706
1 0.65918 0.0128676 0.0195312 0.0257353
1 0.125244 0.490349 0.0219727 0.0505515
1 0.0341797 0.903033 0.0292969 0.0597426
1 0.962646 0.212776 0.0219727 0.0395221
0 0.829102 0.823529 0.0234375 0.0459559
0 0.357422 0.798254 0.0234375 0.0413603
1 0.854004 0.0776654 0.0205078 0.0413603
1 0.984375 0.764706 0.0205078 0.0386029
1 0.989014 0.820772 0.019043 0.0441176
0 0.510498 0.680607 0.0288086 0.0505515
1 0.673828 0.712316 0.0214844 0.0459559
0 0.392822 0.657629 0.0239258 0.0450368
1 0.833496 0.865349 0.0185547 0.0395221
1 0.532715 0.461857 0.0244141 0.0431985
1 0.53833 0.49954 0.0229492 0.0431985
1 0.879639 0.0790441 0.0200195 0.0404412
1 0.234375 0.348805 0.0234375 0.0450368
1 0.259277 0.846967 0.0283203 0.046875
1 0.510254 0.679688 0.0273438 0.046875
0 0.364502 0.688419 0.0249023 0.0496324
1 0.608643 0.015625 0.0249023 0.03125
1 0.456299 0.494945 0.0219727 0.0395221
1 0.828125 0.82307 0.0214844 0.046875
0 0.464844 0.670956 0.0253906 0.0477941
1 0.377441 0.370864 0.0253906 0.0450368
0 0.235107 0.710938 0.0249023 0.046875
0 0.076416 0.247702 0.0297852 0.0487132
1 0.381104 0.786765 0.0249023 0.0459559
1 0.708008 0.651654 0.0234375 0.0422794
0 0.324951 0.631434 0.0249023 0.0441176
1 0.978271 0.438419 0.0249023 0.0441176
1 0.885986 0.236673 0.027832 0.0450368
1 0.918945 0.555607 0.0234375 0.0431985
1 0.876465 0.713235 0.0234375 0.0441176
1 0.910156 0.499081 0.0263672 0.0441176
1 0.7771 0.872243 0.0209961 0.0386029
1 0.0183105 0.461397 0.0268555 0.0514706
1 0.410645 0.538143 0.0253906 0.0431985
1 0.970947 0.199449 0.0219727 0.0386029
1 0.943604 0.321232 0.0219727 0.0413603
1 0.734863 0.181066 0.0224609 0.0459559
1 0.195312 0.929228 0.0253906 0.0441176
1 0.0944824 0.350643 0.0288086 0.046875
1 0.372559 0.536765 0.0273438 0.0477941
1 0.0891113 0.599724 0.0249023 0.0487132
1 0.991455 0.761029 0.0170898 0.0404412
1 0.157227 0.501379 0.0224609 0.046875
1 0.44043 0.884651 0.0273438 0.046875
1 0.176025 0.829963 0.0249023 0.0422794
0 0.27002 0.984375 0.0273438 0.03125
1 0.196777 0.533088 0.0253906 0.0459559
1 0.647461 0.389706 0.0234375 0.0441176
1 0.855469 0.867647 0.0263672 0.0477941
1 0.72998 0.101562 0.0234375 0.046875
1 0.780029 0.690717 0.0258789 0.0487132
1 0.393311 0.870864 0.027832 0.0542279
0 0.0131836 0.202665 0.0253906 0.0579044
1 0.743408 0.917739 0.0249023 0.0450368
1 0.933594 0.331801 0.0205078 0.0386029
0 0.297852 0.670956 0.0292969 0.0477941
1 0.767334 0.0859375 0.0209961 0.0395221
1 0.359863 0.170956 0.0224609 0.0404412
1 0.0917969 0.0349265 0.0332031 0.0551471
1 0.588867 0.362132 0.0234375 0.0422794
0 0.258057 0.846967 0.0258789 0.0431985
1 0.186523 0.467371 0.0263672 0.046875
1 0.879883 0.823989 0.0234375 0.046875
1 0.171387 0.0165441 0.0283203 0.0330882
1 0.677002 0.0588235 0.0229492 0.0404412
1 0.0925293 0.811121 0.0268555 0.0487132
1 0.572266 0.105239 0.0224609 0.0395221
0 0.316162 0.880974 0.0249023 0.0487132
1 0.152344 0.22886 0.0273438 0.0514706
1 0.0319824 0.410386 0.0258789 0.0450368
1 0.851562 0.261949 0.0263672 0.0422794
1 0.834473 0.126379 0.0234375 0.0413603
1 0.145508 0.587776 0.0253906 0.046875
1 0.679688 0.132353 0.0253906 0.0441176
1 0.712646 0.476103 0.0258789 0.0404412
1 0.691406 0.445772 0.0234375 0.0441176
1 0.205322 0.854779 0.027832 0.0441176
1 0.755859 0.789062 0.0253906 0.0450368
1 0.612305 0.251379 0.0195312 0.0395221
1 0.725342 0.634191 0.0209961 0.0404412
1 0.992188 0.544118 0.015625 0.0477941
1 0.69458 0.734375 0.0200195 0.0459559
1 0.41748 0.959099 0.0273438 0.0487132
1 0.92041 0.842831 0.0263672 0.0459559
1 0.520752 0.0698529 0.0229492 0.0422794
1 0.414551 0.460478 0.0263672 0.0496324
1 0.164307 0.772518 0.0258789 0.0487132
1 0.797607 0.407169 0.0219727 0.0404412
1 0.80249 0.170496 0.0229492 0.0450368
1 0.759766 0.0551471 0.0214844 0.0404412
1 0.783447 0.59375 0.0258789 0.0441176
1 0.128418 0.828585 0.0263672 0.0505515
1 0.964844 0.750919 0.0253906 0.0441176
1 0.146484 0.303309 0.0263672 0.0477941
1 0.224365 0.786765 0.027832 0.0477941
1 0.30957 0.128217 0.0273438 0.0487132
1 0.828125 0.62454 0.0253906 0.0523897
1 0.445312 0.474265 0.0214844 0.0404412
1 0.534668 0.338695 0.0224609 0.0431985
1 0.0141602 0.980699 0.0244141 0.0386029
1 0.826416 0.953585 0.0297852 0.0450368
1 0.407959 0.204504 0.0258789 0.0450368
1 0.990967 0.176471 0.0180664 0.0459559
1 0.39502 0.12454 0.0234375 0.0413603
1 0.0380859 0.920037 0.0263672 0.0459559
1 0.408691 0.342371 0.0263672 0.0450368
1 0.360352 0.200368 0.0214844 0.0422794
1 0.500732 0.174632 0.0258789 0.0459559
1 0.808594 0.298254 0.0234375 0.0413603
1 0.692139 0.384191 0.0239258 0.0441176
1 0.668701 0.392004 0.0219727 0.0431985
1 0.568848 0.388787 0.0234375 0.0422794
1 0.803711 0.107537 0.0234375 0.0441176
1 0.80542 0.22932 0.0249023 0.0450368
1 0.598145 0.300092 0.0244141 0.0431985
1 0.782471 0.272978 0.0258789 0.0459559
1 0.813232 0.442555 0.0268555 0.0431985
1 0.459961 0.109835 0.0234375 0.0487132
1 0.597168 0.229779 0.0205078 0.0422794
1 0.217285 0.0753676 0.0244141 0.0477941
1 0.577881 0.25 0.0209961 0.0459559
1 0.0307617 0.884651 0.0253906 0.0431985
1 0.108154 0.528952 0.0268555 0.0487132
1 0.132568 0.623162 0.0258789 0.0477941
1 0.483398 0.131893 0.0234375 0.046875
1 0.315918 0.24954 0.0263672 0.0450368
1 0.402588 0.159467 0.0219727 0.0450368
1 0.333252 0.194853 0.0249023 0.0459559
1 0.207031 0.3125 0.0244141 0.0477941
1 0.980469 0.734375 0.0214844 0.0386029
1 0.985107 0.931066 0.0268555 0.0533088
1 0.52832 0.270221 0.0234375 0.0459559
1 0.244873 0.0252757 0.0258789 0.0450368
