1 0.85791 0.252757 0.0234375 0.0367647
1 0.804443 0.988051 0.0297852 0.0238971
1 0.235352 0.725184 0.0214844 0.0330882
1 0.883545 0.234835 0.0249023 0.0395221
1 0.14209 0.590993 0.0195312 0.0422794
1 0.876709 0.722886 0.0297852 0.0487132
0 0.566406 0.598346 0.0292969 0.0533088
1 0.83667 0.865349 0.0219727 0.0395221
0 0.914062 0.982077 0.0283203 0.0340074
1 0.533203 0.323989 0.0214844 0.0450368
0 0.876465 0.724265 0.0283203 0.0477941
1 0.917969 0.493107 0.0283203 0.046875
1 0.553467 0.887408 0.0258789 0.0431985
1 0.787842 0.592371 0.0258789 0.046875
1 0.132324 0.60386 0.0205078 0.0404412
1 0.82666 0.796875 0.0263672 0.0496324
1 0.828857 0.622702 0.0219727 0.046875
1 0.0146484 0.982077 0.0263672 0.0358456
1 0.773438 0.721048 0.0244141 0.046875
1 0.400146 0.215533 0.0249023 0.046875
1 0.566895 0.600184 0.0273438 0.0477941
1 0.206787 0.0776654 0.0249023 0.046875
1 0.233887 0.757812 0.0214844 0.0395221
1 0.257324 0.84375 0.0244141 0.0441176
1 0.755615 0.789522 0.0249023 0.0441176
1 0.0197754 0.196232 0.0249023 0.0505515
1 0.690918 0.386489 0.0273438 0.0487132
1 0.172119 0.019761 0.027832 0.0395221
1 0.879883 0.825827 0.0234375 0.046875
1 0.196289 0.949449 0.0302734 0.0496324
1 0.896729 0.107537 0.0219727 0.0422794
1 0.93042 0.5625 0.0268555 0.0459559
1 0.76001 0.926471 0.0288086 0.0551471
1 0.838379 0.12454 0.0234375 0.0450368
1 0.98877 0.174632 0.0224609 0.0477941
1 0.732178 0.120864 0.0219727 0.0413603
1 0.0915527 0.0298713 0.0336914 0.046875
1 0.740479 0.151654 0.0219727 0.0386029
1 0.858398 0.862592 0.0234375 0.046875
1 0.571289 0.103401 0.0234375 0.046875
1 0.532959 0.0611213 0.0258789 0.0413603
1 0.440186 0.884651 0.0258789 0.046875
1 0.0981445 0.814798 0.0253906 0.0431985
1 0.859375 0.0845588 0.0214844 0.0441176
1 0.825928 0.955882 0.0297852 0.0496324
1 0.98291 0.914522 0.0283203 0.0533088
1 0.0852051 0.237592 0.0288086 0.0523897
1 0.809082 0.118566 0.0224609 0.0441176
1 0.52417 0.267923 0.0249023 0.0487132
1 0.164307 0.77068 0.0268555 0.0505515
1 0.884277 0.0882353 0.0205078 0.0422794
1 0.117188 0.816176 0.0224609 0.0422794
1 0.928955 0.860294 0.0249023 0.0477941
1 0.371582 0.539982 0.0263672 0.0450368
1 0.391846 0.873621 0.0229492 0.0487132
1 0.508545 0.18704 0.0258789 0.046875
1 0.196777 0.529871 0.0234375 0.0450368
1 0.0947266 0.597886 0.0234375 0.0431985
1 0.098877 0.526654 0.027832 0.0496324
1 0.785645 0.271599 0.0234375 0.0487132
1 0.811768 0.300092 0.0249023 0.0450368
1 0.186279 0.485294 0.0219727 0.0441176
1 0.0996094 0.365349 0.0253906 0.0450368
1 0.163818 0.482537 0.0229492 0.0441176
1 0.414795 0.457721 0.0249023 0.0441176
1 0.41626 0.939798 0.0258789 0.0505515
1 0.148193 0.235754 0.0229492 0.0395221
1 0.378174 0.367647 0.0249023 0.0441176
1 0.409912 0.340074 0.0249023 0.0459559
1 0.310791 0.245404 0.0268555 0.0496324
1 0.404053 0.539062 0.0239258 0.0450368
1 0.239014 0.34421 0.027832 0.0505515
1 0.205322 0.314798 0.0249023 0.046875
1 0.154541 0.267463 0.0219727 0.0404412
