1 0.804443 0.988051 0.0297852 0.0238971
0 0.101562 0.371783 0.0244141 0.0431985
1 0.170898 0.483456 0.0214844 0.0386029
0 0.825928 0.954504 0.0297852 0.0487132
1 0.875732 0.726103 0.0268555 0.0441176
1 0.204346 0.0753676 0.0258789 0.0459559
0 0.928955 0.867647 0.0268555 0.0477941
0 0.0969238 0.53079 0.0288086 0.0505515
1 0.928955 0.868566 0.0249023 0.0441176
0 0.0925293 0.0294118 0.0336914 0.0477941
1 0.882812 0.242188 0.0234375 0.0450368
0 0.875 0.727022 0.0253906 0.0459559
1 0.172607 0.0206801 0.0288086 0.0413603
1 0.858643 0.254596 0.0219727 0.0404412
1 0.0927734 0.0275735 0.0332031 0.0459559
0 0.197021 0.956801 0.0307617 0.0496324
1 0.835938 0.866268 0.0205078 0.0395221
0 0.914795 0.981618 0.0297852 0.0367647
1 0.0969238 0.53125 0.0258789 0.0459559
0 0.0852051 0.238051 0.0307617 0.0533088
1 0.197266 0.955882 0.0283203 0.0477941
0 0.0209961 0.195312 0.0263672 0.0505515
1 0.258301 0.84421 0.0244141 0.0450368
1 0.183838 0.486673 0.0200195 0.0413603
1 0.917236 0.493107 0.0297852 0.0487132
1 0.838379 0.12454 0.0234375 0.0487132
1 0.98877 0.173254 0.0224609 0.0505515
1 0.829102 0.623162 0.0234375 0.0477941
1 0.55249 0.894301 0.0249023 0.0422794
1 0.440186 0.884651 0.0239258 0.046875
1 0.932129 0.563879 0.0283203 0.046875
1 0.825928 0.955882 0.0297852 0.0496324
1 0.858643 0.0827206 0.0219727 0.0459559
1 0.196533 0.53125 0.0249023 0.0459559
1 0.690918 0.386489 0.0263672 0.0487132
0 0.163818 0.77068 0.0297852 0.0542279
1 0.771973 0.730699 0.0224609 0.0459559
1 0.789551 0.592371 0.0253906 0.0450368
1 0.86084 0.862592 0.0234375 0.0487132
1 0.513672 0.192555 0.0253906 0.0450368
1 0.810059 0.119945 0.0234375 0.0450368
1 0.0959473 0.589154 0.027832 0.0496324
1 0.880615 0.826746 0.0249023 0.046875
0 0.204346 0.073989 0.0258789 0.046875
1 0.810303 0.300551 0.0258789 0.0459559
1 0.82666 0.789522 0.0263672 0.0496324
1 0.567627 0.600643 0.0268555 0.046875
1 0.765625 0.923254 0.0253906 0.0560662
1 0.786133 0.271599 0.0234375 0.0487132
1 0.524414 0.268842 0.0234375 0.0413603
1 0.391602 0.872702 0.0224609 0.0487132
1 0.98291 0.912684 0.0283203 0.0533088
1 0.397217 0.221507 0.0229492 0.0441176
1 0.237793 0.341912 0.0273438 0.0477941
1 0.755859 0.788603 0.0244141 0.0441176
1 0.536377 0.0565257 0.0258789 0.0413603
1 0.205811 0.315257 0.0249023 0.0477941
1 0.528564 0.311121 0.0229492 0.0413603
1 0.378662 0.368107 0.0249023 0.0431985
1 0.415283 0.457721 0.0249023 0.0441176
1 0.373291 0.540441 0.0239258 0.0459559
1 0.570312 0.0965074 0.0234375 0.0459559
1 0.409668 0.340533 0.0244141 0.0431985
1 0.398193 0.539982 0.0229492 0.0431985
1 0.416016 0.930147 0.0244141 0.0459559
1 0.311523 0.246324 0.0273438 0.0441176
