0 0.525146 0.207721 0.0258789 0.0459559
0 0.102051 0.0229779 0.0351562 0.0459559
0 0.189697 0.542279 0.0356445 0.0735294
1 0.102295 0.0243566 0.0336914 0.0487132
1 0.109619 0.386949 0.0297852 0.0643382
1 0.30957 0.237592 0.0283203 0.0597426
1 0.796631 0.92693 0.0239258 0.046875
0 0.860107 0.0827206 0.0297852 0.0496324
1 0.840576 0.765625 0.0249023 0.0441176
0 0.800781 0.59421 0.0263672 0.0487132
1 0.439453 0.880515 0.0292969 0.0588235
0 0.259033 0.847886 0.0307617 0.0542279
0 0.203125 0.957261 0.03125 0.0542279
0 0.872559 0.746324 0.0263672 0.0477941
1 0.828857 0.625 0.0219727 0.0477941
0 0.829102 0.623621 0.0234375 0.0487132
1 0.800781 0.59421 0.0253906 0.0487132
1 0.258545 0.847886 0.0297852 0.0523897
1 0.416016 0.454504 0.0302734 0.0597426
1 0.987549 0.172794 0.0249023 0.0569853
0 0.570068 0.597886 0.0327148 0.0579044
0 0.439941 0.881434 0.0341797 0.0588235
1 0.93457 0.882353 0.0234375 0.0404412
1 0.955566 0.556985 0.0263672 0.0514706
1 0.872559 0.745404 0.0263672 0.0459559
0 0.308594 0.237592 0.0302734 0.0597426
1 0.924316 0.975184 0.0283203 0.0422794
0 0.164795 0.772978 0.0288086 0.0569853
0 0.0852051 0.23943 0.034668 0.0615809
1 0.825928 0.952206 0.0249023 0.0477941
1 0.305176 0.904871 0.0302734 0.0542279
1 0.203369 0.957261 0.0307617 0.0542279
1 0.91626 0.496324 0.0249023 0.0477941
0 0.0222168 0.193015 0.0327148 0.0661765
0 0.109131 0.387868 0.0307617 0.0625
1 0.689941 0.389246 0.03125 0.0670956
1 0.95459 0.865349 0.0234375 0.0431985
1 0.189453 0.54182 0.0351562 0.0670956
