0 0.858643 0.0836397 0.0219727 0.0459559
1 0.309082 0.900735 0.0273438 0.0496324
0 0.101807 0.0229779 0.034668 0.0459559
1 0.109375 0.386949 0.0292969 0.0643382
0 0.189697 0.54136 0.034668 0.0716912
1 0.949951 0.557445 0.0297852 0.046875
1 0.102295 0.0238971 0.0336914 0.0477941
0 0.922607 0.977022 0.027832 0.0441176
0 0.799316 0.594669 0.0283203 0.0514706
1 0.56958 0.596507 0.0288086 0.0514706
1 0.835205 0.765165 0.0249023 0.0487132
0 0.872559 0.746324 0.0283203 0.0477941
1 0.310303 0.238971 0.0307617 0.0551471
0 0.56958 0.597886 0.0317383 0.0542279
1 0.923584 0.975643 0.0297852 0.0431985
1 0.789307 0.924173 0.0258789 0.0487132
0 0.819336 0.12546 0.0234375 0.046875
0 0.309814 0.238971 0.0307617 0.0551471
1 0.38501 0.256893 0.0288086 0.0487132
0 0.93457 0.882353 0.0234375 0.0386029
0 0.828857 0.623621 0.0249023 0.0487132
1 0.828857 0.625 0.0219727 0.0477941
0 0.258789 0.847426 0.0273438 0.0514706
0 0.202393 0.95818 0.027832 0.0487132
1 0.800781 0.594669 0.0263672 0.0496324
1 0.203125 0.95818 0.0302734 0.0542279
1 0.960205 0.869945 0.0249023 0.0413603
0 0.164795 0.772518 0.027832 0.0560662
1 0.988281 0.172335 0.0234375 0.0523897
1 0.415771 0.455423 0.0249023 0.0487132
0 0.0852051 0.23943 0.034668 0.0634191
1 0.91626 0.495864 0.0249023 0.046875
0 0.439453 0.881434 0.0341797 0.0588235
1 0.377197 0.367647 0.0219727 0.0422794
1 0.872559 0.745864 0.0283203 0.046875
0 0.109131 0.388327 0.0297852 0.0615809
0 0.0224609 0.193474 0.0332031 0.0670956
1 0.39209 0.342831 0.0234375 0.0422794
1 0.825684 0.953585 0.0283203 0.0487132
1 0.689941 0.389706 0.0302734 0.0661765
1 0.189209 0.54136 0.034668 0.0680147
