0 0.189453 0.542279 0.0351562 0.0735294
0 0.101807 0.0234375 0.0356445 0.046875
1 0.839844 0.764706 0.0253906 0.0441176
0 0.924072 0.975643 0.0297852 0.046875
0 0.838867 0.764706 0.0234375 0.0477941
0 0.858643 0.0827206 0.0249023 0.0477941
1 0.258545 0.845588 0.0307617 0.0551471
1 0.310547 0.23989 0.0292969 0.0588235
0 0.936035 0.880055 0.0234375 0.0395221
1 0.794434 0.925092 0.0224609 0.0487132
1 0.102295 0.0243566 0.034668 0.0487132
0 0.525391 0.20818 0.0244141 0.046875
1 0.438965 0.880515 0.0302734 0.0588235
1 0.41626 0.454504 0.0288086 0.0560662
0 0.799805 0.595129 0.0273438 0.0523897
0 0.872559 0.746324 0.0263672 0.0477941
1 0.93457 0.880974 0.0234375 0.0395221
1 0.828857 0.625 0.0219727 0.0477941
0 0.56958 0.597886 0.0327148 0.0579044
0 0.829102 0.624081 0.0234375 0.0496324
0 0.258301 0.846967 0.0302734 0.0542279
0 0.202881 0.957261 0.0317383 0.0542279
1 0.308838 0.904412 0.0307617 0.0569853
1 0.924316 0.975184 0.0283203 0.0441176
0 0.439453 0.881434 0.0341797 0.0588235
1 0.800781 0.594669 0.0253906 0.0496324
1 0.987549 0.173254 0.0249023 0.0560662
1 0.872559 0.744485 0.0263672 0.0459559
0 0.0847168 0.238051 0.0366211 0.0588235
0 0.308838 0.238051 0.0307617 0.0588235
1 0.203613 0.957261 0.03125 0.0560662
1 0.95459 0.556985 0.0263672 0.0496324
0 0.164551 0.772978 0.0292969 0.0569853
1 0.956299 0.86489 0.0249023 0.0441176
1 0.91626 0.495864 0.0249023 0.046875
1 0.825684 0.952665 0.0263672 0.0487132
1 0.689941 0.389706 0.03125 0.0661765
0 0.0224609 0.193474 0.0332031 0.0670956
0 0.108887 0.388327 0.0302734 0.0615809
1 0.189209 0.54182 0.034668 0.0670956
