0 0.78833 0.927849 0.0268555 0.0487132
1 0.858398 0.0827206 0.0234375 0.0459559
0 0.858643 0.0831801 0.0219727 0.046875
0 0.835205 0.122702 0.0219727 0.046875
1 0.101807 0.0229779 0.0336914 0.0459559
0 0.101318 0.0220588 0.0336914 0.0441176
0 0.83374 0.768382 0.0297852 0.0514706
0 0.813965 0.118566 0.0234375 0.0477941
1 0.787598 0.926011 0.0263672 0.0487132
0 0.568359 0.596967 0.0302734 0.0560662
0 0.189697 0.54136 0.034668 0.0698529
0 0.960938 0.868566 0.0253906 0.0441176
1 0.109375 0.387408 0.0292969 0.0634191
1 0.96167 0.870864 0.0249023 0.0413603
0 0.82666 0.954044 0.0283203 0.0514706
0 0.799316 0.595129 0.0283203 0.0505515
1 0.923584 0.975643 0.0297852 0.0431985
1 0.834961 0.12546 0.0234375 0.0450368
1 0.310303 0.23989 0.0307617 0.0551471
1 0.832764 0.769761 0.0297852 0.0542279
1 0.813232 0.120404 0.0219727 0.0496324
0 0.921875 0.977022 0.0292969 0.0441176
1 0.56958 0.596507 0.027832 0.0496324
1 0.94751 0.561121 0.0249023 0.046875
0 0.30957 0.23943 0.0302734 0.0542279
0 0.872559 0.746324 0.0283203 0.0496324
1 0.385254 0.255055 0.0283203 0.046875
0 0.828857 0.623621 0.0249023 0.0487132
1 0.203125 0.95818 0.0302734 0.0542279
1 0.800049 0.594669 0.0268555 0.0496324
1 0.828857 0.625 0.0219727 0.0477941
0 0.202393 0.957261 0.027832 0.0487132
0 0.258789 0.847426 0.0273438 0.0514706
1 0.872559 0.745864 0.0283203 0.0487132
0 0.439453 0.881434 0.0341797 0.0588235
1 0.988281 0.172335 0.0234375 0.0505515
0 0.0847168 0.238051 0.0356445 0.0588235
0 0.934326 0.882812 0.0249023 0.0395221
1 0.91626 0.495864 0.0249023 0.046875
0 0.164551 0.772518 0.0283203 0.0542279
1 0.415527 0.455423 0.0244141 0.046875
0 0.109131 0.389246 0.0288086 0.0615809
1 0.377197 0.367647 0.0219727 0.0404412
0 0.0222168 0.193474 0.0336914 0.0670956
1 0.825928 0.954504 0.0297852 0.0505515
1 0.689941 0.389706 0.0302734 0.0643382
1 0.394043 0.34329 0.0253906 0.0413603
1 0.189453 0.54182 0.0341797 0.0652574
