1 0.878906 0.697151 0.0185547 0.0376838
1 0.89209 0.130055 0.0234375 0.0395221
0 0.175781 0.829044 0.0205078 0.0367647
1 0.395752 0.865349 0.0200195 0.0395221
0 0.0090332 0.109375 0.0161133 0.0422794
1 0.423096 0.883732 0.0239258 0.0431985
1 0.458984 0.675551 0.0273438 0.0496324
1 0.650879 0.340074 0.0205078 0.0349265
1 0.463379 0.882353 0.0205078 0.0404412
0 0.396484 0.865349 0.0224609 0.0431985
0 0.822021 0.827206 0.0219727 0.0404412
0 0.933594 0.488511 0.0253906 0.0358456
0 0.670654 0.982996 0.0239258 0.0321691
1 0.168457 0.0174632 0.0283203 0.0349265
0 0.154297 0.228401 0.0244141 0.0450368
1 0.601562 0.0147059 0.0214844 0.0294118
1 0.700439 0.376379 0.019043 0.0321691
1 0.126953 0.502298 0.0214844 0.0395221
0 0.0517578 0.81296 0.0234375 0.0413603
0 0.133301 0.13557 0.0234375 0.0431985
0 0.684814 0.445312 0.0219727 0.0358456
1 0.83667 0.686581 0.0200195 0.0422794
0 0.432129 0.794118 0.0205078 0.0404412
0 0.209717 0.637408 0.019043 0.0358456
1 0.89209 0.342831 0.0205078 0.0330882
0 0.35376 0.844669 0.0200195 0.0386029
1 0.347168 0.509191 0.0195312 0.0404412
0 0.224121 0.0776654 0.0244141 0.046875
1 0.764893 0.0868566 0.019043 0.0358456
0 0.856201 0.678768 0.019043 0.0413603
0 0.041748 0.119945 0.0229492 0.0376838
1 0.195068 0.915441 0.0239258 0.0404412
0 0.601562 0.0151654 0.0224609 0.0303309
1 0.657227 0.306985 0.0195312 0.0404412
0 0.557373 0.610294 0.0239258 0.0404412
1 0.776855 0.860754 0.0234375 0.0413603
0 0.109863 0.886029 0.0185547 0.0330882
0 0.755371 0.789062 0.0244141 0.0450368
1 0.365479 0.842831 0.0219727 0.0386029
0 0.0656738 0.724265 0.0209961 0.0404412
1 0.981201 0.447151 0.0200195 0.0413603
0 0.0581055 0.875919 0.0244141 0.0422794
1 0.0712891 0.254596 0.0273438 0.0551471
0 0.0825195 0.601103 0.0273438 0.0514706
1 0.784912 0.680147 0.0258789 0.0477941
1 0.797363 0.0974265 0.0195312 0.0367647
1 0.0957031 0.34375 0.0244141 0.0422794
0 0.703125 0.651195 0.0234375 0.0376838
0 0.0449219 0.931066 0.0214844 0.0386029
0 0.419922 0.963235 0.0273438 0.0459559
0 0.602295 0.450827 0.0200195 0.0376838
0 0.563721 0.375 0.0209961 0.0404412
0 0.0981445 0.481158 0.0214844 0.0376838
1 0.501953 0.92739 0.0205078 0.0386029
0 0.83667 0.68796 0.0200195 0.0431985
0 0.522949 0.481618 0.0185547 0.0367647
1 0.133057 0.13511 0.0239258 0.0404412
1 0.765625 0.0422794 0.0185547 0.0367647
0 0.0705566 0.797794 0.0219727 0.0404412
0 0.463623 0.881893 0.0229492 0.0413603
0 0.776611 0.862592 0.0239258 0.0413603
0 0.109131 0.533088 0.0229492 0.0404412
1 0.0927734 0.0363051 0.0302734 0.0505515
1 0.108887 0.53171 0.0244141 0.0431985
1 0.184082 0.459559 0.0205078 0.0404412
0 0.354248 0.680147 0.0200195 0.0404412
1 0.683838 0.444393 0.0219727 0.0376838
1 0.815674 0.484835 0.019043 0.0321691
1 0.235107 0.027114 0.0239258 0.0431985
0 0.168945 0.0170037 0.0283203 0.0340074
1 0.856201 0.678768 0.0200195 0.0413603
1 0.0825195 0.601562 0.0244141 0.0487132
0 0.125732 0.504136 0.0209961 0.0395221
1 0.0703125 0.798254 0.0224609 0.0413603
0 0.762939 0.892004 0.0239258 0.0413603
1 0.419922 0.963235 0.0263672 0.0441176
1 0.665039 0.392923 0.0195312 0.0395221
0 0.235352 0.0294118 0.0234375 0.0459559
0 0.360596 0.164062 0.0229492 0.0395221
0 0.367676 0.795496 0.0214844 0.0413603
1 0.490723 0.941176 0.0205078 0.0367647
1 0.48877 0.360754 0.0234375 0.0395221
1 0.39502 0.113511 0.0224609 0.0450368
0 0.645996 0.596507 0.0244141 0.0422794
0 0.509277 0.0170037 0.0185547 0.0340074
0 0.0366211 0.40579 0.0253906 0.046875
1 0.645264 0.387868 0.0200195 0.0404412
0 0.656494 0.306985 0.0209961 0.0386029
0 0.0722656 0.255055 0.0234375 0.0505515
0 0.223633 0.795496 0.0234375 0.0413603
0 0.394775 0.113971 0.0239258 0.0459559
1 0.728516 0.633732 0.0224609 0.0431985
0 0.0544434 0.111673 0.0229492 0.0413603
1 0.463379 0.497702 0.0224609 0.0395221
0 0.173096 0.788143 0.019043 0.0376838
0 0.784668 0.680147 0.0244141 0.0477941
1 0.852295 0.263787 0.0219727 0.0349265
1 0.0585938 0.877298 0.0224609 0.0376838
0 0.207275 0.854779 0.0249023 0.0441176
1 0.878174 0.0790441 0.0219727 0.0404412
0 0.326904 0.622702 0.0219727 0.0431985
0 0.103271 0.289982 0.0229492 0.0487132
1 0.592529 0.369485 0.0219727 0.0404412
1 0.514404 0.684743 0.0268555 0.0459559
0 0.617676 0.980699 0.0234375 0.0386029
0 0.304688 0.118107 0.0253906 0.046875
0 0.0656738 0.90579 0.0229492 0.0413603
1 0.118408 0.160386 0.0249023 0.0450368
1 0.305664 0.116728 0.0234375 0.0459559
0 0.616455 0.887868 0.0229492 0.0441176
1 0.200439 0.360294 0.0229492 0.0404412
0 0.642334 0.886029 0.0249023 0.0477941
1 0.767578 0.198529 0.0195312 0.03125
0 0.607178 0.485754 0.0219727 0.0376838
1 0.360107 0.160846 0.0219727 0.0422794
1 0.881104 0.825827 0.0219727 0.046875
1 0.560547 0.300092 0.0185547 0.0376838
1 0.755371 0.787684 0.0244141 0.0441176
1 0.223633 0.0772059 0.0234375 0.0441176
0 0.207031 0.608915 0.0214844 0.0413603
1 0.0437012 0.932445 0.0219727 0.0376838
1 0.154785 0.22886 0.0253906 0.0477941
0 0.0927734 0.0376838 0.0322266 0.0477941
1 0.228516 0.34329 0.0224609 0.0431985
0 0.295898 0.676011 0.0214844 0.0523897
0 0.73584 0.909926 0.0224609 0.0441176
1 0.828125 0.626838 0.0205078 0.0441176
1 0.838379 0.943474 0.0283203 0.0450368
0 0.459473 0.674632 0.0244141 0.0441176
1 0.729736 0.18796 0.0200195 0.0431985
1 0.146484 0.30239 0.0253906 0.0386029
1 0.21167 0.306526 0.0239258 0.0431985
1 0.940674 0.693474 0.0219727 0.0376838
1 0.872803 0.26011 0.0219727 0.0330882
1 0.48291 0.884651 0.0224609 0.0431985
1 0.052002 0.813419 0.0258789 0.0441176
1 0.85083 0.0818015 0.0219727 0.0404412
1 0.0288086 0.890625 0.0244141 0.0441176
0 0.424316 0.880974 0.0244141 0.0431985
0 0.536377 0.504136 0.0219727 0.0376838
1 0.598389 0.299632 0.0209961 0.0386029
1 0.714355 0.481618 0.0224609 0.0404412
1 0.991699 0.761489 0.0166016 0.0413603
1 0.785645 0.0496324 0.0166016 0.0386029
1 0.371094 0.539522 0.0224609 0.0459559
1 0.146973 0.589614 0.0234375 0.0450368
1 0.402832 0.160386 0.0224609 0.0413603
1 0.330078 0.202206 0.0234375 0.0404412
1 0.927979 0.331801 0.0219727 0.0367647
1 0.782471 0.586857 0.0239258 0.0413603
0 0.2854 0.769761 0.0180664 0.0431985
0 0.09375 0.813879 0.0214844 0.0413603
1 0.546875 0.316176 0.0224609 0.0367647
0 0.0168457 0.467371 0.0258789 0.0487132
0 0.0131836 0.981618 0.0224609 0.0367647
1 0.498047 0.34375 0.0205078 0.0367647
0 0.297607 0.807445 0.0200195 0.0395221
1 0.282959 0.185662 0.0249023 0.0441176
1 0.57251 0.215074 0.0219727 0.0367647
1 0.914062 0.548713 0.0234375 0.0386029
1 0.162354 0.495404 0.0239258 0.0422794
1 0.678955 0.142004 0.0209961 0.0395221
1 0.367676 0.206342 0.0205078 0.0413603
1 0.703613 0.192555 0.0205078 0.0395221
0 0.348145 0.800551 0.0214844 0.0441176
1 0.834229 0.547794 0.0219727 0.0330882
0 0.12793 0.828125 0.0214844 0.0441176
1 0.132812 0.632353 0.0244141 0.0441176
1 0.688721 0.178768 0.0200195 0.0340074
0 0.542236 0.425551 0.0209961 0.0422794
1 0.910156 0.590993 0.0214844 0.0349265
1 0.572266 0.105239 0.0224609 0.0413603
1 0.197998 0.535386 0.0249023 0.046875
1 0.99292 0.559283 0.0141602 0.0450368
1 0.802246 0.168658 0.0234375 0.0376838
1 0.855469 0.867647 0.0253906 0.0459559
1 0.801758 0.0487132 0.0185547 0.0349265
0 0.319092 0.87454 0.0249023 0.0487132
1 0.582764 0.201746 0.0209961 0.0340074
1 0.806396 0.242188 0.0229492 0.0376838
1 0.445557 0.153952 0.0219727 0.0376838
1 0.410889 0.205882 0.0239258 0.0422794
1 0.920898 0.617647 0.0234375 0.0386029
1 0.415527 0.778493 0.0205078 0.0422794
0 0.259277 0.846048 0.0244141 0.0413603
1 0.612305 0.250919 0.0195312 0.0386029
1 0.919434 0.837316 0.0234375 0.0459559
1 0.406006 0.346507 0.0249023 0.0441176
1 0.461426 0.174173 0.0205078 0.0395221
1 0.758057 0.21875 0.0180664 0.0349265
1 0.406982 0.538143 0.0229492 0.0413603
0 0.121582 0.471048 0.0234375 0.0395221
1 0.596436 0.230699 0.0180664 0.0386029
1 0.520508 0.0730699 0.0234375 0.0431985
1 0.889893 0.238511 0.0219727 0.0395221
1 0.315918 0.252298 0.0253906 0.0487132
1 0.458984 0.105699 0.0234375 0.0386029
1 0.49707 0.175092 0.0234375 0.0450368
1 0.267578 0.215533 0.0244141 0.0431985
1 0.575439 0.251838 0.0209961 0.0367647
1 0.94458 0.732537 0.0200195 0.0404412
1 0.964844 0.755974 0.0214844 0.0431985
1 0.832031 0.130055 0.0253906 0.0413603
1 0.531006 0.340074 0.0209961 0.0386029
1 0.990723 0.18796 0.0185547 0.0413603
1 0.375 0.36443 0.0253906 0.046875
1 0.794678 0.400735 0.0219727 0.0404412
0 0.268311 0.983915 0.0268555 0.0321691
1 0.98999 0.130055 0.0170898 0.0413603
1 0.802246 0.294118 0.0224609 0.0386029
1 0.412354 0.464154 0.0258789 0.0477941
1 0.182129 0.384191 0.0224609 0.0404412
1 0.82959 0.517004 0.0205078 0.0395221
1 0.779297 0.274816 0.0214844 0.0386029
1 0.960938 0.222886 0.0234375 0.0376838
1 0.981934 0.741268 0.0205078 0.0376838
1 0.532471 0.272059 0.0258789 0.0422794
1 0.517578 0.82307 0.0214844 0.0413603
1 0.483887 0.13511 0.0224609 0.0422794
1 0.814209 0.448529 0.0219727 0.0404412
0 0.0102539 0.213695 0.0205078 0.0487132
1 0.97168 0.183364 0.0234375 0.0395221
1 0.441406 0.472426 0.0224609 0.0422794
1 0.94751 0.316176 0.0249023 0.0441176
1 0.532715 0.802849 0.0244141 0.0431985
1 0.987549 0.939798 0.0249023 0.0450368
