1 0.83667 0.982996 0.0297852 0.0284926
0 0.357178 0.798254 0.0239258 0.0413603
1 0.191162 0.375 0.0219727 0.0404412
1 0.939941 0.713235 0.0185547 0.0404412
0 0.392822 0.657629 0.0239258 0.0450368
1 0.854004 0.0772059 0.0205078 0.0404412
1 0.0766602 0.246783 0.0302734 0.0523897
1 0.0341797 0.902114 0.0292969 0.0615809
0 0.619629 0.982996 0.03125 0.0284926
1 0.761719 0.883272 0.0214844 0.0367647
1 0.658936 0.0128676 0.0200195 0.0257353
1 0.364502 0.688419 0.027832 0.0496324
1 0.464111 0.670037 0.0239258 0.0459559
1 0.984375 0.764706 0.0205078 0.0386029
1 0.879639 0.0790441 0.0200195 0.0386029
0 0.878906 0.0818015 0.0234375 0.0404412
1 0.125 0.490809 0.0234375 0.0514706
1 0.962402 0.213235 0.0234375 0.0404412
0 0.364258 0.688419 0.0253906 0.0496324
1 0.989014 0.820772 0.019043 0.0441176
0 0.464844 0.670956 0.0253906 0.0477941
0 0.0915527 0.0358456 0.034668 0.0533088
1 0.233154 0.347886 0.0219727 0.046875
1 0.53833 0.49954 0.0229492 0.0413603
1 0.532715 0.461397 0.0244141 0.0441176
0 0.235107 0.710938 0.0249023 0.046875
0 0.325195 0.631434 0.0253906 0.0441176
1 0.833496 0.865349 0.0205078 0.0395221
1 0.456787 0.495404 0.0219727 0.0404412
1 0.608154 0.0160846 0.0258789 0.0321691
1 0.259521 0.846967 0.0288086 0.0487132
1 0.672852 0.712316 0.0234375 0.0441176
1 0.0183105 0.461397 0.0268555 0.0514706
1 0.910156 0.5 0.0263672 0.0441176
1 0.885986 0.236673 0.027832 0.0450368
1 0.377441 0.370404 0.0253906 0.0459559
1 0.381592 0.786765 0.0249023 0.0477941
1 0.978271 0.438419 0.0249023 0.0441176
0 0.0761719 0.247243 0.0302734 0.0496324
1 0.510254 0.679688 0.0273438 0.046875
1 0.4104 0.538143 0.0258789 0.0450368
1 0.734863 0.181526 0.0224609 0.046875
1 0.0888672 0.599724 0.0253906 0.0487132
1 0.372314 0.536765 0.027832 0.0496324
1 0.0944824 0.350643 0.0288086 0.0487132
1 0.828125 0.82261 0.0214844 0.0459559
0 0.298096 0.670956 0.0297852 0.0496324
1 0.0917969 0.0349265 0.0332031 0.0551471
1 0.157471 0.501379 0.0229492 0.046875
1 0.94458 0.321232 0.0219727 0.0413603
1 0.196777 0.533088 0.0263672 0.0459559
1 0.72998 0.101562 0.0234375 0.046875
1 0.877441 0.713695 0.0234375 0.0431985
1 0.7771 0.871783 0.0209961 0.0395221
1 0.918945 0.555607 0.0234375 0.0431985
1 0.708008 0.651654 0.0234375 0.0422794
1 0.991699 0.761029 0.0166016 0.0404412
0 0.27002 0.984375 0.0273438 0.03125
1 0.195312 0.929228 0.0263672 0.0441176
0 0.258057 0.846507 0.0268555 0.0441176
1 0.970947 0.199449 0.0219727 0.0386029
1 0.176025 0.829044 0.0258789 0.0441176
1 0.171387 0.0170037 0.0263672 0.0340074
1 0.933594 0.331801 0.0205078 0.0386029
1 0.76709 0.0854779 0.0205078 0.0386029
1 0.394531 0.872702 0.0283203 0.0523897
1 0.780029 0.690717 0.0258789 0.0487132
1 0.439941 0.884651 0.0273438 0.046875
1 0.152344 0.228401 0.0273438 0.0523897
0 0.0131836 0.202665 0.0253906 0.0579044
1 0.676514 0.0588235 0.0229492 0.0404412
1 0.834473 0.126838 0.0234375 0.0422794
0 0.315918 0.880974 0.0263672 0.0505515
1 0.646973 0.390165 0.0234375 0.0450368
1 0.0927734 0.81204 0.0273438 0.0487132
1 0.0319824 0.409926 0.0258789 0.0459559
1 0.679688 0.132353 0.0253906 0.0441176
1 0.712646 0.476103 0.0258789 0.0404412
1 0.588623 0.362132 0.0239258 0.0441176
1 0.186768 0.467371 0.0268555 0.046875
1 0.359863 0.170496 0.0224609 0.0413603
1 0.690918 0.446232 0.0234375 0.0450368
1 0.802246 0.170037 0.0224609 0.0459559
1 0.992676 0.545037 0.0146484 0.0477941
1 0.41748 0.959099 0.0273438 0.0487132
1 0.851562 0.261949 0.0263672 0.0422794
1 0.612549 0.251838 0.0200195 0.0404412
1 0.145752 0.588235 0.0258789 0.0477941
1 0.879883 0.823529 0.0234375 0.0459559
1 0.743408 0.91682 0.0249023 0.0450368
1 0.759766 0.0546875 0.0214844 0.0395221
1 0.855469 0.867647 0.0253906 0.0459559
1 0.520508 0.0698529 0.0234375 0.0422794
1 0.92041 0.842831 0.0263672 0.0441176
1 0.783447 0.59375 0.0258789 0.0441176
1 0.146484 0.303768 0.0263672 0.0487132
1 0.30957 0.130055 0.0292969 0.0505515
1 0.205322 0.85432 0.027832 0.0450368
1 0.797363 0.407169 0.0224609 0.0404412
1 0.69458 0.734835 0.0200195 0.046875
1 0.725342 0.634191 0.0209961 0.0404412
1 0.572266 0.104779 0.0234375 0.0404412
1 0.0144043 0.980699 0.0239258 0.0386029
1 0.128418 0.829044 0.0263672 0.0514706
1 0.755859 0.789062 0.0253906 0.0450368
1 0.964844 0.751838 0.0253906 0.0441176
1 0.534668 0.339154 0.0224609 0.0441176
1 0.414551 0.460478 0.0263672 0.0496324
1 0.224121 0.786765 0.0283203 0.0477941
1 0.0383301 0.920037 0.0268555 0.0459559
1 0.828125 0.62454 0.0253906 0.0523897
1 0.164062 0.772518 0.0263672 0.0487132
1 0.990967 0.176471 0.0180664 0.0459559
1 0.692139 0.384651 0.0239258 0.0450368
1 0.407959 0.204504 0.0258789 0.046875
1 0.445312 0.474265 0.0214844 0.0404412
1 0.39502 0.123162 0.0244141 0.0422794
1 0.803223 0.106618 0.0234375 0.0441176
1 0.568848 0.388787 0.0234375 0.0422794
1 0.668701 0.392004 0.0219727 0.0431985
1 0.805664 0.22932 0.0244141 0.0450368
1 0.782471 0.272978 0.0258789 0.0459559
1 0.82666 0.953585 0.0263672 0.0450368
1 0.807617 0.298713 0.0234375 0.0422794
1 0.5979 0.299632 0.0249023 0.0441176
1 0.500244 0.174632 0.0258789 0.0459559
1 0.597168 0.22932 0.0205078 0.0431985
1 0.360596 0.200827 0.0219727 0.0431985
1 0.459961 0.109835 0.0234375 0.0487132
1 0.813232 0.442096 0.0249023 0.0422794
1 0.408691 0.342831 0.0263672 0.0459559
1 0.217285 0.0753676 0.0244141 0.0496324
1 0.0305176 0.88511 0.0258789 0.0422794
1 0.577881 0.25 0.0209961 0.0459559
1 0.108398 0.528952 0.0273438 0.0487132
1 0.132812 0.623621 0.0263672 0.0487132
1 0.483154 0.132353 0.0239258 0.0459559
1 0.206787 0.3125 0.0249023 0.0477941
1 0.985107 0.931066 0.0268555 0.0533088
1 0.315918 0.25 0.0263672 0.0459559
1 0.402588 0.159467 0.0219727 0.0450368
1 0.333496 0.194393 0.0253906 0.046875
1 0.981201 0.734375 0.0219727 0.0386029
1 0.244629 0.0252757 0.0253906 0.0450368
1 0.528809 0.269761 0.0244141 0.046875
