1 0.52417 0.210018 0.0180664 0.0413603
0 0.533936 0.919118 0.0307617 0.0496324
1 0.785645 0.926471 0.0263672 0.0477941
1 0.438965 0.880974 0.03125 0.0579044
1 0.101562 0.0238971 0.0341797 0.0477941
0 0.101074 0.0225184 0.0341797 0.0450368
0 0.189453 0.54182 0.0341797 0.0689338
0 0.569336 0.598346 0.03125 0.0533088
0 0.811035 0.117647 0.0234375 0.0477941
0 0.799316 0.595129 0.0283203 0.0505515
0 0.964844 0.872702 0.0253906 0.0450368
1 0.109375 0.387408 0.0292969 0.0634191
0 0.921875 0.977022 0.0292969 0.0459559
0 0.832031 0.769761 0.0292969 0.0560662
1 0.810791 0.119945 0.0219727 0.0487132
1 0.569092 0.596507 0.027832 0.0496324
1 0.922607 0.976103 0.0297852 0.0441176
1 0.835205 0.125 0.0219727 0.0441176
1 0.310547 0.240349 0.03125 0.0542279
0 0.828857 0.623162 0.0249023 0.0477941
1 0.831299 0.77068 0.0297852 0.0579044
0 0.826416 0.953585 0.0297852 0.0523897
1 0.202637 0.957261 0.0302734 0.0523897
1 0.528076 0.273897 0.0209961 0.0386029
0 0.309814 0.23989 0.0307617 0.0533088
1 0.946045 0.560202 0.0297852 0.0487132
0 0.872559 0.746324 0.0283203 0.0496324
1 0.872559 0.745404 0.0283203 0.0477941
0 0.439209 0.882353 0.0336914 0.0569853
1 0.800049 0.594669 0.0268555 0.0496324
1 0.385254 0.253217 0.0283203 0.046875
1 0.91626 0.495404 0.0249023 0.0477941
1 0.529297 0.306985 0.0224609 0.0441176
1 0.988281 0.171875 0.0234375 0.0514706
0 0.0849609 0.238051 0.0351562 0.0588235
1 0.829102 0.624081 0.0234375 0.0477941
0 0.934326 0.882812 0.0249023 0.0413603
0 0.202148 0.957261 0.0283203 0.0487132
1 0.415527 0.454963 0.0244141 0.0459559
0 0.258789 0.847426 0.0273438 0.0514706
0 0.165527 0.773897 0.0273438 0.0514706
0 0.108887 0.389246 0.0292969 0.0615809
1 0.377686 0.366728 0.0239258 0.0441176
0 0.0222168 0.193015 0.0336914 0.0661765
1 0.39502 0.340533 0.0244141 0.0431985
1 0.189209 0.542279 0.034668 0.0661765
1 0.826416 0.954044 0.0297852 0.0514706
1 0.689941 0.390165 0.0302734 0.0652574
