1 0.405762 0.175092 0.0234375 0.0523897
1 0.73291 0.189338 0.0244141 0.0551471
1 0.064209 0.903493 0.0249023 0.0441176
1 0.059082 0.884651 0.0224609 0.0431985
1 0.449463 0.513787 0.0209961 0.0404412
1 0.852295 0.0785846 0.0200195 0.0431985
1 0.693115 0.182904 0.0219727 0.0349265
0 0.535889 0.501838 0.0239258 0.0441176
0 0.560059 0.516544 0.0205078 0.0386029
0 0.0742188 0.251838 0.0253906 0.0514706
0 0.560303 0.875919 0.0249023 0.0441176
1 0.430908 0.787224 0.0219727 0.0413603
0 0.510498 0.0174632 0.0200195 0.0349265
1 0.537598 0.501838 0.0234375 0.0441176
1 0.463135 0.880974 0.0209961 0.0413603
1 0.979736 0.446691 0.0219727 0.0441176
1 0.367188 0.793658 0.0234375 0.0395221
1 0.0117188 0.20864 0.0205078 0.0514706
1 0.703857 0.654871 0.0268555 0.0505515
1 0.459961 0.157169 0.0195312 0.0386029
1 0.519775 0.827206 0.0209961 0.0367647
1 0.359619 0.683824 0.0258789 0.0477941
0 0.828125 0.825827 0.0234375 0.046875
0 0.732422 0.186581 0.0234375 0.0459559
0 0.560059 0.609835 0.0224609 0.046875
1 0.529541 0.461397 0.0249023 0.0441176
1 0.351807 0.799173 0.0229492 0.0431985
0 0.619141 0.982996 0.0273438 0.0340074
0 0.294189 0.801471 0.0239258 0.0386029
1 0.326416 0.62546 0.0249023 0.0431985
0 0.530518 0.460938 0.0239258 0.0450368
0 0.878906 0.0776654 0.0214844 0.0413603
1 0.393311 0.657169 0.0239258 0.0459559
0 0.360107 0.683364 0.0268555 0.046875
0 0.297363 0.672794 0.0263672 0.0459559
0 0.418457 0.963235 0.0283203 0.0477941
1 0.195068 0.921875 0.0258789 0.0459559
0 0.0107422 0.20864 0.0214844 0.0514706
1 0.617188 0.886029 0.0214844 0.0404412
1 0.259277 0.845588 0.0283203 0.0477941
1 0.603516 0.0147059 0.0244141 0.0294118
1 0.297607 0.672335 0.027832 0.0487132
1 0.175293 0.827665 0.0263672 0.046875
1 0.6604 0.0124081 0.0219727 0.0248162
1 0.705322 0.0275735 0.0209961 0.0386029
0 0.290283 0.775276 0.0229492 0.0395221
1 0.382812 0.787224 0.0205078 0.0395221
1 0.917969 0.613971 0.0234375 0.0367647
1 0.727539 0.63511 0.0234375 0.0441176
1 0.73999 0.915441 0.0288086 0.0477941
1 0.123535 0.476103 0.0234375 0.0422794
0 0.35083 0.80239 0.0229492 0.0441176
1 0.696533 0.380515 0.0239258 0.0404412
1 0.0183105 0.465074 0.0258789 0.0514706
1 0.373047 0.536305 0.0273438 0.046875
1 0.455811 0.170956 0.0180664 0.0386029
1 0.673828 0.709559 0.0244141 0.0477941
1 0.0742188 0.251379 0.0273438 0.0542279
1 0.989014 0.817096 0.0200195 0.0422794
1 0.52002 0.0712316 0.0234375 0.0431985
1 0.0947266 0.349265 0.0263672 0.0459559
1 0.447998 0.15671 0.019043 0.0395221
1 0.130127 0.137868 0.0239258 0.0441176
1 0.0854492 0.599724 0.0244141 0.046875
1 0.63623 0.881893 0.0234375 0.0413603
1 0.909424 0.504136 0.0249023 0.0413603
1 0.530518 0.808824 0.0229492 0.0404412
1 0.0673828 0.798254 0.0234375 0.0413603
1 0.434082 0.88511 0.0283203 0.0441176
1 0.667236 0.392923 0.0229492 0.0450368
1 0.781738 0.685202 0.0263672 0.046875
1 0.169922 0.0160846 0.0263672 0.0321691
1 0.802002 0.168199 0.0239258 0.0459559
1 0.766357 0.0850184 0.0209961 0.0413603
1 0.117188 0.159467 0.0244141 0.0450368
1 0.913086 0.590533 0.0234375 0.0340074
1 0.827148 0.826746 0.0234375 0.046875
1 0.461426 0.672794 0.0263672 0.0477941
1 0.032959 0.409007 0.0249023 0.0459559
1 0.732178 0.0983456 0.0249023 0.0459559
1 0.128662 0.828585 0.0258789 0.0505515
1 0.645752 0.389706 0.0239258 0.0441176
1 0.839844 0.684743 0.0214844 0.0441176
1 0.166016 0.772978 0.0253906 0.0496324
1 0.013916 0.980699 0.0249023 0.0386029
1 0.783203 0.592831 0.0253906 0.0441176
1 0.579102 0.213695 0.0195312 0.0395221
1 0.197266 0.533088 0.0253906 0.0459559
0 0.317627 0.879596 0.0249023 0.0459559
1 0.832764 0.127298 0.0249023 0.0431985
0 0.258301 0.846507 0.0253906 0.0422794
0 0.234375 0.710018 0.0253906 0.0450368
1 0.689453 0.444393 0.0244141 0.0413603
1 0.885986 0.237132 0.034668 0.0477941
1 0.206299 0.855239 0.0288086 0.046875
1 0.851562 0.262408 0.0263672 0.0413603
1 0.41748 0.783088 0.0224609 0.0441176
1 0.513428 0.682445 0.0288086 0.0487132
1 0.801758 0.103401 0.0234375 0.0413603
1 0.377686 0.371324 0.0258789 0.0514706
1 0.145996 0.588235 0.0263672 0.0477941
1 0.990967 0.761489 0.0180664 0.0413603
1 0.126709 0.502757 0.0209961 0.0459559
1 0.755615 0.789062 0.0249023 0.0450368
1 0.395264 0.870404 0.0258789 0.0496324
0 0.269775 0.984375 0.027832 0.03125
1 0.992188 0.550551 0.015625 0.0477941
1 0.695801 0.743566 0.0224609 0.0441176
1 0.159424 0.499081 0.0239258 0.0459559
1 0.565674 0.381434 0.0239258 0.0459559
1 0.0922852 0.0349265 0.0332031 0.0551471
1 0.940674 0.694393 0.0219727 0.0395221
1 0.406982 0.345129 0.0268555 0.0450368
1 0.828125 0.62454 0.0234375 0.0505515
1 0.713135 0.477482 0.0249023 0.0450368
1 0.762695 0.883732 0.0234375 0.0376838
1 0.307129 0.122243 0.0263672 0.0459559
1 0.231445 0.346507 0.0234375 0.0477941
1 0.7771 0.868566 0.0219727 0.0422794
1 0.18457 0.381893 0.0224609 0.0431985
1 0.590576 0.363971 0.0239258 0.0459559
1 0.186279 0.463235 0.0258789 0.0477941
1 0.673828 0.0574449 0.0244141 0.0431985
1 0.879883 0.823989 0.0234375 0.046875
1 0.813965 0.443934 0.0263672 0.0422794
1 0.598145 0.300551 0.0234375 0.0441176
1 0.612061 0.252757 0.0209961 0.0422794
1 0.0935059 0.8125 0.0268555 0.0514706
1 0.678711 0.136489 0.0273438 0.0487132
1 0.854736 0.680147 0.0200195 0.0422794
1 0.457764 0.107077 0.0239258 0.0450368
1 0.198242 0.363511 0.0234375 0.0395221
1 0.796875 0.404412 0.0234375 0.0422794
1 0.533203 0.338695 0.0253906 0.0450368
1 0.45874 0.498162 0.0249023 0.0422794
1 0.15332 0.227941 0.0273438 0.0514706
1 0.762939 0.0464154 0.0219727 0.0413603
1 0.418945 0.961857 0.0273438 0.046875
1 0.946045 0.317096 0.0268555 0.0441176
1 0.394043 0.115349 0.0224609 0.0450368
1 0.941406 0.725184 0.0214844 0.0404412
1 0.408447 0.537684 0.0258789 0.0459559
1 0.408447 0.205423 0.0258789 0.046875
1 0.361084 0.165901 0.0239258 0.0450368
1 0.57666 0.24954 0.0224609 0.0431985
1 0.919434 0.840533 0.0263672 0.046875
1 0.80542 0.296875 0.0249023 0.0422794
1 0.991455 0.178768 0.0170898 0.0431985
1 0.597412 0.227941 0.0209961 0.0422794
1 0.960938 0.21875 0.0234375 0.0367647
1 0.805664 0.235754 0.0263672 0.046875
1 0.78125 0.274357 0.0253906 0.0450368
1 0.279053 0.193474 0.0229492 0.0395221
1 0.972656 0.191636 0.0253906 0.0395221
1 0.572754 0.104779 0.0244141 0.0422794
1 0.0297852 0.886029 0.0263672 0.0459559
1 0.223877 0.79182 0.0258789 0.046875
1 0.933594 0.332261 0.0214844 0.0413603
1 0.222168 0.0758272 0.0263672 0.0487132
1 0.855469 0.867647 0.0263672 0.0477941
1 0.499268 0.175092 0.0258789 0.046875
1 0.146484 0.304228 0.0263672 0.0496324
1 0.915039 0.55193 0.0234375 0.0413603
1 0.403076 0.159467 0.0229492 0.046875
1 0.268799 0.214154 0.0239258 0.0404412
1 0.877441 0.707721 0.0234375 0.0441176
1 0.109131 0.53079 0.0268555 0.0487132
1 0.530518 0.269301 0.0249023 0.0459559
1 0.132568 0.627298 0.0258789 0.0487132
1 0.0415039 0.92739 0.0244141 0.0459559
1 0.208984 0.308824 0.0253906 0.0477941
1 0.981201 0.734835 0.0219727 0.0395221
1 0.332275 0.199449 0.0249023 0.0441176
1 0.483643 0.133732 0.0239258 0.046875
1 0.414062 0.463695 0.0263672 0.0487132
1 0.240479 0.0280331 0.0249023 0.046875
1 0.963867 0.753676 0.0234375 0.0441176
1 0.316406 0.24954 0.0253906 0.0431985
1 0.442139 0.472426 0.0219727 0.0441176
1 0.830566 0.951746 0.0263672 0.046875
1 0.98584 0.935662 0.0263672 0.0514706
1 0.364746 0.203125 0.0224609 0.0422794
