1 0.098877 0.0225184 0.0336914 0.0450368
1 0.88208 0.241268 0.0219727 0.046875
0 0.537842 0.912684 0.0288086 0.0496324
1 0.858643 0.0831801 0.0219727 0.0450368
1 0.79834 0.59329 0.0263672 0.0450368
1 0.858643 0.252298 0.0219727 0.0395221
1 0.522461 0.207721 0.0195312 0.0404412
0 0.392334 0.871783 0.0219727 0.0487132
1 0.777588 0.921415 0.0297852 0.0505515
1 0.569336 0.597426 0.0273438 0.0477941
0 0.17334 0.0215993 0.0283203 0.0376838
1 0.406982 0.890625 0.0219727 0.0441176
0 0.438721 0.882812 0.0239258 0.046875
1 0.53833 0.914062 0.0258789 0.0450368
0 0.920898 0.97886 0.03125 0.0422794
1 0.920898 0.97886 0.03125 0.0422794
0 0.567871 0.596967 0.0302734 0.0542279
0 0.797852 0.594669 0.0273438 0.0459559
1 0.934326 0.880055 0.0249023 0.0431985
0 0.200928 0.95864 0.0317383 0.0533088
1 0.39209 0.871324 0.0205078 0.0441176
1 0.810791 0.119945 0.0219727 0.046875
0 0.933594 0.882353 0.0253906 0.0422794
1 0.200928 0.95864 0.0288086 0.0496324
1 0.828857 0.62454 0.0219727 0.046875
1 0.989014 0.172794 0.0219727 0.0496324
1 0.835938 0.124081 0.0234375 0.0441176
1 0.916992 0.493566 0.0234375 0.0477941
0 0.828857 0.623621 0.0249023 0.0487132
0 0.82666 0.773438 0.0263672 0.0487132
0 0.258545 0.847426 0.0268555 0.0514706
1 0.525635 0.269761 0.0209961 0.0395221
1 0.528564 0.310202 0.0209961 0.0413603
0 0.0849609 0.238971 0.0332031 0.0588235
1 0.943115 0.563879 0.0297852 0.0505515
0 0.165283 0.772059 0.027832 0.0477941
1 0.785889 0.272518 0.0229492 0.0431985
0 0.872559 0.744026 0.0263672 0.0505515
1 0.388672 0.246324 0.0253906 0.0514706
0 0.777832 0.921875 0.0283203 0.0496324
0 0.10791 0.388327 0.0283203 0.0579044
1 0.415039 0.454963 0.0234375 0.0422794
0 0.0222168 0.193015 0.0317383 0.0625
1 0.971924 0.884191 0.0249023 0.0441176
1 0.311279 0.243566 0.027832 0.0459559
1 0.799072 0.296875 0.0239258 0.0422794
1 0.377686 0.368566 0.0249023 0.0459559
0 0.826416 0.954504 0.0297852 0.0523897
1 0.689941 0.389706 0.0302734 0.0643382
1 0.189209 0.54182 0.0327148 0.0615809
1 0.405029 0.337316 0.0239258 0.0422794
