1 0.386719 0.779412 0.03125 0.0569853
0 0.189453 0.542279 0.0351562 0.0735294
1 0.79541 0.926011 0.0234375 0.0487132
0 0.101807 0.0234375 0.0356445 0.046875
0 0.525391 0.207261 0.0253906 0.046875
1 0.102295 0.0243566 0.034668 0.0487132
0 0.859375 0.082261 0.0253906 0.0487132
0 0.799561 0.59421 0.027832 0.0523897
1 0.30957 0.238051 0.0292969 0.0606618
1 0.109619 0.387408 0.0297852 0.0652574
1 0.0849609 0.238511 0.0351562 0.0652574
0 0.872559 0.746324 0.0283203 0.0477941
0 0.258301 0.846967 0.0302734 0.0542279
1 0.438965 0.880055 0.0302734 0.0597426
1 0.840576 0.764706 0.0249023 0.0459559
1 0.258789 0.847886 0.0292969 0.0523897
0 0.203125 0.957261 0.03125 0.0542279
0 0.56958 0.597886 0.0327148 0.0560662
1 0.416504 0.454044 0.0302734 0.0588235
0 0.828857 0.623621 0.0249023 0.0487132
1 0.828857 0.625 0.0219727 0.0477941
0 0.439453 0.880974 0.0341797 0.0597426
1 0.93457 0.882353 0.0234375 0.0404412
1 0.987549 0.172794 0.0249023 0.0569853
1 0.801025 0.594669 0.0258789 0.0496324
0 0.164551 0.772518 0.0283203 0.0560662
1 0.872559 0.745404 0.0283203 0.0459559
0 0.0847168 0.238051 0.0366211 0.0606618
1 0.308594 0.904871 0.03125 0.0560662
1 0.95459 0.556985 0.0263672 0.0514706
0 0.308594 0.238051 0.0302734 0.0588235
1 0.924316 0.975184 0.0283203 0.0422794
1 0.203613 0.957261 0.03125 0.0560662
1 0.825684 0.952665 0.0263672 0.0487132
1 0.91626 0.495864 0.0249023 0.046875
0 0.109131 0.387868 0.0307617 0.0625
0 0.0224609 0.193474 0.0332031 0.0670956
1 0.955322 0.865349 0.0249023 0.0450368
1 0.689941 0.390165 0.0302734 0.0652574
1 0.189209 0.54182 0.034668 0.0670956
