0 0.791016 0.926471 0.0253906 0.0477941
0 0.101807 0.0229779 0.034668 0.0459559
1 0.109375 0.387408 0.0292969 0.0634191
1 0.102051 0.0238971 0.0332031 0.0477941
1 0.950195 0.556985 0.03125 0.0477941
1 0.309082 0.900735 0.0273438 0.0496324
0 0.819336 0.127298 0.0234375 0.0450368
1 0.835205 0.764706 0.0249023 0.0477941
1 0.310303 0.238971 0.0297852 0.0551471
0 0.799805 0.59421 0.0283203 0.0523897
0 0.56958 0.597886 0.0317383 0.0542279
1 0.56958 0.596507 0.0288086 0.0514706
0 0.922607 0.977022 0.027832 0.0441176
1 0.790527 0.924173 0.0253906 0.0487132
1 0.385254 0.257812 0.0283203 0.0505515
1 0.923584 0.975643 0.0297852 0.0431985
1 0.828857 0.624081 0.0219727 0.0477941
0 0.872559 0.746324 0.0283203 0.0477941
0 0.309814 0.238511 0.0297852 0.0560662
1 0.960205 0.869945 0.0249023 0.0413603
1 0.800293 0.59421 0.0263672 0.0505515
0 0.258789 0.846967 0.0283203 0.0505515
0 0.93457 0.882353 0.0234375 0.0404412
1 0.203125 0.95818 0.0302734 0.0542279
1 0.987793 0.173254 0.0244141 0.0560662
1 0.91626 0.495404 0.0249023 0.0459559
0 0.202393 0.95818 0.027832 0.0487132
0 0.828857 0.622702 0.0249023 0.0487132
0 0.438965 0.882353 0.0341797 0.0551471
1 0.415771 0.454963 0.0249023 0.0477941
1 0.872559 0.745404 0.0283203 0.0459559
1 0.377197 0.367647 0.0219727 0.0422794
0 0.164551 0.772518 0.0283203 0.0542279
0 0.0852051 0.238971 0.034668 0.0625
0 0.109131 0.389706 0.0288086 0.0606618
1 0.391846 0.34375 0.0229492 0.0422794
1 0.689941 0.389706 0.0302734 0.0661765
0 0.0222168 0.193015 0.0327148 0.0661765
1 0.825684 0.953585 0.0283203 0.0487132
1 0.189209 0.54182 0.034668 0.0652574
