1 0.876465 0.721048 0.0283203 0.046875
0 0.755859 0.790441 0.0292969 0.0459559
1 0.834473 0.863051 0.0185547 0.0386029
0 0.928223 0.857996 0.0263672 0.0487132
1 0.613281 0.0128676 0.0253906 0.0257353
1 0.382568 0.479779 0.019043 0.0330882
1 0.805176 0.988051 0.0302734 0.0238971
0 0.566406 0.598805 0.0292969 0.0505515
0 0.876465 0.723346 0.0263672 0.0459559
0 0.825684 0.954963 0.0283203 0.0496324
1 0.85791 0.253217 0.0234375 0.0395221
1 0.825928 0.799632 0.0249023 0.0514706
1 0.787109 0.59329 0.0253906 0.046875
1 0.566406 0.600643 0.0273438 0.046875
1 0.759033 0.92739 0.0317383 0.0514706
1 0.917236 0.494026 0.027832 0.046875
0 0.912598 0.982537 0.0283203 0.0349265
1 0.776123 0.717831 0.0249023 0.0441176
1 0.679443 0.0606618 0.0209961 0.0367647
1 0.755859 0.79136 0.0263672 0.0441176
1 0.828857 0.622702 0.0219727 0.046875
1 0.554688 0.884651 0.0253906 0.0431985
1 0.879883 0.825827 0.0234375 0.0450368
1 0.741455 0.15671 0.0209961 0.0395221
1 0.681641 0.0946691 0.0214844 0.0386029
1 0.825928 0.955882 0.0297852 0.0496324
1 0.927979 0.857996 0.0249023 0.046875
1 0.93042 0.56296 0.0249023 0.0450368
1 0.0913086 0.0298713 0.0332031 0.046875
1 0.85791 0.862592 0.0234375 0.0450368
1 0.838379 0.12454 0.0234375 0.0431985
1 0.019043 0.196232 0.0253906 0.0505515
1 0.172363 0.019761 0.0283203 0.0395221
1 0.257324 0.84375 0.0244141 0.0441176
1 0.20874 0.0795037 0.0249023 0.0487132
1 0.529785 0.066636 0.0244141 0.0431985
1 0.690674 0.38557 0.0258789 0.046875
1 0.571533 0.10386 0.0229492 0.0441176
1 0.0146484 0.981618 0.0253906 0.0367647
1 0.13208 0.607537 0.0200195 0.0422794
1 0.0849609 0.236213 0.0292969 0.0533088
1 0.988281 0.175092 0.0234375 0.0487132
1 0.858643 0.0836397 0.0200195 0.0422794
1 0.809326 0.118566 0.0219727 0.0422794
1 0.400391 0.213695 0.0244141 0.0487132
1 0.196533 0.947151 0.027832 0.0505515
1 0.882812 0.0868566 0.0185547 0.0413603
1 0.98291 0.915901 0.0283203 0.0542279
1 0.439941 0.88511 0.0263672 0.0441176
1 0.236328 0.715993 0.0234375 0.0422794
1 0.0998535 0.525735 0.0268555 0.0477941
1 0.524658 0.268382 0.0249023 0.0477941
1 0.731201 0.116728 0.0209961 0.0422794
1 0.897705 0.106618 0.0200195 0.0441176
1 0.144531 0.590533 0.0205078 0.0450368
1 0.371094 0.539062 0.0253906 0.0450368
1 0.507324 0.185202 0.0244141 0.0450368
1 0.391846 0.87454 0.0229492 0.0487132
1 0.59082 0.288143 0.0234375 0.0413603
1 0.58667 0.256434 0.0229492 0.0367647
1 0.196777 0.529412 0.0234375 0.0441176
1 0.0942383 0.600184 0.0234375 0.0441176
1 0.811768 0.301011 0.0249023 0.0431985
1 0.187256 0.483915 0.0229492 0.0450368
1 0.414551 0.457721 0.0244141 0.0441176
1 0.231689 0.759651 0.0239258 0.0431985
1 0.378174 0.368107 0.0249023 0.0431985
1 0.161377 0.484835 0.0239258 0.0450368
1 0.785645 0.271599 0.0234375 0.0450368
1 0.409668 0.340533 0.0253906 0.0450368
1 0.0983887 0.363051 0.0268555 0.0459559
1 0.147949 0.235294 0.0244141 0.0422794
1 0.417725 0.942096 0.0258789 0.0496324
1 0.118652 0.820772 0.0234375 0.0459559
1 0.311279 0.245864 0.0268555 0.0487132
1 0.164307 0.77068 0.0268555 0.0505515
1 0.0961914 0.814798 0.0263672 0.0487132
1 0.23877 0.34421 0.0283203 0.0505515
1 0.153809 0.272518 0.0253906 0.0413603
1 0.205322 0.314798 0.0239258 0.046875
1 0.405273 0.538603 0.0234375 0.0441176
