0 0.82666 0.955882 0.0263672 0.0514706
1 0.101562 0.370404 0.0253906 0.0459559
1 0.804932 0.988051 0.0307617 0.0238971
0 0.928955 0.866728 0.027832 0.0496324
1 0.0153809 0.983456 0.0268555 0.0330882
0 0.0974121 0.529412 0.0288086 0.0514706
1 0.0849609 0.238051 0.0302734 0.0533088
0 0.0146484 0.984835 0.0292969 0.0303309
0 0.0852051 0.238511 0.0307617 0.0523897
0 0.914062 0.982077 0.0292969 0.0358456
1 0.172852 0.0206801 0.0292969 0.0413603
0 0.092041 0.0294118 0.0336914 0.0477941
1 0.835938 0.866268 0.0214844 0.0395221
0 0.163574 0.769761 0.0292969 0.0560662
0 0.875 0.725643 0.0263672 0.046875
1 0.0922852 0.0284926 0.0332031 0.0459559
1 0.197021 0.954504 0.027832 0.046875
1 0.164551 0.770221 0.0283203 0.0514706
1 0.858398 0.254136 0.0234375 0.0395221
1 0.928955 0.866268 0.0249023 0.0450368
1 0.168213 0.483915 0.019043 0.0395221
0 0.196533 0.954963 0.0307617 0.0496324
0 0.020752 0.195312 0.0258789 0.0487132
1 0.258057 0.84421 0.0249023 0.0450368
1 0.917236 0.492647 0.0297852 0.0477941
1 0.883789 0.242647 0.0234375 0.0441176
1 0.771973 0.72886 0.0224609 0.0441176
1 0.828857 0.622702 0.0219727 0.046875
1 0.838379 0.125 0.0234375 0.0477941
1 0.789062 0.592371 0.0253906 0.0450368
1 0.98877 0.173713 0.0224609 0.0514706
1 0.690918 0.386489 0.0263672 0.046875
1 0.931152 0.56296 0.0263672 0.046875
1 0.552734 0.892463 0.0253906 0.0422794
1 0.858643 0.0831801 0.0219727 0.0450368
1 0.097168 0.53079 0.0263672 0.046875
1 0.512451 0.192555 0.0249023 0.0431985
1 0.82666 0.79182 0.0263672 0.0505515
1 0.860352 0.862592 0.0234375 0.0487132
1 0.440674 0.884651 0.0239258 0.0487132
1 0.880615 0.825827 0.0249023 0.046875
1 0.18457 0.486673 0.0214844 0.0431985
1 0.825928 0.955882 0.0297852 0.0496324
1 0.567139 0.600184 0.0258789 0.0459559
0 0.204834 0.0758272 0.0258789 0.0487132
1 0.810303 0.119026 0.0229492 0.0450368
1 0.197021 0.53079 0.0239258 0.046875
1 0.810303 0.300551 0.0249023 0.0459559
1 0.98291 0.913143 0.0283203 0.0523897
1 0.764404 0.924173 0.0268555 0.0579044
1 0.524414 0.268842 0.0234375 0.0431985
1 0.786133 0.271599 0.0234375 0.0487132
1 0.755859 0.788603 0.0244141 0.0441176
1 0.391602 0.872702 0.0224609 0.0487132
1 0.095459 0.590993 0.0258789 0.0477941
1 0.397949 0.221048 0.0224609 0.0450368
1 0.535889 0.0569853 0.0258789 0.0404412
1 0.238281 0.341912 0.0273438 0.0477941
1 0.205566 0.315257 0.0244141 0.0477941
1 0.378418 0.368107 0.0244141 0.0431985
1 0.528809 0.3125 0.0224609 0.0422794
1 0.373047 0.540441 0.0244141 0.0441176
1 0.570801 0.0974265 0.0234375 0.0459559
1 0.415283 0.457721 0.0239258 0.0441176
1 0.41626 0.933364 0.0249023 0.046875
1 0.409668 0.340533 0.0244141 0.0431985
1 0.39917 0.539982 0.0239258 0.0431985
1 0.311523 0.245864 0.0273438 0.0450368
