0 0.810791 0.117647 0.0239258 0.0496324
0 0.100586 0.0225184 0.0341797 0.0450368
1 0.783203 0.922794 0.0302734 0.0477941
0 0.967285 0.875 0.0283203 0.0496324
1 0.921875 0.977022 0.03125 0.0459559
0 0.533936 0.917279 0.0297852 0.0514706
0 0.567871 0.596507 0.0302734 0.0551471
0 0.310547 0.898438 0.03125 0.0542279
1 0.568848 0.597886 0.0283203 0.0505515
0 0.189697 0.542279 0.0336914 0.0661765
0 0.921875 0.976562 0.03125 0.0431985
0 0.799072 0.595129 0.0288086 0.0487132
1 0.811279 0.119485 0.0229492 0.0477941
0 0.310303 0.241268 0.0307617 0.0523897
1 0.799805 0.594669 0.0273438 0.0496324
1 0.397217 0.336397 0.0239258 0.0404412
1 0.310547 0.241268 0.03125 0.0523897
1 0.202148 0.95818 0.03125 0.0560662
1 0.835938 0.12454 0.0234375 0.0450368
1 0.528564 0.309283 0.0200195 0.0413603
1 0.967285 0.877298 0.0234375 0.046875
0 0.783203 0.922794 0.0322266 0.0496324
1 0.94458 0.5625 0.0297852 0.0496324
1 0.829102 0.624081 0.0234375 0.0477941
1 0.917236 0.493566 0.0249023 0.0496324
1 0.415527 0.454963 0.0244141 0.0459559
1 0.527344 0.272059 0.0214844 0.0386029
1 0.988281 0.172335 0.0234375 0.0505515
0 0.828857 0.623162 0.0249023 0.0496324
0 0.0852051 0.238971 0.0336914 0.0606618
0 0.201904 0.95818 0.027832 0.0487132
0 0.829834 0.771599 0.0297852 0.0542279
1 0.387207 0.252298 0.0273438 0.0487132
0 0.438721 0.882812 0.0317383 0.0560662
0 0.934326 0.883272 0.0249023 0.0441176
1 0.377686 0.366728 0.0239258 0.0441176
0 0.872559 0.746324 0.0283203 0.0496324
0 0.259033 0.847426 0.0268555 0.0514706
0 0.108398 0.388787 0.0292969 0.0606618
0 0.165283 0.773897 0.0268555 0.0514706
0 0.826416 0.953585 0.0297852 0.0523897
1 0.826416 0.954044 0.0297852 0.0514706
0 0.0222168 0.192555 0.0336914 0.0670956
1 0.189209 0.54182 0.034668 0.0652574
1 0.689941 0.390165 0.03125 0.0652574
