1 0.558838 0.0753676 0.0209961 0.0422794
0 0.0969238 0.0252757 0.0297852 0.0450368
1 0.858643 0.0836397 0.0200195 0.0441176
1 0.882812 0.242647 0.0214844 0.0459559
1 0.0852051 0.238971 0.0317383 0.0588235
0 0.541992 0.90671 0.03125 0.0487132
1 0.164795 0.771599 0.0288086 0.0542279
0 0.227539 0.335938 0.0214844 0.0450368
1 0.0969238 0.0243566 0.0317383 0.0487132
1 0.857666 0.250919 0.0219727 0.0386029
0 0.920898 0.979779 0.03125 0.0404412
1 0.171631 0.0220588 0.0288086 0.0441176
0 0.258789 0.846507 0.0263672 0.0514706
0 0.796875 0.59329 0.0253906 0.046875
1 0.258789 0.846507 0.0273438 0.0496324
1 0.568848 0.597886 0.0273438 0.0487132
0 0.543457 0.0592831 0.0185547 0.0395221
0 0.199951 0.959099 0.0317383 0.0542279
0 0.409668 0.90625 0.0224609 0.0441176
0 0.568359 0.598805 0.0283203 0.0487132
1 0.934326 0.879596 0.0249023 0.0422794
1 0.810791 0.119485 0.0219727 0.0459559
0 0.826416 0.954044 0.0297852 0.0514706
0 0.391113 0.871324 0.0205078 0.0477941
0 0.213867 0.319393 0.0234375 0.046875
0 0.0849609 0.238971 0.0322266 0.0569853
1 0.92041 0.978401 0.03125 0.0431985
1 0.824951 0.775735 0.0249023 0.0477941
1 0.828857 0.62454 0.0219727 0.046875
1 0.10498 0.382812 0.0292969 0.0597426
1 0.520264 0.202665 0.0219727 0.0431985
1 0.989014 0.172794 0.0219727 0.0496324
0 0.871826 0.744026 0.0268555 0.046875
1 0.776855 0.921415 0.0283203 0.0523897
1 0.54248 0.908548 0.0283203 0.0487132
1 0.917236 0.492647 0.0249023 0.0477941
1 0.525146 0.269761 0.0219727 0.0395221
1 0.83667 0.124081 0.0219727 0.0422794
0 0.105469 0.383272 0.0302734 0.0569853
1 0.785645 0.272518 0.0224609 0.0450368
1 0.199951 0.95864 0.0297852 0.0514706
0 0.828857 0.623621 0.0249023 0.0487132
1 0.391602 0.871783 0.0234375 0.0487132
0 0.165039 0.77114 0.0292969 0.0514706
1 0.826416 0.955882 0.0297852 0.0514706
1 0.528076 0.309743 0.0219727 0.0404412
1 0.871826 0.742647 0.0249023 0.0514706
0 0.0222168 0.193474 0.0307617 0.0597426
1 0.939941 0.563879 0.0263672 0.0487132
0 0.171631 0.0229779 0.0288086 0.0441176
0 0.438965 0.884651 0.0234375 0.046875
0 0.559326 0.0726103 0.0200195 0.0404412
1 0.879883 0.827206 0.0234375 0.0422794
1 0.803223 0.300092 0.0234375 0.0450368
1 0.311279 0.244485 0.0268555 0.0459559
0 0.191895 0.0546875 0.0283203 0.0560662
1 0.689941 0.388787 0.0302734 0.0606618
1 0.868164 0.853401 0.0234375 0.046875
1 0.415527 0.454963 0.0244141 0.0459559
1 0.975098 0.891085 0.0263672 0.0431985
1 0.40918 0.340533 0.0234375 0.046875
1 0.39209 0.237132 0.0263672 0.0514706
1 0.378174 0.369026 0.0249023 0.0450368
1 0.189453 0.54182 0.03125 0.0597426
