1 0.52417 0.210018 0.0180664 0.0413603
1 0.785645 0.926471 0.0263672 0.0477941
0 0.533936 0.919118 0.0307617 0.0477941
1 0.101562 0.0234375 0.0332031 0.046875
0 0.101074 0.0225184 0.0341797 0.0450368
1 0.810791 0.120404 0.0219727 0.0477941
0 0.567871 0.596967 0.0302734 0.0560662
1 0.0849609 0.238511 0.0332031 0.0615809
1 0.109131 0.387408 0.0288086 0.0634191
1 0.835205 0.125 0.0219727 0.0441176
0 0.189453 0.54182 0.0341797 0.0689338
1 0.964844 0.87454 0.0234375 0.046875
0 0.921875 0.977022 0.0292969 0.0441176
1 0.830322 0.771599 0.0297852 0.0560662
1 0.922852 0.976562 0.03125 0.0431985
0 0.810791 0.118107 0.0239258 0.0487132
1 0.872559 0.745864 0.0283203 0.046875
1 0.569092 0.596507 0.027832 0.0496324
0 0.964844 0.873162 0.0234375 0.0514706
0 0.799072 0.595129 0.0288086 0.0505515
0 0.831299 0.77068 0.0297852 0.0560662
1 0.202637 0.957261 0.0302734 0.0523897
1 0.310547 0.240349 0.03125 0.0542279
1 0.799805 0.594669 0.0273438 0.0496324
0 0.309814 0.240349 0.0307617 0.0542279
0 0.439209 0.882353 0.0336914 0.0569853
1 0.91626 0.494945 0.0249023 0.046875
1 0.527588 0.272978 0.0209961 0.0386029
1 0.946045 0.560662 0.027832 0.0477941
1 0.828857 0.625 0.0219727 0.0477941
0 0.828857 0.623621 0.0249023 0.0487132
1 0.988281 0.172335 0.0234375 0.0505515
1 0.385254 0.253217 0.0283203 0.046875
0 0.826416 0.953585 0.0297852 0.0523897
0 0.872559 0.746324 0.0283203 0.0477941
0 0.0849609 0.238511 0.0351562 0.0579044
1 0.528809 0.306985 0.0224609 0.0441176
1 0.415527 0.455423 0.0234375 0.046875
0 0.934326 0.882812 0.0249023 0.0413603
0 0.201904 0.957261 0.027832 0.046875
0 0.258789 0.846967 0.0273438 0.0505515
0 0.165283 0.773897 0.0268555 0.0514706
1 0.377441 0.367188 0.0244141 0.0431985
0 0.108887 0.389246 0.0292969 0.0615809
0 0.0219727 0.193474 0.0332031 0.0652574
1 0.39502 0.339614 0.0244141 0.0431985
1 0.825928 0.954504 0.0297852 0.0505515
1 0.189209 0.54182 0.034668 0.0652574
1 0.689941 0.390165 0.03125 0.0652574
