1 0.387451 0.783088 0.0239258 0.0441176
0 0.917236 0.492647 0.0249023 0.0441176
0 0.990967 0.414982 0.0180664 0.0376838
1 0.858643 0.0840993 0.0200195 0.0450368
1 0.095459 0.0248162 0.0297852 0.0422794
0 0.545654 0.904412 0.0249023 0.0477941
0 0.977295 0.89568 0.0297852 0.0505515
1 0.920898 0.97886 0.03125 0.0422794
1 0.3125 0.892463 0.0273438 0.0496324
1 0.565186 0.0836397 0.0249023 0.0404412
1 0.882812 0.242188 0.0214844 0.046875
0 0.258789 0.845588 0.0253906 0.0514706
1 0.858643 0.253676 0.0219727 0.0404412
1 0.543701 0.058364 0.0239258 0.0413603
0 0.171875 0.0225184 0.0273438 0.0413603
0 0.825928 0.778033 0.0249023 0.0450368
1 0.196533 0.0615809 0.0258789 0.0477941
1 0.828857 0.624081 0.0219727 0.0477941
1 0.771973 0.922794 0.0273438 0.0496324
0 0.920898 0.980239 0.03125 0.0395221
1 0.545654 0.90671 0.0258789 0.0487132
1 0.519287 0.200827 0.0219727 0.0395221
0 0.565674 0.0818015 0.0229492 0.0422794
0 0.439453 0.884651 0.0244141 0.0487132
1 0.810791 0.119485 0.0219727 0.0459559
1 0.785645 0.272518 0.0234375 0.0450368
0 0.794434 0.592371 0.0263672 0.0487132
1 0.917236 0.491728 0.0297852 0.0477941
0 0.567627 0.597426 0.0297852 0.0533088
0 0.196045 0.0629596 0.0258789 0.046875
1 0.258789 0.845588 0.0263672 0.0477941
0 0.689453 0.387868 0.0283203 0.0588235
0 0.772461 0.923713 0.0273438 0.0496324
0 0.198975 0.95864 0.0317383 0.0533088
1 0.568359 0.597886 0.0273438 0.0487132
0 0.933594 0.881434 0.0234375 0.0441176
1 0.83667 0.12454 0.0219727 0.0431985
1 0.989014 0.172794 0.0219727 0.0477941
1 0.824219 0.778033 0.0253906 0.046875
1 0.865723 0.857996 0.0234375 0.046875
1 0.524658 0.269301 0.0229492 0.0404412
0 0.756592 0.790901 0.0239258 0.0413603
1 0.936035 0.565257 0.0263672 0.0459559
1 0.198975 0.95864 0.0288086 0.0496324
0 0.871826 0.743566 0.0268555 0.0459559
1 0.528076 0.310662 0.0209961 0.0404412
1 0.171387 0.0220588 0.0273438 0.0404412
1 0.879883 0.827206 0.0234375 0.0441176
1 0.689697 0.386489 0.0288086 0.0597426
0 0.231445 0.339614 0.0234375 0.0505515
0 0.0227051 0.193015 0.027832 0.0533088
0 0.0849609 0.238511 0.0302734 0.0523897
1 0.872559 0.740809 0.0263672 0.0496324
0 0.828857 0.622702 0.0249023 0.0505515
1 0.4104 0.909926 0.0219727 0.0441176
1 0.805664 0.30193 0.0234375 0.046875
0 0.826416 0.954044 0.0297852 0.0514706
0 0.769775 0.761029 0.0249023 0.0404412
0 0.164551 0.77068 0.0292969 0.0505515
1 0.976562 0.89568 0.0253906 0.0505515
0 0.103516 0.382353 0.0263672 0.0514706
1 0.391357 0.871783 0.0229492 0.0487132
0 0.208984 0.318474 0.0263672 0.0505515
1 0.311035 0.245404 0.0273438 0.0459559
1 0.393555 0.232996 0.0253906 0.0450368
1 0.415283 0.456801 0.0249023 0.0459559
1 0.378906 0.368566 0.0253906 0.0459559
1 0.190186 0.54136 0.0297852 0.0551471
1 0.408936 0.340074 0.0239258 0.0459559
