0 0.990967 0.415441 0.0180664 0.0367647
0 0.917236 0.492188 0.0249023 0.0431985
1 0.09375 0.555607 0.0244141 0.0579044
1 0.882812 0.241268 0.0205078 0.046875
0 0.860107 0.0850184 0.0249023 0.046875
1 0.858643 0.0840993 0.0219727 0.046875
0 0.7854 0.273897 0.0249023 0.0441176
0 0.690918 0.386949 0.0273438 0.0533088
0 0.439941 0.88511 0.0244141 0.0459559
0 0.567139 0.596967 0.0288086 0.0523897
1 0.858643 0.255055 0.0200195 0.0413603
1 0.916992 0.982077 0.03125 0.0358456
0 0.789551 0.591452 0.0253906 0.0450368
0 0.810791 0.118566 0.0219727 0.0459559
1 0.917236 0.492188 0.027832 0.046875
1 0.790527 0.590533 0.0253906 0.046875
1 0.808838 0.299632 0.0249023 0.0404412
1 0.197998 0.959559 0.027832 0.0477941
1 0.810059 0.116728 0.0205078 0.0441176
1 0.69043 0.387868 0.0273438 0.0514706
1 0.44043 0.883732 0.0234375 0.046875
1 0.785156 0.272059 0.0234375 0.0477941
1 0.201172 0.0707721 0.0263672 0.0441176
0 0.82666 0.954963 0.0283203 0.0496324
1 0.932861 0.564798 0.0249023 0.046875
0 0.0217285 0.194393 0.0258789 0.0505515
0 0.0849609 0.238511 0.0302734 0.0523897
1 0.568115 0.599265 0.0258789 0.0459559
1 0.172119 0.0211397 0.0268555 0.0386029
1 0.0939941 0.0257353 0.0307617 0.0422794
0 0.872803 0.732537 0.0249023 0.0459559
1 0.836914 0.12546 0.0234375 0.0431985
1 0.195801 0.534926 0.0283203 0.0551471
0 0.102051 0.377757 0.0253906 0.0496324
0 0.197998 0.95818 0.027832 0.046875
1 0.835938 0.866268 0.0205078 0.0395221
1 0.258545 0.84421 0.0249023 0.0450368
1 0.989014 0.173254 0.0219727 0.0487132
1 0.828857 0.623621 0.0219727 0.046875
0 0.828857 0.622702 0.0249023 0.0487132
1 0.550781 0.897978 0.0263672 0.0422794
1 0.206787 0.314798 0.0258789 0.0487132
1 0.234863 0.340074 0.0263672 0.0459559
0 0.199951 0.0707721 0.0258789 0.0441176
0 0.206787 0.316636 0.0258789 0.0523897
1 0.825684 0.785386 0.0263672 0.0487132
1 0.825684 0.955882 0.0283203 0.0496324
1 0.873291 0.732537 0.0249023 0.0477941
0 0.0939941 0.539982 0.0258789 0.0450368
1 0.524658 0.269301 0.0229492 0.0404412
0 0.93042 0.871783 0.0268555 0.046875
1 0.863281 0.861673 0.0253906 0.046875
1 0.769531 0.924632 0.0273438 0.0514706
1 0.377441 0.539522 0.0214844 0.0386029
1 0.0952148 0.579044 0.0263672 0.0441176
1 0.515625 0.197151 0.0214844 0.0431985
1 0.527588 0.309743 0.0209961 0.0404412
1 0.568359 0.0886949 0.0244141 0.0450368
1 0.393066 0.54136 0.0205078 0.0367647
1 0.395508 0.226103 0.0234375 0.0441176
1 0.391357 0.871324 0.0229492 0.0477941
0 0.164307 0.770221 0.0288086 0.0514706
1 0.771484 0.743107 0.0234375 0.046875
1 0.981201 0.907629 0.0268555 0.0487132
1 0.880371 0.826287 0.0234375 0.0459559
1 0.414062 0.920496 0.0224609 0.0450368
1 0.541748 0.0569853 0.0258789 0.0459559
1 0.755859 0.789062 0.0244141 0.0450368
1 0.415283 0.457721 0.0258789 0.0459559
1 0.378662 0.368107 0.0249023 0.0431985
1 0.409424 0.340533 0.0239258 0.0431985
1 0.311768 0.245864 0.027832 0.0450368
