1 0.518799 0.201287 0.0200195 0.0349265
1 0.882812 0.241728 0.0205078 0.0459559
1 0.92041 0.97886 0.03125 0.0422794
0 0.805664 0.304688 0.0214844 0.0450368
0 0.990967 0.415441 0.0180664 0.0367647
1 0.3125 0.892004 0.0273438 0.0505515
1 0.811035 0.116728 0.0205078 0.0459559
0 0.916992 0.493107 0.0234375 0.0431985
1 0.163574 0.771599 0.0292969 0.0560662
1 0.858643 0.254596 0.0200195 0.0404412
0 0.859375 0.0845588 0.0205078 0.0459559
1 0.690186 0.388327 0.0297852 0.0597426
0 0.171875 0.0220588 0.0273438 0.0404412
1 0.0942383 0.0266544 0.0322266 0.0477941
0 0.92041 0.980239 0.03125 0.0395221
1 0.19751 0.0634191 0.0249023 0.0459559
0 0.19751 0.0634191 0.0249023 0.0459559
1 0.917236 0.492188 0.027832 0.046875
0 0.824951 0.779412 0.0268555 0.0459559
0 0.567627 0.596507 0.0297852 0.0533088
0 0.439453 0.884651 0.0244141 0.0487132
1 0.828857 0.623621 0.0219727 0.046875
0 0.566895 0.0845588 0.0224609 0.0422794
0 0.232422 0.340533 0.0244141 0.0505515
0 0.19873 0.95864 0.03125 0.0533088
0 0.810791 0.118107 0.0219727 0.046875
0 0.771484 0.925092 0.0263672 0.0505515
1 0.83667 0.12454 0.0219727 0.0431985
0 0.793457 0.592371 0.0273438 0.046875
1 0.543457 0.0579044 0.0244141 0.0441176
0 0.784668 0.272059 0.0224609 0.0477941
1 0.566895 0.0836397 0.0234375 0.0422794
1 0.806152 0.30193 0.0224609 0.0450368
0 0.933594 0.880515 0.0234375 0.0441176
1 0.989014 0.173254 0.0219727 0.0487132
1 0.568359 0.598346 0.0273438 0.0477941
1 0.770996 0.925092 0.0263672 0.0505515
1 0.824219 0.779412 0.0253906 0.0477941
1 0.546143 0.904412 0.0268555 0.0459559
0 0.689941 0.387868 0.0283203 0.0588235
1 0.258789 0.845588 0.0253906 0.0477941
0 0.0852051 0.238511 0.0307617 0.0542279
0 0.0224609 0.193474 0.0273438 0.0523897
1 0.171387 0.0215993 0.0273438 0.0395221
1 0.524658 0.269301 0.0219727 0.0404412
1 0.935303 0.565257 0.0249023 0.0459559
1 0.872803 0.73943 0.0249023 0.0487132
0 0.756592 0.790901 0.0239258 0.0413603
1 0.865723 0.859835 0.0234375 0.046875
0 0.871826 0.743107 0.0249023 0.0450368
0 0.769531 0.757353 0.0253906 0.0404412
1 0.880371 0.826287 0.0234375 0.0459559
0 0.164551 0.770221 0.0302734 0.0514706
0 0.208252 0.317096 0.0268555 0.0514706
1 0.19873 0.95864 0.0283203 0.0496324
1 0.528076 0.309743 0.0209961 0.0404412
0 0.103271 0.380515 0.0268555 0.0514706
0 0.828857 0.622702 0.0249023 0.0487132
0 0.826416 0.954044 0.0297852 0.0514706
1 0.393799 0.232077 0.0239258 0.0431985
1 0.410889 0.913143 0.0219727 0.0431985
1 0.391357 0.871783 0.0229492 0.0487132
1 0.978271 0.900276 0.0249023 0.0487132
1 0.415283 0.457721 0.0258789 0.0477941
1 0.310791 0.245404 0.027832 0.0459559
1 0.378906 0.368107 0.0253906 0.0450368
1 0.40918 0.340074 0.0244141 0.0441176
1 0.191162 0.540441 0.0297852 0.0551471
