0 0.205078 0.317555 0.0273438 0.0542279
1 0.873291 0.727941 0.0249023 0.0459559
0 0.0964355 0.588235 0.0288086 0.0496324
1 0.770996 0.737592 0.0205078 0.0431985
1 0.91626 0.982077 0.0297852 0.0358456
0 0.102051 0.374081 0.0253906 0.0459559
1 0.197998 0.959099 0.027832 0.046875
0 0.828857 0.622243 0.0249023 0.0496324
0 0.82666 0.954963 0.0283203 0.0496324
0 0.873535 0.72932 0.0234375 0.0450368
1 0.835938 0.865349 0.0205078 0.0395221
1 0.172607 0.0211397 0.027832 0.0404412
1 0.882812 0.241728 0.0214844 0.0459559
0 0.0209961 0.194853 0.0244141 0.0533088
1 0.929688 0.870404 0.0253906 0.0441176
0 0.929688 0.869945 0.0253906 0.046875
1 0.932861 0.56296 0.0268555 0.0431985
0 0.0852051 0.238511 0.0307617 0.0542279
1 0.203857 0.0735294 0.0258789 0.0441176
1 0.917236 0.492647 0.0297852 0.0477941
1 0.258545 0.84421 0.0249023 0.0450368
1 0.789551 0.590993 0.0244141 0.0441176
1 0.440186 0.884651 0.0239258 0.046875
0 0.197754 0.957261 0.0283203 0.0450368
1 0.836914 0.12454 0.0234375 0.0450368
1 0.858643 0.254136 0.0219727 0.0413603
1 0.0932617 0.027114 0.0322266 0.0450368
0 0.0957031 0.534926 0.0283203 0.0514706
1 0.858643 0.0836397 0.0219727 0.0477941
1 0.825684 0.955882 0.0283203 0.0496324
1 0.98877 0.173713 0.0224609 0.0496324
1 0.828857 0.622702 0.0219727 0.046875
1 0.810547 0.117188 0.0214844 0.0450368
1 0.809082 0.300092 0.0253906 0.0431985
1 0.0952148 0.585938 0.0283203 0.0487132
1 0.690674 0.387408 0.0268555 0.0487132
1 0.861816 0.862592 0.0234375 0.0487132
1 0.786133 0.27114 0.0234375 0.0477941
1 0.552002 0.89568 0.0258789 0.0431985
1 0.567627 0.600184 0.0258789 0.0459559
0 0.203613 0.0712316 0.0253906 0.046875
1 0.826416 0.787224 0.0249023 0.0487132
1 0.23584 0.340993 0.0263672 0.0459559
1 0.880615 0.826746 0.0249023 0.046875
1 0.514648 0.193015 0.0234375 0.0459559
1 0.206299 0.314798 0.0249023 0.046875
1 0.524414 0.269301 0.0234375 0.0404412
1 0.196533 0.53171 0.0268555 0.0505515
1 0.766846 0.924173 0.0258789 0.0523897
1 0.537842 0.0569853 0.0268555 0.0422794
1 0.391602 0.871783 0.0224609 0.0487132
1 0.528076 0.309743 0.0219727 0.0404412
1 0.568848 0.0932904 0.0224609 0.0431985
1 0.755859 0.788603 0.0244141 0.0441176
1 0.981934 0.910846 0.0283203 0.0514706
1 0.415283 0.925551 0.0239258 0.0459559
0 0.164551 0.77068 0.0292969 0.0523897
1 0.39624 0.223346 0.0229492 0.0459559
1 0.397217 0.538603 0.0209961 0.0404412
1 0.415283 0.457721 0.0249023 0.0441176
1 0.374756 0.539982 0.0239258 0.0431985
1 0.378662 0.368107 0.0249023 0.0431985
1 0.409668 0.340533 0.0244141 0.0431985
1 0.311523 0.245864 0.0273438 0.0431985
