0 0.525391 0.210018 0.0224609 0.0450368
1 0.30957 0.238511 0.0292969 0.0579044
1 0.308838 0.900735 0.027832 0.0496324
0 0.101807 0.0229779 0.034668 0.0459559
1 0.950195 0.556985 0.03125 0.0477941
0 0.189697 0.54182 0.034668 0.0707721
1 0.101807 0.0243566 0.0336914 0.0487132
0 0.799561 0.594669 0.027832 0.0514706
1 0.56958 0.596048 0.0288086 0.0505515
1 0.835938 0.764706 0.0253906 0.0477941
0 0.56958 0.597886 0.0317383 0.0542279
0 0.922607 0.977022 0.027832 0.0441176
1 0.38501 0.257812 0.0288086 0.0487132
1 0.923584 0.975643 0.0297852 0.0431985
1 0.790039 0.925092 0.0244141 0.0487132
0 0.872559 0.746324 0.0263672 0.0477941
1 0.828857 0.62454 0.0219727 0.0487132
1 0.959229 0.869026 0.0249023 0.0413603
1 0.988281 0.172335 0.0234375 0.0505515
0 0.93457 0.882353 0.0234375 0.0386029
1 0.801025 0.594669 0.0258789 0.0496324
0 0.828857 0.623621 0.0249023 0.0487132
0 0.258789 0.847426 0.0283203 0.0514706
1 0.203125 0.95818 0.03125 0.0542279
0 0.164795 0.772518 0.027832 0.0542279
0 0.202393 0.95818 0.0288086 0.0505515
0 0.0849609 0.238051 0.0361328 0.0588235
0 0.310059 0.23943 0.0302734 0.0579044
1 0.91626 0.495404 0.0249023 0.0459559
1 0.377197 0.367647 0.0219727 0.0422794
1 0.415771 0.454504 0.0249023 0.0487132
1 0.872559 0.745404 0.0263672 0.0459559
0 0.438965 0.881434 0.0341797 0.0569853
1 0.391846 0.344669 0.0229492 0.0422794
0 0.108887 0.388787 0.0292969 0.0606618
0 0.0219727 0.193474 0.0332031 0.0670956
1 0.689941 0.389706 0.0302734 0.0661765
1 0.825684 0.953585 0.0283203 0.0487132
1 0.189209 0.54136 0.034668 0.0661765
