0 0.82666 0.954504 0.0263672 0.0523897
1 0.309082 0.900735 0.0273438 0.0496324
0 0.101807 0.0229779 0.034668 0.0459559
0 0.189453 0.54182 0.0351562 0.0726103
0 0.525391 0.209559 0.0224609 0.0459559
1 0.109619 0.387408 0.0297852 0.0634191
1 0.950195 0.556985 0.03125 0.0477941
0 0.819336 0.126838 0.0234375 0.0441176
1 0.102051 0.0238971 0.0332031 0.0477941
0 0.569336 0.597886 0.03125 0.0542279
0 0.922607 0.976562 0.027832 0.0431985
1 0.439209 0.880974 0.0297852 0.0579044
1 0.310303 0.238971 0.0307617 0.0551471
0 0.799316 0.595129 0.0283203 0.0523897
1 0.835938 0.764706 0.0253906 0.0477941
1 0.56958 0.596048 0.027832 0.0505515
0 0.872559 0.745864 0.0263672 0.0487132
1 0.923584 0.975643 0.0297852 0.0431985
1 0.790527 0.925092 0.0253906 0.0487132
1 0.38501 0.257353 0.0288086 0.0496324
0 0.309326 0.238511 0.0307617 0.0560662
1 0.828857 0.62454 0.0219727 0.0487132
0 0.828857 0.623621 0.0249023 0.0487132
0 0.439209 0.881434 0.0336914 0.0569853
1 0.959229 0.869026 0.0249023 0.0413603
0 0.93457 0.882353 0.0234375 0.0404412
1 0.801025 0.594669 0.0258789 0.0496324
1 0.988281 0.171875 0.0234375 0.0514706
0 0.202393 0.957261 0.0288086 0.0505515
0 0.259033 0.847426 0.027832 0.0514706
1 0.203369 0.95818 0.0307617 0.0542279
1 0.872559 0.744485 0.0263672 0.0459559
0 0.164551 0.772518 0.0283203 0.0560662
1 0.416016 0.454504 0.0253906 0.0487132
0 0.0849609 0.238051 0.0361328 0.0588235
1 0.91626 0.495864 0.0249023 0.046875
1 0.377197 0.367647 0.0219727 0.0422794
0 0.108887 0.388327 0.0302734 0.0615809
1 0.39209 0.34375 0.0224609 0.0422794
0 0.0222168 0.193015 0.0336914 0.0680147
1 0.689941 0.389706 0.0302734 0.0643382
1 0.825684 0.953585 0.0283203 0.0487132
1 0.189209 0.54136 0.034668 0.0680147
