0 0.100098 0.0229779 0.0351562 0.0459559
1 0.100342 0.0238971 0.034668 0.0477941
0 0.79834 0.595588 0.0283203 0.0477941
0 0.567871 0.596507 0.0302734 0.0551471
0 0.310791 0.897978 0.0297852 0.0533088
1 0.858643 0.0845588 0.0219727 0.0459559
1 0.934326 0.880515 0.0249023 0.0441176
0 0.5354 0.915901 0.0297852 0.0487132
0 0.189453 0.54182 0.0332031 0.0670956
1 0.523438 0.209099 0.0175781 0.0413603
0 0.310791 0.241728 0.0297852 0.0514706
1 0.921875 0.977482 0.0332031 0.0450368
0 0.921875 0.977022 0.03125 0.0422794
1 0.201904 0.95818 0.0307617 0.0542279
0 0.439453 0.881893 0.0263672 0.0487132
1 0.799316 0.594669 0.0263672 0.0477941
1 0.568848 0.597886 0.0283203 0.0487132
0 0.828857 0.623621 0.0249023 0.0487132
0 0.828857 0.772059 0.0297852 0.0551471
1 0.943604 0.563419 0.0297852 0.0496324
0 0.201416 0.95818 0.027832 0.0487132
1 0.811035 0.119485 0.0234375 0.0477941
1 0.917236 0.493566 0.0249023 0.0496324
1 0.828857 0.625 0.0219727 0.0477941
1 0.398682 0.335478 0.0258789 0.0422794
1 0.529053 0.308824 0.0209961 0.0404412
0 0.781738 0.921875 0.0322266 0.0496324
0 0.872559 0.746324 0.0283203 0.0477941
1 0.825928 0.954963 0.0297852 0.0514706
1 0.989014 0.172335 0.0219727 0.0487132
1 0.835938 0.124081 0.0234375 0.0459559
0 0.934326 0.883272 0.0249023 0.0422794
1 0.311035 0.242647 0.0302734 0.0514706
1 0.415039 0.455423 0.0234375 0.0431985
1 0.5271 0.27068 0.0209961 0.0395221
0 0.0852051 0.238971 0.0336914 0.0606618
0 0.165283 0.773897 0.0268555 0.0514706
0 0.258789 0.846967 0.0263672 0.0505515
0 0.108398 0.388787 0.0292969 0.0606618
0 0.0219727 0.192555 0.0332031 0.0652574
1 0.96875 0.879136 0.0253906 0.0487132
0 0.826416 0.954504 0.0297852 0.0523897
1 0.377686 0.367647 0.0249023 0.0441176
1 0.388184 0.25046 0.0263672 0.0487132
1 0.189453 0.54182 0.0341797 0.0652574
1 0.689941 0.390165 0.03125 0.0652574
