0 0.101562 0.0229779 0.0351562 0.0459559
1 0.309082 0.900735 0.0273438 0.0496324
0 0.858643 0.0836397 0.0219727 0.0459559
0 0.189697 0.54182 0.034668 0.0707721
1 0.950195 0.557445 0.03125 0.046875
0 0.799805 0.595129 0.0273438 0.0523897
0 0.922607 0.977022 0.027832 0.0441176
1 0.102051 0.0238971 0.0341797 0.0477941
0 0.872559 0.746324 0.0263672 0.0477941
0 0.56958 0.596967 0.0288086 0.0542279
1 0.310303 0.23989 0.0307617 0.0551471
1 0.56958 0.596048 0.0288086 0.0523897
0 0.819336 0.126838 0.0234375 0.0459559
1 0.835205 0.764706 0.0249023 0.0477941
0 0.828857 0.623162 0.0249023 0.0496324
1 0.923584 0.975643 0.0297852 0.0431985
1 0.789551 0.925092 0.0253906 0.0487132
0 0.93457 0.882353 0.0234375 0.0386029
1 0.38501 0.256893 0.0288086 0.0487132
1 0.828857 0.624081 0.0219727 0.0477941
0 0.309814 0.23943 0.0307617 0.0560662
0 0.258789 0.846967 0.0283203 0.0505515
0 0.202393 0.95818 0.027832 0.0505515
1 0.203125 0.95818 0.0302734 0.0542279
1 0.801025 0.594669 0.0258789 0.0496324
1 0.988281 0.172335 0.0234375 0.0505515
0 0.439453 0.881434 0.0332031 0.0569853
1 0.960205 0.869945 0.0249023 0.0413603
1 0.416016 0.454504 0.0253906 0.0487132
0 0.164795 0.772518 0.0288086 0.0560662
1 0.376953 0.367647 0.0214844 0.0422794
1 0.91626 0.495864 0.0249023 0.046875
0 0.0852051 0.23943 0.034668 0.0615809
1 0.872559 0.745864 0.0283203 0.046875
0 0.109131 0.388327 0.0297852 0.0615809
1 0.39209 0.34375 0.0224609 0.0422794
0 0.0219727 0.193015 0.0332031 0.0661765
1 0.689697 0.389706 0.0297852 0.0661765
1 0.825684 0.953585 0.0283203 0.0487132
1 0.189209 0.54182 0.034668 0.0670956
