1 0.858643 0.0845588 0.0219727 0.0459559
0 0.189697 0.54136 0.034668 0.0698529
1 0.52417 0.209559 0.0180664 0.0422794
0 0.533691 0.919118 0.0302734 0.0477941
0 0.101318 0.0229779 0.034668 0.0459559
1 0.785645 0.926011 0.0263672 0.0487132
0 0.568359 0.597426 0.0302734 0.0551471
0 0.963379 0.867188 0.0283203 0.0487132
1 0.810791 0.119945 0.0219727 0.046875
0 0.923584 0.976562 0.0297852 0.046875
1 0.101807 0.0238971 0.0336914 0.0477941
1 0.109375 0.386949 0.0292969 0.0643382
1 0.963379 0.872702 0.0234375 0.0450368
0 0.810791 0.118107 0.0239258 0.0487132
0 0.799561 0.595129 0.027832 0.0487132
0 0.826416 0.953585 0.0297852 0.0523897
0 0.832031 0.769761 0.0292969 0.0560662
1 0.835938 0.125 0.0214844 0.0441176
1 0.922607 0.976562 0.0297852 0.0431985
1 0.832031 0.77068 0.0292969 0.0560662
1 0.569092 0.596507 0.027832 0.0496324
1 0.872559 0.745864 0.0283203 0.046875
0 0.829102 0.623162 0.0234375 0.0477941
0 0.309814 0.240349 0.0307617 0.0542279
1 0.310547 0.240349 0.03125 0.0542279
1 0.202881 0.957261 0.0307617 0.0523897
1 0.528076 0.273897 0.0209961 0.0386029
1 0.946045 0.559743 0.0297852 0.0477941
0 0.872559 0.746324 0.0283203 0.0477941
1 0.800049 0.59421 0.0268555 0.0487132
0 0.439209 0.882353 0.0336914 0.0569853
1 0.529297 0.306526 0.0224609 0.0450368
0 0.202148 0.957261 0.0283203 0.0487132
1 0.828857 0.624081 0.0219727 0.0459559
0 0.165039 0.772518 0.0283203 0.0542279
1 0.91626 0.495864 0.0249023 0.046875
0 0.259033 0.846967 0.027832 0.0505515
1 0.385986 0.255515 0.0258789 0.0477941
1 0.988281 0.172335 0.0234375 0.0505515
0 0.0849609 0.238051 0.0361328 0.0588235
0 0.934326 0.882812 0.0249023 0.0413603
1 0.415527 0.454963 0.0244141 0.0459559
0 0.108887 0.389706 0.0292969 0.0625
1 0.377441 0.366728 0.0234375 0.0422794
0 0.0222168 0.193015 0.0336914 0.0680147
1 0.689941 0.389706 0.0302734 0.0625
1 0.39502 0.340533 0.0244141 0.0431985
1 0.825928 0.954504 0.0297852 0.0505515
1 0.189209 0.54136 0.034668 0.0661765
