0 0.916992 0.492647 0.0234375 0.0422794
1 0.882812 0.242188 0.0205078 0.046875
0 0.824951 0.783088 0.027832 0.0477941
1 0.103516 0.379136 0.0302734 0.0579044
0 0.859375 0.0845588 0.0205078 0.0459559
0 0.234375 0.340533 0.0273438 0.0542279
0 0.919434 0.980699 0.03125 0.0386029
1 0.858643 0.251838 0.0219727 0.0404412
1 0.835938 0.866728 0.0205078 0.0367647
0 0.567139 0.596507 0.0288086 0.0533088
1 0.548096 0.898438 0.0268555 0.0450368
0 0.198975 0.0675551 0.0258789 0.046875
0 0.7854 0.273897 0.0249023 0.0441176
1 0.810059 0.116728 0.0205078 0.0441176
1 0.917236 0.492188 0.027832 0.046875
1 0.824951 0.78171 0.027832 0.0505515
1 0.770508 0.751838 0.0234375 0.0459559
0 0.810791 0.118107 0.0219727 0.0450368
1 0.786133 0.27114 0.0234375 0.0459559
1 0.20752 0.314798 0.0263672 0.0505515
1 0.792236 0.589154 0.0249023 0.0459559
1 0.0935059 0.0275735 0.0327148 0.0477941
1 0.234619 0.340074 0.0268555 0.0477941
0 0.198242 0.95864 0.03125 0.0533088
0 0.79248 0.590993 0.0263672 0.0459559
1 0.807617 0.300092 0.0224609 0.0413603
1 0.836914 0.125 0.0234375 0.0422794
1 0.690186 0.386489 0.027832 0.0560662
0 0.690186 0.387868 0.027832 0.0569853
1 0.828857 0.623621 0.0219727 0.046875
0 0.0222168 0.193934 0.0268555 0.0514706
0 0.75708 0.79136 0.0239258 0.0441176
1 0.439941 0.883732 0.0244141 0.0487132
1 0.199707 0.0675551 0.0263672 0.046875
1 0.933594 0.565717 0.0234375 0.046875
1 0.989014 0.172794 0.0219727 0.0496324
0 0.0852051 0.238511 0.0307617 0.0542279
0 0.769775 0.751838 0.0249023 0.0441176
1 0.568359 0.598346 0.0263672 0.0459559
1 0.756348 0.789522 0.0244141 0.0441176
0 0.932129 0.877298 0.0263672 0.046875
1 0.872559 0.736673 0.0263672 0.0487132
1 0.19458 0.538143 0.0307617 0.0579044
1 0.171631 0.0211397 0.0268555 0.0404412
1 0.258545 0.845129 0.0258789 0.046875
0 0.102539 0.379136 0.0273438 0.0505515
0 0.20752 0.316176 0.0263672 0.0533088
0 0.828857 0.622702 0.0249023 0.0487132
0 0.872803 0.738511 0.0249023 0.046875
1 0.517578 0.198989 0.0214844 0.0395221
1 0.198486 0.95864 0.0288086 0.0496324
1 0.52417 0.268842 0.0219727 0.0413603
0 0.82666 0.954504 0.0283203 0.0505515
1 0.394287 0.22932 0.0249023 0.0431985
1 0.543457 0.0574449 0.0244141 0.0450368
1 0.527588 0.310202 0.0209961 0.0413603
1 0.864014 0.860754 0.0249023 0.046875
1 0.979736 0.903493 0.027832 0.0514706
1 0.880371 0.827206 0.0234375 0.0459559
0 0.164307 0.770221 0.0297852 0.0514706
1 0.770508 0.925551 0.0273438 0.0514706
1 0.567139 0.0854779 0.0239258 0.0441176
1 0.391113 0.871324 0.0234375 0.0496324
1 0.411621 0.91636 0.0234375 0.0441176
1 0.415283 0.457721 0.0258789 0.0477941
1 0.311768 0.245864 0.027832 0.0450368
1 0.378662 0.368566 0.0249023 0.0441176
1 0.409424 0.340074 0.0239258 0.0441176
