0 0.825928 0.953585 0.0297852 0.0487132
0 0.102051 0.373162 0.0244141 0.0441176
0 0.873291 0.728401 0.0249023 0.0450368
0 0.91626 0.981158 0.0297852 0.0376838
0 0.0964355 0.588235 0.0288086 0.0514706
0 0.205811 0.316636 0.0258789 0.0523897
1 0.875 0.728401 0.0253906 0.0431985
1 0.204102 0.0744485 0.0263672 0.0459559
1 0.172607 0.0206801 0.0288086 0.0413603
1 0.835938 0.865349 0.0205078 0.0395221
0 0.929688 0.869026 0.0253906 0.046875
1 0.258545 0.84375 0.0249023 0.0441176
1 0.882812 0.242188 0.0214844 0.046875
1 0.0930176 0.027114 0.0327148 0.0450368
1 0.932861 0.563419 0.0268555 0.0422794
1 0.0952148 0.586857 0.0283203 0.0487132
1 0.929688 0.869945 0.0253906 0.0450368
1 0.917236 0.492188 0.0297852 0.046875
0 0.0212402 0.194393 0.0258789 0.0505515
1 0.771484 0.735754 0.0214844 0.0450368
0 0.0854492 0.238511 0.03125 0.0542279
1 0.859375 0.254136 0.0214844 0.0413603
0 0.197754 0.956801 0.0283203 0.0459559
1 0.838379 0.12454 0.0234375 0.0487132
1 0.98877 0.173713 0.0224609 0.0496324
1 0.789551 0.592831 0.0253906 0.0441176
1 0.828857 0.623162 0.0219727 0.0477941
1 0.44043 0.884651 0.0234375 0.046875
0 0.0961914 0.533548 0.0283203 0.0505515
1 0.825928 0.955882 0.0297852 0.0496324
1 0.55249 0.894761 0.0258789 0.0431985
1 0.196777 0.532169 0.0263672 0.0496324
1 0.858398 0.0836397 0.0234375 0.0477941
1 0.809082 0.300551 0.0253906 0.0441176
1 0.810059 0.119945 0.0234375 0.0450368
1 0.69043 0.387408 0.0273438 0.0487132
1 0.86084 0.862592 0.0234375 0.0487132
0 0.203613 0.0726103 0.0253906 0.0477941
1 0.826416 0.788143 0.0249023 0.0487132
1 0.236084 0.340533 0.0268555 0.046875
1 0.786133 0.271599 0.0234375 0.0487132
1 0.567627 0.600184 0.0258789 0.0459559
1 0.880615 0.826746 0.0249023 0.046875
1 0.206055 0.315257 0.0253906 0.0477941
0 0.164551 0.77068 0.0292969 0.0523897
1 0.766846 0.923254 0.0258789 0.0542279
1 0.514404 0.193015 0.0239258 0.0459559
1 0.52417 0.268842 0.0229492 0.0413603
1 0.537109 0.0565257 0.0263672 0.0413603
1 0.391357 0.871783 0.0219727 0.0487132
1 0.98291 0.911765 0.0283203 0.0533088
1 0.528564 0.311121 0.0229492 0.0413603
1 0.396729 0.222886 0.0229492 0.0450368
1 0.755859 0.789062 0.0244141 0.0450368
1 0.569336 0.0942096 0.0234375 0.0450368
1 0.374268 0.539522 0.0239258 0.0441176
1 0.415527 0.926471 0.0244141 0.0459559
1 0.415283 0.457721 0.0249023 0.0441176
1 0.378662 0.368107 0.0249023 0.0431985
1 0.397705 0.539062 0.0219727 0.0413603
1 0.409668 0.340533 0.0244141 0.0431985
1 0.311523 0.246324 0.0273438 0.0441176
