1 0.170898 0.813879 0.0205078 0.0340074
1 0.0146484 0.97886 0.0292969 0.0422794
1 0.879883 0.825368 0.0234375 0.0441176
1 0.4104 0.539522 0.0258789 0.0422794
1 0.0151367 0.199449 0.0263672 0.0551471
1 0.0766602 0.243566 0.0292969 0.0477941
1 0.992188 0.759651 0.015625 0.0450368
0 0.314697 0.886949 0.0249023 0.0441176
1 0.68042 0.116268 0.0258789 0.0450368
0 0.778564 0.703585 0.0229492 0.0431985
0 0.877441 0.71921 0.0283203 0.0505515
1 0.750244 0.922335 0.0249023 0.0487132
0 0.163086 0.772059 0.0253906 0.0477941
0 0.0148926 0.980699 0.0288086 0.0386029
0 0.739502 0.172335 0.0229492 0.0505515
0 0.677979 0.0592831 0.0219727 0.0413603
1 0.730957 0.10432 0.0244141 0.046875
0 0.609375 0.0137868 0.0253906 0.0275735
0 0.588379 0.36443 0.0234375 0.0413603
1 0.534668 0.332261 0.0244141 0.0505515
1 0.588623 0.36443 0.0239258 0.0431985
0 0.824951 0.955882 0.0268555 0.0477941
1 0.824951 0.955882 0.027832 0.0477941
1 0.03125 0.411305 0.0244141 0.0431985
1 0.410156 0.340533 0.0273438 0.046875
1 0.414795 0.459559 0.0268555 0.0441176
1 0.85376 0.256434 0.0249023 0.0422794
0 0.440674 0.884191 0.0297852 0.0514706
0 0.834473 0.862592 0.0205078 0.0395221
0 0.731201 0.106618 0.0249023 0.0441176
1 0.163818 0.77114 0.0258789 0.0459559
0 0.090332 0.0340074 0.0341797 0.0514706
1 0.380859 0.786765 0.0234375 0.0459559
1 0.877441 0.71875 0.0263672 0.0459559
1 0.259521 0.846507 0.027832 0.0459559
1 0.928223 0.564338 0.0263672 0.0441176
0 0.0197754 0.445312 0.0249023 0.0450368
0 0.522217 0.0689338 0.0239258 0.0459559
1 0.571289 0.105699 0.0273438 0.0514706
1 0.371826 0.539522 0.0258789 0.0477941
1 0.521973 0.0693934 0.0244141 0.0450368
0 0.750244 0.921415 0.0249023 0.0505515
0 0.196777 0.53171 0.0234375 0.0431985
1 0.651855 0.397518 0.0224609 0.0431985
0 0.828857 0.622243 0.0249023 0.0496324
0 0.80957 0.436581 0.0234375 0.0386029
0 0.268066 0.985294 0.0273438 0.0294118
1 0.739746 0.173713 0.0244141 0.0496324
1 0.828857 0.622702 0.0219727 0.046875
0 0.391602 0.659007 0.0234375 0.0441176
0 0.37207 0.693934 0.0234375 0.0422794
1 0.440186 0.88557 0.0288086 0.046875
1 0.925049 0.851562 0.0249023 0.0431985
0 0.146484 0.585478 0.0205078 0.0422794
1 0.132324 0.611213 0.0224609 0.0422794
0 0.187988 0.477022 0.0253906 0.0459559
1 0.146729 0.585018 0.0209961 0.0450368
0 0.40625 0.203125 0.0253906 0.0496324
1 0.0197754 0.445772 0.0229492 0.0459559
1 0.914795 0.497243 0.027832 0.0477941
1 0.471436 0.672335 0.0239258 0.046875
1 0.212402 0.0795037 0.0263672 0.0523897
0 0.25708 0.844669 0.0258789 0.0422794
1 0.678711 0.0602022 0.0234375 0.0413603
1 0.095459 0.354779 0.0268555 0.0477941
0 0.410156 0.339614 0.0253906 0.0450368
0 0.196777 0.932904 0.0244141 0.0422794
1 0.571533 0.390625 0.0229492 0.0404412
0 0.237793 0.710938 0.0253906 0.0413603
0 0.471436 0.671415 0.0239258 0.046875
0 0.0769043 0.243107 0.0317383 0.0505515
1 0.314453 0.142463 0.0263672 0.0459559
1 0.838379 0.125 0.0234375 0.0441176
1 0.377686 0.369026 0.0249023 0.0450368
0 0.500977 0.673254 0.0234375 0.0523897
0 0.880371 0.823989 0.0234375 0.0487132
0 0.156738 0.494485 0.0244141 0.0459559
1 0.5 0.673713 0.0253906 0.0514706
1 0.103516 0.524357 0.0253906 0.046875
1 0.148193 0.233915 0.0268555 0.0431985
1 0.184326 0.837316 0.0229492 0.0441176
0 0.755615 0.788603 0.0249023 0.0441176
1 0.667969 0.393382 0.0214844 0.0422794
0 0.784912 0.594669 0.0288086 0.0441176
1 0.125732 0.824908 0.0258789 0.0505515
1 0.599121 0.230699 0.0205078 0.0386029
1 0.0913086 0.0321691 0.0332031 0.0533088
1 0.858643 0.0827206 0.0200195 0.0422794
1 0.881348 0.0845588 0.0205078 0.0404412
1 0.171875 0.0183824 0.0302734 0.0367647
0 0.827148 0.8125 0.0234375 0.0477941
0 0.0158691 0.199449 0.0258789 0.0551471
0 0.300537 0.66636 0.0239258 0.0459559
1 0.0935059 0.815257 0.027832 0.0514706
0 0.559326 0.881434 0.0268555 0.0459559
1 0.202393 0.850643 0.0229492 0.0413603
1 0.804932 0.175551 0.0229492 0.0422794
0 0.857178 0.865349 0.0249023 0.0450368
1 0.610107 0.247243 0.0200195 0.0404412
1 0.0927734 0.601562 0.0244141 0.046875
0 0.321289 0.640165 0.0234375 0.0413603
0 0.56543 0.604779 0.0273438 0.0459559
1 0.526123 0.269301 0.0258789 0.0477941
1 0.335938 0.185662 0.0253906 0.0459559
1 0.80835 0.117647 0.0219727 0.0422794
1 0.391602 0.875 0.0234375 0.0496324
1 0.596924 0.297335 0.0229492 0.0431985
1 0.151611 0.293658 0.027832 0.0431985
1 0.226562 0.773438 0.0253906 0.0450368
1 0.691406 0.38511 0.0253906 0.0459559
1 0.582031 0.246783 0.0234375 0.0413603
1 0.811523 0.301471 0.0253906 0.0422794
1 0.896973 0.106618 0.0234375 0.0441176
1 0.989014 0.175092 0.0219727 0.0487132
1 0.238281 0.346048 0.0283203 0.0523897
1 0.805664 0.210478 0.0244141 0.0422794
1 0.503906 0.176011 0.0253906 0.0487132
1 0.205322 0.313879 0.0249023 0.0487132
1 0.784912 0.27114 0.0249023 0.0459559
1 0.314453 0.247243 0.0263672 0.0459559
1 0.983643 0.920496 0.027832 0.0542279
1 0.419434 0.94761 0.0263672 0.0496324
