1 0.806396 0.988051 0.0297852 0.0238971
1 0.402344 0.349265 0.0400391 0.0477941
1 0.387939 0.700827 0.019043 0.0358456
1 0.138428 0.602022 0.0239258 0.0496324
1 0.169922 0.800092 0.0214844 0.0450368
1 0.731934 0.11489 0.0224609 0.0459559
0 0.404785 0.207261 0.0263672 0.0523897
1 0.558838 0.880974 0.0288086 0.0487132
1 0.588379 0.36489 0.0244141 0.0422794
0 0.654297 0.011489 0.0273438 0.0229779
0 0.376709 0.691636 0.0229492 0.0450368
1 0.408691 0.538603 0.0224609 0.0404412
1 0.665283 0.39568 0.0200195 0.0395221
1 0.681641 0.104779 0.0234375 0.0404412
1 0.6521 0.398438 0.0209961 0.0395221
0 0.572266 0.391085 0.0195312 0.0358456
0 0.680664 0.108456 0.0234375 0.0404412
0 0.911865 0.983915 0.0297852 0.0321691
0 0.834473 0.862592 0.0185547 0.0395221
1 0.740234 0.167739 0.0253906 0.0450368
1 0.404785 0.207261 0.0244141 0.0487132
1 0.856201 0.252298 0.0249023 0.0431985
1 0.318359 0.647059 0.0234375 0.0422794
1 0.37793 0.691176 0.0234375 0.0441176
1 0.879883 0.824908 0.0234375 0.0450368
0 0.318115 0.645221 0.0219727 0.0404412
1 0.474854 0.669577 0.0209961 0.0413603
0 0.776855 0.709559 0.0234375 0.0441176
0 0.678467 0.0597426 0.0219727 0.0422794
0 0.44043 0.884651 0.0273438 0.0450368
0 0.731934 0.11489 0.0234375 0.0459559
0 0.877441 0.720588 0.0263672 0.0477941
1 0.301514 0.667279 0.0219727 0.0441176
1 0.825928 0.955882 0.0297852 0.0477941
0 0.857178 0.86443 0.0249023 0.046875
0 0.828125 0.621783 0.0253906 0.0505515
0 0.825684 0.955423 0.0283203 0.0487132
1 0.439453 0.88511 0.0273438 0.0459559
0 0.880371 0.824908 0.0234375 0.0487132
0 0.587891 0.36443 0.0234375 0.0376838
0 0.753418 0.922794 0.0283203 0.0477941
1 0.829102 0.622702 0.0234375 0.046875
1 0.390137 0.660846 0.0234375 0.0422794
1 0.25708 0.84375 0.0249023 0.0441176
1 0.806152 0.183364 0.0234375 0.0413603
1 0.573975 0.390625 0.0209961 0.0367647
1 0.916504 0.494485 0.0283203 0.0477941
1 0.410156 0.340074 0.0263672 0.0459559
1 0.678711 0.0602022 0.0234375 0.0413603
1 0.534912 0.330882 0.0258789 0.0496324
0 0.55835 0.883272 0.0258789 0.0459559
1 0.414795 0.457261 0.0258789 0.0431985
1 0.381104 0.786765 0.0219727 0.0404412
0 0.786133 0.59421 0.0292969 0.046875
1 0.237061 0.713235 0.0239258 0.0441176
1 0.572021 0.102482 0.0258789 0.046875
1 0.371338 0.539982 0.0258789 0.046875
0 0.826416 0.807445 0.0249023 0.0523897
1 0.495361 0.672794 0.0229492 0.0441176
1 0.196289 0.941176 0.0273438 0.0477941
1 0.0180664 0.196232 0.0253906 0.0505515
1 0.522705 0.0689338 0.0239258 0.0459559
1 0.838379 0.125 0.0234375 0.0441176
1 0.929688 0.564338 0.0263672 0.0441176
1 0.88208 0.0863971 0.0219727 0.0422794
1 0.925781 0.85432 0.0263672 0.046875
0 0.755615 0.788603 0.0249023 0.0441176
1 0.0776367 0.23943 0.0263672 0.0487132
1 0.0905762 0.0326287 0.0327148 0.0487132
0 0.565918 0.602482 0.0263672 0.046875
1 0.858643 0.0836397 0.0200195 0.0441176
1 0.391357 0.874081 0.0229492 0.0496324
1 0.752686 0.923713 0.0268555 0.0514706
1 0.31543 0.152574 0.0244141 0.0441176
1 0.0146484 0.982077 0.0253906 0.0358456
1 0.525391 0.268382 0.0253906 0.0477941
1 0.210938 0.0790441 0.0253906 0.0514706
1 0.811768 0.301471 0.0249023 0.0422794
1 0.691162 0.38557 0.0258789 0.046875
1 0.172119 0.0188419 0.0288086 0.0376838
1 0.0932617 0.601103 0.0214844 0.0422794
1 0.808594 0.118566 0.0214844 0.0441176
1 0.596191 0.295496 0.0234375 0.0450368
1 0.988281 0.175092 0.0214844 0.0505515
1 0.0964355 0.357996 0.0249023 0.0450368
1 0.102295 0.523438 0.0239258 0.046875
1 0.37793 0.368566 0.0244141 0.0441176
1 0.197021 0.530331 0.0229492 0.0422794
1 0.897461 0.107077 0.0234375 0.0450368
1 0.146484 0.585938 0.0195312 0.0431985
1 0.785645 0.272059 0.0244141 0.0459559
1 0.505859 0.177849 0.0253906 0.046875
1 0.419678 0.944853 0.0258789 0.0477941
1 0.805664 0.210018 0.0234375 0.0413603
1 0.1875 0.481618 0.0244141 0.0459559
1 0.335205 0.183824 0.0249023 0.0441176
1 0.0310059 0.409926 0.0229492 0.0404412
1 0.58252 0.245404 0.0244141 0.0441176
1 0.148193 0.234375 0.0258789 0.0441176
1 0.132568 0.609835 0.0209961 0.0413603
1 0.158203 0.491268 0.0224609 0.0413603
1 0.0229492 0.440717 0.0224609 0.0431985
1 0.23877 0.346048 0.0273438 0.0505515
1 0.163818 0.770221 0.0258789 0.0441176
1 0.1521 0.285846 0.0249023 0.0422794
1 0.0944824 0.815257 0.027832 0.0496324
1 0.123047 0.821691 0.0253906 0.0441176
1 0.98291 0.919118 0.0283203 0.0551471
1 0.228271 0.768382 0.0249023 0.0441176
1 0.205322 0.313879 0.0239258 0.046875
1 0.313721 0.247243 0.0249023 0.0441176
