1 0.0986328 0.566176 0.0253906 0.0753676
1 0.883545 0.101103 0.0200195 0.0404412
0 0.0158691 0.980239 0.0307617 0.0395221
1 0.804932 0.988051 0.0307617 0.0238971
1 0.136475 0.599724 0.0229492 0.0450368
1 0.876709 0.721967 0.0297852 0.0487132
0 0.914795 0.980699 0.027832 0.03125
0 0.566406 0.597886 0.0292969 0.0523897
1 0.83667 0.865349 0.0219727 0.0395221
1 0.531738 0.320772 0.0234375 0.0404412
0 0.0202637 0.195772 0.0258789 0.0496324
1 0.0195312 0.194853 0.0273438 0.0533088
0 0.875732 0.724724 0.027832 0.046875
0 0.196533 0.951287 0.0297852 0.0514706
1 0.101074 0.366728 0.0253906 0.0441176
1 0.858398 0.253217 0.0234375 0.0376838
1 0.917236 0.492647 0.027832 0.0459559
1 0.205811 0.0776654 0.0258789 0.046875
1 0.257812 0.84375 0.0253906 0.0441176
1 0.553223 0.890625 0.0263672 0.0422794
1 0.787842 0.592831 0.0258789 0.0459559
1 0.115967 0.815257 0.0209961 0.0386029
1 0.0151367 0.982077 0.0283203 0.0358456
1 0.739502 0.148897 0.0209961 0.0386029
1 0.196289 0.952206 0.0273438 0.0477941
1 0.884521 0.236673 0.0249023 0.0431985
1 0.164551 0.770221 0.0273438 0.0514706
1 0.172852 0.0206801 0.0292969 0.0413603
0 0.205811 0.0772059 0.0258789 0.0496324
1 0.101562 0.814798 0.0253906 0.0376838
1 0.828857 0.622702 0.0219727 0.046875
1 0.896729 0.108456 0.0219727 0.0404412
1 0.772705 0.724724 0.0229492 0.0450368
1 0.566895 0.600643 0.0273438 0.0487132
1 0.93042 0.5625 0.0268555 0.0459559
1 0.731689 0.122243 0.0219727 0.0404412
1 0.763428 0.926471 0.0297852 0.0533088
1 0.399414 0.21875 0.0234375 0.0441176
1 0.0915527 0.0289522 0.0336914 0.046875
1 0.0854492 0.237592 0.0302734 0.0542279
1 0.690918 0.386489 0.0273438 0.0487132
1 0.755615 0.789522 0.0249023 0.0441176
1 0.838379 0.12454 0.0234375 0.0450368
1 0.827393 0.795496 0.0249023 0.0505515
1 0.147705 0.237132 0.0219727 0.0404412
1 0.988281 0.174632 0.0234375 0.0496324
1 0.879639 0.825827 0.0249023 0.046875
1 0.440186 0.884651 0.0249023 0.0487132
1 0.571289 0.100184 0.0234375 0.0477941
1 0.928955 0.862592 0.0249023 0.046875
1 0.859375 0.0845588 0.0214844 0.0441176
1 0.859375 0.862592 0.0253906 0.0487132
1 0.525146 0.268382 0.0249023 0.0459559
1 0.372559 0.540441 0.0273438 0.0441176
1 0.885986 0.0886949 0.0200195 0.0395221
1 0.810059 0.119026 0.0224609 0.0450368
1 0.391846 0.873621 0.0229492 0.0487132
1 0.825928 0.955882 0.0297852 0.0496324
1 0.810791 0.299632 0.0249023 0.0459559
1 0.98291 0.914062 0.0283203 0.0523897
1 0.154541 0.261489 0.0209961 0.0376838
1 0.785645 0.271599 0.0224609 0.0487132
1 0.197021 0.529871 0.0239258 0.0450368
1 0.509766 0.189338 0.0253906 0.0459559
1 0.0949707 0.595588 0.0239258 0.0441176
1 0.185791 0.485754 0.0219727 0.0431985
1 0.0979004 0.528033 0.027832 0.0487132
1 0.416748 0.9375 0.0258789 0.0477941
1 0.414795 0.457261 0.0249023 0.0450368
1 0.378174 0.367647 0.0249023 0.0441176
1 0.534424 0.0588235 0.0258789 0.0404412
1 0.311279 0.246324 0.027832 0.0477941
1 0.409912 0.340533 0.0249023 0.0450368
1 0.165527 0.482996 0.0214844 0.0431985
1 0.402588 0.539982 0.0239258 0.0450368
1 0.205078 0.314798 0.0244141 0.046875
1 0.23877 0.342831 0.0283203 0.0496324
