1 0.0974121 0.577665 0.0249023 0.0762868
1 0.613281 0.0128676 0.0253906 0.0257353
1 0.805176 0.987592 0.0302734 0.0248162
1 0.837402 0.865349 0.0234375 0.0395221
1 0.876465 0.723805 0.0263672 0.0431985
0 0.566406 0.598805 0.0292969 0.0523897
1 0.236084 0.721967 0.0219727 0.0358456
1 0.533203 0.323989 0.0214844 0.0450368
0 0.876465 0.723805 0.0283203 0.046875
0 0.914062 0.982077 0.0283203 0.0340074
1 0.787109 0.592371 0.0253906 0.046875
1 0.14209 0.590993 0.0195312 0.0422794
1 0.917236 0.493107 0.027832 0.046875
1 0.553955 0.886949 0.0258789 0.0422794
1 0.773438 0.720588 0.0244141 0.0459559
1 0.82666 0.797794 0.0263672 0.0496324
1 0.566895 0.600184 0.0273438 0.0477941
1 0.828857 0.622702 0.0219727 0.046875
1 0.755615 0.789522 0.0249023 0.0441176
1 0.690674 0.386029 0.0268555 0.0477941
1 0.132324 0.60432 0.0205078 0.0413603
1 0.880371 0.825827 0.0234375 0.0450368
1 0.257568 0.84375 0.0249023 0.0441176
1 0.207031 0.0776654 0.0253906 0.046875
1 0.93042 0.56296 0.0268555 0.0450368
1 0.172363 0.0202206 0.0283203 0.0404412
1 0.399658 0.215074 0.0258789 0.0496324
1 0.0148926 0.981618 0.0268555 0.0367647
1 0.858398 0.862592 0.0234375 0.046875
1 0.896729 0.107077 0.0219727 0.0431985
1 0.0195312 0.195772 0.0253906 0.0496324
1 0.233398 0.757812 0.0214844 0.0395221
1 0.838379 0.12454 0.0234375 0.0450368
1 0.532959 0.0625 0.0249023 0.0422794
1 0.196289 0.949449 0.0283203 0.0496324
1 0.730713 0.119026 0.0219727 0.0431985
1 0.759766 0.926471 0.0283203 0.0533088
1 0.0913086 0.0294118 0.0341797 0.0477941
1 0.825928 0.955882 0.0297852 0.0496324
1 0.740967 0.152114 0.0209961 0.0395221
1 0.988281 0.175092 0.0234375 0.0487132
1 0.571289 0.102941 0.0234375 0.0459559
1 0.859375 0.0840993 0.0214844 0.0431985
1 0.928955 0.859835 0.0249023 0.0487132
1 0.98291 0.914522 0.0283203 0.0533088
1 0.524658 0.268382 0.0249023 0.0477941
1 0.0852051 0.237132 0.0297852 0.0533088
1 0.810059 0.118566 0.0224609 0.0441176
1 0.440186 0.884651 0.0258789 0.0450368
1 0.117432 0.817096 0.0219727 0.0441176
1 0.371582 0.539982 0.0263672 0.0450368
1 0.884277 0.0882353 0.0205078 0.0422794
1 0.391602 0.873621 0.0224609 0.0487132
1 0.0976562 0.814338 0.0253906 0.0441176
1 0.098877 0.526654 0.027832 0.0496324
1 0.508545 0.186581 0.0249023 0.0459559
1 0.196777 0.529871 0.0234375 0.0450368
1 0.164307 0.77068 0.0268555 0.0505515
1 0.186523 0.485294 0.0224609 0.0441176
1 0.811768 0.300551 0.0249023 0.0441176
1 0.0947266 0.598805 0.0234375 0.0431985
1 0.785645 0.271599 0.0234375 0.046875
1 0.414795 0.457721 0.0249023 0.0441176
1 0.378174 0.367647 0.0249023 0.0441176
1 0.163574 0.482996 0.0234375 0.0431985
1 0.41626 0.940257 0.0258789 0.0496324
1 0.148193 0.236213 0.0229492 0.0404412
1 0.0996094 0.36489 0.0253906 0.0459559
1 0.410156 0.340074 0.0253906 0.0441176
1 0.310791 0.245864 0.0268555 0.0505515
1 0.23877 0.34375 0.0283203 0.0496324
1 0.404297 0.539062 0.0234375 0.0450368
1 0.205566 0.314798 0.0244141 0.046875
1 0.155029 0.268382 0.0219727 0.0404412
