1 0.807861 0.988051 0.0297852 0.0238971
1 0.0761719 0.243566 0.0292969 0.0477941
1 0.0151367 0.97932 0.0292969 0.0413603
1 0.564453 0.60386 0.0283203 0.0459559
1 0.162354 0.767463 0.0268555 0.0496324
1 0.879883 0.824908 0.0234375 0.0450368
0 0.808594 0.436121 0.0214844 0.0376838
0 0.0922852 0.600643 0.0224609 0.0450368
1 0.132324 0.610754 0.0224609 0.0413603
0 0.588379 0.36443 0.0234375 0.0413603
0 0.610596 0.0128676 0.0249023 0.0257353
0 0.314453 0.886949 0.0253906 0.0441176
0 0.522217 0.0684743 0.0258789 0.0450368
0 0.77832 0.704504 0.0234375 0.0431985
0 0.0151367 0.980699 0.0292969 0.0386029
0 0.834473 0.863511 0.0205078 0.0413603
0 0.268311 0.985754 0.027832 0.0284926
0 0.825684 0.955882 0.0263672 0.0477941
1 0.588623 0.36443 0.0239258 0.0431985
1 0.146729 0.585478 0.0209961 0.0441176
1 0.0314941 0.410386 0.0239258 0.0431985
0 0.678467 0.0588235 0.0219727 0.0422794
0 0.0200195 0.445772 0.0244141 0.0441176
1 0.825684 0.955882 0.0283203 0.0477941
1 0.259521 0.846507 0.027832 0.0459559
1 0.380859 0.786765 0.0234375 0.0441176
0 0.132812 0.611213 0.0214844 0.0422794
0 0.410156 0.339614 0.0253906 0.0450368
0 0.440674 0.884191 0.0288086 0.0514706
1 0.750732 0.921875 0.0249023 0.0496324
0 0.40625 0.203125 0.0253906 0.0496324
1 0.414795 0.459559 0.0268555 0.0441176
1 0.572021 0.10432 0.0249023 0.046875
1 0.730957 0.104779 0.0244141 0.0477941
1 0.371826 0.539062 0.0258789 0.046875
1 0.471924 0.671415 0.0229492 0.0487132
1 0.410156 0.340533 0.0273438 0.046875
1 0.534668 0.332261 0.0244141 0.0505515
0 0.877441 0.71921 0.0263672 0.046875
0 0.750732 0.920956 0.0249023 0.0514706
0 0.828857 0.622243 0.0249023 0.0514706
1 0.829102 0.622243 0.0234375 0.0477941
0 0.196777 0.53125 0.0234375 0.0422794
0 0.391846 0.658088 0.0219727 0.0441176
1 0.440186 0.88557 0.0288086 0.046875
1 0.0202637 0.445312 0.0229492 0.0450368
1 0.739746 0.172335 0.0244141 0.0487132
1 0.125244 0.824449 0.0268555 0.0496324
1 0.499756 0.674173 0.0249023 0.0523897
0 0.188477 0.477022 0.0244141 0.0459559
0 0.373779 0.692555 0.0219727 0.0431985
1 0.854004 0.257812 0.0234375 0.0431985
1 0.678467 0.0597426 0.0239258 0.0422794
1 0.925781 0.852022 0.0253906 0.0441176
1 0.521973 0.0689338 0.0244141 0.0441176
0 0.0769043 0.242188 0.0307617 0.0505515
0 0.16333 0.772059 0.0249023 0.0459559
0 0.257324 0.844669 0.0253906 0.0441176
0 0.146484 0.585018 0.0205078 0.0413603
1 0.914795 0.496783 0.027832 0.0487132
1 0.928223 0.564338 0.0263672 0.0441176
1 0.103271 0.524357 0.0249023 0.046875
0 0.156982 0.494485 0.0239258 0.0441176
0 0.879883 0.824908 0.0234375 0.046875
0 0.237305 0.710938 0.0253906 0.0413603
1 0.095459 0.355239 0.0268555 0.046875
0 0.472168 0.671415 0.0224609 0.046875
1 0.211914 0.0795037 0.0263672 0.0523897
1 0.652344 0.397518 0.0224609 0.0431985
1 0.185303 0.839154 0.0239258 0.0422794
1 0.571777 0.390165 0.0224609 0.0395221
1 0.838135 0.12454 0.0249023 0.0450368
1 0.0927734 0.602022 0.0244141 0.0459559
0 0.785156 0.595129 0.0292969 0.0450368
0 0.500488 0.673254 0.0234375 0.0523897
1 0.314209 0.143382 0.0239258 0.0477941
0 0.196289 0.935202 0.0244141 0.0413603
1 0.148193 0.234375 0.0268555 0.0422794
1 0.202881 0.850643 0.0229492 0.0413603
1 0.377686 0.369026 0.0249023 0.0450368
1 0.09375 0.815257 0.0283203 0.0514706
0 0.755615 0.788603 0.0258789 0.0441176
1 0.609863 0.246783 0.0205078 0.0395221
0 0.0163574 0.19807 0.0258789 0.0505515
0 0.857178 0.865349 0.0249023 0.046875
0 0.826416 0.811121 0.0249023 0.0505515
0 0.300293 0.66636 0.0234375 0.0459559
1 0.599609 0.230699 0.0205078 0.0386029
1 0.881104 0.0845588 0.0219727 0.0422794
1 0.0913086 0.0321691 0.0332031 0.0533088
1 0.172119 0.0183824 0.0297852 0.0367647
0 0.559326 0.881434 0.0258789 0.0441176
1 0.151611 0.292739 0.027832 0.0431985
1 0.858643 0.0831801 0.0219727 0.0431985
1 0.667969 0.393382 0.0214844 0.0422794
1 0.391602 0.875 0.0234375 0.0496324
0 0.56543 0.60432 0.0273438 0.0450368
1 0.804932 0.176471 0.0229492 0.0422794
0 0.321289 0.640625 0.0234375 0.0422794
1 0.226562 0.772978 0.0253906 0.0459559
1 0.808838 0.117647 0.0229492 0.0441176
1 0.238525 0.346048 0.027832 0.0505515
1 0.596924 0.297335 0.0229492 0.0431985
1 0.526123 0.268842 0.0258789 0.0487132
1 0.335205 0.185662 0.0249023 0.0459559
1 0.811768 0.301471 0.0268555 0.0441176
1 0.582031 0.247243 0.0234375 0.0422794
1 0.691406 0.38557 0.0253906 0.046875
1 0.989014 0.175551 0.0219727 0.0496324
1 0.896973 0.106618 0.0234375 0.0441176
1 0.205811 0.313419 0.0249023 0.0477941
1 0.80542 0.211397 0.0249023 0.0422794
1 0.503906 0.176011 0.0253906 0.0487132
1 0.785156 0.27114 0.0253906 0.0477941
1 0.419678 0.947151 0.0258789 0.0505515
1 0.983643 0.919577 0.027832 0.0542279
1 0.314209 0.247702 0.0258789 0.0450368
