1 0.730957 0.104779 0.0283203 0.0477941
0 0.780518 0.694393 0.0239258 0.0450368
1 0.833496 0.869485 0.0205078 0.0367647
0 0.677979 0.0592831 0.0219727 0.0395221
1 0.195801 0.845588 0.0478516 0.0441176
1 0.00561523 0.331801 0.0112305 0.0441176
1 0.893799 0.11443 0.0219727 0.0376838
1 0.856934 0.866268 0.0234375 0.046875
1 0.886719 0.235294 0.0263672 0.0441176
0 0.833496 0.863971 0.0205078 0.0404412
1 0.780518 0.693474 0.0239258 0.0450368
1 0.711426 0.649816 0.0244141 0.0404412
1 0.911621 0.498621 0.0234375 0.0450368
1 0.989746 0.819853 0.0185547 0.0404412
1 0.755859 0.79136 0.0273438 0.0441176
1 0.564453 0.605699 0.0273438 0.0496324
1 0.50415 0.678309 0.0258789 0.0496324
0 0.377686 0.369485 0.0249023 0.0441176
1 0.807373 0.113511 0.0229492 0.0413603
1 0.74707 0.921415 0.0234375 0.0431985
0 0.804199 0.172335 0.0244141 0.0450368
0 0.0759277 0.244485 0.0317383 0.0533088
0 0.747314 0.922794 0.0249023 0.0441176
0 0.688721 0.72886 0.0209961 0.0477941
1 0.409668 0.340993 0.0273438 0.0459559
1 0.688721 0.728401 0.0200195 0.046875
1 0.394043 0.132353 0.0205078 0.0367647
0 0.311523 0.133732 0.0292969 0.0450368
0 0.236328 0.711397 0.0253906 0.0441176
0 0.737793 0.176011 0.0244141 0.0450368
0 0.880371 0.823529 0.0234375 0.0477941
0 0.755615 0.789062 0.0249023 0.0431985
1 0.83667 0.125 0.0249023 0.0441176
1 0.377686 0.369485 0.0258789 0.0459559
0 0.805908 0.113511 0.0239258 0.0431985
0 0.71167 0.649357 0.0239258 0.0376838
1 0.0766602 0.244485 0.0302734 0.0514706
1 0.3125 0.134651 0.0273438 0.046875
1 0.879883 0.824449 0.0234375 0.0459559
1 0.651123 0.397059 0.0229492 0.0422794
0 0.258545 0.845588 0.0258789 0.0459559
1 0.37207 0.538603 0.0263672 0.0477941
0 0.315918 0.882812 0.0244141 0.046875
0 0.521973 0.0684743 0.0244141 0.0431985
1 0.402832 0.159926 0.0205078 0.0422794
1 0.380859 0.788143 0.0244141 0.046875
0 0.828125 0.819853 0.0253906 0.0404412
0 0.48291 0.132812 0.0224609 0.0413603
1 0.521484 0.0689338 0.0234375 0.0422794
1 0.0141602 0.200827 0.0263672 0.0579044
0 0.409912 0.340993 0.0258789 0.0441176
1 0.678223 0.0597426 0.0234375 0.0404412
0 0.269531 0.984375 0.0263672 0.03125
1 0.679199 0.128217 0.0263672 0.0450368
1 0.588867 0.363971 0.0234375 0.0441176
1 0.571289 0.105699 0.0234375 0.0441176
1 0.259766 0.846048 0.0283203 0.046875
1 0.53418 0.335018 0.0234375 0.0487132
1 0.724609 0.634191 0.0214844 0.0404412
1 0.440918 0.884651 0.0273438 0.046875
1 0.851562 0.261029 0.0253906 0.0422794
0 0.72998 0.105239 0.0244141 0.0450368
0 0.609375 0.0137868 0.0224609 0.0275735
0 0.39209 0.657629 0.0244141 0.046875
1 0.406982 0.203125 0.0268555 0.0477941
0 0.536377 0.491728 0.0239258 0.0422794
0 0.559814 0.877757 0.0268555 0.0459559
0 0.465332 0.113051 0.0205078 0.0404412
1 0.992188 0.758732 0.015625 0.0395221
0 0.856201 0.866728 0.0249023 0.0459559
1 0.196045 0.532169 0.0249023 0.0459559
1 0.482178 0.131434 0.0209961 0.0422794
1 0.696777 0.449449 0.0234375 0.0422794
0 0.466797 0.671415 0.0253906 0.0487132
0 0.368652 0.692096 0.0244141 0.0459559
1 0.803223 0.171415 0.0234375 0.0431985
1 0.0146484 0.980699 0.0244141 0.0386029
0 0.879883 0.0831801 0.0234375 0.0395221
1 0.197021 0.931526 0.0268555 0.0450368
1 0.921875 0.846048 0.0234375 0.0413603
0 0.534668 0.464154 0.0234375 0.0386029
1 0.247803 0.0229779 0.0239258 0.0404412
0 0.672363 0.714154 0.0224609 0.0422794
1 0.828125 0.623621 0.0214844 0.046875
1 0.824951 0.954963 0.027832 0.0441176
1 0.799561 0.409926 0.0229492 0.0367647
1 0.334717 0.190257 0.0258789 0.0477941
1 0.156494 0.50046 0.0239258 0.0487132
1 0.967041 0.743566 0.0219727 0.0422794
0 0.504639 0.678309 0.0258789 0.0496324
1 0.710449 0.472426 0.0234375 0.0404412
1 0.0942383 0.352022 0.0273438 0.0477941
0 0.299561 0.667279 0.0258789 0.0477941
1 0.876709 0.716912 0.0249023 0.0459559
0 0.323486 0.634651 0.0229492 0.0431985
1 0.989746 0.175551 0.0205078 0.0459559
1 0.225586 0.779871 0.0253906 0.0487132
1 0.570801 0.388787 0.0234375 0.0422794
1 0.783936 0.59421 0.027832 0.0450368
1 0.1875 0.472886 0.0244141 0.046875
1 0.669189 0.392463 0.0219727 0.0422794
1 0.813232 0.441636 0.0268555 0.0431985
1 0.923584 0.5625 0.0249023 0.0422794
0 0.564941 0.606158 0.0263672 0.0487132
1 0.392334 0.875919 0.0258789 0.0514706
1 0.611328 0.24954 0.0195312 0.0395221
1 0.171875 0.0179228 0.0302734 0.0358456
1 0.2146 0.078125 0.0249023 0.0496324
1 0.203125 0.852941 0.0253906 0.0441176
1 0.597656 0.299632 0.0244141 0.0441176
1 0.0915527 0.0326287 0.0327148 0.0542279
1 0.580078 0.248621 0.0224609 0.0431985
1 0.597656 0.230699 0.0205078 0.0422794
1 0.236816 0.346507 0.0273438 0.0533088
1 0.149902 0.232996 0.0273438 0.0450368
1 0.0180664 0.453585 0.0244141 0.0505515
1 0.803711 0.21921 0.0234375 0.0431985
1 0.126953 0.827206 0.0263672 0.0496324
1 0.148682 0.300092 0.027832 0.0450368
1 0.145752 0.586397 0.0239258 0.0477941
1 0.03125 0.409926 0.0253906 0.0441176
1 0.691406 0.38557 0.0244141 0.0450368
1 0.16333 0.772059 0.0258789 0.0477941
1 0.527344 0.269761 0.0244141 0.0487132
1 0.502441 0.175551 0.0244141 0.0459559
1 0.178711 0.834559 0.0263672 0.0459559
1 0.314941 0.248621 0.0263672 0.046875
1 0.811035 0.300551 0.0263672 0.0422794
1 0.0925293 0.813419 0.027832 0.0514706
1 0.105713 0.529871 0.0249023 0.046875
1 0.0917969 0.599724 0.0244141 0.0487132
1 0.783691 0.27114 0.0263672 0.0459559
1 0.132568 0.619485 0.0249023 0.0459559
1 0.983643 0.925551 0.0268555 0.0514706
1 0.206055 0.313879 0.0263672 0.0487132
1 0.981201 0.734835 0.019043 0.0395221
1 0.418945 0.953585 0.0273438 0.0487132
