1 0.0200195 0.194853 0.0283203 0.0551471
1 0.101318 0.372243 0.0239258 0.0441176
1 0.487061 0.203125 0.019043 0.0330882
1 0.804932 0.988051 0.0307617 0.0238971
0 0.0922852 0.0280331 0.0341797 0.0505515
0 0.928955 0.868107 0.0268555 0.046875
0 0.914795 0.981158 0.0297852 0.0376838
1 0.204102 0.0749081 0.0253906 0.0450368
1 0.197754 0.956342 0.0283203 0.0487132
1 0.172363 0.0206801 0.0273438 0.0413603
1 0.0969238 0.53171 0.0258789 0.046875
0 0.0969238 0.532629 0.027832 0.0487132
0 0.0852051 0.238051 0.0307617 0.0533088
1 0.882812 0.242188 0.0234375 0.0450368
1 0.835938 0.865349 0.0205078 0.0413603
0 0.020752 0.195772 0.0249023 0.0533088
1 0.875 0.726562 0.0263672 0.0431985
1 0.858398 0.254136 0.0234375 0.0413603
1 0.258301 0.84421 0.0244141 0.0450368
1 0.0925293 0.0275735 0.0327148 0.0459559
1 0.928955 0.868566 0.0249023 0.0441176
0 0.19751 0.955882 0.0288086 0.0459559
1 0.917236 0.492647 0.0297852 0.0477941
1 0.98877 0.173254 0.0224609 0.0505515
1 0.932129 0.563419 0.0263672 0.0459559
1 0.838379 0.12454 0.0234375 0.0487132
1 0.55249 0.893842 0.0249023 0.0413603
1 0.196777 0.53171 0.0253906 0.046875
1 0.44043 0.884651 0.0234375 0.046875
1 0.829102 0.623162 0.0234375 0.0477941
1 0.690918 0.387408 0.0263672 0.046875
1 0.858643 0.0831801 0.0219727 0.046875
1 0.789551 0.592371 0.0253906 0.0450368
0 0.163818 0.77068 0.0297852 0.0560662
1 0.810059 0.119945 0.0234375 0.0450368
1 0.771973 0.731618 0.0224609 0.0477941
0 0.204102 0.0730699 0.0253906 0.046875
1 0.0957031 0.588235 0.0283203 0.0496324
1 0.809082 0.300092 0.0253906 0.0450368
1 0.513672 0.192555 0.0244141 0.0450368
1 0.825928 0.955882 0.0297852 0.0496324
1 0.567627 0.600184 0.0258789 0.0459559
1 0.86084 0.862592 0.0234375 0.0487132
1 0.237305 0.342371 0.0273438 0.046875
1 0.52417 0.268842 0.0229492 0.0413603
1 0.391357 0.872702 0.0229492 0.0505515
1 0.826416 0.789982 0.0249023 0.0487132
1 0.766113 0.923254 0.0263672 0.0542279
1 0.206299 0.314798 0.0249023 0.046875
1 0.880615 0.825827 0.0249023 0.046875
1 0.786133 0.271599 0.0234375 0.0487132
1 0.536377 0.0569853 0.0258789 0.0404412
1 0.98291 0.912684 0.0283203 0.0533088
1 0.397217 0.221967 0.0229492 0.0450368
1 0.755859 0.789062 0.0244141 0.0450368
1 0.528564 0.311121 0.0229492 0.0413603
1 0.378418 0.368107 0.0244141 0.0431985
1 0.373535 0.540441 0.0234375 0.0441176
1 0.415283 0.457261 0.0239258 0.0431985
1 0.569824 0.0951287 0.0234375 0.0450368
1 0.415527 0.927849 0.0244141 0.0450368
1 0.398193 0.539522 0.0229492 0.0422794
1 0.409668 0.340533 0.0244141 0.0431985
1 0.311523 0.246324 0.0273438 0.0441176
