1 0.523438 0.209099 0.0175781 0.0413603
0 0.100098 0.0225184 0.0341797 0.0450368
1 0.933594 0.880974 0.0253906 0.0450368
1 0.858643 0.0845588 0.0219727 0.0459559
0 0.567871 0.596967 0.03125 0.0560662
0 0.921875 0.977022 0.03125 0.0422794
0 0.189697 0.54136 0.0336914 0.0661765
0 0.79834 0.595129 0.0283203 0.0487132
0 0.535156 0.91636 0.0292969 0.0496324
0 0.310547 0.241728 0.0302734 0.0514706
1 0.202148 0.95818 0.03125 0.0542279
0 0.310791 0.897978 0.0307617 0.0533088
1 0.921875 0.977482 0.03125 0.0450368
1 0.569092 0.596507 0.0288086 0.0496324
1 0.799316 0.59421 0.0263672 0.0487132
1 0.398438 0.334559 0.0253906 0.0404412
0 0.828857 0.623162 0.0249023 0.0477941
0 0.438232 0.882812 0.0307617 0.0542279
0 0.829834 0.772059 0.0297852 0.0533088
1 0.811035 0.119485 0.0234375 0.0477941
1 0.529053 0.309283 0.0209961 0.0413603
1 0.917236 0.493566 0.0249023 0.0496324
1 0.98877 0.172335 0.0224609 0.0505515
1 0.943604 0.56296 0.0297852 0.0505515
1 0.415283 0.455423 0.0239258 0.0450368
1 0.828857 0.62454 0.0219727 0.046875
1 0.527344 0.270221 0.0214844 0.0386029
0 0.201416 0.95818 0.027832 0.0487132
0 0.782471 0.921875 0.0317383 0.0514706
1 0.835938 0.124081 0.0234375 0.0459559
0 0.0849609 0.23943 0.0341797 0.0615809
1 0.311035 0.242188 0.0302734 0.0505515
0 0.934326 0.883272 0.0249023 0.0441176
0 0.872559 0.746324 0.0263672 0.0477941
1 0.825928 0.954044 0.0297852 0.0514706
1 0.387939 0.250919 0.0268555 0.0477941
0 0.108398 0.388787 0.0292969 0.0606618
1 0.377686 0.367647 0.0249023 0.0441176
1 0.96875 0.878676 0.0253906 0.0477941
0 0.165527 0.773897 0.0273438 0.0514706
0 0.258545 0.846967 0.0268555 0.0505515
0 0.826416 0.953585 0.0297852 0.0523897
1 0.189453 0.54182 0.0341797 0.0634191
0 0.0222168 0.193015 0.0327148 0.0643382
1 0.689453 0.389706 0.0322266 0.0661765
