1 0.0998535 0.0229779 0.034668 0.0459559
1 0.857666 0.249081 0.0219727 0.0386029
1 0.311279 0.896599 0.027832 0.0487132
1 0.934326 0.880055 0.0249023 0.0431985
1 0.858643 0.0845588 0.0219727 0.0459559
0 0.567871 0.597426 0.0302734 0.0533088
1 0.798828 0.59421 0.0253906 0.046875
1 0.522705 0.20818 0.019043 0.0413603
0 0.798096 0.595129 0.0268555 0.046875
1 0.568848 0.596507 0.0273438 0.0477941
1 0.921143 0.978401 0.0327148 0.0431985
1 0.404785 0.888327 0.0224609 0.0431985
1 0.536865 0.915441 0.0249023 0.0477941
1 0.390869 0.870404 0.0200195 0.0441176
0 0.920898 0.97886 0.03125 0.0422794
1 0.828857 0.62454 0.0219727 0.046875
1 0.201416 0.95818 0.0307617 0.0523897
0 0.201172 0.95864 0.03125 0.0533088
0 0.438965 0.882353 0.0244141 0.0441176
1 0.811279 0.119485 0.0229492 0.0477941
1 0.917236 0.494026 0.0249023 0.0487132
0 0.258545 0.847426 0.0268555 0.0514706
1 0.989014 0.172335 0.0219727 0.0487132
1 0.943848 0.563419 0.0263672 0.0459559
0 0.828857 0.623162 0.0249023 0.0477941
0 0.827148 0.772978 0.03125 0.0533088
1 0.528564 0.309743 0.0209961 0.0404412
0 0.933594 0.882812 0.0253906 0.0413603
1 0.835938 0.12454 0.0234375 0.0450368
0 0.165283 0.772059 0.027832 0.0477941
0 0.872559 0.744945 0.0263672 0.0487132
1 0.526123 0.270221 0.0209961 0.0386029
1 0.786377 0.272059 0.0229492 0.0404412
0 0.0849609 0.238971 0.0341797 0.0606618
0 0.778564 0.921875 0.0297852 0.0496324
0 0.108154 0.388327 0.0288086 0.0597426
1 0.969482 0.882353 0.0249023 0.0441176
1 0.796875 0.293199 0.0234375 0.0422794
1 0.415283 0.455423 0.0239258 0.0431985
0 0.0219727 0.193015 0.0332031 0.0661765
1 0.388428 0.247243 0.0268555 0.0514706
1 0.311035 0.243107 0.0292969 0.0487132
0 0.826416 0.954504 0.0297852 0.0523897
1 0.377686 0.368566 0.0249023 0.0459559
1 0.689941 0.389706 0.0302734 0.0625
1 0.403076 0.334559 0.0229492 0.0422794
1 0.189209 0.54182 0.0336914 0.0634191
