1 0.101318 0.0234375 0.0336914 0.046875
0 0.784424 0.926011 0.027832 0.046875
0 0.567871 0.596967 0.0302734 0.0560662
0 0.533936 0.919118 0.0307617 0.0496324
0 0.189697 0.54136 0.034668 0.0680147
1 0.785645 0.926471 0.0263672 0.0477941
1 0.109131 0.387408 0.0288086 0.0634191
0 0.810791 0.117647 0.0239258 0.0477941
0 0.921875 0.977022 0.0283203 0.0422794
0 0.101074 0.0225184 0.0341797 0.0450368
1 0.810791 0.119485 0.0219727 0.0477941
1 0.835938 0.125 0.0214844 0.0441176
0 0.798828 0.595588 0.0273438 0.0496324
0 0.964844 0.873621 0.0253906 0.046875
1 0.831299 0.77068 0.0297852 0.0560662
1 0.922852 0.976562 0.03125 0.0431985
1 0.872559 0.745864 0.0283203 0.046875
0 0.831299 0.769761 0.0297852 0.0560662
1 0.310547 0.240809 0.03125 0.0533088
1 0.202637 0.957261 0.0302734 0.0523897
0 0.828857 0.623621 0.0249023 0.0487132
1 0.569092 0.597886 0.027832 0.0505515
0 0.826416 0.953585 0.0297852 0.0523897
1 0.529297 0.306985 0.0214844 0.0441176
0 0.309814 0.23989 0.0307617 0.0533088
1 0.528076 0.272978 0.0209961 0.0386029
1 0.946045 0.560662 0.0297852 0.0477941
1 0.800049 0.594669 0.0268555 0.0496324
0 0.872559 0.746324 0.0283203 0.0477941
1 0.828857 0.625 0.0219727 0.0477941
0 0.0849609 0.238971 0.0341797 0.0606618
1 0.988281 0.172335 0.0234375 0.0505515
1 0.917236 0.494026 0.0249023 0.0487132
1 0.385986 0.255515 0.0258789 0.0477941
0 0.438721 0.882353 0.0336914 0.0551471
1 0.415527 0.454963 0.0234375 0.0459559
0 0.201904 0.957261 0.027832 0.046875
0 0.934326 0.883272 0.0249023 0.0422794
0 0.258789 0.847426 0.0273438 0.0514706
0 0.108887 0.389246 0.0292969 0.0597426
1 0.377686 0.367188 0.0239258 0.0431985
0 0.165283 0.773438 0.0268555 0.0523897
0 0.0222168 0.193015 0.0327148 0.0661765
1 0.189453 0.54182 0.0351562 0.0652574
1 0.39502 0.340533 0.0244141 0.0431985
1 0.825928 0.954504 0.0297852 0.0505515
1 0.689941 0.390165 0.0302734 0.0652574
