1 0.39624 0.355239 0.0375977 0.0505515
0 0.858643 0.0840993 0.0200195 0.0450368
1 0.3125 0.893382 0.0273438 0.0477941
0 0.917236 0.494026 0.0249023 0.0450368
1 0.858643 0.254136 0.0200195 0.0395221
1 0.0849609 0.238511 0.03125 0.0579044
1 0.93457 0.879596 0.0234375 0.0422794
0 0.803711 0.30239 0.0224609 0.0441176
1 0.776367 0.920496 0.0273438 0.0523897
0 0.543701 0.904871 0.0307617 0.0487132
0 0.543701 0.058364 0.0229492 0.0413603
1 0.259033 0.846048 0.0258789 0.0487132
0 0.689209 0.388787 0.0288086 0.0606618
1 0.920898 0.97886 0.03125 0.0422794
1 0.828857 0.623621 0.0219727 0.046875
1 0.917236 0.492647 0.0297852 0.0477941
0 0.258789 0.846507 0.0253906 0.0496324
1 0.0966797 0.0243566 0.0302734 0.046875
0 0.775391 0.920496 0.0263672 0.0505515
1 0.543945 0.90671 0.0273438 0.046875
0 0.229248 0.339154 0.0219727 0.0496324
1 0.104248 0.382353 0.0297852 0.0588235
1 0.568848 0.597426 0.0273438 0.0477941
1 0.784668 0.272978 0.0234375 0.0459559
0 0.562744 0.0767463 0.0219727 0.0450368
1 0.825928 0.955882 0.0297852 0.0514706
0 0.567627 0.597426 0.0297852 0.0533088
0 0.0852051 0.238511 0.0317383 0.0560662
0 0.933594 0.881434 0.0253906 0.0422794
1 0.519531 0.202206 0.0214844 0.0422794
0 0.920898 0.980699 0.03125 0.0386029
1 0.810791 0.119485 0.0219727 0.0459559
0 0.199463 0.95818 0.0317383 0.0523897
1 0.939941 0.564338 0.03125 0.0477941
1 0.824219 0.776195 0.0253906 0.046875
1 0.989014 0.172794 0.0219727 0.0496324
1 0.83667 0.12454 0.0219727 0.0431985
0 0.171631 0.0225184 0.0288086 0.0431985
1 0.171387 0.0220588 0.0283203 0.0422794
0 0.0219727 0.193934 0.0302734 0.0588235
0 0.438965 0.884651 0.0224609 0.046875
0 0.757812 0.788143 0.0224609 0.0413603
1 0.199463 0.95818 0.0297852 0.0505515
1 0.866455 0.856158 0.0219727 0.046875
1 0.879639 0.827206 0.0249023 0.0441176
0 0.796875 0.592831 0.0253906 0.0459559
1 0.410156 0.90671 0.0224609 0.046875
1 0.871826 0.741728 0.0249023 0.0496324
1 0.524902 0.269301 0.0224609 0.0404412
0 0.10498 0.382812 0.0302734 0.0560662
1 0.803955 0.301471 0.0229492 0.0459559
0 0.193359 0.0592831 0.0283203 0.0523897
0 0.826416 0.954044 0.0297852 0.0514706
0 0.871826 0.743566 0.0249023 0.0459559
0 0.828857 0.622702 0.0249023 0.0487132
0 0.164795 0.77114 0.0288086 0.0496324
1 0.528076 0.309743 0.0219727 0.0404412
1 0.391357 0.871783 0.0229492 0.046875
0 0.769531 0.764246 0.0253906 0.0395221
1 0.689941 0.386949 0.0302734 0.0606618
0 0.210449 0.318934 0.0244141 0.0533088
1 0.311279 0.244485 0.0268555 0.0459559
1 0.97583 0.893382 0.0268555 0.0459559
1 0.414795 0.455882 0.0239258 0.0441176
1 0.392334 0.234375 0.0258789 0.0477941
1 0.378418 0.369026 0.0253906 0.0450368
1 0.408936 0.339614 0.0239258 0.0450368
1 0.189697 0.54182 0.0307617 0.0579044
