1 0.80249 0.930147 0.0249023 0.0459559
0 0.859375 0.0827206 0.0234375 0.0459559
0 0.524414 0.206342 0.0234375 0.046875
0 0.102295 0.0238971 0.0356445 0.0477941
0 0.189697 0.542279 0.034668 0.0735294
1 0.924072 0.974724 0.0297852 0.046875
1 0.102539 0.0252757 0.0341797 0.0505515
1 0.80127 0.59375 0.0253906 0.0514706
1 0.381836 0.267923 0.0273438 0.0505515
1 0.309326 0.237132 0.0288086 0.0588235
1 0.825928 0.952206 0.0249023 0.0404412
0 0.381836 0.267923 0.0292969 0.0542279
1 0.872559 0.746324 0.0263672 0.0477941
0 0.259033 0.847886 0.0317383 0.0560662
0 0.825928 0.954044 0.0249023 0.0441176
0 0.924805 0.975643 0.03125 0.0487132
0 0.203857 0.957261 0.0317383 0.0542279
0 0.843018 0.767004 0.0268555 0.046875
0 0.801514 0.929228 0.0239258 0.0441176
1 0.258301 0.847886 0.0302734 0.0542279
1 0.416016 0.454504 0.0273438 0.0560662
1 0.958496 0.556066 0.03125 0.0514706
0 0.570068 0.597886 0.0327148 0.0560662
0 0.800781 0.59375 0.0263672 0.0496324
1 0.987549 0.172794 0.0249023 0.0569853
0 0.308594 0.237132 0.0302734 0.0588235
1 0.916504 0.496783 0.0263672 0.046875
0 0.164795 0.772518 0.0288086 0.0560662
0 0.439453 0.881434 0.0351562 0.0588235
0 0.0852051 0.238971 0.034668 0.0625
0 0.828857 0.623621 0.0249023 0.0505515
0 0.872559 0.746783 0.0263672 0.0487132
1 0.203613 0.957261 0.03125 0.0560662
1 0.303711 0.90579 0.0292969 0.0579044
1 0.689941 0.389706 0.0322266 0.0661765
0 0.0224609 0.193015 0.0332031 0.0661765
0 0.109375 0.387868 0.03125 0.0625
1 0.189453 0.54182 0.0341797 0.0670956
