0 0.858643 0.0840993 0.0219727 0.0450368
1 0.533936 0.918658 0.0288086 0.0560662
1 0.10083 0.0234375 0.034668 0.046875
1 0.783936 0.923254 0.0288086 0.0487132
0 0.567871 0.596967 0.0302734 0.0560662
0 0.10083 0.0225184 0.034668 0.0450368
0 0.310303 0.899357 0.0307617 0.0542279
1 0.921875 0.977022 0.03125 0.0459559
1 0.0849609 0.238511 0.0332031 0.0615809
1 0.810791 0.120404 0.0219727 0.0477941
0 0.189697 0.540901 0.0336914 0.0689338
0 0.810791 0.117647 0.0239258 0.0496324
0 0.534912 0.919118 0.0297852 0.0514706
0 0.921875 0.976562 0.03125 0.0431985
0 0.783936 0.923254 0.0307617 0.046875
0 0.798584 0.595129 0.027832 0.0487132
0 0.966553 0.875 0.0249023 0.0496324
1 0.835938 0.12454 0.0234375 0.0450368
1 0.108643 0.387408 0.0297852 0.0634191
1 0.569336 0.596507 0.0273438 0.0496324
1 0.202148 0.95818 0.03125 0.0542279
0 0.310059 0.241268 0.03125 0.0523897
1 0.799805 0.59421 0.0273438 0.0487132
1 0.310547 0.241268 0.03125 0.0523897
0 0.828857 0.623162 0.0249023 0.0477941
1 0.94458 0.561581 0.027832 0.0496324
0 0.830322 0.772059 0.0297852 0.0533088
1 0.988281 0.172335 0.0234375 0.0523897
0 0.0849609 0.238051 0.0351562 0.0588235
0 0.826416 0.953585 0.0297852 0.0523897
1 0.828857 0.62454 0.0219727 0.046875
1 0.415527 0.454963 0.0244141 0.0459559
1 0.917236 0.493566 0.0249023 0.0496324
1 0.527588 0.272059 0.0209961 0.0386029
1 0.528809 0.307904 0.0224609 0.0441176
0 0.872559 0.746324 0.0283203 0.0477941
0 0.934326 0.883272 0.0249023 0.0441176
1 0.966309 0.87546 0.0234375 0.046875
0 0.438232 0.882812 0.0336914 0.0560662
0 0.201904 0.95818 0.027832 0.0487132
0 0.108643 0.389246 0.0297852 0.0615809
1 0.386475 0.252757 0.0268555 0.0496324
0 0.165039 0.772978 0.0283203 0.0514706
1 0.377686 0.366728 0.0239258 0.0422794
1 0.395996 0.339614 0.0244141 0.0413603
0 0.258789 0.847426 0.0263672 0.0514706
0 0.0222168 0.193015 0.0336914 0.0680147
1 0.189209 0.542279 0.034668 0.0661765
1 0.689941 0.389706 0.03125 0.0643382
1 0.826416 0.954504 0.0297852 0.0505515
