0 0.917236 0.492647 0.0249023 0.0441176
0 0.990967 0.414982 0.0180664 0.0376838
1 0.858643 0.0840993 0.0219727 0.046875
1 0.882812 0.241268 0.0205078 0.046875
1 0.09375 0.556526 0.0244141 0.0579044
0 0.859375 0.0850184 0.0253906 0.046875
1 0.0856934 0.238051 0.0288086 0.0514706
1 0.020752 0.193934 0.0268555 0.0551471
0 0.917236 0.981618 0.0297852 0.0367647
1 0.69043 0.387868 0.0273438 0.0514706
0 0.7854 0.273438 0.0258789 0.0450368
1 0.858643 0.255055 0.0200195 0.0413603
0 0.0219727 0.193934 0.0263672 0.0496324
0 0.567139 0.596967 0.0288086 0.0523897
1 0.102783 0.37546 0.0258789 0.0505515
0 0.0852051 0.238511 0.0307617 0.0523897
0 0.769531 0.924173 0.0263672 0.0523897
1 0.790771 0.590074 0.0249023 0.0459559
0 0.102295 0.377298 0.0258789 0.0505515
1 0.808838 0.299632 0.0249023 0.0404412
0 0.690918 0.387408 0.0273438 0.0523897
0 0.810791 0.118566 0.0219727 0.0459559
1 0.810059 0.116268 0.0205078 0.0431985
1 0.785156 0.272059 0.0234375 0.0477941
1 0.917236 0.492188 0.0297852 0.046875
1 0.198242 0.960018 0.0283203 0.0487132
1 0.836914 0.12546 0.0234375 0.0431985
1 0.439941 0.883732 0.0244141 0.046875
1 0.550293 0.897978 0.0263672 0.0441176
0 0.790527 0.590993 0.0253906 0.0459559
1 0.835938 0.866268 0.0205078 0.0376838
0 0.199707 0.0703125 0.0253906 0.0431985
1 0.98877 0.173254 0.0224609 0.0487132
0 0.873535 0.733456 0.0263672 0.0459559
1 0.172119 0.0211397 0.0268555 0.0386029
0 0.207031 0.316636 0.0263672 0.0523897
1 0.828857 0.624081 0.0219727 0.0477941
1 0.932861 0.564338 0.0249023 0.0477941
0 0.198486 0.959099 0.027832 0.046875
1 0.0939941 0.0257353 0.0317383 0.0404412
1 0.567871 0.599265 0.0263672 0.0477941
0 0.82666 0.954963 0.0283203 0.0496324
1 0.200684 0.0703125 0.0263672 0.0450368
1 0.258545 0.844669 0.0249023 0.0459559
1 0.195801 0.535846 0.0283203 0.0551471
1 0.824951 0.784007 0.0268555 0.0496324
1 0.825928 0.955882 0.0297852 0.0496324
1 0.234863 0.340074 0.0263672 0.0459559
0 0.828857 0.622702 0.0249023 0.0505515
1 0.207031 0.315257 0.0253906 0.0477941
0 0.0935059 0.540901 0.0258789 0.0450368
1 0.391602 0.54136 0.0205078 0.0386029
1 0.873535 0.733456 0.0263672 0.0477941
1 0.863281 0.861673 0.0234375 0.046875
0 0.93042 0.871783 0.0268555 0.046875
1 0.37793 0.539522 0.0214844 0.0386029
1 0.524658 0.269301 0.0229492 0.0404412
1 0.516113 0.197151 0.0205078 0.0431985
1 0.769531 0.924632 0.0273438 0.0514706
0 0.164307 0.770221 0.0288086 0.0514706
1 0.527588 0.310202 0.0219727 0.0413603
1 0.0949707 0.579044 0.0268555 0.0441176
1 0.981201 0.90671 0.0268555 0.0487132
1 0.39502 0.226562 0.0234375 0.0450368
1 0.567871 0.0882353 0.0234375 0.0441176
1 0.880371 0.826287 0.0234375 0.0459559
1 0.413574 0.920037 0.0224609 0.0459559
1 0.391113 0.871324 0.0234375 0.0496324
1 0.771484 0.743107 0.0244141 0.046875
1 0.542236 0.0565257 0.0249023 0.0450368
1 0.755859 0.789062 0.0244141 0.0450368
1 0.415283 0.457721 0.0249023 0.0459559
1 0.378662 0.368107 0.0249023 0.0431985
1 0.409424 0.340074 0.0239258 0.0441176
1 0.311768 0.245864 0.027832 0.0450368
