1 0.55957 0.611673 0.0273438 0.0505515
0 0.0837402 0.599724 0.0268555 0.0542279
1 0.654785 0.313879 0.0205078 0.046875
1 0.0512695 0.91636 0.03125 0.0496324
0 0.756348 0.790441 0.0273438 0.0533088
0 0.602295 0.0165441 0.0268555 0.0330882
1 0.356201 0.801471 0.0288086 0.0422794
0 0.666016 0.391544 0.0244141 0.0441176
1 0.108643 0.882812 0.0258789 0.0413603
0 0.561035 0.517004 0.0205078 0.0395221
0 0.19458 0.917739 0.0258789 0.0431985
0 0.607422 0.480239 0.0195312 0.0376838
1 0.559814 0.877757 0.0258789 0.0441176
0 0.0737305 0.254136 0.0263672 0.0542279
0 0.108154 0.881434 0.0258789 0.0386029
1 0.799805 0.10432 0.0224609 0.0376838
1 0.359131 0.682445 0.027832 0.0505515
1 0.652832 0.339614 0.0224609 0.0376838
0 0.979736 0.444393 0.0200195 0.0431985
0 0.017334 0.465993 0.0268555 0.0551471
0 0.560303 0.876379 0.0249023 0.0450368
1 0.638672 0.880055 0.0224609 0.0450368
1 0.0112305 0.210478 0.0205078 0.0533088
1 0.601807 0.0147059 0.0258789 0.0294118
1 0.697754 0.378676 0.0244141 0.0404412
0 0.288818 0.773438 0.0229492 0.0431985
1 0.0810547 0.715533 0.0224609 0.0395221
1 0.702881 0.1875 0.0209961 0.0404412
0 0.296631 0.673713 0.0258789 0.0477941
0 0.827148 0.826287 0.0234375 0.0459559
0 0.616699 0.887408 0.0224609 0.0431985
1 0.463135 0.881434 0.0219727 0.0422794
0 0.696533 0.744945 0.0209961 0.046875
1 0.587891 0.212776 0.0214844 0.0413603
0 0.0339355 0.409926 0.0258789 0.0496324
1 0.825684 0.827206 0.0234375 0.0477941
1 0.289062 0.772059 0.0244141 0.0386029
1 0.393311 0.655331 0.0249023 0.0459559
1 0.731689 0.190717 0.0258789 0.0542279
1 0.66626 0.392463 0.0219727 0.0441176
0 0.638184 0.880515 0.0234375 0.0441176
0 0.0141602 0.980699 0.0253906 0.0386029
1 0.766357 0.0859375 0.0200195 0.0413603
0 0.419189 0.963695 0.027832 0.046875
0 0.429932 0.883732 0.0258789 0.0450368
1 0.96875 0.67739 0.0185547 0.0330882
0 0.618896 0.982996 0.0258789 0.0340074
1 0.36377 0.841912 0.0224609 0.0404412
1 0.194336 0.919118 0.0263672 0.0477941
1 0.430176 0.884651 0.0263672 0.0431985
1 0.367432 0.794118 0.0229492 0.0404412
1 0.686279 0.445312 0.0239258 0.0413603
0 0.878906 0.078125 0.0234375 0.0422794
1 0.052002 0.811121 0.0239258 0.0431985
1 0.175537 0.829504 0.0258789 0.046875
0 0.010498 0.210018 0.0209961 0.0505515
0 0.730469 0.189338 0.0263672 0.0477941
1 0.738281 0.913143 0.0292969 0.0487132
1 0.327148 0.624081 0.0253906 0.0441176
1 0.259277 0.845129 0.0283203 0.0487132
0 0.782715 0.682904 0.0263672 0.0477941
0 0.673096 0.709559 0.0239258 0.0459559
0 0.535156 0.503676 0.0253906 0.0422794
1 0.696045 0.744026 0.0239258 0.046875
1 0.572021 0.216912 0.0219727 0.0404412
1 0.0136719 0.97932 0.0273438 0.0413603
1 0.0341797 0.409007 0.0253906 0.0459559
0 0.234131 0.709559 0.0249023 0.0441176
1 0.989746 0.818474 0.0185547 0.0395221
1 0.383545 0.786765 0.0209961 0.0404412
1 0.47998 0.884651 0.0205078 0.0413603
1 0.0180664 0.465533 0.0263672 0.0505515
0 0.738281 0.911765 0.0273438 0.0477941
0 0.559326 0.610754 0.0229492 0.0450368
1 0.673096 0.70818 0.0249023 0.046875
0 0.510498 0.0174632 0.019043 0.0349265
0 0.703857 0.652574 0.0258789 0.0477941
1 0.832031 0.127757 0.0253906 0.0422794
1 0.0581055 0.880974 0.0234375 0.0413603
0 0.359131 0.681985 0.0258789 0.0441176
1 0.0839844 0.601562 0.0244141 0.0505515
1 0.781982 0.683824 0.027832 0.0477941
1 0.838135 0.685662 0.0219727 0.0459559
1 0.297119 0.674173 0.027832 0.0487132
1 0.703125 0.0372243 0.0205078 0.0340074
0 0.29541 0.803309 0.0224609 0.0441176
1 0.580322 0.207721 0.0209961 0.0386029
1 0.802246 0.168199 0.0253906 0.0459559
1 0.660156 0.011489 0.0214844 0.0229779
1 0.763916 0.0450368 0.0219727 0.0404412
0 0.349365 0.80239 0.0219727 0.0459559
1 0.908447 0.506893 0.0249023 0.0413603
1 0.123291 0.473346 0.0239258 0.0422794
0 0.728516 0.636029 0.0224609 0.0459559
1 0.0957031 0.347886 0.0263672 0.046875
1 0.296387 0.803309 0.0244141 0.0441176
1 0.371582 0.536305 0.0253906 0.0487132
1 0.167969 0.773438 0.0253906 0.046875
1 0.52002 0.0721507 0.0234375 0.0431985
1 0.12793 0.828585 0.0253906 0.0505515
1 0.828125 0.625919 0.0214844 0.0477941
1 0.198975 0.361673 0.0239258 0.0413603
0 0.655518 0.310662 0.0219727 0.0386029
1 0.782715 0.589614 0.0263672 0.0431985
1 0.0651855 0.905331 0.0239258 0.0441176
1 0.419434 0.963235 0.0283203 0.0459559
1 0.432129 0.789062 0.0224609 0.0413603
1 0.645264 0.387408 0.0239258 0.0450368
1 0.446533 0.155331 0.0200195 0.0422794
1 0.206543 0.855699 0.0283203 0.0496324
0 0.529785 0.459099 0.0234375 0.0450368
0 0.258057 0.847426 0.0258789 0.0441176
1 0.732666 0.0965074 0.0249023 0.0459559
1 0.762451 0.886489 0.0249023 0.0395221
1 0.564453 0.378217 0.0234375 0.0450368
1 0.886719 0.237132 0.03125 0.0477941
1 0.39502 0.869945 0.0244141 0.046875
1 0.598389 0.301011 0.0229492 0.0431985
1 0.514404 0.682904 0.0288086 0.0496324
1 0.169434 0.0160846 0.0273438 0.0321691
1 0.145996 0.589614 0.0263672 0.0487132
1 0.130859 0.137408 0.0244141 0.0450368
1 0.991455 0.762408 0.0170898 0.0413603
1 0.852295 0.262868 0.0268555 0.0422794
1 0.990723 0.125919 0.0185547 0.0441176
0 0.318848 0.876379 0.0253906 0.0487132
1 0.0734863 0.254596 0.0268555 0.0533088
1 0.755615 0.789062 0.0258789 0.046875
1 0.689453 0.180607 0.0214844 0.0395221
1 0.911621 0.591452 0.0234375 0.0340074
1 0.596436 0.22886 0.0200195 0.0441176
1 0.117676 0.159926 0.0244141 0.0459559
1 0.197266 0.534926 0.0253906 0.0477941
1 0.879883 0.824908 0.0234375 0.0487132
1 0.672363 0.0551471 0.0244141 0.0422794
1 0.460205 0.673254 0.0268555 0.0487132
1 0.160156 0.498162 0.0263672 0.0477941
1 0.991455 0.182445 0.0170898 0.0413603
1 0.376953 0.370864 0.0273438 0.0523897
1 0.877441 0.705423 0.0234375 0.0450368
1 0.0422363 0.930147 0.0239258 0.0441176
1 0.126465 0.503217 0.0214844 0.0450368
1 0.0681152 0.799632 0.0229492 0.0441176
1 0.394531 0.115349 0.0253906 0.046875
1 0.855469 0.679228 0.0214844 0.0422794
1 0.612549 0.252298 0.0219727 0.0413603
1 0.185303 0.461397 0.0258789 0.0477941
1 0.591064 0.365809 0.0239258 0.0441176
1 0.222656 0.0762868 0.0253906 0.0496324
1 0.230469 0.345129 0.0244141 0.046875
1 0.416016 0.78079 0.0224609 0.0450368
1 0.804932 0.23943 0.0258789 0.0431985
1 0.457764 0.106618 0.0249023 0.0441176
1 0.406738 0.347426 0.0273438 0.0477941
1 0.457764 0.171875 0.0200195 0.0422794
1 0.813232 0.444853 0.0268555 0.0441176
1 0.40918 0.205423 0.0253906 0.046875
1 0.519531 0.827206 0.0214844 0.0404412
1 0.992188 0.553768 0.015625 0.0487132
1 0.0927734 0.0349265 0.03125 0.0514706
1 0.941406 0.693015 0.0234375 0.0422794
1 0.919434 0.838695 0.0263672 0.0487132
1 0.776855 0.866268 0.0234375 0.0413603
1 0.402832 0.159926 0.0224609 0.0477941
1 0.832764 0.949449 0.0268555 0.0441176
1 0.914062 0.551011 0.0253906 0.0413603
1 0.145752 0.304228 0.027832 0.0514706
0 0.269531 0.984375 0.0273438 0.03125
1 0.946777 0.316176 0.0263672 0.0459559
1 0.029541 0.886489 0.027832 0.046875
1 0.239014 0.0294118 0.0249023 0.0459559
1 0.532959 0.340074 0.0258789 0.0459559
1 0.796631 0.402574 0.0239258 0.0441176
1 0.931885 0.33318 0.0219727 0.0431985
1 0.576416 0.24954 0.0219727 0.0395221
1 0.943115 0.72886 0.0219727 0.0422794
1 0.714111 0.47932 0.0258789 0.046875
1 0.459229 0.499081 0.0249023 0.0422794
1 0.572266 0.104779 0.0244141 0.0422794
1 0.223877 0.793658 0.0268555 0.046875
1 0.531738 0.806066 0.0234375 0.0422794
1 0.981201 0.736213 0.0219727 0.0386029
1 0.153564 0.228401 0.0268555 0.0505515
1 0.855469 0.867647 0.0263672 0.0477941
1 0.498779 0.175092 0.0249023 0.046875
1 0.281006 0.189798 0.0239258 0.0431985
1 0.109131 0.53079 0.0268555 0.0487132
1 0.531006 0.270221 0.0258789 0.0441176
1 0.0935059 0.813419 0.027832 0.0496324
1 0.132568 0.629596 0.0258789 0.0496324
1 0.183594 0.381434 0.0234375 0.0441176
1 0.960938 0.221507 0.0253906 0.0386029
1 0.408203 0.537684 0.0263672 0.0459559
1 0.361328 0.164522 0.0244141 0.0441176
1 0.678223 0.137408 0.0273438 0.0505515
1 0.306152 0.118566 0.0263672 0.0459559
1 0.804688 0.295496 0.0253906 0.0450368
1 0.332031 0.200827 0.0253906 0.0450368
1 0.780029 0.274816 0.0249023 0.0441176
1 0.972656 0.189338 0.0253906 0.0422794
1 0.31665 0.25 0.0258789 0.0459559
1 0.209717 0.307445 0.0258789 0.0487132
1 0.483643 0.134191 0.0249023 0.0477941
1 0.963867 0.755515 0.0234375 0.0441176
1 0.917969 0.616728 0.0234375 0.0422794
1 0.986816 0.935662 0.0263672 0.0514706
1 0.413574 0.464154 0.0273438 0.0496324
1 0.365967 0.204044 0.0229492 0.0441176
1 0.268555 0.215074 0.0253906 0.0459559
1 0.441895 0.471967 0.0224609 0.0450368
