1 0.387207 0.780331 0.0322266 0.0569853
0 0.524414 0.207261 0.0234375 0.046875
0 0.950684 0.865349 0.0234375 0.0376838
0 0.935059 0.883732 0.0234375 0.0358456
0 0.382812 0.267004 0.0292969 0.0542279
1 0.935059 0.881434 0.0234375 0.0386029
0 0.102295 0.0238971 0.0356445 0.0477941
0 0.189697 0.54182 0.034668 0.0726103
1 0.109863 0.386949 0.0302734 0.0643382
1 0.828857 0.62546 0.0219727 0.0487132
0 0.859375 0.082261 0.0234375 0.046875
1 0.102539 0.0248162 0.0341797 0.0496324
1 0.30957 0.237132 0.0283203 0.0588235
0 0.925049 0.976562 0.0297852 0.046875
1 0.798828 0.928768 0.0244141 0.0487132
1 0.438965 0.880515 0.0302734 0.0588235
0 0.825928 0.954504 0.0249023 0.0450368
0 0.203613 0.957261 0.03125 0.0542279
0 0.259033 0.848805 0.0307617 0.0542279
0 0.798096 0.928768 0.0239258 0.0487132
1 0.800781 0.59375 0.0253906 0.0496324
1 0.924316 0.975184 0.0283203 0.0441176
0 0.841309 0.766085 0.0263672 0.0450368
0 0.800781 0.59421 0.0263672 0.0487132
1 0.957031 0.556985 0.0283203 0.0514706
1 0.258301 0.847886 0.0302734 0.0523897
1 0.825928 0.953125 0.0249023 0.0441176
1 0.872559 0.745864 0.0263672 0.046875
1 0.950684 0.866268 0.0234375 0.0376838
1 0.416504 0.454963 0.0302734 0.0606618
0 0.569824 0.597886 0.0322266 0.0560662
1 0.987549 0.173254 0.0249023 0.0560662
0 0.438965 0.882353 0.0341797 0.0569853
0 0.829102 0.62454 0.0234375 0.0487132
0 0.872559 0.746324 0.0263672 0.0477941
0 0.308594 0.237592 0.0302734 0.0597426
0 0.0849609 0.238051 0.0361328 0.0606618
0 0.164795 0.772978 0.0288086 0.0569853
1 0.91626 0.496783 0.0249023 0.046875
1 0.203613 0.957261 0.03125 0.0560662
1 0.303955 0.90579 0.0288086 0.0560662
0 0.0224609 0.193015 0.0332031 0.0661765
0 0.109131 0.388327 0.0307617 0.0615809
1 0.689941 0.389706 0.03125 0.0661765
1 0.189453 0.54136 0.0341797 0.0661765
