1 0.807861 0.988051 0.027832 0.0238971
1 0.407227 0.201287 0.0273438 0.0533088
1 0.879883 0.824449 0.0234375 0.0441176
1 0.410889 0.539982 0.0268555 0.0431985
1 0.700195 0.451746 0.0234375 0.0358456
1 0.70874 0.472426 0.0209961 0.0386029
1 0.988281 0.818934 0.0205078 0.0441176
1 0.415039 0.459099 0.0273438 0.0450368
1 0.0766602 0.244026 0.0292969 0.0487132
1 0.564453 0.605239 0.0283203 0.046875
1 0.481445 0.131893 0.0195312 0.0395221
1 0.0146484 0.980699 0.0253906 0.0386029
0 0.146484 0.585018 0.0205078 0.0431985
0 0.196533 0.532169 0.0239258 0.0459559
0 0.0148926 0.980699 0.0288086 0.0386029
1 0.1875 0.475643 0.0244141 0.0450368
0 0.187988 0.474265 0.0244141 0.0459559
1 0.248291 0.00827206 0.0258789 0.0165441
0 0.31543 0.88511 0.0253906 0.0459559
0 0.834473 0.862592 0.0205078 0.0413603
1 0.196533 0.931066 0.0249023 0.0422794
0 0.441162 0.88557 0.0288086 0.046875
1 0.156982 0.496783 0.0239258 0.0450368
0 0.019043 0.448989 0.0263672 0.046875
0 0.739502 0.175551 0.0239258 0.0459559
1 0.853271 0.258272 0.0249023 0.0404412
1 0.410156 0.340533 0.0273438 0.046875
0 0.748779 0.922794 0.0249023 0.0459559
1 0.981201 0.736213 0.019043 0.0386029
0 0.501953 0.674173 0.0244141 0.0523897
1 0.739502 0.175551 0.0239258 0.0477941
0 0.730957 0.105699 0.0244141 0.0459559
1 0.730957 0.103401 0.0244141 0.0487132
0 0.469971 0.672794 0.0268555 0.0477941
1 0.992188 0.756893 0.015625 0.0395221
1 0.680176 0.123162 0.0263672 0.0477941
0 0.196777 0.931066 0.0253906 0.0422794
1 0.196289 0.53171 0.0244141 0.0450368
0 0.521973 0.0684743 0.0234375 0.0450368
1 0.371826 0.539062 0.0258789 0.0487132
1 0.259277 0.846507 0.0283203 0.0459559
1 0.783936 0.59329 0.0307617 0.0487132
1 0.571045 0.105699 0.0239258 0.0459559
0 0.469482 0.117647 0.019043 0.0422794
1 0.53418 0.33364 0.0234375 0.0496324
1 0.377686 0.369026 0.0249023 0.0450368
0 0.609375 0.0147059 0.0253906 0.0294118
0 0.39209 0.657629 0.0224609 0.046875
1 0.381104 0.787684 0.0239258 0.0459559
0 0.269043 0.984835 0.0263672 0.0303309
0 0.156494 0.497702 0.0239258 0.046875
0 0.880371 0.823989 0.0234375 0.046875
1 0.313721 0.138787 0.027832 0.0441176
1 0.521484 0.0689338 0.0244141 0.0441176
1 0.589355 0.363051 0.0234375 0.0422794
0 0.406494 0.203125 0.0258789 0.0514706
1 0.440674 0.886949 0.0297852 0.0496324
1 0.0314941 0.409926 0.0249023 0.0441176
0 0.237549 0.710478 0.0249023 0.0422794
1 0.913086 0.5 0.0234375 0.0477941
0 0.410156 0.340074 0.0253906 0.0441176
1 0.470703 0.671415 0.0273438 0.046875
0 0.370361 0.694393 0.0239258 0.0450368
0 0.0766602 0.244026 0.03125 0.0505515
1 0.92334 0.848805 0.0234375 0.0413603
1 0.8125 0.440717 0.0253906 0.0413603
0 0.257324 0.846507 0.0253906 0.0441176
1 0.800781 0.410386 0.0234375 0.0376838
1 0.019043 0.448529 0.0244141 0.0477941
1 0.837646 0.125 0.0249023 0.0459559
1 0.824951 0.954963 0.027832 0.0459559
1 0.0947266 0.352941 0.0273438 0.0477941
1 0.678467 0.0602022 0.0239258 0.0413603
0 0.755615 0.788603 0.0258789 0.0441176
1 0.828857 0.623162 0.0219727 0.0477941
1 0.249023 0.0211397 0.0224609 0.0422794
1 0.146484 0.585478 0.0214844 0.0459559
1 0.651855 0.397518 0.0234375 0.0431985
1 0.876465 0.717831 0.0263672 0.0459559
0 0.0153809 0.199449 0.0288086 0.0569853
1 0.163574 0.772059 0.0253906 0.0459559
1 0.0932617 0.815257 0.0273438 0.0496324
0 0.827393 0.815717 0.0249023 0.046875
1 0.858643 0.0827206 0.0200195 0.0422794
1 0.926514 0.564338 0.0268555 0.0441176
1 0.148438 0.233915 0.0263672 0.0431985
1 0.202881 0.851103 0.0258789 0.0441176
0 0.856201 0.866268 0.0249023 0.0450368
0 0.322266 0.636029 0.0224609 0.0404412
0 0.559814 0.880055 0.0268555 0.0450368
0 0.300049 0.66682 0.0249023 0.046875
1 0.571045 0.389706 0.0229492 0.0404412
1 0.132324 0.612592 0.0224609 0.0431985
1 0.803955 0.173254 0.0249023 0.0431985
1 0.501953 0.674173 0.0253906 0.0505515
1 0.881348 0.0831801 0.0205078 0.0413603
1 0.104492 0.526195 0.0253906 0.046875
1 0.171875 0.0183824 0.0302734 0.0367647
1 0.391602 0.875919 0.0244141 0.0514706
0 0.564941 0.605239 0.0263672 0.046875
1 0.0913086 0.0326287 0.0332031 0.0542279
1 0.335205 0.1875 0.0258789 0.0477941
1 0.213379 0.0790441 0.0253906 0.0514706
1 0.181641 0.835478 0.0244141 0.0459559
1 0.150635 0.295496 0.027832 0.0431985
1 0.226562 0.776654 0.0263672 0.0459559
1 0.61084 0.248162 0.0205078 0.0404412
1 0.0922852 0.601103 0.0244141 0.0477941
1 0.668701 0.392923 0.0219727 0.0431985
1 0.807617 0.115809 0.0234375 0.0441176
1 0.126465 0.824908 0.0263672 0.0487132
1 0.598145 0.230239 0.0205078 0.0413603
1 0.581055 0.248162 0.0234375 0.0422794
1 0.526611 0.269761 0.0249023 0.0487132
1 0.238037 0.345588 0.0288086 0.0514706
1 0.597168 0.298713 0.0234375 0.0422794
1 0.89624 0.105699 0.0219727 0.0422794
1 0.989014 0.175551 0.0219727 0.0477941
1 0.810791 0.301011 0.0268555 0.0431985
1 0.503174 0.175551 0.0239258 0.0477941
1 0.691406 0.38511 0.0253906 0.0459559
1 0.80542 0.211397 0.0249023 0.0422794
1 0.205566 0.313879 0.0253906 0.0487132
1 0.314697 0.248162 0.0258789 0.0459559
1 0.984375 0.921875 0.0263672 0.0514706
1 0.784424 0.27114 0.0258789 0.0477941
1 0.419922 0.949908 0.0263672 0.0505515
