0 0.100098 0.0234375 0.0351562 0.046875
1 0.100098 0.0238971 0.0351562 0.0477941
1 0.933594 0.880515 0.0253906 0.0441176
1 0.858643 0.0845588 0.0219727 0.0459559
1 0.523438 0.20864 0.0175781 0.0404412
0 0.568604 0.597886 0.0288086 0.0487132
0 0.189453 0.540901 0.0332031 0.0670956
0 0.310791 0.897978 0.0297852 0.0533088
0 0.79834 0.595129 0.0283203 0.0487132
0 0.310547 0.241268 0.0302734 0.0505515
1 0.108643 0.386949 0.0297852 0.0625
1 0.568848 0.596507 0.0273438 0.0477941
0 0.921875 0.977022 0.03125 0.0422794
0 0.5354 0.915901 0.0288086 0.0487132
1 0.921875 0.977482 0.0332031 0.0450368
1 0.799316 0.594669 0.0263672 0.0477941
1 0.202148 0.95818 0.03125 0.0542279
0 0.438965 0.881893 0.0263672 0.0487132
0 0.828857 0.772059 0.0297852 0.0551471
0 0.828857 0.623162 0.0249023 0.0496324
1 0.398682 0.335478 0.0258789 0.0422794
1 0.989014 0.172335 0.0219727 0.0505515
0 0.20166 0.95818 0.0283203 0.0487132
1 0.828857 0.625 0.0219727 0.0477941
1 0.943604 0.56296 0.0297852 0.0487132
1 0.811035 0.119485 0.0234375 0.0477941
1 0.528564 0.309283 0.0209961 0.0413603
1 0.917236 0.493566 0.0249023 0.0496324
0 0.0849609 0.238971 0.0341797 0.0606618
0 0.781738 0.921875 0.0322266 0.0514706
1 0.311035 0.242188 0.0302734 0.0505515
1 0.415039 0.454963 0.0234375 0.0441176
1 0.826416 0.954044 0.0297852 0.0514706
1 0.835938 0.12454 0.0234375 0.0450368
0 0.872559 0.746324 0.0283203 0.0496324
1 0.5271 0.270221 0.0209961 0.0386029
0 0.934326 0.883272 0.0249023 0.0422794
0 0.108398 0.388787 0.0292969 0.0606618
0 0.165283 0.772059 0.0288086 0.0496324
0 0.258789 0.847886 0.0263672 0.0505515
1 0.37793 0.367188 0.0244141 0.0450368
1 0.96875 0.879136 0.0253906 0.0487132
1 0.387939 0.25 0.0268555 0.0477941
0 0.0222168 0.192555 0.0327148 0.0652574
0 0.826416 0.953585 0.0297852 0.0523897
1 0.189209 0.54182 0.034668 0.0634191
1 0.689453 0.390165 0.03125 0.0652574
