1 0.0944824 0.540441 0.0258789 0.0551471
1 0.915771 0.982537 0.0297852 0.0349265
1 0.772217 0.741728 0.0200195 0.0441176
1 0.197998 0.959099 0.027832 0.046875
0 0.91626 0.982077 0.0297852 0.0358456
1 0.882812 0.241268 0.0214844 0.046875
0 0.0957031 0.58364 0.0292969 0.0477941
0 0.439941 0.88511 0.0244141 0.0459559
1 0.835938 0.866268 0.0205078 0.0395221
1 0.873535 0.72886 0.0263672 0.0459559
0 0.873535 0.729779 0.0234375 0.0441176
1 0.932861 0.56296 0.0268555 0.0431985
0 0.101807 0.375919 0.0249023 0.0477941
1 0.172119 0.0211397 0.027832 0.0386029
0 0.206299 0.316636 0.0258789 0.0523897
1 0.929688 0.871324 0.0263672 0.0459559
0 0.828857 0.622243 0.0249023 0.0496324
1 0.789307 0.590993 0.0249023 0.0441176
1 0.44043 0.883732 0.0234375 0.046875
1 0.917236 0.492188 0.0297852 0.046875
0 0.0214844 0.194853 0.0263672 0.0514706
1 0.825928 0.955882 0.0297852 0.0477941
1 0.258545 0.84421 0.0249023 0.0450368
0 0.0852051 0.238511 0.0307617 0.0523897
1 0.858643 0.254136 0.0219727 0.0413603
1 0.858643 0.0840993 0.0219727 0.046875
0 0.82666 0.954504 0.0283203 0.0505515
1 0.828857 0.623162 0.0219727 0.0477941
1 0.09375 0.0261949 0.0322266 0.0431985
1 0.809326 0.300092 0.0249023 0.0413603
1 0.203125 0.0730699 0.0263672 0.0450368
1 0.98877 0.173713 0.0224609 0.0496324
1 0.810059 0.116728 0.0205078 0.0441176
1 0.0949707 0.584559 0.027832 0.0477941
0 0.197998 0.95818 0.027832 0.046875
1 0.836914 0.125 0.0234375 0.0441176
1 0.690674 0.387868 0.0268555 0.0477941
0 0.93042 0.869945 0.0268555 0.0487132
1 0.862305 0.862592 0.0234375 0.0487132
1 0.785156 0.272059 0.0234375 0.0477941
1 0.551514 0.89614 0.0258789 0.0422794
1 0.568115 0.599724 0.0258789 0.046875
1 0.826416 0.786765 0.0249023 0.0496324
0 0.202881 0.0707721 0.0249023 0.0477941
1 0.206299 0.315257 0.0249023 0.0477941
0 0.0949707 0.536765 0.0268555 0.0496324
1 0.235596 0.340533 0.0268555 0.046875
1 0.768066 0.924173 0.0263672 0.0523897
1 0.196289 0.532629 0.0273438 0.0523897
1 0.514893 0.194853 0.0219727 0.0459559
1 0.52417 0.269301 0.0229492 0.0404412
1 0.880615 0.826746 0.0249023 0.046875
1 0.391357 0.871783 0.0219727 0.0487132
1 0.415039 0.924173 0.0234375 0.0450368
1 0.528076 0.309743 0.0219727 0.0404412
1 0.538574 0.0569853 0.0263672 0.0441176
1 0.755859 0.789062 0.0244141 0.0450368
0 0.164551 0.769761 0.0302734 0.0523897
1 0.981934 0.909926 0.0283203 0.0514706
1 0.568359 0.0928309 0.0234375 0.0441176
1 0.395752 0.223346 0.0239258 0.0459559
1 0.396973 0.539062 0.0205078 0.0376838
1 0.415283 0.457721 0.0249023 0.0441176
1 0.375488 0.539062 0.0224609 0.0431985
1 0.378662 0.368107 0.0249023 0.0431985
1 0.409668 0.340533 0.0244141 0.0431985
1 0.311523 0.246324 0.0273438 0.0441176
