1 0.792969 0.590074 0.0283203 0.0496324
0 0.233887 0.340074 0.0263672 0.0533088
1 0.77002 0.752757 0.0273438 0.0459559
0 0.859375 0.0850184 0.0253906 0.046875
1 0.835938 0.866728 0.0185547 0.0367647
1 0.92041 0.980699 0.03125 0.0386029
0 0.825684 0.78079 0.0263672 0.046875
1 0.882812 0.242188 0.0205078 0.046875
0 0.917236 0.492647 0.0249023 0.0441176
0 0.198486 0.0657169 0.0258789 0.0450368
1 0.811035 0.116728 0.0205078 0.0441176
0 0.567627 0.596507 0.0288086 0.0533088
1 0.858643 0.255055 0.0200195 0.0413603
0 0.785889 0.27114 0.0229492 0.0459559
1 0.785889 0.27114 0.0229492 0.0459559
0 0.770996 0.924632 0.0263672 0.0514706
0 0.198242 0.95864 0.03125 0.0533088
1 0.09375 0.0275735 0.0332031 0.0477941
1 0.825928 0.955882 0.0297852 0.0496324
1 0.207764 0.315257 0.0268555 0.0514706
1 0.756592 0.789522 0.0249023 0.0441176
1 0.917236 0.492647 0.0297852 0.0477941
0 0.810791 0.118566 0.0219727 0.0459559
0 0.792969 0.591452 0.0263672 0.046875
1 0.233887 0.340993 0.0253906 0.0496324
1 0.83667 0.125 0.0219727 0.0422794
0 0.0852051 0.238511 0.0307617 0.0542279
1 0.439453 0.883732 0.0244141 0.0487132
1 0.19873 0.0657169 0.0263672 0.0450368
1 0.828857 0.623621 0.0219727 0.046875
0 0.689941 0.387408 0.0283203 0.0579044
1 0.806885 0.301011 0.0219727 0.0431985
0 0.0222168 0.194393 0.027832 0.0523897
1 0.989014 0.173254 0.0219727 0.0487132
1 0.546875 0.902114 0.0253906 0.0450368
1 0.568359 0.598805 0.0263672 0.046875
1 0.824951 0.779871 0.0268555 0.0487132
1 0.518066 0.199449 0.0205078 0.0386029
0 0.932861 0.878676 0.0249023 0.0459559
1 0.690186 0.386489 0.027832 0.0560662
0 0.208008 0.316176 0.0263672 0.0533088
1 0.934326 0.565257 0.0249023 0.0459559
1 0.171631 0.0215993 0.0268555 0.0395221
1 0.258789 0.845588 0.0253906 0.0477941
0 0.756592 0.79136 0.0239258 0.0422794
1 0.393799 0.230699 0.0239258 0.0422794
0 0.828857 0.622702 0.0249023 0.0487132
0 0.102783 0.380055 0.0297852 0.0542279
0 0.871826 0.740809 0.0249023 0.0459559
0 0.769775 0.754596 0.0249023 0.0441176
1 0.543213 0.0579044 0.0249023 0.0441176
1 0.872803 0.738511 0.0249023 0.0487132
1 0.52417 0.268842 0.0219727 0.0413603
0 0.826416 0.954963 0.0297852 0.0496324
1 0.198486 0.959559 0.0288086 0.0496324
1 0.770508 0.924632 0.0273438 0.0514706
0 0.164551 0.770221 0.0292969 0.0514706
1 0.193604 0.539522 0.0297852 0.0569853
1 0.527588 0.309743 0.0209961 0.0404412
1 0.567383 0.0845588 0.0234375 0.0422794
1 0.864746 0.860294 0.0234375 0.0459559
1 0.880371 0.826287 0.0234375 0.0459559
1 0.979736 0.902114 0.0268555 0.0505515
1 0.391357 0.871324 0.0229492 0.0496324
1 0.411133 0.915441 0.0234375 0.0422794
1 0.415283 0.457721 0.0258789 0.0477941
1 0.311768 0.245404 0.027832 0.0459559
1 0.378662 0.368107 0.0249023 0.0431985
1 0.409424 0.340074 0.0239258 0.0441176
