0 0.82666 0.954504 0.0283203 0.0542279
0 0.858643 0.0840993 0.0219727 0.046875
0 0.101318 0.0220588 0.0336914 0.0441176
1 0.101807 0.0234375 0.0336914 0.046875
0 0.96167 0.866268 0.027832 0.046875
1 0.0849609 0.238051 0.0341797 0.0625
1 0.438721 0.880974 0.0288086 0.0579044
1 0.811523 0.120404 0.0234375 0.0496324
0 0.189697 0.54136 0.034668 0.0698529
0 0.832764 0.77114 0.0297852 0.0514706
1 0.786377 0.926471 0.0268555 0.0477941
0 0.569336 0.597886 0.03125 0.0523897
0 0.811523 0.118566 0.0234375 0.0477941
0 0.835938 0.123162 0.0214844 0.0477941
1 0.528564 0.273897 0.0229492 0.0404412
1 0.109375 0.387408 0.0292969 0.0634191
0 0.921875 0.977022 0.0292969 0.0459559
0 0.30957 0.23943 0.0302734 0.0542279
0 0.799316 0.595129 0.0283203 0.0487132
1 0.961914 0.871324 0.0234375 0.0422794
1 0.835205 0.125919 0.0219727 0.0459559
1 0.569336 0.596507 0.0273438 0.0496324
1 0.529297 0.305607 0.0214844 0.0431985
1 0.923584 0.976562 0.0297852 0.0431985
0 0.828857 0.623621 0.0249023 0.0487132
1 0.832764 0.77068 0.0297852 0.0542279
1 0.947754 0.561581 0.0263672 0.0477941
1 0.202881 0.957261 0.0297852 0.0523897
1 0.872559 0.745864 0.0283203 0.0487132
0 0.872559 0.746324 0.0283203 0.0496324
1 0.988281 0.172335 0.0234375 0.0505515
0 0.439209 0.882353 0.0327148 0.0569853
0 0.258789 0.846967 0.0273438 0.0505515
1 0.800049 0.595129 0.0268555 0.0487132
1 0.828857 0.625 0.0219727 0.0477941
1 0.91626 0.495864 0.0249023 0.046875
1 0.310303 0.23989 0.0307617 0.0533088
0 0.0849609 0.238051 0.0361328 0.0588235
0 0.201904 0.957261 0.027832 0.0487132
0 0.934326 0.882812 0.0249023 0.0413603
1 0.385742 0.255974 0.0253906 0.046875
1 0.415527 0.455423 0.0234375 0.0450368
0 0.164551 0.772518 0.0283203 0.0542279
0 0.109131 0.389246 0.0288086 0.0615809
0 0.0222168 0.193474 0.0336914 0.0670956
1 0.377441 0.367647 0.0224609 0.0422794
1 0.689941 0.389706 0.0302734 0.0643382
1 0.825928 0.954504 0.0297852 0.0505515
1 0.189453 0.54182 0.0341797 0.0652574
1 0.394775 0.341912 0.0249023 0.0422794
