0 0.0158691 0.980699 0.0307617 0.0386029
1 0.883545 0.101103 0.0200195 0.0404412
1 0.876465 0.724265 0.0263672 0.0441176
0 0.914062 0.981618 0.0283203 0.0330882
1 0.858398 0.253676 0.0234375 0.0367647
1 0.804443 0.988051 0.0297852 0.0238971
1 0.531982 0.320772 0.0229492 0.0404412
0 0.56665 0.598346 0.0297852 0.0533088
1 0.83667 0.865349 0.0219727 0.0395221
0 0.875732 0.724724 0.027832 0.046875
0 0.0200195 0.195772 0.0263672 0.0496324
1 0.0197754 0.194853 0.027832 0.0533088
0 0.163574 0.769761 0.0283203 0.0542279
1 0.164551 0.770221 0.0273438 0.0514706
1 0.88501 0.236673 0.0249023 0.0431985
1 0.205811 0.0776654 0.0258789 0.046875
1 0.196289 0.952206 0.0273438 0.0477941
1 0.553467 0.889706 0.0268555 0.0422794
1 0.0151367 0.982537 0.0273438 0.0349265
0 0.196045 0.951287 0.0297852 0.0514706
1 0.257812 0.84375 0.0253906 0.0441176
1 0.739502 0.149816 0.0219727 0.0386029
1 0.100342 0.365809 0.0239258 0.0441176
1 0.917236 0.492647 0.027832 0.0477941
1 0.829102 0.623162 0.0234375 0.0477941
1 0.172852 0.0202206 0.0292969 0.0404412
1 0.896729 0.107996 0.0219727 0.0413603
1 0.773438 0.723346 0.0234375 0.0441176
1 0.567383 0.600643 0.0273438 0.0487132
1 0.787842 0.592371 0.0258789 0.046875
1 0.399414 0.21829 0.0234375 0.0431985
0 0.206299 0.0776654 0.0258789 0.0487132
1 0.0915527 0.0289522 0.0336914 0.046875
1 0.115967 0.814798 0.0209961 0.0376838
1 0.101074 0.815257 0.0253906 0.0386029
1 0.732178 0.122243 0.0219727 0.0404412
1 0.762939 0.92739 0.0297852 0.0533088
1 0.690918 0.386489 0.0273438 0.0487132
1 0.93042 0.5625 0.0268555 0.0459559
1 0.827393 0.795956 0.0249023 0.0514706
1 0.838379 0.125 0.0234375 0.0459559
1 0.0852051 0.238051 0.0297852 0.0533088
1 0.571289 0.100643 0.0234375 0.046875
1 0.880615 0.825827 0.0249023 0.046875
1 0.988281 0.174632 0.0234375 0.0496324
1 0.755615 0.789522 0.0249023 0.0441176
1 0.147949 0.236673 0.0224609 0.0395221
1 0.859375 0.0845588 0.0214844 0.0441176
1 0.440186 0.884651 0.0249023 0.0487132
1 0.885986 0.0886949 0.0200195 0.0395221
1 0.371582 0.539522 0.0273438 0.0459559
1 0.80957 0.119026 0.0234375 0.0450368
1 0.928955 0.861673 0.0249023 0.046875
1 0.859375 0.862592 0.0253906 0.0505515
1 0.525146 0.268382 0.0249023 0.0459559
1 0.391846 0.872702 0.0229492 0.0487132
1 0.154297 0.261949 0.0205078 0.0367647
1 0.0949707 0.595588 0.0239258 0.0441176
1 0.197021 0.530331 0.0239258 0.0459559
1 0.98291 0.914062 0.0283203 0.0523897
1 0.0981445 0.528033 0.0283203 0.0487132
1 0.825928 0.955882 0.0297852 0.0496324
1 0.810791 0.300092 0.0249023 0.0450368
1 0.785645 0.271599 0.0234375 0.0487132
1 0.509766 0.189338 0.0253906 0.0477941
1 0.186035 0.485294 0.0214844 0.0441176
1 0.311035 0.245864 0.0273438 0.046875
1 0.416748 0.93796 0.0258789 0.0487132
1 0.414795 0.457261 0.0249023 0.0450368
1 0.378174 0.367647 0.0249023 0.0441176
1 0.165283 0.482996 0.0209961 0.0431985
1 0.534424 0.0588235 0.0268555 0.0404412
1 0.205566 0.314798 0.0244141 0.046875
1 0.402588 0.539982 0.0239258 0.0450368
1 0.409912 0.340533 0.0249023 0.0450368
1 0.238525 0.34329 0.027832 0.0505515
