1 0.0991211 0.0243566 0.0361328 0.0487132
1 0.311279 0.896599 0.027832 0.046875
0 0.189453 0.540901 0.0322266 0.0652574
1 0.88208 0.241268 0.0219727 0.046875
0 0.392578 0.872702 0.0224609 0.0505515
1 0.522217 0.207721 0.019043 0.0404412
1 0.569336 0.596967 0.0273438 0.046875
1 0.858643 0.0836397 0.0219727 0.0459559
1 0.777588 0.920956 0.0297852 0.0514706
1 0.797852 0.59329 0.0263672 0.0450368
0 0.539062 0.914062 0.0253906 0.0487132
1 0.85791 0.24954 0.0234375 0.0395221
1 0.406494 0.890625 0.0219727 0.0441176
1 0.53833 0.914062 0.0258789 0.0487132
0 0.567871 0.596967 0.0302734 0.0542279
1 0.920898 0.97886 0.03125 0.0422794
0 0.438965 0.883272 0.0244141 0.0459559
0 0.798096 0.594669 0.0268555 0.0459559
0 0.920898 0.97932 0.03125 0.0413603
1 0.934326 0.880055 0.0249023 0.0431985
1 0.201416 0.95818 0.0307617 0.0523897
1 0.828857 0.624081 0.0219727 0.0459559
1 0.810791 0.119945 0.0219727 0.046875
1 0.391357 0.872243 0.0200195 0.0441176
0 0.200928 0.959559 0.0317383 0.0533088
0 0.933594 0.882812 0.0253906 0.0413603
1 0.916992 0.493566 0.0234375 0.0477941
1 0.989014 0.172794 0.0219727 0.0477941
0 0.258545 0.847426 0.0268555 0.0514706
0 0.82666 0.773438 0.0263672 0.0487132
1 0.943848 0.563419 0.0263672 0.0459559
1 0.835938 0.124081 0.0214844 0.0441176
1 0.525635 0.269761 0.0209961 0.0395221
1 0.528564 0.309743 0.0209961 0.0404412
0 0.828857 0.623621 0.0249023 0.0487132
0 0.0852051 0.23943 0.0336914 0.0597426
0 0.165283 0.772059 0.027832 0.0496324
0 0.872559 0.744026 0.0263672 0.0487132
1 0.785889 0.272978 0.0229492 0.0422794
0 0.777832 0.922335 0.0283203 0.0487132
1 0.415039 0.454963 0.0234375 0.0422794
0 0.10791 0.388327 0.0283203 0.0579044
1 0.388672 0.246783 0.0253906 0.0523897
1 0.971924 0.884191 0.0249023 0.0441176
0 0.0222168 0.193015 0.0327148 0.0643382
1 0.798828 0.296415 0.0244141 0.0413603
1 0.310791 0.243566 0.0288086 0.0477941
1 0.377686 0.368566 0.0249023 0.0459559
1 0.689941 0.389246 0.0302734 0.0634191
0 0.826416 0.954504 0.0297852 0.0523897
1 0.189209 0.54182 0.0327148 0.0615809
1 0.405273 0.337316 0.0234375 0.0422794
