0 0.171875 0.0206801 0.0292969 0.0413603
1 0.805664 0.988051 0.03125 0.0238971
0 0.56665 0.596048 0.0288086 0.0523897
1 0.0935059 0.542279 0.0258789 0.0551471
1 0.0209961 0.193934 0.0273438 0.0551471
0 0.439941 0.88511 0.0244141 0.0459559
0 0.0959473 0.581801 0.027832 0.0459559
0 0.0217285 0.194393 0.0258789 0.0505515
0 0.872559 0.731158 0.0234375 0.0431985
1 0.882812 0.242188 0.0214844 0.046875
1 0.790039 0.590993 0.0244141 0.0441176
0 0.789795 0.592831 0.0249023 0.0441176
1 0.198242 0.959559 0.0283203 0.0477941
0 0.0852051 0.238051 0.0307617 0.0533088
0 0.101562 0.37546 0.0253906 0.0505515
1 0.916992 0.982077 0.03125 0.0358456
0 0.82666 0.954504 0.0283203 0.0505515
1 0.917236 0.492188 0.0297852 0.046875
1 0.933594 0.563419 0.0253906 0.0422794
1 0.835938 0.866268 0.0205078 0.0395221
1 0.172119 0.0211397 0.027832 0.0386029
1 0.858643 0.254596 0.0219727 0.0422794
1 0.858643 0.0840993 0.0219727 0.046875
0 0.206543 0.317096 0.0263672 0.0514706
0 0.828857 0.622243 0.0249023 0.0496324
1 0.202393 0.0721507 0.0268555 0.0450368
1 0.808594 0.299632 0.0234375 0.0404412
1 0.771484 0.742647 0.0214844 0.0459559
1 0.873535 0.730239 0.0263672 0.046875
1 0.440186 0.883732 0.0239258 0.046875
1 0.810059 0.116728 0.0205078 0.0441176
1 0.828857 0.623621 0.0219727 0.046875
1 0.929688 0.871324 0.0263672 0.0459559
1 0.98877 0.173254 0.0224609 0.0487132
1 0.690674 0.387408 0.0268555 0.0505515
0 0.197998 0.959099 0.027832 0.046875
1 0.258545 0.84421 0.0249023 0.0450368
1 0.836914 0.125 0.0234375 0.0441176
1 0.785156 0.272059 0.0244141 0.0477941
1 0.567871 0.599724 0.0263672 0.046875
1 0.0939941 0.0261949 0.0317383 0.0431985
0 0.93042 0.870864 0.0268555 0.0487132
0 0.201172 0.0721507 0.0253906 0.0450368
1 0.825928 0.955882 0.0297852 0.0496324
1 0.0952148 0.581801 0.0273438 0.0459559
1 0.206543 0.315257 0.0253906 0.0477941
1 0.825684 0.786305 0.0263672 0.0487132
1 0.196289 0.533548 0.0283203 0.0542279
1 0.550781 0.89614 0.0253906 0.0422794
1 0.862305 0.861673 0.0234375 0.046875
0 0.0942383 0.538603 0.0273438 0.0477941
1 0.235596 0.340533 0.0268555 0.046875
1 0.514893 0.195312 0.0209961 0.0450368
1 0.768555 0.925092 0.0273438 0.0523897
1 0.524414 0.269301 0.0234375 0.0404412
1 0.391357 0.871783 0.0219727 0.0487132
1 0.528076 0.309743 0.0219727 0.0404412
1 0.880371 0.826746 0.0234375 0.046875
1 0.414551 0.921875 0.0224609 0.0441176
1 0.755859 0.789062 0.0244141 0.0450368
0 0.164551 0.769761 0.0292969 0.0523897
1 0.376221 0.539522 0.0219727 0.0404412
1 0.395508 0.224265 0.0234375 0.0459559
1 0.395508 0.540441 0.0205078 0.0367647
1 0.539795 0.058364 0.0258789 0.0450368
1 0.568359 0.0914522 0.0244141 0.0450368
1 0.415283 0.457721 0.0249023 0.0441176
1 0.981934 0.909007 0.0263672 0.0514706
1 0.378662 0.368107 0.0249023 0.0431985
1 0.409668 0.340533 0.0244141 0.0431985
1 0.311523 0.245864 0.0273438 0.0450368
