1 0.450439 0.505515 0.019043 0.0367647
0 0.355225 0.799173 0.0239258 0.0413603
1 0.563721 0.610294 0.0239258 0.0459559
1 0.835938 0.983456 0.0292969 0.0294118
0 0.619873 0.982996 0.0307617 0.0284926
1 0.761963 0.0680147 0.0219727 0.0477941
1 0.233887 0.349265 0.0234375 0.0441176
1 0.854004 0.0772059 0.0205078 0.0404412
1 0.0769043 0.246324 0.0297852 0.0514706
1 0.0341797 0.903952 0.0292969 0.0615809
0 0.393311 0.657169 0.0239258 0.0459559
0 0.878906 0.0818015 0.0234375 0.0404412
1 0.853271 0.680147 0.0219727 0.0330882
1 0.938965 0.713235 0.0185547 0.0404412
1 0.191406 0.376379 0.0234375 0.0340074
1 0.364258 0.688419 0.0273438 0.0496324
1 0.879639 0.0790441 0.0200195 0.0386029
1 0.659424 0.0128676 0.0200195 0.0257353
0 0.364258 0.68796 0.0253906 0.0505515
1 0.463623 0.670496 0.0239258 0.046875
1 0.984375 0.765625 0.0205078 0.0386029
0 0.4646 0.670956 0.0258789 0.0477941
1 0.989014 0.820772 0.019043 0.0441176
0 0.235107 0.710938 0.0249023 0.046875
1 0.960205 0.213235 0.0219727 0.0349265
1 0.761719 0.884191 0.0214844 0.0367647
1 0.125 0.490349 0.0234375 0.0523897
1 0.833496 0.866268 0.0185547 0.0376838
1 0.259277 0.846967 0.0283203 0.0487132
1 0.53833 0.5 0.0229492 0.0422794
0 0.325195 0.630974 0.0253906 0.0450368
1 0.195801 0.367188 0.0214844 0.0376838
1 0.607666 0.0160846 0.0249023 0.0321691
1 0.532471 0.461397 0.0239258 0.0441176
1 0.381592 0.786765 0.0249023 0.0459559
0 0.0761719 0.247702 0.0302734 0.0487132
1 0.457031 0.496324 0.0224609 0.0404412
1 0.734375 0.182445 0.0214844 0.0450368
1 0.672852 0.712316 0.0234375 0.0441176
1 0.377686 0.371324 0.0258789 0.0459559
1 0.372803 0.536765 0.027832 0.0477941
1 0.0183105 0.462316 0.0268555 0.0533088
1 0.176025 0.829504 0.0249023 0.0431985
1 0.885986 0.236673 0.027832 0.0450368
1 0.910889 0.501838 0.0249023 0.0422794
0 0.298584 0.670956 0.0288086 0.0477941
1 0.978271 0.439338 0.0249023 0.0441176
1 0.510742 0.679688 0.0273438 0.046875
1 0.708008 0.652574 0.0234375 0.0422794
1 0.171143 0.0160846 0.027832 0.0321691
1 0.0944824 0.350184 0.0288086 0.0477941
0 0.0129395 0.203125 0.0249023 0.0569853
1 0.088623 0.599724 0.0249023 0.0487132
1 0.944336 0.321232 0.0234375 0.0413603
0 0.27002 0.984375 0.0273438 0.03125
1 0.410645 0.538143 0.0253906 0.0431985
1 0.730469 0.101103 0.0234375 0.0459559
1 0.991699 0.761029 0.0166016 0.0404412
1 0.828125 0.823529 0.0214844 0.0477941
1 0.092041 0.0344669 0.0327148 0.0542279
1 0.7771 0.872702 0.0209961 0.0395221
1 0.679688 0.133272 0.0253906 0.0441176
1 0.195312 0.928309 0.0253906 0.0441176
1 0.157715 0.500919 0.0224609 0.0459559
0 0.258301 0.846507 0.0263672 0.0422794
1 0.197021 0.533088 0.0258789 0.0459559
1 0.394775 0.872702 0.0268555 0.0505515
1 0.970947 0.19761 0.0219727 0.0386029
1 0.646973 0.389706 0.0234375 0.0441176
1 0.876465 0.712316 0.0234375 0.0422794
1 0.767334 0.0854779 0.0209961 0.0386029
1 0.0927734 0.81204 0.0273438 0.0487132
0 0.315918 0.880055 0.0253906 0.0487132
1 0.712891 0.476562 0.0253906 0.0395221
1 0.851562 0.261949 0.0263672 0.0422794
1 0.780029 0.689798 0.0268555 0.0487132
1 0.676514 0.058364 0.0229492 0.0395221
1 0.439453 0.883732 0.0273438 0.0487132
1 0.360352 0.170037 0.0234375 0.0422794
1 0.917969 0.554228 0.0234375 0.0422794
1 0.80249 0.169577 0.0229492 0.0450368
1 0.74292 0.91636 0.0239258 0.0459559
1 0.152344 0.22886 0.0273438 0.0514706
1 0.833496 0.126838 0.0234375 0.0422794
1 0.416992 0.959559 0.0273438 0.0477941
1 0.992676 0.545496 0.0146484 0.046875
1 0.0317383 0.409926 0.0253906 0.0459559
1 0.588623 0.362132 0.0239258 0.0441176
1 0.145508 0.587776 0.0253906 0.046875
1 0.690918 0.446232 0.0234375 0.0450368
1 0.572266 0.104779 0.0234375 0.0404412
1 0.612549 0.251838 0.0200195 0.0404412
1 0.879883 0.823529 0.0234375 0.0459559
1 0.186768 0.466912 0.0268555 0.0477941
1 0.694824 0.735754 0.0205078 0.046875
1 0.933594 0.330882 0.0205078 0.0386029
1 0.759766 0.0537684 0.0214844 0.0395221
1 0.520508 0.0698529 0.0234375 0.0422794
1 0.205566 0.85432 0.0273438 0.0450368
1 0.128418 0.828585 0.0263672 0.0505515
1 0.0141602 0.980699 0.0244141 0.0386029
1 0.783447 0.59421 0.0258789 0.0431985
1 0.725342 0.634191 0.0209961 0.0404412
1 0.309326 0.130055 0.0288086 0.0505515
1 0.855469 0.867647 0.0253906 0.0459559
1 0.797363 0.407169 0.0224609 0.0404412
1 0.92041 0.842831 0.0263672 0.0441176
1 0.164307 0.772518 0.0258789 0.0487132
1 0.146484 0.303309 0.0263672 0.0496324
1 0.990967 0.176011 0.0180664 0.0450368
1 0.755859 0.789062 0.0253906 0.0450368
1 0.224365 0.787224 0.027832 0.0487132
1 0.828125 0.62454 0.0253906 0.0523897
1 0.407959 0.204044 0.0258789 0.0459559
1 0.692139 0.384651 0.0239258 0.0450368
1 0.414551 0.460478 0.0263672 0.0496324
1 0.668457 0.392004 0.0224609 0.0431985
1 0.964844 0.752298 0.0253906 0.0431985
1 0.534668 0.339154 0.0234375 0.0441176
1 0.0385742 0.920496 0.0263672 0.0450368
1 0.80542 0.230239 0.0239258 0.0450368
1 0.459473 0.110294 0.0234375 0.0496324
1 0.807617 0.298254 0.0234375 0.0413603
1 0.597168 0.22932 0.0205078 0.0431985
1 0.782471 0.272978 0.0258789 0.0459559
1 0.598145 0.299632 0.0244141 0.0441176
1 0.217773 0.0749081 0.0244141 0.0487132
1 0.500244 0.174173 0.0258789 0.0450368
1 0.568359 0.388327 0.0234375 0.0413603
1 0.444824 0.473805 0.0224609 0.0413603
1 0.82666 0.954504 0.0263672 0.0450368
1 0.408203 0.342831 0.0263672 0.0459559
1 0.39502 0.121783 0.0244141 0.0431985
1 0.803223 0.106618 0.0234375 0.0441176
1 0.813232 0.442555 0.0249023 0.0413603
1 0.361084 0.201746 0.0229492 0.0431985
1 0.0305176 0.88511 0.0258789 0.0422794
1 0.577881 0.25 0.0219727 0.0459559
1 0.132568 0.62454 0.0268555 0.0487132
1 0.108398 0.528952 0.0273438 0.0505515
1 0.483643 0.132353 0.0239258 0.0459559
1 0.315918 0.24954 0.0263672 0.0450368
1 0.207031 0.3125 0.0244141 0.0477941
1 0.985107 0.931066 0.0249023 0.0514706
1 0.402588 0.159467 0.0219727 0.0450368
1 0.333496 0.194853 0.0253906 0.0459559
1 0.980469 0.734375 0.0214844 0.0386029
1 0.528809 0.270221 0.0244141 0.0459559
1 0.244385 0.0252757 0.0258789 0.0450368
