1 0.0280762 0.424632 0.0249023 0.0588235
1 0.806885 0.988051 0.0297852 0.0238971
1 0.401611 0.349265 0.0405273 0.0477941
1 0.611084 0.0128676 0.0249023 0.0257353
1 0.588379 0.36489 0.0244141 0.0422794
1 0.138916 0.602022 0.0239258 0.0496324
1 0.731934 0.11489 0.0224609 0.0441176
1 0.387939 0.700368 0.019043 0.0367647
1 0.871826 0.117647 0.019043 0.0386029
1 0.170166 0.801471 0.0219727 0.0459559
1 0.558594 0.880974 0.0292969 0.0487132
0 0.834473 0.862592 0.0205078 0.0413603
1 0.680664 0.107996 0.0234375 0.0395221
0 0.678467 0.0592831 0.0209961 0.0413603
1 0.740234 0.167279 0.0253906 0.0441176
0 0.911865 0.983915 0.0297852 0.0321691
0 0.776367 0.710018 0.0234375 0.0450368
0 0.44043 0.884651 0.0273438 0.046875
1 0.879883 0.824449 0.0234375 0.0459559
1 0.408691 0.538603 0.0224609 0.0404412
0 0.731934 0.115349 0.0244141 0.0450368
0 0.828857 0.621783 0.0249023 0.0505515
0 0.587891 0.36443 0.0234375 0.0376838
0 0.877441 0.720588 0.0263672 0.0477941
0 0.857666 0.863971 0.0249023 0.0477941
0 0.753418 0.922794 0.0283203 0.0477941
0 0.880371 0.824908 0.0234375 0.0505515
1 0.856201 0.251838 0.0249023 0.0441176
0 0.825684 0.955423 0.0283203 0.0487132
1 0.404785 0.207721 0.0244141 0.0496324
1 0.474854 0.669118 0.0209961 0.0422794
1 0.37793 0.691636 0.0234375 0.0450368
1 0.439453 0.88557 0.0273438 0.046875
1 0.317383 0.647518 0.0234375 0.0431985
1 0.828857 0.622243 0.0219727 0.0477941
1 0.806152 0.184283 0.0234375 0.0413603
1 0.916504 0.494485 0.0283203 0.0477941
0 0.785645 0.59421 0.0283203 0.046875
1 0.825928 0.955882 0.0297852 0.0477941
0 0.826416 0.806526 0.0249023 0.0523897
1 0.534912 0.330882 0.0249023 0.0496324
1 0.678711 0.0606618 0.0234375 0.0404412
1 0.300781 0.667279 0.0234375 0.0441176
1 0.574219 0.391085 0.0214844 0.0358456
0 0.558105 0.883732 0.0263672 0.0450368
1 0.236816 0.712776 0.0244141 0.0450368
1 0.414062 0.457261 0.0253906 0.0450368
1 0.25708 0.844669 0.0258789 0.0459559
0 0.755615 0.788603 0.0249023 0.0441176
1 0.196289 0.941176 0.0273438 0.0477941
1 0.838379 0.12454 0.0234375 0.0450368
1 0.929688 0.564338 0.0253906 0.0441176
1 0.37085 0.539522 0.0258789 0.0459559
1 0.571533 0.102941 0.0249023 0.0459559
1 0.381348 0.786765 0.0224609 0.0422794
1 0.522705 0.0689338 0.0239258 0.0459559
1 0.410645 0.340074 0.0263672 0.0459559
1 0.495117 0.670956 0.0234375 0.0441176
1 0.390381 0.660846 0.0229492 0.0422794
1 0.88208 0.0863971 0.0219727 0.0422794
1 0.691162 0.386489 0.0258789 0.046875
0 0.565918 0.602022 0.0273438 0.0459559
1 0.925781 0.85432 0.0263672 0.046875
1 0.391357 0.874081 0.0229492 0.0496324
1 0.0178223 0.196232 0.0249023 0.0505515
1 0.858643 0.0831801 0.0200195 0.0431985
1 0.525391 0.268382 0.0253906 0.0477941
1 0.753174 0.923713 0.0268555 0.0514706
1 0.0778809 0.238971 0.0258789 0.0477941
1 0.0932617 0.601103 0.0214844 0.0422794
1 0.0146484 0.981618 0.0253906 0.0367647
1 0.809326 0.117647 0.0219727 0.0441176
1 0.0905762 0.0326287 0.0327148 0.0487132
1 0.811768 0.301011 0.0249023 0.0431985
1 0.315186 0.153952 0.0229492 0.0450368
1 0.210693 0.0790441 0.0258789 0.0514706
1 0.172119 0.0188419 0.0297852 0.0376838
1 0.196777 0.530331 0.0224609 0.0422794
1 0.596191 0.295496 0.0244141 0.0450368
1 0.0964355 0.357996 0.0249023 0.0450368
1 0.988281 0.174632 0.0234375 0.0514706
1 0.897705 0.106618 0.0219727 0.0441176
1 0.101807 0.523438 0.0239258 0.046875
1 0.377686 0.368566 0.0249023 0.0441176
1 0.785645 0.272059 0.0244141 0.0459559
1 0.14624 0.586397 0.0200195 0.0441176
1 0.419678 0.944853 0.0258789 0.0477941
1 0.805664 0.210018 0.0234375 0.0413603
1 0.505859 0.178768 0.0263672 0.046875
1 0.1875 0.482077 0.0244141 0.0450368
1 0.03125 0.409926 0.0224609 0.0404412
1 0.582764 0.246324 0.0239258 0.0441176
1 0.147949 0.234375 0.0253906 0.0441176
1 0.132568 0.608915 0.0209961 0.0413603
1 0.335205 0.183364 0.0249023 0.0450368
1 0.0231934 0.439338 0.0229492 0.0441176
1 0.122559 0.821691 0.0253906 0.0441176
1 0.158447 0.490809 0.0219727 0.0404412
1 0.0944824 0.815257 0.027832 0.0496324
1 0.23877 0.346048 0.0273438 0.0505515
1 0.98291 0.919118 0.0283203 0.0551471
1 0.164062 0.77068 0.0263672 0.0450368
1 0.228271 0.767463 0.0249023 0.0441176
1 0.1521 0.285386 0.0249023 0.0413603
1 0.313477 0.247243 0.0253906 0.0441176
1 0.205566 0.313879 0.0244141 0.046875
