1 0.395752 0.355699 0.0375977 0.0496324
1 0.857666 0.250919 0.0219727 0.0386029
1 0.3125 0.893382 0.0273438 0.0477941
0 0.0961914 0.0257353 0.0283203 0.0441176
0 0.544434 0.904412 0.0302734 0.0477941
0 0.858643 0.0840993 0.0200195 0.0450368
0 0.543945 0.0588235 0.0234375 0.0404412
0 0.804443 0.303309 0.0219727 0.0441176
0 0.785889 0.273897 0.0249023 0.0422794
1 0.93457 0.879596 0.0234375 0.0422794
1 0.772949 0.921875 0.0273438 0.0514706
1 0.0964355 0.0243566 0.0297852 0.0450368
1 0.259033 0.846507 0.0268555 0.0496324
1 0.92041 0.97886 0.03125 0.0422794
1 0.828857 0.623162 0.0219727 0.0477941
0 0.689453 0.388787 0.0292969 0.0606618
1 0.810791 0.119945 0.0219727 0.0450368
1 0.544434 0.904871 0.0263672 0.046875
0 0.258789 0.846507 0.0253906 0.0514706
1 0.104004 0.381893 0.0292969 0.0579044
1 0.786133 0.272518 0.0234375 0.0450368
1 0.825928 0.955882 0.0297852 0.0514706
1 0.917236 0.492647 0.0297852 0.0477941
0 0.933594 0.881434 0.0234375 0.0422794
0 0.773438 0.921875 0.0292969 0.0514706
0 0.567627 0.597426 0.0297852 0.0533088
0 0.920898 0.980699 0.03125 0.0386029
0 0.796143 0.592831 0.0249023 0.0459559
1 0.989014 0.172335 0.0219727 0.0487132
0 0.438965 0.88557 0.0234375 0.046875
0 0.199219 0.95818 0.03125 0.0523897
0 0.564209 0.0790441 0.0219727 0.0441176
1 0.519531 0.201287 0.0224609 0.0422794
1 0.568848 0.597886 0.0273438 0.0487132
1 0.9375 0.565257 0.0263672 0.0477941
0 0.171631 0.0229779 0.0288086 0.0422794
1 0.83667 0.12454 0.0219727 0.0431985
0 0.0849609 0.238971 0.03125 0.0551471
1 0.524658 0.269761 0.0229492 0.0413603
1 0.824219 0.777114 0.0253906 0.046875
1 0.171387 0.0220588 0.0283203 0.0422794
0 0.75708 0.789062 0.0239258 0.0413603
1 0.199219 0.957721 0.0292969 0.0514706
1 0.528564 0.310202 0.0219727 0.0413603
1 0.866455 0.857077 0.0219727 0.046875
1 0.879639 0.827206 0.0249023 0.0441176
0 0.0222168 0.193474 0.0297852 0.0579044
0 0.229736 0.337776 0.0229492 0.0523897
1 0.410645 0.908088 0.0224609 0.0477941
0 0.871826 0.743566 0.0268555 0.0459559
1 0.804688 0.301471 0.0234375 0.0459559
1 0.872559 0.741268 0.0263672 0.0505515
0 0.194092 0.0615809 0.027832 0.0477941
0 0.826416 0.954044 0.0297852 0.0514706
0 0.828857 0.622702 0.0249023 0.0487132
0 0.104736 0.382812 0.027832 0.0523897
0 0.164795 0.77068 0.0288086 0.0505515
0 0.769531 0.763327 0.0253906 0.0431985
1 0.689941 0.386949 0.0302734 0.0606618
1 0.391357 0.871783 0.0229492 0.0487132
1 0.311035 0.244945 0.0273438 0.046875
1 0.415771 0.454963 0.0249023 0.0459559
1 0.392822 0.233456 0.0258789 0.0477941
1 0.976562 0.893842 0.0263672 0.046875
0 0.209961 0.318015 0.0253906 0.0514706
1 0.378174 0.368566 0.0258789 0.0459559
1 0.408936 0.340074 0.0239258 0.0459559
1 0.189697 0.54182 0.0307617 0.0560662
