0 0.533691 0.632353 0.0273438 0.0294118
0 0.574219 0.255055 0.0175781 0.0340074
0 0.174805 0.368107 0.0195312 0.0376838
0 0.806396 0.253676 0.0219727 0.0294118
0 0.207275 0.851562 0.0170898 0.0376838
0 0.204102 0.704963 0.0205078 0.0386029
0 0.957764 0.317555 0.0170898 0.0376838
0 0.724365 0.303309 0.0170898 0.0330882
0 0.692627 0.295496 0.0180664 0.0321691
0 0.552246 0.515625 0.0185547 0.0349265
0 0.395508 0.112592 0.0166016 0.0358456
0 0.691162 0.741268 0.0180664 0.0431985
0 0.70459 0.263327 0.0166016 0.0358456
0 0.649902 0.618107 0.0185547 0.0450368
0 0.271484 0.983915 0.0214844 0.0321691
0 0.473877 0.275735 0.0180664 0.0367647
