1 0.0974121 0.579044 0.0249023 0.0753676
1 0.857666 0.253217 0.0219727 0.0358456
1 0.805664 0.988511 0.03125 0.0229779
1 0.876465 0.723805 0.0263672 0.0431985
1 0.83667 0.865349 0.0219727 0.0395221
0 0.56665 0.597886 0.0288086 0.0523897
1 0.23584 0.723346 0.0224609 0.0349265
1 0.533203 0.323989 0.0214844 0.0450368
0 0.914062 0.982077 0.0283203 0.0340074
0 0.876465 0.723805 0.0283203 0.046875
1 0.142334 0.590993 0.0200195 0.0422794
1 0.553955 0.888327 0.0268555 0.0431985
1 0.917236 0.493107 0.027832 0.046875
1 0.787598 0.592831 0.0263672 0.0477941
1 0.566895 0.600643 0.0273438 0.046875
1 0.773926 0.720588 0.0244141 0.0459559
1 0.82666 0.796875 0.0263672 0.0496324
1 0.132324 0.60386 0.0205078 0.0404412
1 0.828857 0.623162 0.0219727 0.0477941
1 0.400391 0.215074 0.0253906 0.0459559
1 0.755615 0.789522 0.0249023 0.0441176
1 0.93042 0.5625 0.0268555 0.0459559
1 0.880371 0.825827 0.0234375 0.046875
1 0.0151367 0.981158 0.0273438 0.0376838
1 0.533203 0.0620404 0.0253906 0.0413603
1 0.0195312 0.195772 0.0253906 0.0514706
1 0.838379 0.12454 0.0234375 0.0450368
1 0.207275 0.078125 0.0249023 0.0459559
1 0.257568 0.84375 0.0249023 0.0441176
1 0.172119 0.0202206 0.027832 0.0404412
1 0.896729 0.107077 0.0219727 0.0431985
1 0.196533 0.949449 0.027832 0.0496324
1 0.571289 0.102941 0.0234375 0.0459559
1 0.69043 0.386029 0.0273438 0.0496324
1 0.76001 0.926471 0.0288086 0.0533088
1 0.0913086 0.0294118 0.0341797 0.0477941
1 0.858398 0.861673 0.0234375 0.046875
1 0.731201 0.119026 0.0219727 0.0431985
1 0.233643 0.757812 0.0219727 0.0395221
1 0.740967 0.152114 0.0219727 0.0395221
1 0.988281 0.175092 0.0234375 0.0487132
1 0.859375 0.0840993 0.0214844 0.0431985
1 0.825928 0.955882 0.0297852 0.0496324
1 0.525146 0.268842 0.0249023 0.046875
1 0.98291 0.914522 0.0283203 0.0514706
1 0.809082 0.118566 0.0224609 0.0441176
1 0.0979004 0.815257 0.0258789 0.0459559
1 0.0849609 0.237132 0.0292969 0.0533088
1 0.117432 0.817096 0.0219727 0.0441176
1 0.440186 0.884651 0.0258789 0.0450368
1 0.371582 0.539522 0.0263672 0.0441176
1 0.884277 0.0882353 0.0205078 0.0422794
1 0.39209 0.873621 0.0224609 0.0487132
1 0.928955 0.859835 0.0249023 0.0487132
1 0.196777 0.530331 0.0234375 0.0441176
1 0.508545 0.18704 0.0249023 0.046875
1 0.164307 0.77068 0.0268555 0.0505515
1 0.098877 0.526195 0.027832 0.0487132
1 0.186523 0.484835 0.0224609 0.0450368
1 0.0947266 0.598805 0.0234375 0.0431985
1 0.811768 0.300092 0.0249023 0.0450368
1 0.414795 0.457721 0.0239258 0.0441176
1 0.785645 0.271599 0.0234375 0.0487132
1 0.16333 0.482537 0.0229492 0.0441176
1 0.378174 0.367647 0.0249023 0.0441176
1 0.148193 0.236213 0.0229492 0.0404412
1 0.41626 0.940257 0.0258789 0.0496324
1 0.0991211 0.36489 0.0253906 0.0459559
1 0.409912 0.339614 0.0249023 0.0450368
1 0.311035 0.245404 0.0273438 0.0496324
1 0.238525 0.34375 0.027832 0.0496324
1 0.404541 0.539062 0.0239258 0.0450368
1 0.205322 0.315257 0.0239258 0.0459559
1 0.154541 0.267923 0.0219727 0.0413603
