1 0.0151367 0.97886 0.0292969 0.0422794
0 0.032959 0.410846 0.0239258 0.0441176
1 0.162109 0.768382 0.0263672 0.0496324
1 0.807861 0.988051 0.0297852 0.0238971
0 0.80835 0.436121 0.0219727 0.0376838
1 0.564453 0.604779 0.0263672 0.0441176
0 0.40625 0.203585 0.0263672 0.0523897
0 0.0922852 0.600184 0.0224609 0.0441176
0 0.610596 0.0128676 0.0249023 0.0257353
1 0.879883 0.824449 0.0234375 0.0459559
0 0.0957031 0.35432 0.0244141 0.0450368
0 0.0944824 0.815717 0.0288086 0.0542279
0 0.314453 0.886949 0.0253906 0.0422794
0 0.522217 0.0684743 0.0258789 0.0450368
0 0.825684 0.955882 0.0263672 0.0477941
1 0.132324 0.610754 0.0224609 0.0413603
0 0.77832 0.704504 0.0234375 0.0431985
0 0.834473 0.862592 0.0205078 0.0413603
0 0.440674 0.884191 0.0297852 0.0514706
1 0.877197 0.71829 0.0249023 0.046875
0 0.0148926 0.980699 0.0288086 0.0386029
1 0.0314941 0.410846 0.0239258 0.0422794
0 0.132812 0.611213 0.0214844 0.0422794
0 0.410156 0.340074 0.0253906 0.0459559
0 0.677979 0.0592831 0.0219727 0.0413603
1 0.259521 0.846507 0.027832 0.0459559
1 0.146484 0.584559 0.0214844 0.0441176
1 0.381104 0.786765 0.0229492 0.0441176
1 0.371826 0.539522 0.0258789 0.0459559
0 0.268066 0.985754 0.0283203 0.0284926
0 0.0202637 0.445772 0.0249023 0.0441176
1 0.406006 0.203585 0.0258789 0.0487132
0 0.828125 0.621783 0.0253906 0.0505515
1 0.0202637 0.445312 0.0229492 0.0450368
1 0.414795 0.45864 0.0268555 0.0441176
0 0.877441 0.71875 0.0283203 0.0477941
1 0.750732 0.921875 0.0249023 0.0496324
1 0.824951 0.955882 0.027832 0.0477941
1 0.125244 0.824449 0.0268555 0.0496324
1 0.730957 0.104779 0.0244141 0.0477941
1 0.410156 0.340533 0.0273438 0.046875
0 0.750732 0.920956 0.0249023 0.0514706
1 0.534668 0.331801 0.0244141 0.0514706
1 0.572021 0.103401 0.0258789 0.0450368
1 0.589111 0.363511 0.0239258 0.0413603
1 0.854004 0.257353 0.0234375 0.0422794
0 0.472168 0.671875 0.0234375 0.0477941
0 0.0769043 0.242647 0.0307617 0.0496324
1 0.471924 0.671875 0.0229492 0.0477941
1 0.829102 0.622702 0.0234375 0.046875
1 0.925781 0.852022 0.0253906 0.0441176
0 0.373535 0.692555 0.0224609 0.0431985
1 0.185547 0.838695 0.0234375 0.0413603
1 0.440186 0.88557 0.0288086 0.046875
0 0.197021 0.53125 0.0229492 0.0422794
1 0.739746 0.172335 0.0244141 0.0487132
0 0.16333 0.772059 0.0249023 0.0477941
1 0.678467 0.0597426 0.0239258 0.0422794
0 0.39209 0.658088 0.0224609 0.0441176
1 0.0957031 0.355239 0.0263672 0.046875
0 0.146484 0.585478 0.0205078 0.0422794
1 0.103271 0.524816 0.0249023 0.0459559
1 0.928223 0.564338 0.0263672 0.0441176
1 0.521973 0.0693934 0.0244141 0.0450368
0 0.188477 0.477022 0.0244141 0.0459559
1 0.914795 0.496783 0.027832 0.0487132
1 0.202881 0.850643 0.0229492 0.0413603
0 0.880371 0.823989 0.0234375 0.0487132
0 0.257324 0.844669 0.0253906 0.0441176
1 0.499756 0.673713 0.0249023 0.0514706
0 0.237305 0.710938 0.0253906 0.0413603
0 0.500488 0.673254 0.0234375 0.0523897
0 0.156982 0.494026 0.0239258 0.0450368
1 0.21167 0.0795037 0.0258789 0.0505515
1 0.09375 0.815257 0.0283203 0.0514706
1 0.651855 0.397518 0.0224609 0.0431985
1 0.838135 0.125 0.0249023 0.0441176
0 0.755615 0.788603 0.0258789 0.0441176
0 0.196289 0.935202 0.0244141 0.0413603
0 0.857178 0.865349 0.0249023 0.046875
0 0.785156 0.595129 0.0292969 0.0450368
0 0.826416 0.811121 0.0249023 0.0505515
1 0.148193 0.234375 0.0268555 0.0422794
1 0.314209 0.143382 0.0239258 0.0477941
1 0.609863 0.247243 0.0205078 0.0386029
1 0.572021 0.390165 0.0219727 0.0395221
1 0.599121 0.231158 0.0195312 0.0395221
0 0.559326 0.881434 0.0258789 0.0459559
1 0.37793 0.369026 0.0253906 0.0450368
1 0.0927734 0.601562 0.0234375 0.0450368
0 0.0163574 0.19807 0.0258789 0.0505515
0 0.300537 0.66636 0.0239258 0.0459559
0 0.565186 0.60432 0.0268555 0.0450368
1 0.172119 0.0183824 0.0297852 0.0367647
1 0.881104 0.0850184 0.0219727 0.0413603
1 0.0913086 0.0321691 0.0332031 0.0533088
1 0.151611 0.292739 0.027832 0.0431985
1 0.858643 0.0831801 0.0200195 0.0431985
1 0.667969 0.393382 0.0214844 0.0422794
1 0.391602 0.875 0.0234375 0.0496324
1 0.804932 0.176471 0.0229492 0.0422794
1 0.226318 0.772978 0.0249023 0.0459559
0 0.321289 0.640625 0.0234375 0.0422794
1 0.238281 0.346507 0.0273438 0.0514706
1 0.80835 0.118107 0.0219727 0.0431985
1 0.596436 0.296875 0.0229492 0.0441176
1 0.526123 0.268842 0.0258789 0.0487132
1 0.811523 0.30193 0.0253906 0.0431985
1 0.335449 0.185202 0.0253906 0.046875
1 0.989014 0.175092 0.0219727 0.0487132
1 0.691406 0.38557 0.0253906 0.046875
1 0.582031 0.247243 0.0234375 0.0422794
1 0.896973 0.106618 0.0234375 0.0441176
1 0.205811 0.313419 0.0249023 0.0477941
1 0.80542 0.211397 0.0249023 0.0422794
1 0.503906 0.176011 0.0253906 0.0487132
1 0.785156 0.27114 0.0253906 0.0459559
1 0.983643 0.920496 0.027832 0.0542279
1 0.419678 0.947151 0.0258789 0.0487132
1 0.314209 0.247243 0.0258789 0.0441176
