1 0.878906 0.0795037 0.0214844 0.0395221
1 0.0766602 0.248162 0.0283203 0.0514706
1 0.853027 0.0785846 0.0205078 0.0413603
1 0.405273 0.174632 0.0234375 0.0533088
1 0.124023 0.476103 0.0224609 0.0441176
1 0.275391 0.198529 0.0195312 0.0386029
1 0.450684 0.509651 0.0195312 0.0376838
0 0.41748 0.962776 0.0283203 0.046875
1 0.393066 0.657629 0.0244141 0.0450368
1 0.361816 0.685202 0.0283203 0.0523897
1 0.561279 0.610754 0.0229492 0.0450368
0 0.125244 0.484835 0.0209961 0.0505515
0 0.734375 0.184283 0.0214844 0.046875
1 0.116943 0.161305 0.0229492 0.0413603
0 0.362305 0.686121 0.0283203 0.0505515
1 0.618896 0.884191 0.0219727 0.0367647
1 0.468994 0.116268 0.0327148 0.0487132
0 0.116455 0.160846 0.0219727 0.0441176
0 0.0180664 0.462776 0.0273438 0.0523897
0 0.619141 0.984375 0.0283203 0.03125
1 0.12793 0.139246 0.0224609 0.0395221
0 0.463623 0.671415 0.0268555 0.046875
1 0.064209 0.80193 0.0239258 0.0413603
1 0.733154 0.184743 0.0219727 0.0441176
1 0.660156 0.0133272 0.0205078 0.0266544
0 0.878906 0.0804228 0.0234375 0.0413603
1 0.985107 0.765625 0.0200195 0.0367647
0 0.828857 0.824908 0.0219727 0.046875
1 0.092041 0.0349265 0.0317383 0.0533088
1 0.0864258 0.599724 0.0244141 0.046875
0 0.0927734 0.813419 0.0263672 0.0496324
1 0.381836 0.787224 0.0214844 0.0413603
1 0.259521 0.846048 0.0288086 0.0487132
1 0.462891 0.671875 0.0253906 0.0459559
1 0.0180664 0.463695 0.0263672 0.0523897
1 0.0930176 0.8125 0.0268555 0.0477941
1 0.979004 0.441176 0.0234375 0.0404412
0 0.325439 0.629596 0.0249023 0.0441176
1 0.187744 0.379136 0.0229492 0.0413603
0 0.0866699 0.600184 0.0249023 0.0496324
1 0.989014 0.818934 0.019043 0.0422794
0 0.197266 0.532169 0.0234375 0.0459559
1 0.170898 0.015625 0.0273438 0.03125
1 0.538086 0.50046 0.0234375 0.0431985
1 0.125732 0.493107 0.0229492 0.0523897
1 0.175781 0.828585 0.0263672 0.046875
1 0.632324 0.880974 0.0205078 0.0395221
1 0.840576 0.683824 0.0219727 0.0404412
1 0.531982 0.461397 0.0239258 0.0441176
0 0.352783 0.801471 0.0219727 0.0459559
1 0.742188 0.914522 0.0244141 0.0459559
1 0.672852 0.711397 0.0234375 0.0459559
1 0.706299 0.654412 0.0239258 0.0441176
1 0.158203 0.49954 0.0224609 0.0450368
1 0.667969 0.392923 0.0224609 0.0450368
1 0.197266 0.533088 0.0253906 0.0441176
1 0.0949707 0.350184 0.0268555 0.0459559
1 0.372803 0.536305 0.027832 0.0487132
1 0.730957 0.100184 0.0244141 0.0459559
0 0.0759277 0.249081 0.027832 0.0496324
1 0.828125 0.823989 0.0214844 0.046875
1 0.646484 0.389706 0.0253906 0.0441176
1 0.727295 0.63511 0.0229492 0.0441176
1 0.436768 0.882353 0.0258789 0.0477941
1 0.37793 0.371324 0.0263672 0.0496324
1 0.693604 0.383272 0.0249023 0.0459559
1 0.146729 0.588235 0.0229492 0.0477941
1 0.510498 0.681526 0.0268555 0.046875
1 0.885986 0.236673 0.0297852 0.0450368
1 0.195068 0.925551 0.0249023 0.0441176
0 0.092041 0.0363051 0.0336914 0.0505515
1 0.606201 0.0151654 0.0249023 0.0303309
1 0.781006 0.6875 0.0258789 0.0477941
1 0.231934 0.347886 0.0224609 0.046875
1 0.45752 0.498162 0.0234375 0.0404412
1 0.712891 0.476562 0.0253906 0.0431985
1 0.0324707 0.409926 0.0249023 0.0441176
1 0.910156 0.503676 0.0253906 0.0441176
1 0.589111 0.362132 0.0249023 0.0441176
1 0.128662 0.828585 0.0258789 0.0505515
1 0.761963 0.884191 0.0219727 0.0367647
1 0.990967 0.761029 0.0180664 0.0404412
1 0.152832 0.228401 0.0273438 0.0505515
1 0.960938 0.215993 0.0214844 0.0349265
1 0.80249 0.169118 0.0229492 0.0459559
1 0.187012 0.465074 0.0263672 0.0477941
1 0.395264 0.872243 0.0268555 0.0514706
0 0.258057 0.846507 0.0258789 0.0422794
1 0.992676 0.547794 0.0146484 0.0459559
0 0.269775 0.984375 0.027832 0.03125
1 0.854004 0.681066 0.0205078 0.0386029
0 0.298096 0.671875 0.027832 0.0477941
1 0.833008 0.129596 0.0234375 0.0404412
1 0.879883 0.824449 0.0234375 0.0459559
1 0.690186 0.446232 0.0239258 0.0450368
0 0.012207 0.205882 0.0224609 0.0514706
1 0.851562 0.261949 0.0263672 0.0422794
1 0.766846 0.0850184 0.0200195 0.0395221
1 0.613037 0.252298 0.0209961 0.0413603
1 0.694824 0.73989 0.0205078 0.0459559
1 0.783447 0.59375 0.0258789 0.0441176
1 0.520508 0.0703125 0.0234375 0.0431985
1 0.410156 0.537684 0.0263672 0.0459559
1 0.855469 0.867647 0.0253906 0.0459559
1 0.53418 0.339154 0.0234375 0.0441176
0 0.316406 0.880055 0.0253906 0.0487132
0 0.235107 0.710478 0.0249023 0.0459559
1 0.945312 0.318015 0.0253906 0.0422794
1 0.678711 0.13511 0.0273438 0.0459559
1 0.205811 0.855239 0.027832 0.046875
1 0.755859 0.789062 0.0253906 0.0450368
1 0.877441 0.710478 0.0234375 0.0422794
1 0.777588 0.870864 0.0219727 0.0395221
1 0.0144043 0.980699 0.0249023 0.0386029
1 0.360352 0.167739 0.0253906 0.0431985
1 0.407715 0.34329 0.0263672 0.0450368
1 0.458496 0.108915 0.0244141 0.046875
1 0.165039 0.772518 0.0253906 0.0487132
1 0.30835 0.127757 0.0268555 0.0514706
1 0.760986 0.0491728 0.0219727 0.0395221
1 0.971191 0.196232 0.0234375 0.0376838
1 0.828125 0.624081 0.0253906 0.0514706
1 0.407959 0.204504 0.0258789 0.046875
1 0.991455 0.176471 0.0170898 0.0441176
1 0.417969 0.960938 0.0273438 0.0487132
1 0.675293 0.0579044 0.0244141 0.0422794
1 0.108643 0.529412 0.0258789 0.0477941
1 0.920166 0.841912 0.0249023 0.0459559
1 0.224121 0.788143 0.0263672 0.0450368
1 0.806885 0.297794 0.0239258 0.0422794
1 0.797119 0.40579 0.0229492 0.0413603
1 0.572266 0.10432 0.0244141 0.0413603
1 0.597412 0.22886 0.0209961 0.0422794
1 0.444336 0.471967 0.0234375 0.0431985
1 0.804443 0.232077 0.0239258 0.0450368
1 0.781982 0.273897 0.0258789 0.0459559
1 0.598145 0.300551 0.0244141 0.0441176
1 0.146973 0.303768 0.0253906 0.046875
1 0.197754 0.365809 0.0224609 0.0386029
1 0.567139 0.386949 0.0239258 0.0422794
1 0.0402832 0.922794 0.0258789 0.0441176
1 0.132812 0.62546 0.0253906 0.046875
1 0.932861 0.330882 0.0219727 0.0404412
1 0.5 0.175092 0.0263672 0.046875
1 0.39502 0.119485 0.0244141 0.0441176
1 0.803223 0.10432 0.0234375 0.0431985
1 0.813232 0.442555 0.0249023 0.0413603
1 0.414551 0.462316 0.0263672 0.0496324
1 0.220459 0.0758272 0.0268555 0.0487132
1 0.964111 0.753676 0.0249023 0.0422794
1 0.577881 0.24954 0.0219727 0.046875
1 0.828857 0.954044 0.0268555 0.0441176
1 0.362549 0.202665 0.0229492 0.0413603
1 0.0305176 0.88511 0.0258789 0.0441176
1 0.985107 0.931985 0.0249023 0.0514706
1 0.916504 0.55239 0.0234375 0.0441176
1 0.483154 0.133732 0.0239258 0.046875
1 0.316406 0.25 0.0253906 0.0441176
1 0.529297 0.269301 0.0234375 0.0459559
1 0.332764 0.19807 0.0249023 0.0450368
1 0.981201 0.734375 0.0219727 0.0386029
1 0.20752 0.310662 0.0234375 0.0459559
1 0.403076 0.159007 0.0229492 0.0459559
1 0.242188 0.0261949 0.0253906 0.046875
