1 0.311523 0.896599 0.0273438 0.0487132
0 0.179932 0.0317096 0.0385742 0.0523897
0 0.189697 0.540901 0.0327148 0.0634191
1 0.522217 0.207721 0.019043 0.0404412
1 0.858643 0.0831801 0.0219727 0.0450368
0 0.538818 0.914062 0.0258789 0.0487132
1 0.88208 0.241268 0.0219727 0.046875
1 0.797852 0.59375 0.0263672 0.0441176
1 0.568848 0.596967 0.0263672 0.046875
1 0.934326 0.880055 0.0249023 0.0431985
1 0.858643 0.252298 0.0219727 0.0395221
1 0.537842 0.914062 0.0249023 0.046875
1 0.920898 0.97886 0.03125 0.0422794
0 0.438965 0.883272 0.0244141 0.0459559
0 0.567627 0.596967 0.0307617 0.0542279
0 0.797852 0.594669 0.0273438 0.0459559
1 0.180908 0.0340074 0.0405273 0.0514706
1 0.201172 0.95818 0.0302734 0.0523897
1 0.40625 0.889706 0.0224609 0.0441176
1 0.391357 0.871324 0.0200195 0.0441176
1 0.810791 0.119945 0.0219727 0.046875
0 0.920898 0.97932 0.03125 0.0413603
1 0.828857 0.62454 0.0219727 0.046875
0 0.201172 0.95818 0.0273438 0.0487132
1 0.916992 0.493566 0.0234375 0.0477941
1 0.989014 0.172335 0.0219727 0.0487132
0 0.258301 0.847426 0.0263672 0.0514706
0 0.933594 0.882812 0.0253906 0.0413603
1 0.943848 0.563419 0.0263672 0.0459559
1 0.835938 0.12454 0.0234375 0.0431985
0 0.82666 0.772518 0.0283203 0.0487132
1 0.528564 0.309743 0.0209961 0.0404412
0 0.828857 0.623162 0.0249023 0.0477941
1 0.525635 0.269761 0.0209961 0.0395221
0 0.165283 0.772059 0.027832 0.0496324
0 0.872559 0.744945 0.0263672 0.0487132
0 0.0849609 0.238971 0.0332031 0.0588235
1 0.785889 0.272978 0.0229492 0.0422794
0 0.777832 0.921875 0.0283203 0.0496324
0 0.10791 0.388327 0.0283203 0.0579044
1 0.970947 0.884191 0.0249023 0.0441176
1 0.415039 0.454963 0.0234375 0.0422794
1 0.388672 0.246783 0.0253906 0.0523897
0 0.0219727 0.192555 0.0322266 0.0634191
1 0.689941 0.389246 0.0302734 0.0634191
1 0.798096 0.295496 0.0239258 0.0413603
1 0.310791 0.243566 0.0288086 0.0459559
1 0.377686 0.369026 0.0249023 0.0450368
0 0.826416 0.954504 0.0297852 0.0523897
1 0.189453 0.542279 0.0332031 0.0625
1 0.404785 0.336857 0.0234375 0.0431985
