0 0.097168 0.0243566 0.0292969 0.0450368
1 0.0976562 0.0238971 0.0322266 0.0477941
1 0.858643 0.0845588 0.0200195 0.0459559
1 0.311523 0.894761 0.0283203 0.0487132
1 0.165039 0.772059 0.0283203 0.0551471
1 0.882812 0.241728 0.0214844 0.0477941
0 0.179443 0.0340074 0.0356445 0.0514706
1 0.858643 0.252757 0.0219727 0.0404412
0 0.40918 0.898438 0.0205078 0.0450368
0 0.82666 0.775735 0.0283203 0.0477941
0 0.391357 0.870404 0.0209961 0.0459559
0 0.920898 0.97886 0.03125 0.0422794
1 0.258789 0.846967 0.0273438 0.0505515
1 0.824951 0.774357 0.0268555 0.0487132
1 0.409668 0.899816 0.0224609 0.0441176
1 0.568848 0.597426 0.0273438 0.0477941
0 0.567627 0.597426 0.0307617 0.0551471
1 0.521484 0.205423 0.0205078 0.0431985
0 0.258789 0.847426 0.0263672 0.0514706
1 0.826416 0.954963 0.0297852 0.0533088
1 0.172119 0.0211397 0.0288086 0.0422794
1 0.797607 0.592371 0.0268555 0.046875
1 0.810791 0.119945 0.0219727 0.046875
0 0.200439 0.959559 0.0317383 0.0533088
1 0.7771 0.920956 0.0288086 0.0514706
0 0.438965 0.884651 0.0234375 0.046875
1 0.200439 0.95864 0.0288086 0.0496324
1 0.87793 0.827206 0.0234375 0.0441176
0 0.871826 0.743566 0.0268555 0.0514706
1 0.828857 0.623621 0.0219727 0.0487132
1 0.934326 0.879596 0.0249023 0.0422794
1 0.525391 0.27068 0.0214844 0.0395221
1 0.540771 0.910846 0.0249023 0.0459559
1 0.921143 0.978401 0.0327148 0.0431985
0 0.776855 0.921875 0.0273438 0.0496324
1 0.989014 0.172335 0.0219727 0.0487132
1 0.836914 0.124081 0.0234375 0.0441176
0 0.828857 0.623162 0.0249023 0.0496324
1 0.917236 0.493566 0.0249023 0.0496324
1 0.528564 0.310202 0.0219727 0.0413603
1 0.869629 0.846507 0.0234375 0.0441176
1 0.872559 0.743107 0.0263672 0.0505515
0 0.165039 0.77114 0.0283203 0.0496324
0 0.172119 0.0229779 0.0288086 0.0422794
0 0.189453 0.0482537 0.0273438 0.0487132
0 0.826416 0.954504 0.0297852 0.0523897
0 0.0849609 0.238971 0.0322266 0.0569853
1 0.941406 0.563879 0.0292969 0.0523897
1 0.39209 0.872243 0.0224609 0.0459559
0 0.0219727 0.193934 0.03125 0.0606618
1 0.311768 0.243566 0.027832 0.0459559
1 0.785645 0.272518 0.0234375 0.0450368
1 0.416016 0.454963 0.0244141 0.0459559
0 0.105957 0.386029 0.0283203 0.0551471
1 0.973389 0.886489 0.0249023 0.0413603
1 0.801758 0.300092 0.0244141 0.0431985
1 0.390381 0.242188 0.0268555 0.0523897
1 0.37793 0.368566 0.0253906 0.0459559
1 0.689941 0.389246 0.03125 0.0634191
1 0.407959 0.339154 0.0239258 0.0459559
1 0.189209 0.54182 0.0317383 0.0597426
