0 0.835205 0.122702 0.0219727 0.046875
1 0.30957 0.238971 0.0292969 0.0569853
1 0.102051 0.0234375 0.0332031 0.046875
0 0.858643 0.0836397 0.0219727 0.0459559
0 0.834229 0.769761 0.0297852 0.0487132
0 0.960205 0.868566 0.0249023 0.0422794
1 0.833496 0.767004 0.0283203 0.0505515
1 0.948486 0.560662 0.0249023 0.0477941
0 0.101562 0.0225184 0.0341797 0.0450368
1 0.56958 0.596048 0.027832 0.0505515
0 0.189697 0.54182 0.034668 0.0707721
0 0.82666 0.954044 0.0283203 0.0514706
0 0.789795 0.925092 0.0268555 0.0505515
0 0.922607 0.976562 0.027832 0.0431985
0 0.799316 0.595588 0.0283203 0.0514706
1 0.923584 0.975643 0.0297852 0.0431985
0 0.569092 0.597426 0.0288086 0.0514706
0 0.872559 0.746324 0.0283203 0.0477941
1 0.385254 0.255974 0.0283203 0.0487132
1 0.960938 0.869945 0.0253906 0.0413603
1 0.828857 0.62454 0.0219727 0.0487132
1 0.988281 0.172335 0.0234375 0.0505515
1 0.203125 0.957261 0.0302734 0.0542279
1 0.800049 0.594669 0.0268555 0.0496324
0 0.310059 0.23943 0.0302734 0.0560662
0 0.828857 0.623621 0.0249023 0.0505515
1 0.91626 0.495864 0.0249023 0.046875
0 0.93457 0.882812 0.0234375 0.0395221
1 0.872559 0.745864 0.0263672 0.046875
0 0.818848 0.121324 0.0234375 0.0477941
0 0.439209 0.881434 0.0336914 0.0569853
0 0.202393 0.957261 0.027832 0.0505515
0 0.259033 0.846967 0.027832 0.0505515
0 0.164795 0.772518 0.027832 0.0542279
1 0.415771 0.454963 0.0249023 0.0477941
0 0.0849609 0.23943 0.0341797 0.0615809
1 0.377197 0.367647 0.0219727 0.0422794
1 0.689941 0.389246 0.0302734 0.0652574
0 0.108887 0.387868 0.0292969 0.0606618
1 0.825684 0.954504 0.0283203 0.0505515
1 0.392578 0.341912 0.0234375 0.0441176
1 0.189209 0.542279 0.034668 0.0661765
0 0.0222168 0.193015 0.0336914 0.0661765
