1 0.892822 0.120404 0.0219727 0.0386029
1 0.878906 0.0804228 0.0214844 0.0395221
1 0.98999 0.820772 0.0170898 0.0441176
0 0.726562 0.633272 0.0214844 0.0422794
0 0.619629 0.983915 0.0322266 0.0248162
0 0.561279 0.519301 0.0209961 0.0386029
1 0.673828 0.713695 0.0214844 0.0450368
0 0.440186 0.884651 0.0288086 0.0505515
1 0.985107 0.764706 0.0200195 0.0367647
1 0.397461 0.141544 0.0234375 0.0514706
1 0.125488 0.488971 0.0214844 0.0514706
0 0.854736 0.0772059 0.0219727 0.0404412
1 0.381104 0.785846 0.0249023 0.0459559
1 0.854736 0.0776654 0.0200195 0.0413603
0 0.195801 0.92739 0.0244141 0.0422794
1 0.833496 0.863971 0.0185547 0.0404412
1 0.454346 0.490809 0.0209961 0.0404412
1 0.921875 0.558824 0.0253906 0.0367647
1 0.828125 0.822151 0.0214844 0.046875
1 0.0766602 0.246324 0.0302734 0.0533088
1 0.013916 0.202665 0.0249023 0.0560662
0 0.608887 0.0137868 0.0244141 0.0275735
0 0.828857 0.823529 0.0219727 0.0459559
1 0.977295 0.436121 0.0268555 0.0450368
1 0.196533 0.533088 0.0249023 0.0441176
1 0.856445 0.867188 0.0234375 0.0487132
0 0.856201 0.867647 0.0268555 0.0459559
0 0.559814 0.877298 0.0268555 0.0450368
0 0.196777 0.533088 0.0244141 0.0477941
1 0.709717 0.650735 0.0229492 0.0404412
0 0.536377 0.49954 0.0249023 0.0431985
1 0.259521 0.846967 0.0288086 0.046875
0 0.381348 0.788143 0.0263672 0.046875
1 0.910889 0.499081 0.0249023 0.0441176
0 0.563477 0.610754 0.0234375 0.0450368
0 0.673096 0.713235 0.0229492 0.0422794
0 0.879883 0.082261 0.0234375 0.0395221
1 0.735352 0.179228 0.0234375 0.0459559
0 0.392578 0.657629 0.0234375 0.0450368
1 0.377441 0.370404 0.0253906 0.0441176
1 0.186279 0.46921 0.0258789 0.046875
1 0.520752 0.0693934 0.0229492 0.0431985
1 0.410645 0.539062 0.0244141 0.046875
1 0.885986 0.236213 0.0268555 0.0441176
1 0.767578 0.0859375 0.0205078 0.0395221
1 0.72998 0.102482 0.0234375 0.0450368
0 0.0136719 0.202206 0.0263672 0.0588235
0 0.509033 0.680147 0.0258789 0.0459559
1 0.196045 0.931066 0.0258789 0.0441176
1 0.359131 0.171875 0.0209961 0.0386029
1 0.879883 0.823529 0.0234375 0.0459559
1 0.744141 0.920037 0.0253906 0.0422794
1 0.647705 0.390625 0.0229492 0.0441176
1 0.692383 0.446232 0.0234375 0.0450368
1 0.446045 0.476562 0.0200195 0.0376838
1 0.677246 0.0588235 0.0224609 0.0404412
1 0.439697 0.886029 0.0288086 0.0514706
1 0.991699 0.761029 0.0166016 0.0404412
1 0.414551 0.459559 0.0263672 0.0477941
1 0.589355 0.363971 0.0224609 0.0441176
1 0.876465 0.713695 0.0234375 0.0413603
1 0.0944824 0.351103 0.027832 0.0477941
1 0.755615 0.79136 0.0258789 0.0459559
1 0.156982 0.501379 0.0229492 0.046875
1 0.726562 0.634191 0.0214844 0.0422794
1 0.571045 0.105699 0.0219727 0.0404412
1 0.372559 0.537224 0.0273438 0.0505515
1 0.393311 0.871324 0.027832 0.0551471
1 0.921143 0.84421 0.0268555 0.0431985
1 0.76001 0.0556066 0.0209961 0.0395221
1 0.712646 0.475643 0.0249023 0.0376838
1 0.693115 0.731158 0.0219727 0.0450368
1 0.780029 0.692096 0.0249023 0.0477941
0 0.235596 0.711397 0.0249023 0.0459559
0 0.269775 0.984375 0.0268555 0.03125
1 0.835205 0.125919 0.0249023 0.0422794
0 0.076416 0.246783 0.0317383 0.0542279
0 0.465088 0.670956 0.0249023 0.0477941
1 0.679932 0.129596 0.0249023 0.0422794
1 0.798096 0.408088 0.0209961 0.0386029
1 0.1521 0.229779 0.027832 0.0514706
1 0.0183105 0.459099 0.0258789 0.0487132
1 0.224609 0.785386 0.0273438 0.0487132
1 0.804688 0.109375 0.0234375 0.0441176
0 0.533203 0.462316 0.0234375 0.0422794
0 0.258057 0.846507 0.0258789 0.0422794
1 0.851562 0.261949 0.0263672 0.0422794
1 0.234131 0.348346 0.0249023 0.0496324
1 0.829102 0.625919 0.0234375 0.0496324
0 0.324463 0.632812 0.0239258 0.0431985
1 0.359131 0.199449 0.0200195 0.0422794
1 0.145752 0.587316 0.0249023 0.0459559
0 0.365234 0.689338 0.0244141 0.0477941
1 0.204834 0.85386 0.0258789 0.0441176
1 0.163818 0.772518 0.0258789 0.0487132
0 0.316162 0.881893 0.0249023 0.046875
1 0.783447 0.59421 0.0258789 0.0431985
1 0.147461 0.30193 0.0263672 0.046875
1 0.534424 0.338235 0.0229492 0.0441176
1 0.395264 0.126838 0.0209961 0.0404412
1 0.0900879 0.599724 0.0249023 0.0487132
1 0.992188 0.54182 0.015625 0.046875
1 0.176758 0.829963 0.0244141 0.0422794
1 0.990967 0.176011 0.0180664 0.046875
1 0.309814 0.129136 0.0268555 0.0487132
1 0.668701 0.391544 0.0219727 0.0404412
1 0.408936 0.342831 0.0268555 0.0459559
1 0.0317383 0.410386 0.0253906 0.0450368
1 0.612305 0.250919 0.0195312 0.0386029
1 0.569824 0.389706 0.0234375 0.0404412
1 0.80249 0.170496 0.0229492 0.0450368
1 0.964844 0.748162 0.0234375 0.0441176
1 0.813232 0.442555 0.0249023 0.0413603
1 0.825928 0.954044 0.0297852 0.0441176
1 0.460205 0.110294 0.0219727 0.0459559
1 0.128174 0.829044 0.0258789 0.0514706
1 0.418457 0.957261 0.0273438 0.0505515
1 0.0141602 0.981158 0.0244141 0.0376838
1 0.407471 0.204504 0.0258789 0.0450368
0 0.298584 0.670037 0.0288086 0.0459559
1 0.0922852 0.81204 0.0263672 0.046875
1 0.0910645 0.0349265 0.0356445 0.0569853
1 0.691895 0.384651 0.0244141 0.0431985
1 0.171387 0.0174632 0.0273438 0.0349265
1 0.598389 0.300092 0.0239258 0.0431985
1 0.10791 0.529871 0.0263672 0.046875
1 0.80957 0.299173 0.0244141 0.0395221
1 0.402588 0.159926 0.0219727 0.0441176
1 0.0305176 0.884651 0.0249023 0.0413603
1 0.597656 0.230239 0.0195312 0.0413603
1 0.501221 0.174173 0.0249023 0.0450368
1 0.578369 0.25 0.0219727 0.0441176
1 0.132812 0.622243 0.0253906 0.0459559
1 0.80542 0.227022 0.0249023 0.0441176
1 0.216797 0.0772059 0.0253906 0.0477941
1 0.0368652 0.917739 0.0258789 0.0413603
1 0.782959 0.271599 0.0258789 0.0450368
1 0.206787 0.313419 0.0258789 0.0477941
1 0.33374 0.193015 0.0258789 0.0459559
1 0.48291 0.131893 0.0224609 0.0450368
1 0.245117 0.0252757 0.0253906 0.0450368
1 0.315674 0.24954 0.0268555 0.046875
1 0.980469 0.734835 0.0214844 0.0395221
1 0.52832 0.27068 0.0234375 0.046875
1 0.984375 0.930147 0.0263672 0.0533088
