1 0.138428 0.602022 0.0239258 0.0496324
1 0.731934 0.115349 0.0224609 0.0450368
1 0.588135 0.36489 0.0249023 0.0422794
1 0.388184 0.700368 0.0185547 0.0367647
0 0.654297 0.011489 0.0283203 0.0229779
1 0.558594 0.880974 0.0292969 0.0487132
0 0.376953 0.692096 0.0224609 0.0459559
0 0.404297 0.207721 0.0263672 0.0533088
0 0.740723 0.16682 0.0244141 0.0450368
1 0.681641 0.10432 0.0234375 0.0413603
1 0.170898 0.804228 0.0214844 0.0441176
0 0.834473 0.862592 0.0185547 0.0413603
0 0.572754 0.392004 0.0195312 0.0358456
1 0.740234 0.167279 0.0253906 0.0441176
0 0.912354 0.983456 0.0297852 0.0330882
0 0.680664 0.107996 0.0234375 0.0395221
1 0.408691 0.538603 0.0224609 0.0404412
1 0.404785 0.207721 0.0244141 0.0496324
0 0.440186 0.884651 0.0288086 0.0505515
0 0.776855 0.710018 0.0234375 0.0450368
1 0.856201 0.252298 0.0249023 0.0431985
0 0.877441 0.720588 0.0263672 0.0477941
1 0.879883 0.824908 0.0234375 0.0450368
1 0.317871 0.647059 0.0234375 0.0422794
0 0.678467 0.0597426 0.0219727 0.0422794
0 0.731934 0.115349 0.0244141 0.0450368
1 0.37793 0.691176 0.0234375 0.0441176
0 0.857178 0.863971 0.0249023 0.0477941
1 0.301025 0.66682 0.0229492 0.0431985
1 0.829102 0.622243 0.0234375 0.0477941
1 0.474854 0.669577 0.0209961 0.0413603
0 0.880371 0.824908 0.0234375 0.0487132
1 0.825928 0.955882 0.0297852 0.0477941
0 0.825684 0.955882 0.0283203 0.0477941
0 0.753418 0.922794 0.0283203 0.0477941
0 0.587891 0.36489 0.0234375 0.0386029
0 0.828125 0.621783 0.0253906 0.0505515
1 0.439453 0.88557 0.0273438 0.046875
1 0.806152 0.184283 0.0234375 0.0413603
1 0.916504 0.494945 0.0283203 0.046875
1 0.534912 0.330882 0.0258789 0.0496324
1 0.25708 0.844669 0.0258789 0.0441176
1 0.574219 0.391085 0.0214844 0.0358456
1 0.409668 0.340993 0.0263672 0.0441176
1 0.415283 0.457261 0.0258789 0.0431985
0 0.826416 0.806526 0.0249023 0.0523897
1 0.678711 0.0606618 0.0234375 0.0404412
0 0.786133 0.59421 0.0292969 0.046875
1 0.237061 0.712316 0.0239258 0.0441176
1 0.390137 0.660846 0.0224609 0.0422794
1 0.381104 0.786765 0.0219727 0.0422794
0 0.557861 0.883732 0.0268555 0.0450368
1 0.571533 0.102022 0.0249023 0.0459559
1 0.522705 0.0684743 0.0239258 0.046875
1 0.371582 0.539982 0.0263672 0.046875
1 0.0180664 0.196232 0.0253906 0.0505515
1 0.838379 0.124081 0.0234375 0.0441176
1 0.196289 0.941176 0.0273438 0.0477941
1 0.88208 0.0868566 0.0200195 0.0413603
1 0.928955 0.564338 0.0268555 0.0441176
0 0.755615 0.788603 0.0249023 0.0441176
1 0.494873 0.671875 0.0229492 0.0441176
1 0.391357 0.874081 0.0229492 0.0496324
1 0.0908203 0.0321691 0.0332031 0.0496324
1 0.0778809 0.238971 0.0258789 0.0477941
1 0.926514 0.85432 0.0268555 0.046875
1 0.858643 0.0836397 0.0200195 0.0441176
1 0.0146484 0.981618 0.0253906 0.0367647
0 0.565918 0.602022 0.0273438 0.0459559
1 0.691162 0.386029 0.0258789 0.0459559
1 0.525391 0.268382 0.0253906 0.0477941
1 0.315674 0.153493 0.0239258 0.0441176
1 0.75293 0.923713 0.0273438 0.0514706
1 0.0932617 0.601103 0.0214844 0.0422794
1 0.811768 0.301471 0.0249023 0.0441176
1 0.809326 0.117647 0.0219727 0.0441176
1 0.210693 0.0790441 0.0258789 0.0514706
1 0.172119 0.0188419 0.0288086 0.0376838
1 0.196777 0.53079 0.0224609 0.0413603
1 0.897705 0.106618 0.0219727 0.0441176
1 0.785645 0.271599 0.0244141 0.0450368
1 0.596191 0.295496 0.0244141 0.0450368
1 0.989014 0.175092 0.0219727 0.0505515
1 0.0966797 0.357996 0.0244141 0.0450368
1 0.102051 0.523438 0.0234375 0.046875
1 0.14624 0.586397 0.0200195 0.0422794
1 0.37793 0.368566 0.0253906 0.0441176
1 0.805664 0.210018 0.0234375 0.0413603
1 0.419678 0.944853 0.0258789 0.0477941
1 0.0310059 0.409467 0.0229492 0.0413603
1 0.335693 0.183364 0.0249023 0.0450368
1 0.1875 0.481618 0.0244141 0.0441176
1 0.505859 0.178309 0.0253906 0.0459559
1 0.147949 0.234835 0.0253906 0.0431985
1 0.582764 0.246324 0.0239258 0.0441176
1 0.158447 0.490809 0.0219727 0.0404412
1 0.132568 0.608915 0.0209961 0.0413603
1 0.0231934 0.439798 0.0229492 0.0431985
1 0.0944824 0.815257 0.027832 0.0496324
1 0.23877 0.346048 0.0273438 0.0505515
1 0.163818 0.770221 0.0258789 0.0441176
1 0.123047 0.821691 0.0253906 0.0441176
1 0.98291 0.919118 0.0283203 0.0551471
1 0.1521 0.285846 0.0249023 0.0422794
1 0.228271 0.767463 0.0249023 0.0441176
1 0.205566 0.313879 0.0244141 0.046875
1 0.313477 0.247243 0.0253906 0.0441176
