1 0.523682 0.209099 0.0180664 0.0413603
0 0.810791 0.117647 0.0239258 0.0496324
1 0.858643 0.0845588 0.0219727 0.0459559
0 0.100586 0.0225184 0.0341797 0.0450368
1 0.921875 0.977022 0.03125 0.0459559
0 0.534424 0.91682 0.0297852 0.0505515
0 0.567871 0.596967 0.03125 0.0560662
0 0.967773 0.876379 0.0234375 0.0487132
1 0.108643 0.387408 0.0297852 0.0634191
0 0.310547 0.897518 0.0302734 0.0542279
0 0.189453 0.542279 0.0351562 0.0661765
1 0.568604 0.597886 0.0288086 0.0505515
0 0.799072 0.595129 0.0288086 0.0487132
1 0.943848 0.561581 0.0283203 0.0477941
1 0.811279 0.119485 0.0229492 0.0477941
1 0.201904 0.95818 0.0307617 0.0560662
0 0.310547 0.241268 0.03125 0.0523897
1 0.799316 0.59421 0.0263672 0.0487132
0 0.921875 0.976562 0.03125 0.0431985
1 0.967773 0.878217 0.0234375 0.046875
1 0.397217 0.336397 0.0239258 0.0404412
1 0.310547 0.241268 0.03125 0.0523897
1 0.828857 0.62454 0.0219727 0.046875
0 0.828857 0.623162 0.0249023 0.0477941
1 0.917236 0.494026 0.0249023 0.0505515
1 0.415527 0.454963 0.0244141 0.0459559
1 0.528564 0.308364 0.0209961 0.0413603
0 0.438232 0.882812 0.0317383 0.0560662
1 0.98877 0.172335 0.0224609 0.0505515
1 0.387451 0.251838 0.0268555 0.0496324
0 0.782715 0.922794 0.03125 0.0496324
1 0.835938 0.124081 0.0234375 0.0459559
1 0.527344 0.271599 0.0214844 0.0395221
0 0.829834 0.772059 0.0297852 0.0551471
0 0.872559 0.746324 0.0263672 0.0477941
0 0.0849609 0.238051 0.0351562 0.0588235
0 0.201904 0.95818 0.027832 0.0487132
1 0.377686 0.367647 0.0239258 0.0441176
0 0.934326 0.883272 0.0249023 0.0441176
0 0.258789 0.847426 0.0263672 0.0514706
0 0.108643 0.389246 0.0297852 0.0615809
1 0.826416 0.954044 0.0297852 0.0514706
0 0.165283 0.773438 0.0268555 0.0523897
0 0.826416 0.954504 0.0297852 0.0523897
0 0.0219727 0.193015 0.0332031 0.0661765
1 0.189209 0.54182 0.034668 0.0652574
1 0.689453 0.390165 0.03125 0.0652574
