0 0.858643 0.0836397 0.0219727 0.0459559
1 0.858643 0.0831801 0.0219727 0.0450368
0 0.533203 0.919118 0.0302734 0.0477941
0 0.835938 0.123162 0.0214844 0.0459559
0 0.101562 0.0225184 0.0341797 0.0450368
1 0.101807 0.0234375 0.0336914 0.046875
1 0.109375 0.386949 0.0292969 0.0643382
1 0.52417 0.209559 0.0180664 0.0422794
0 0.189697 0.54182 0.034668 0.0689338
0 0.96167 0.866268 0.027832 0.0450368
1 0.785889 0.926011 0.0258789 0.0487132
1 0.963135 0.870404 0.0249023 0.0422794
0 0.832764 0.768842 0.0297852 0.0542279
0 0.799316 0.595129 0.0283203 0.0505515
0 0.811523 0.118107 0.0234375 0.046875
0 0.826416 0.953585 0.0297852 0.0523897
1 0.810791 0.120404 0.0219727 0.0477941
1 0.923584 0.976562 0.0297852 0.0431985
1 0.528564 0.272978 0.0229492 0.0404412
0 0.922607 0.976562 0.027832 0.0431985
1 0.202881 0.957261 0.0297852 0.0523897
1 0.832031 0.77068 0.0292969 0.0560662
1 0.835205 0.12546 0.0219727 0.0450368
0 0.309814 0.23943 0.0307617 0.0542279
0 0.828857 0.623162 0.0249023 0.0477941
1 0.310547 0.23943 0.03125 0.0542279
1 0.56958 0.596507 0.027832 0.0496324
0 0.872559 0.746324 0.0283203 0.0477941
1 0.946777 0.561121 0.0263672 0.0487132
1 0.529297 0.306526 0.0214844 0.0431985
1 0.872559 0.745864 0.0283203 0.046875
1 0.988281 0.172335 0.0234375 0.0505515
1 0.800049 0.594669 0.0268555 0.0496324
1 0.385742 0.255974 0.0253906 0.046875
0 0.0849609 0.238051 0.0361328 0.0588235
0 0.439209 0.882353 0.0336914 0.0551471
1 0.828857 0.62454 0.0219727 0.046875
1 0.91626 0.495404 0.0249023 0.0477941
0 0.934326 0.882812 0.0249023 0.0395221
0 0.259033 0.846967 0.0268555 0.0505515
1 0.415527 0.454963 0.0244141 0.0459559
0 0.202148 0.957261 0.0273438 0.046875
0 0.165527 0.772978 0.0283203 0.0514706
0 0.109131 0.389246 0.0288086 0.0615809
1 0.377441 0.367188 0.0234375 0.0431985
0 0.0224609 0.193474 0.0332031 0.0670956
1 0.689941 0.389706 0.0302734 0.0643382
1 0.189209 0.54182 0.034668 0.0652574
1 0.395264 0.341912 0.0249023 0.0422794
1 0.826416 0.954504 0.0297852 0.0505515
