0 0.858643 0.0836397 0.0219727 0.0459559
1 0.308838 0.899816 0.027832 0.0496324
1 0.30957 0.238511 0.0292969 0.0579044
0 0.789795 0.925092 0.0268555 0.0505515
1 0.833496 0.766544 0.0283203 0.0514706
1 0.101807 0.0243566 0.0336914 0.0487132
0 0.189453 0.54182 0.0351562 0.0726103
0 0.101807 0.0229779 0.034668 0.0459559
1 0.109375 0.387408 0.0292969 0.0652574
0 0.825684 0.954044 0.0283203 0.0514706
1 0.948486 0.560662 0.0249023 0.0477941
0 0.922607 0.976562 0.027832 0.0431985
1 0.789307 0.924173 0.0258789 0.0487132
1 0.56958 0.596507 0.0288086 0.0514706
0 0.569092 0.597886 0.0317383 0.0542279
0 0.799316 0.595588 0.0283203 0.0514706
1 0.923584 0.975643 0.0297852 0.0431985
0 0.819336 0.123162 0.0234375 0.0477941
0 0.872559 0.746324 0.0283203 0.0496324
1 0.38501 0.255974 0.0288086 0.0487132
0 0.828857 0.623162 0.0249023 0.0477941
1 0.828857 0.624081 0.0219727 0.0477941
1 0.960938 0.869945 0.0253906 0.0413603
0 0.310059 0.238971 0.0302734 0.0569853
0 0.93457 0.882353 0.0234375 0.0404412
1 0.800049 0.594669 0.0268555 0.0496324
1 0.98877 0.172335 0.0224609 0.0505515
0 0.258545 0.846967 0.0297852 0.0523897
0 0.202393 0.957261 0.0288086 0.0505515
1 0.203369 0.957261 0.0307617 0.0542279
1 0.91626 0.495864 0.0249023 0.046875
1 0.872559 0.745404 0.0283203 0.0477941
0 0.164795 0.772518 0.027832 0.0560662
0 0.0854492 0.23943 0.0351562 0.0634191
0 0.438965 0.881434 0.0341797 0.0569853
1 0.415771 0.455423 0.0249023 0.0487132
1 0.377441 0.367188 0.0214844 0.0413603
0 0.108887 0.389706 0.0292969 0.0625
0 0.0222168 0.193474 0.0336914 0.0670956
1 0.392578 0.342371 0.0234375 0.0431985
1 0.689697 0.389246 0.0297852 0.0652574
1 0.825684 0.953585 0.0283203 0.0487132
1 0.189209 0.54182 0.034668 0.0670956
