1 0.027832 0.424173 0.0244141 0.0597426
1 0.400635 0.351103 0.0415039 0.0477941
1 0.138916 0.601562 0.0239258 0.0487132
1 0.871826 0.117647 0.019043 0.0386029
0 0.376953 0.691636 0.0224609 0.0450368
1 0.387695 0.699449 0.0185547 0.0367647
1 0.731934 0.11489 0.0224609 0.0441176
1 0.558594 0.880974 0.0292969 0.0487132
1 0.681152 0.10386 0.0234375 0.0404412
1 0.404297 0.20864 0.0244141 0.0477941
0 0.834473 0.862592 0.0205078 0.0395221
0 0.680664 0.107996 0.0234375 0.0395221
1 0.740234 0.16682 0.0253906 0.0450368
1 0.171143 0.805147 0.0219727 0.0441176
0 0.912354 0.983456 0.0297852 0.0330882
0 0.776367 0.710478 0.0234375 0.0459559
0 0.572754 0.392004 0.0195312 0.0358456
0 0.404785 0.207721 0.0244141 0.0496324
1 0.408691 0.538143 0.0224609 0.0413603
1 0.317383 0.647518 0.0234375 0.0431985
0 0.678467 0.0592831 0.0209961 0.0413603
0 0.731934 0.115349 0.0244141 0.0450368
1 0.879883 0.824449 0.0234375 0.0459559
1 0.474854 0.669118 0.0209961 0.0422794
1 0.856201 0.251838 0.0249023 0.0441176
0 0.877441 0.720588 0.0263672 0.0477941
0 0.440674 0.884651 0.027832 0.046875
1 0.574707 0.391085 0.0205078 0.0358456
1 0.825928 0.955882 0.0297852 0.0496324
0 0.857666 0.863971 0.0249023 0.0477941
0 0.880371 0.825827 0.0234375 0.0487132
0 0.828125 0.623162 0.0253906 0.0514706
1 0.534912 0.331342 0.0258789 0.0505515
1 0.300781 0.66682 0.0224609 0.0431985
1 0.37793 0.691176 0.0234375 0.0441176
1 0.439453 0.88557 0.0273438 0.046875
0 0.826416 0.806526 0.0249023 0.0523897
1 0.415283 0.457721 0.0268555 0.0441176
1 0.410156 0.340074 0.0263672 0.0459559
1 0.828857 0.622702 0.0219727 0.046875
0 0.825684 0.954963 0.0283203 0.0496324
1 0.256836 0.84375 0.0253906 0.0441176
0 0.587891 0.36489 0.0224609 0.0367647
1 0.806152 0.184283 0.0234375 0.0413603
1 0.678711 0.0606618 0.0234375 0.0404412
0 0.753418 0.923713 0.0283203 0.0496324
1 0.917236 0.494485 0.027832 0.0477941
1 0.371582 0.539522 0.0263672 0.0459559
1 0.381104 0.786765 0.0219727 0.0422794
0 0.786133 0.59375 0.0292969 0.0477941
0 0.557861 0.883732 0.0258789 0.0450368
1 0.237061 0.712776 0.0239258 0.0450368
1 0.494873 0.670956 0.0229492 0.0441176
1 0.390137 0.661305 0.0224609 0.0413603
1 0.522705 0.0689338 0.0239258 0.0459559
1 0.572021 0.102482 0.0258789 0.046875
1 0.838379 0.12454 0.0234375 0.0450368
1 0.196045 0.941176 0.027832 0.0477941
1 0.929688 0.564338 0.0253906 0.0441176
1 0.881348 0.0863971 0.0205078 0.0422794
1 0.75293 0.923713 0.0273438 0.0533088
1 0.525391 0.268382 0.0253906 0.0477941
1 0.691162 0.38557 0.0258789 0.046875
0 0.755615 0.788603 0.0258789 0.0441176
1 0.31543 0.153952 0.0234375 0.0450368
1 0.926514 0.85432 0.0268555 0.046875
1 0.0183105 0.196232 0.0258789 0.0505515
1 0.0932617 0.601103 0.0214844 0.0422794
1 0.391602 0.874081 0.0234375 0.0496324
1 0.0146484 0.982077 0.0253906 0.0358456
1 0.596191 0.295037 0.0244141 0.0441176
1 0.858643 0.0836397 0.0219727 0.0441176
1 0.0776367 0.238971 0.0263672 0.0477941
1 0.0905762 0.0326287 0.0327148 0.0487132
0 0.565918 0.602022 0.0263672 0.0459559
1 0.80957 0.118566 0.0234375 0.0441176
1 0.811768 0.30193 0.0249023 0.0431985
1 0.172119 0.0188419 0.0288086 0.0376838
1 0.210693 0.0790441 0.0258789 0.0514706
1 0.988281 0.175092 0.0234375 0.0505515
1 0.145996 0.586397 0.0195312 0.0422794
1 0.0966797 0.358456 0.0244141 0.0459559
1 0.897705 0.106158 0.0219727 0.0450368
1 0.196533 0.530331 0.0229492 0.0422794
1 0.101807 0.523438 0.0239258 0.046875
1 0.37793 0.368566 0.0253906 0.0441176
1 0.785645 0.272059 0.0244141 0.0459559
1 0.582764 0.246324 0.0239258 0.0441176
1 0.335449 0.183364 0.0244141 0.0450368
1 0.505859 0.178309 0.0253906 0.0459559
1 0.419678 0.944853 0.0258789 0.0477941
1 0.187256 0.482077 0.0249023 0.0450368
1 0.132568 0.608915 0.0209961 0.0413603
1 0.805664 0.210018 0.0234375 0.0413603
1 0.03125 0.409926 0.0224609 0.0404412
1 0.148193 0.234375 0.0258789 0.0441176
1 0.0234375 0.438879 0.0234375 0.0413603
1 0.0944824 0.815257 0.027832 0.0496324
1 0.158447 0.490809 0.0219727 0.0404412
1 0.23877 0.345588 0.0273438 0.0496324
1 0.122803 0.821232 0.0258789 0.0450368
1 0.98291 0.919118 0.0283203 0.0551471
1 0.163818 0.77068 0.0258789 0.0450368
1 0.228271 0.766544 0.0249023 0.0441176
1 0.313477 0.247243 0.0253906 0.0441176
1 0.152344 0.284926 0.0244141 0.0422794
1 0.205566 0.313879 0.0244141 0.046875
