1 0.806152 0.988051 0.0302734 0.0238971
0 0.574707 0.392463 0.0185547 0.0349265
0 0.85791 0.863511 0.0263672 0.046875
1 0.477295 0.667279 0.0200195 0.0404412
1 0.611572 0.0124081 0.0249023 0.0248162
0 0.587646 0.36443 0.0219727 0.0358456
0 0.834473 0.862592 0.0185547 0.0376838
1 0.587402 0.36489 0.0205078 0.0330882
0 0.775879 0.714614 0.0234375 0.0450368
1 0.68042 0.105239 0.0229492 0.0395221
0 0.440186 0.884651 0.0268555 0.0450368
1 0.381592 0.786765 0.0209961 0.0404412
1 0.857666 0.863051 0.0249023 0.0459559
1 0.879883 0.824449 0.0234375 0.0441176
0 0.877441 0.721507 0.0263672 0.0459559
1 0.576172 0.391085 0.0214844 0.0340074
0 0.828857 0.621783 0.0249023 0.0505515
0 0.786621 0.59421 0.0283203 0.046875
1 0.806885 0.186581 0.0219727 0.0386029
0 0.880371 0.824908 0.0234375 0.046875
0 0.912354 0.982996 0.0297852 0.0340074
1 0.556641 0.882353 0.0263672 0.0441176
0 0.827393 0.803309 0.0268555 0.0514706
1 0.439453 0.88511 0.0273438 0.0459559
1 0.407471 0.537224 0.0219727 0.0376838
1 0.740723 0.163143 0.0234375 0.0413603
1 0.731689 0.115809 0.0229492 0.0422794
1 0.828857 0.622702 0.0219727 0.046875
1 0.755127 0.924173 0.0288086 0.0523897
0 0.557129 0.884651 0.0263672 0.0431985
1 0.916992 0.493107 0.0234375 0.046875
1 0.534668 0.330423 0.0244141 0.0487132
1 0.857178 0.253217 0.0249023 0.0431985
0 0.755615 0.924173 0.0297852 0.0505515
1 0.25708 0.84375 0.0249023 0.0441176
1 0.30127 0.665901 0.0224609 0.0413603
1 0.678955 0.0611213 0.0229492 0.0395221
1 0.0185547 0.196232 0.0253906 0.0505515
1 0.389893 0.664522 0.0219727 0.0422794
0 0.825684 0.955882 0.0283203 0.0477941
1 0.52417 0.0675551 0.0239258 0.0431985
0 0.755615 0.789062 0.0249023 0.0431985
1 0.315918 0.648897 0.0205078 0.0386029
1 0.402344 0.211397 0.0224609 0.0459559
0 0.565918 0.601562 0.0263672 0.046875
1 0.0788574 0.237132 0.0268555 0.0496324
1 0.237305 0.713695 0.0234375 0.046875
1 0.838379 0.12454 0.0234375 0.0431985
1 0.0905762 0.0317096 0.0336914 0.0487132
1 0.197021 0.944393 0.027832 0.0487132
1 0.929688 0.56296 0.0253906 0.0450368
1 0.926514 0.856158 0.0249023 0.046875
1 0.09375 0.602022 0.0234375 0.0441176
1 0.145264 0.587316 0.0200195 0.0422794
1 0.37085 0.539062 0.0249023 0.0450368
1 0.88208 0.0863971 0.0200195 0.0422794
1 0.318359 0.160846 0.0205078 0.0477941
1 0.0148926 0.981618 0.0258789 0.0367647
1 0.69043 0.384651 0.0273438 0.046875
1 0.391357 0.873621 0.0229492 0.0487132
1 0.571289 0.10386 0.0234375 0.0441176
1 0.172119 0.0193015 0.0288086 0.0386029
1 0.03125 0.410846 0.0205078 0.0386029
1 0.209717 0.0795037 0.0258789 0.0487132
1 0.524902 0.268382 0.0244141 0.0459559
1 0.378906 0.689338 0.0214844 0.0441176
1 0.414062 0.457721 0.0253906 0.0441176
1 0.097168 0.360294 0.0253906 0.0459559
1 0.858643 0.0836397 0.0200195 0.0441176
1 0.594727 0.295956 0.0234375 0.0386029
1 0.101074 0.523897 0.0244141 0.0477941
1 0.987793 0.174632 0.0244141 0.0496324
1 0.809082 0.118566 0.0224609 0.0422794
1 0.0246582 0.4375 0.0219727 0.0404412
1 0.410156 0.339614 0.0253906 0.0450368
1 0.812012 0.30193 0.0244141 0.0413603
1 0.196777 0.530331 0.0224609 0.0422794
1 0.897705 0.106158 0.0219727 0.0450368
1 0.786133 0.272059 0.0234375 0.0441176
1 0.132324 0.608915 0.0214844 0.0413603
1 0.37793 0.368107 0.0253906 0.0431985
1 0.506592 0.181066 0.0258789 0.0459559
1 0.418701 0.943474 0.0258789 0.0487132
1 0.153564 0.280331 0.0249023 0.0404412
1 0.120361 0.822151 0.0249023 0.046875
1 0.98291 0.918658 0.0283203 0.0560662
1 0.335205 0.183364 0.0219727 0.046875
1 0.187256 0.482996 0.0239258 0.0450368
1 0.164062 0.77068 0.0263672 0.046875
1 0.583984 0.250919 0.0224609 0.0422794
1 0.805176 0.210018 0.0224609 0.0395221
1 0.159912 0.487592 0.0229492 0.0395221
1 0.0949707 0.814338 0.027832 0.0514706
1 0.147949 0.235294 0.0244141 0.0422794
1 0.239014 0.345588 0.027832 0.0514706
1 0.312988 0.246783 0.0253906 0.0450368
1 0.205322 0.314338 0.0239258 0.0459559
1 0.229004 0.763787 0.0244141 0.0459559
