0 0.858643 0.0845588 0.0219727 0.0459559
1 0.10083 0.0234375 0.0336914 0.046875
0 0.10083 0.0225184 0.034668 0.0450368
1 0.921875 0.977482 0.03125 0.0450368
1 0.0849609 0.238971 0.0332031 0.0625
0 0.810791 0.117188 0.0239258 0.0487132
0 0.535156 0.919118 0.0292969 0.0496324
0 0.567871 0.596967 0.0302734 0.0560662
0 0.189697 0.54136 0.034668 0.0680147
1 0.108887 0.387408 0.0292969 0.0634191
1 0.810791 0.119485 0.0219727 0.0477941
0 0.310547 0.898438 0.03125 0.0542279
0 0.966553 0.875 0.0249023 0.0496324
0 0.921875 0.976562 0.03125 0.0431985
1 0.835938 0.124081 0.0234375 0.0459559
0 0.798584 0.595129 0.027832 0.0487132
1 0.569092 0.596507 0.027832 0.0496324
0 0.783691 0.923254 0.0302734 0.0487132
1 0.799805 0.59421 0.0273438 0.0487132
1 0.310547 0.240809 0.03125 0.0533088
1 0.202393 0.957261 0.0307617 0.0542279
0 0.310303 0.240809 0.0307617 0.0533088
1 0.91626 0.495404 0.0249023 0.0477941
1 0.94458 0.56204 0.027832 0.0487132
1 0.98877 0.172335 0.0224609 0.0505515
1 0.967285 0.876379 0.0234375 0.046875
1 0.828857 0.625 0.0219727 0.0477941
0 0.828857 0.623621 0.0249023 0.0487132
0 0.0849609 0.238051 0.0351562 0.0588235
0 0.830322 0.772059 0.0297852 0.0533088
1 0.528564 0.308364 0.0209961 0.0413603
0 0.201904 0.957261 0.027832 0.0487132
1 0.415527 0.454963 0.0234375 0.0459559
1 0.527588 0.272059 0.0209961 0.0386029
0 0.438232 0.882812 0.0327148 0.0542279
0 0.934326 0.883272 0.0249023 0.0441176
0 0.108643 0.388787 0.0297852 0.0625
1 0.386719 0.252757 0.0273438 0.0496324
0 0.872559 0.746324 0.0283203 0.0477941
1 0.377441 0.367188 0.0244141 0.0431985
1 0.395996 0.338235 0.0244141 0.0422794
0 0.258545 0.846967 0.0268555 0.0505515
0 0.165039 0.773897 0.0273438 0.0514706
0 0.826416 0.953585 0.0297852 0.0523897
1 0.826416 0.954044 0.0297852 0.0514706
0 0.0219727 0.193015 0.0332031 0.0661765
1 0.189453 0.54182 0.0351562 0.0652574
1 0.689941 0.389706 0.03125 0.0643382
