0 0.916992 0.492647 0.0234375 0.0422794
0 0.234619 0.340533 0.0268555 0.0523897
1 0.09375 0.558364 0.0244141 0.0579044
0 0.548828 0.898438 0.0253906 0.046875
0 0.859375 0.0850184 0.0253906 0.046875
1 0.858643 0.0840993 0.0219727 0.046875
0 0.7854 0.273438 0.0249023 0.0450368
1 0.882812 0.241728 0.0205078 0.0459559
0 0.790527 0.590993 0.0253906 0.0459559
0 0.810791 0.118566 0.0219727 0.0459559
1 0.550049 0.898438 0.0268555 0.0431985
1 0.102783 0.376379 0.0258789 0.0505515
0 0.440186 0.884651 0.0249023 0.046875
0 0.769531 0.924632 0.0263672 0.0514706
0 0.567139 0.596507 0.0288086 0.0533088
1 0.858643 0.255055 0.0219727 0.0413603
1 0.440186 0.883732 0.0239258 0.0487132
1 0.917236 0.492188 0.027832 0.046875
1 0.835938 0.866268 0.0205078 0.0376838
0 0.917969 0.981618 0.0292969 0.0367647
0 0.102295 0.377757 0.0258789 0.0496324
1 0.200439 0.0703125 0.0258789 0.0431985
1 0.808594 0.300092 0.0234375 0.0395221
0 0.69043 0.387408 0.0273438 0.0542279
1 0.0942383 0.0252757 0.03125 0.0413603
1 0.785156 0.272059 0.0234375 0.0477941
0 0.0854492 0.238511 0.0302734 0.0523897
1 0.810059 0.116728 0.0205078 0.0441176
0 0.197754 0.95864 0.03125 0.0496324
1 0.932861 0.564798 0.0249023 0.046875
1 0.172119 0.0206801 0.0268555 0.0376838
1 0.790771 0.589614 0.0249023 0.046875
0 0.0219727 0.194393 0.0263672 0.0505515
1 0.836914 0.125 0.0234375 0.0441176
1 0.825928 0.955882 0.0297852 0.0496324
0 0.873535 0.733915 0.0263672 0.0450368
1 0.828857 0.623162 0.0219727 0.0459559
1 0.207031 0.314798 0.0253906 0.0487132
1 0.568359 0.599265 0.0263672 0.0477941
1 0.258545 0.844669 0.0249023 0.0459559
1 0.198242 0.959559 0.0283203 0.0477941
1 0.989014 0.173254 0.0219727 0.0487132
1 0.824951 0.785386 0.0268555 0.0487132
1 0.234863 0.340074 0.0263672 0.0477941
0 0.828857 0.622702 0.0249023 0.0487132
0 0.207031 0.316636 0.0263672 0.0523897
0 0.199219 0.0703125 0.0253906 0.0431985
1 0.195801 0.535846 0.0283203 0.0551471
0 0.82666 0.954504 0.0283203 0.0505515
0 0.0932617 0.540901 0.0253906 0.0450368
1 0.524658 0.269301 0.0229492 0.0404412
1 0.863281 0.860754 0.0234375 0.046875
1 0.873535 0.733915 0.0263672 0.0487132
1 0.390625 0.54182 0.0205078 0.0358456
1 0.37793 0.538603 0.0205078 0.0367647
0 0.93042 0.872702 0.0268555 0.046875
1 0.516113 0.19761 0.0205078 0.0422794
1 0.77002 0.925551 0.0273438 0.0514706
0 0.164551 0.770221 0.0283203 0.0514706
1 0.527588 0.309743 0.0209961 0.0404412
1 0.413086 0.920037 0.0234375 0.0441176
1 0.981201 0.90579 0.0268555 0.0487132
1 0.0952148 0.578125 0.0263672 0.0422794
1 0.391357 0.871324 0.0229492 0.0496324
1 0.567871 0.0877757 0.0244141 0.0450368
1 0.880371 0.826287 0.0234375 0.0459559
1 0.542236 0.0560662 0.0249023 0.0441176
1 0.771484 0.744026 0.0234375 0.046875
1 0.395264 0.227022 0.0239258 0.0441176
1 0.755859 0.789522 0.0244141 0.0459559
1 0.415283 0.457721 0.0258789 0.0459559
1 0.409424 0.340533 0.0239258 0.0431985
1 0.378662 0.368107 0.0249023 0.0431985
1 0.311768 0.245864 0.027832 0.0450368
