1 0.876709 0.723346 0.0297852 0.0496324
0 0.928955 0.866268 0.027832 0.0505515
0 0.825928 0.953585 0.0297852 0.0487132
1 0.101318 0.369485 0.0249023 0.0459559
1 0.0200195 0.194393 0.0273438 0.0542279
0 0.0141602 0.984375 0.0283203 0.03125
1 0.015625 0.982537 0.0263672 0.0349265
1 0.803955 0.988051 0.0307617 0.0238971
0 0.828857 0.622243 0.0249023 0.0496324
1 0.196777 0.954504 0.0283203 0.0487132
1 0.205078 0.0767463 0.0253906 0.046875
1 0.835938 0.865349 0.0214844 0.0413603
0 0.875732 0.725643 0.0268555 0.046875
0 0.020752 0.195312 0.0258789 0.0487132
1 0.885986 0.0919118 0.019043 0.0386029
1 0.789062 0.592831 0.0253906 0.0459559
0 0.914795 0.981618 0.0297852 0.0349265
0 0.196533 0.954044 0.0307617 0.0514706
1 0.917236 0.492647 0.0297852 0.0477941
1 0.0852051 0.238051 0.0307617 0.0533088
1 0.172852 0.0206801 0.0292969 0.0413603
1 0.771484 0.728401 0.0234375 0.046875
1 0.0922852 0.0280331 0.0332031 0.046875
1 0.258057 0.84421 0.0249023 0.0450368
1 0.828857 0.623162 0.0219727 0.0477941
1 0.928955 0.865349 0.0249023 0.0450368
1 0.931152 0.56296 0.0263672 0.046875
1 0.552734 0.892463 0.0263672 0.0422794
1 0.859375 0.254136 0.0234375 0.0413603
1 0.838379 0.12454 0.0234375 0.046875
1 0.987793 0.174632 0.0244141 0.0514706
1 0.164551 0.77068 0.0292969 0.0523897
1 0.690918 0.386489 0.0263672 0.0487132
0 0.205078 0.0758272 0.0253906 0.0487132
1 0.860352 0.862592 0.0234375 0.0487132
1 0.880615 0.825827 0.0249023 0.046875
1 0.859375 0.0831801 0.0214844 0.0450368
1 0.166992 0.484375 0.0195312 0.0422794
1 0.82666 0.793199 0.0263672 0.0496324
1 0.825928 0.955882 0.0297852 0.0496324
1 0.883545 0.240809 0.0249023 0.0459559
1 0.567139 0.600184 0.0268555 0.0477941
1 0.511719 0.192555 0.0253906 0.0431985
1 0.440186 0.884651 0.0249023 0.0487132
1 0.764648 0.924173 0.0273438 0.0579044
1 0.755615 0.789062 0.0249023 0.0450368
1 0.810303 0.119026 0.0229492 0.0450368
1 0.184814 0.486673 0.0219727 0.0431985
1 0.810303 0.299632 0.0249023 0.0459559
1 0.197021 0.53079 0.0239258 0.046875
1 0.786133 0.271599 0.0234375 0.0487132
1 0.391846 0.872702 0.0229492 0.0505515
1 0.98291 0.913143 0.0283203 0.0523897
1 0.524658 0.268382 0.0239258 0.0441176
1 0.0974121 0.529871 0.027832 0.0487132
1 0.397949 0.221048 0.0224609 0.0450368
1 0.095459 0.591912 0.0249023 0.0477941
1 0.530029 0.313419 0.0229492 0.0441176
1 0.5354 0.0574449 0.0258789 0.0413603
1 0.373047 0.540441 0.0253906 0.0459559
1 0.378174 0.368107 0.0249023 0.0431985
1 0.416748 0.933364 0.0258789 0.046875
1 0.238037 0.342831 0.027832 0.0496324
1 0.415283 0.457721 0.0249023 0.0441176
1 0.571289 0.0988051 0.0234375 0.046875
1 0.409912 0.340074 0.0249023 0.0441176
1 0.205811 0.315257 0.0249023 0.0477941
1 0.311523 0.246324 0.0273438 0.0459559
1 0.399658 0.539982 0.0249023 0.0450368
