1 0.311523 0.89568 0.0283203 0.0487132
0 0.539307 0.910386 0.0288086 0.0505515
0 0.0976562 0.0238971 0.0283203 0.0441176
1 0.858643 0.0840993 0.0200195 0.0450368
1 0.882812 0.241268 0.0214844 0.046875
1 0.521484 0.206801 0.0195312 0.0422794
1 0.858643 0.252757 0.0219727 0.0404412
1 0.568848 0.596967 0.0273438 0.046875
0 0.567871 0.597426 0.0302734 0.0551471
1 0.172607 0.0206801 0.0268555 0.0395221
0 0.797607 0.59421 0.0268555 0.0487132
0 0.933594 0.882353 0.0253906 0.0422794
1 0.797607 0.592371 0.0268555 0.046875
0 0.391113 0.870404 0.0214844 0.0459559
0 0.827393 0.774816 0.027832 0.0459559
1 0.201172 0.95864 0.03125 0.0533088
1 0.407959 0.894761 0.0219727 0.0450368
0 0.438477 0.882812 0.0234375 0.0487132
1 0.539307 0.911765 0.0258789 0.0477941
1 0.825928 0.954963 0.0297852 0.0533088
0 0.187988 0.042739 0.0253906 0.046875
1 0.777344 0.920956 0.0292969 0.0514706
1 0.810791 0.119945 0.0219727 0.046875
1 0.989014 0.172335 0.0219727 0.0487132
1 0.921143 0.978401 0.0327148 0.0431985
0 0.258545 0.846967 0.0268555 0.0523897
1 0.828857 0.624081 0.0219727 0.0477941
0 0.777344 0.922335 0.0283203 0.0487132
0 0.201172 0.95818 0.0283203 0.0505515
1 0.934326 0.880515 0.0249023 0.0441176
0 0.172119 0.0215993 0.027832 0.0431985
0 0.828857 0.622702 0.0249023 0.0505515
1 0.525391 0.269761 0.0214844 0.0395221
1 0.835938 0.124081 0.0234375 0.0441176
1 0.391846 0.872243 0.0219727 0.0441176
0 0.871826 0.743566 0.0268555 0.0496324
1 0.528564 0.309743 0.0209961 0.0404412
1 0.942139 0.564338 0.0297852 0.0514706
1 0.917236 0.493566 0.0249023 0.0496324
0 0.165283 0.772059 0.0288086 0.0514706
0 0.0852051 0.238971 0.0317383 0.0569853
0 0.826416 0.954504 0.0297852 0.0523897
1 0.785645 0.272518 0.0234375 0.0450368
1 0.416016 0.454504 0.0234375 0.0450368
1 0.389648 0.244485 0.0253906 0.0533088
0 0.106934 0.387408 0.0273438 0.0560662
0 0.0222168 0.192555 0.0317383 0.0597426
1 0.801025 0.299632 0.0249023 0.0441176
1 0.311279 0.244026 0.027832 0.0450368
1 0.972656 0.884651 0.0253906 0.0431985
1 0.377686 0.369026 0.0249023 0.0450368
1 0.689941 0.389706 0.03125 0.0643382
1 0.406738 0.338695 0.0244141 0.0431985
1 0.189209 0.542279 0.0327148 0.0606618
