1 0.858643 0.0840993 0.0219727 0.0450368
0 0.832764 0.768842 0.027832 0.0542279
0 0.82666 0.955423 0.0283203 0.0560662
1 0.109375 0.386949 0.0292969 0.0625
0 0.568359 0.596967 0.03125 0.0579044
1 0.811523 0.118566 0.0234375 0.0459559
0 0.962402 0.866268 0.0283203 0.046875
0 0.101318 0.0225184 0.034668 0.0450368
1 0.101807 0.0234375 0.0336914 0.046875
0 0.189697 0.54182 0.0336914 0.0689338
0 0.799316 0.595129 0.0283203 0.0505515
1 0.438965 0.880974 0.0322266 0.0560662
1 0.785889 0.926011 0.0268555 0.0487132
0 0.811035 0.117647 0.0234375 0.0477941
0 0.922607 0.976562 0.0297852 0.0431985
0 0.828857 0.623621 0.0249023 0.0487132
1 0.835205 0.12454 0.0219727 0.0450368
1 0.964111 0.871324 0.0249023 0.0441176
1 0.922607 0.976562 0.0297852 0.0431985
1 0.832031 0.77068 0.0292969 0.0560662
0 0.309814 0.23989 0.0307617 0.0533088
0 0.872559 0.746324 0.0283203 0.0477941
1 0.528076 0.274357 0.0209961 0.0395221
1 0.202881 0.957261 0.0307617 0.0523897
1 0.310303 0.240349 0.0307617 0.0542279
1 0.569092 0.596507 0.027832 0.0496324
1 0.872559 0.745864 0.0283203 0.046875
0 0.258789 0.846967 0.0273438 0.0505515
0 0.439209 0.882353 0.0336914 0.0569853
1 0.947021 0.559743 0.0297852 0.0477941
0 0.202148 0.957261 0.0283203 0.0487132
1 0.800049 0.594669 0.0268555 0.0496324
1 0.988281 0.172335 0.0234375 0.0505515
0 0.934326 0.882812 0.0249023 0.0413603
0 0.0847168 0.238051 0.0356445 0.0588235
1 0.529297 0.306066 0.0214844 0.0441176
1 0.828857 0.625 0.0219727 0.0477941
1 0.385986 0.255515 0.0258789 0.0477941
1 0.91626 0.495404 0.0249023 0.0477941
0 0.164551 0.772518 0.0283203 0.0542279
1 0.415527 0.454963 0.0234375 0.0459559
0 0.109131 0.389246 0.0288086 0.0615809
1 0.377197 0.367188 0.0239258 0.0431985
0 0.0222168 0.193474 0.0336914 0.0670956
1 0.39502 0.340993 0.0244141 0.0422794
1 0.189209 0.54182 0.0336914 0.0652574
1 0.689453 0.390165 0.03125 0.0652574
1 0.825928 0.954044 0.0297852 0.0514706
