0 0.917236 0.982996 0.027832 0.0340074
1 0.804443 0.988511 0.0297852 0.0229779
1 0.770996 0.738971 0.0205078 0.0441176
1 0.873291 0.727941 0.0249023 0.0459559
0 0.0957031 0.585478 0.0283203 0.0477941
1 0.91626 0.982077 0.0297852 0.0358456
0 0.828857 0.622243 0.0249023 0.0496324
0 0.873535 0.729779 0.0234375 0.0441176
0 0.101807 0.375 0.0249023 0.0477941
0 0.439941 0.88511 0.0244141 0.0459559
0 0.825684 0.955423 0.0283203 0.0487132
1 0.882812 0.241728 0.0214844 0.0459559
1 0.835938 0.866268 0.0205078 0.0395221
1 0.172363 0.0211397 0.0273438 0.0386029
1 0.44043 0.883732 0.0234375 0.046875
1 0.932861 0.563419 0.0268555 0.0422794
1 0.917236 0.492188 0.027832 0.046875
1 0.203857 0.0735294 0.0258789 0.0441176
0 0.0214844 0.194853 0.0263672 0.0496324
1 0.929688 0.870404 0.0253906 0.0441176
1 0.258545 0.84421 0.0249023 0.0450368
0 0.929688 0.869945 0.0253906 0.046875
0 0.0854492 0.238051 0.0302734 0.0533088
1 0.858643 0.0836397 0.0219727 0.0477941
1 0.836914 0.125 0.0234375 0.0441176
0 0.206299 0.317096 0.0249023 0.0514706
1 0.858643 0.254136 0.0219727 0.0413603
1 0.0935059 0.027114 0.0317383 0.0431985
1 0.989014 0.173713 0.0219727 0.0496324
1 0.789307 0.592831 0.0249023 0.0441176
1 0.809326 0.300551 0.0249023 0.0422794
1 0.0952148 0.585018 0.0273438 0.046875
1 0.828857 0.623162 0.0219727 0.0477941
1 0.810059 0.116728 0.0205078 0.0441176
1 0.825684 0.955423 0.0283203 0.0487132
0 0.197754 0.95818 0.0283203 0.046875
0 0.0957031 0.535846 0.0273438 0.0496324
1 0.861816 0.862592 0.0234375 0.046875
1 0.786133 0.27114 0.0234375 0.0477941
1 0.206543 0.314798 0.0244141 0.046875
1 0.552002 0.89568 0.0258789 0.0431985
1 0.567627 0.600184 0.0258789 0.0459559
1 0.690674 0.387868 0.0258789 0.0477941
1 0.236084 0.340533 0.0268555 0.046875
1 0.826416 0.786765 0.0249023 0.0477941
0 0.203125 0.0712316 0.0253906 0.046875
1 0.196289 0.53171 0.0273438 0.0505515
1 0.524414 0.268382 0.0234375 0.0404412
1 0.515137 0.193474 0.0234375 0.0450368
1 0.880371 0.826746 0.0234375 0.046875
1 0.767334 0.924173 0.0258789 0.0523897
1 0.391357 0.871783 0.0219727 0.0487132
1 0.568848 0.0932904 0.0224609 0.0431985
1 0.53833 0.0565257 0.0268555 0.0431985
1 0.528076 0.310202 0.0219727 0.0413603
1 0.415039 0.924173 0.0234375 0.0450368
1 0.755859 0.789062 0.0244141 0.0450368
1 0.981934 0.909926 0.0263672 0.0514706
1 0.395996 0.222886 0.0234375 0.046875
1 0.397217 0.539062 0.0209961 0.0395221
1 0.415283 0.457721 0.0249023 0.0441176
0 0.164551 0.77068 0.0292969 0.0523897
1 0.375 0.539522 0.0234375 0.0422794
1 0.378662 0.368107 0.0249023 0.0431985
1 0.409668 0.340074 0.0244141 0.0441176
1 0.311523 0.245864 0.0273438 0.0431985
