1 0.356201 0.801471 0.0288086 0.0422794
1 0.40625 0.173713 0.0234375 0.0533088
0 0.560547 0.516544 0.0205078 0.0404412
1 0.968018 0.677849 0.019043 0.0321691
1 0.605469 0.475643 0.0214844 0.0413603
1 0.654297 0.315257 0.0205078 0.0459559
1 0.689941 0.181066 0.0185547 0.0367647
0 0.756348 0.790441 0.0273438 0.0533088
0 0.491455 0.358915 0.0258789 0.0450368
0 0.017334 0.465074 0.0268555 0.0551471
1 0.0490723 0.919118 0.0307617 0.0496324
0 0.0336914 0.410386 0.0253906 0.0487132
1 0.617188 0.886949 0.0214844 0.0422794
1 0.652344 0.339154 0.0224609 0.0386029
0 0.602295 0.0160846 0.0268555 0.0321691
0 0.479736 0.883732 0.0200195 0.0395221
1 0.766846 0.0859375 0.0200195 0.0395221
1 0.703125 0.0372243 0.0205078 0.0340074
0 0.616699 0.887408 0.0224609 0.0431985
1 0.800781 0.10386 0.0234375 0.0386029
1 0.0524902 0.810202 0.0239258 0.0413603
0 0.697021 0.744026 0.0219727 0.046875
1 0.602295 0.0147059 0.0249023 0.0294118
1 0.732178 0.190257 0.0258789 0.0551471
1 0.358887 0.681985 0.0283203 0.0514706
1 0.490723 0.357996 0.0234375 0.0450368
1 0.638184 0.880974 0.0224609 0.0450368
1 0.367432 0.793658 0.0229492 0.0413603
0 0.296875 0.673713 0.0263672 0.0477941
0 0.463135 0.881434 0.0209961 0.0422794
0 0.979736 0.443474 0.0200195 0.0431985
0 0.0732422 0.253676 0.0253906 0.0514706
1 0.587891 0.214154 0.0224609 0.0404412
0 0.431152 0.884651 0.0263672 0.046875
1 0.295898 0.80239 0.0244141 0.0422794
0 0.560303 0.876379 0.0249023 0.0450368
0 0.673096 0.709559 0.0239258 0.0477941
1 0.697021 0.379596 0.0249023 0.0404412
0 0.638184 0.880974 0.0234375 0.0431985
1 0.571533 0.215533 0.0219727 0.0413603
1 0.394043 0.657169 0.0244141 0.0459559
0 0.730469 0.189338 0.0253906 0.0477941
0 0.828125 0.826746 0.0253906 0.046875
1 0.82666 0.827206 0.0234375 0.0477941
1 0.19458 0.919118 0.0268555 0.0477941
1 0.327148 0.62454 0.0253906 0.0450368
1 0.989014 0.819393 0.0200195 0.0413603
0 0.703857 0.653033 0.0258789 0.0487132
1 0.738525 0.914062 0.0297852 0.0487132
1 0.363037 0.842371 0.0229492 0.0395221
1 0.687012 0.445312 0.0244141 0.0413603
0 0.535156 0.503217 0.0253906 0.0413603
1 0.259277 0.845129 0.0283203 0.0487132
0 0.559814 0.610294 0.0229492 0.0459559
0 0.619141 0.982537 0.0263672 0.0349265
1 0.696533 0.742647 0.0239258 0.0459559
0 0.782471 0.683364 0.0268555 0.0487132
1 0.666504 0.392004 0.0224609 0.0450368
1 0.175537 0.827206 0.0268555 0.0477941
0 0.510498 0.0174632 0.019043 0.0349265
1 0.52002 0.0721507 0.0234375 0.0431985
1 0.383789 0.786765 0.0214844 0.0404412
1 0.0839844 0.601562 0.0244141 0.0505515
1 0.297119 0.673713 0.027832 0.0496324
1 0.0183105 0.465533 0.0258789 0.0505515
0 0.73877 0.912224 0.0283203 0.0487132
0 0.010498 0.209559 0.0209961 0.0514706
1 0.431641 0.88511 0.0273438 0.0441176
0 0.878906 0.0776654 0.0234375 0.0431985
1 0.373047 0.536305 0.0273438 0.046875
0 0.728027 0.636029 0.0224609 0.0459559
0 0.418701 0.963235 0.027832 0.0477941
0 0.295654 0.803309 0.0219727 0.0441176
1 0.781738 0.683824 0.0283203 0.0477941
1 0.0583496 0.881434 0.0239258 0.0422794
1 0.0334473 0.409007 0.0249023 0.0459559
0 0.289062 0.774357 0.0234375 0.0431985
1 0.013916 0.97932 0.0268555 0.0413603
1 0.908447 0.506434 0.0249023 0.0422794
1 0.660156 0.011489 0.0224609 0.0229779
1 0.123291 0.474265 0.0239258 0.0441176
1 0.838867 0.685202 0.0234375 0.046875
1 0.763672 0.0459559 0.0224609 0.0404412
0 0.655518 0.31204 0.0209961 0.0376838
1 0.732666 0.0969669 0.0258789 0.046875
1 0.580078 0.209099 0.0214844 0.0395221
0 0.234375 0.709099 0.0253906 0.0450368
0 0.349365 0.80239 0.0219727 0.0441176
1 0.832031 0.127298 0.0253906 0.0431985
1 0.802246 0.167739 0.0253906 0.046875
1 0.0959473 0.348346 0.0268555 0.0477941
0 0.359375 0.682445 0.0263672 0.0450368
1 0.673096 0.70864 0.0249023 0.0477941
1 0.128418 0.828585 0.0263672 0.0505515
1 0.990723 0.124081 0.0185547 0.0441176
1 0.432129 0.788143 0.0224609 0.0431985
1 0.0734863 0.253676 0.0268555 0.0533088
1 0.418945 0.962316 0.0273438 0.0459559
1 0.130371 0.137408 0.0244141 0.0450368
1 0.519531 0.826287 0.0214844 0.0386029
1 0.446533 0.155331 0.0200195 0.0422794
1 0.16748 0.772978 0.0253906 0.0496324
1 0.782715 0.590074 0.0263672 0.0441176
1 0.0649414 0.905331 0.0244141 0.0441176
0 0.529785 0.459559 0.0234375 0.0459559
1 0.828125 0.62546 0.0214844 0.0487132
1 0.169678 0.0160846 0.0268555 0.0321691
1 0.513916 0.682904 0.0297852 0.0496324
1 0.198975 0.361673 0.0239258 0.0413603
1 0.645264 0.387868 0.0249023 0.0459559
1 0.206543 0.855239 0.0283203 0.0505515
1 0.117432 0.159467 0.0239258 0.0450368
0 0.257812 0.846967 0.0253906 0.0431985
1 0.762451 0.886029 0.0239258 0.0404412
0 0.318359 0.877298 0.0253906 0.046875
1 0.39502 0.870864 0.0244141 0.0487132
1 0.852295 0.262868 0.0268555 0.0422794
1 0.377441 0.370864 0.0263672 0.0523897
1 0.755615 0.789062 0.0258789 0.046875
1 0.990967 0.762408 0.0180664 0.0413603
1 0.145996 0.588695 0.0263672 0.0487132
1 0.886719 0.237132 0.0332031 0.0496324
1 0.912354 0.591452 0.0249023 0.0340074
1 0.460449 0.673254 0.0263672 0.0487132
1 0.672363 0.0556066 0.0244141 0.0431985
1 0.19751 0.534926 0.0249023 0.0477941
1 0.159912 0.498162 0.0258789 0.0477941
1 0.598633 0.300551 0.0234375 0.0441176
1 0.596924 0.22886 0.0200195 0.0441176
1 0.394531 0.115349 0.0253906 0.046875
1 0.126465 0.503217 0.0214844 0.0450368
1 0.416016 0.78171 0.0224609 0.0450368
1 0.612549 0.252757 0.0229492 0.0422794
1 0.092041 0.035386 0.0327148 0.0542279
1 0.855469 0.678768 0.0234375 0.0431985
1 0.0427246 0.929228 0.0249023 0.0459559
1 0.0681152 0.799632 0.0229492 0.0441176
1 0.564941 0.379596 0.0234375 0.0459559
1 0.992188 0.553309 0.015625 0.0496324
1 0.531738 0.806526 0.0244141 0.0431985
1 0.230713 0.345588 0.0249023 0.0477941
1 0.406738 0.346967 0.0263672 0.046875
1 0.457764 0.107077 0.0249023 0.0450368
1 0.991455 0.181066 0.0170898 0.0422794
1 0.457764 0.172335 0.0200195 0.0413603
1 0.941406 0.693015 0.0234375 0.0422794
1 0.879883 0.823989 0.0234375 0.0487132
1 0.185547 0.461857 0.0263672 0.0487132
1 0.813232 0.444853 0.0268555 0.0441176
1 0.222656 0.0767463 0.0263672 0.0487132
1 0.776855 0.866728 0.0224609 0.0422794
0 0.269287 0.984375 0.027832 0.03125
1 0.590576 0.365349 0.0249023 0.0450368
1 0.713623 0.47886 0.0258789 0.0459559
1 0.946777 0.316636 0.0263672 0.0450368
1 0.832031 0.949908 0.0263672 0.0450368
1 0.145752 0.303768 0.027832 0.0505515
1 0.408936 0.204963 0.0258789 0.0477941
1 0.403076 0.159467 0.0229492 0.046875
1 0.87793 0.704963 0.0234375 0.0459559
1 0.804688 0.238051 0.0263672 0.0477941
1 0.919434 0.839614 0.0263672 0.0487132
1 0.796387 0.402574 0.0244141 0.0441176
1 0.532471 0.339154 0.0258789 0.0459559
1 0.942871 0.727941 0.0234375 0.0422794
1 0.153564 0.227941 0.0268555 0.0496324
1 0.458984 0.498621 0.0253906 0.0431985
1 0.914795 0.550551 0.0249023 0.0422794
1 0.183594 0.380515 0.0234375 0.0441176
1 0.223877 0.793658 0.0268555 0.046875
1 0.932617 0.332721 0.0234375 0.0422794
1 0.572266 0.105239 0.0244141 0.0431985
1 0.0297852 0.886489 0.0273438 0.046875
1 0.855469 0.867647 0.0263672 0.0477941
1 0.981201 0.735294 0.0219727 0.0404412
1 0.280273 0.190257 0.0234375 0.0422794
1 0.576416 0.24954 0.0219727 0.0413603
1 0.408203 0.538143 0.0263672 0.046875
1 0.960938 0.220588 0.0253906 0.0386029
1 0.972656 0.189798 0.0253906 0.0413603
1 0.09375 0.813419 0.0283203 0.0514706
1 0.361084 0.164982 0.0249023 0.0450368
1 0.498779 0.175551 0.0258789 0.0477941
1 0.239258 0.0289522 0.0253906 0.0450368
1 0.109131 0.53079 0.0268555 0.0487132
1 0.531006 0.269301 0.0258789 0.0459559
1 0.132324 0.629136 0.0263672 0.0505515
1 0.678467 0.136949 0.027832 0.0514706
1 0.332031 0.200368 0.0253906 0.0459559
1 0.804688 0.295956 0.0253906 0.0459559
1 0.780518 0.274816 0.0258789 0.0459559
1 0.306396 0.119485 0.0268555 0.0459559
1 0.483643 0.134191 0.0249023 0.0477941
1 0.963867 0.754596 0.0234375 0.0459559
1 0.209229 0.308364 0.0258789 0.0487132
1 0.917969 0.616268 0.0253906 0.0413603
1 0.31665 0.25 0.0258789 0.0459559
1 0.986816 0.935662 0.0263672 0.0514706
1 0.365967 0.204044 0.0229492 0.0441176
1 0.414062 0.464154 0.0273438 0.0496324
1 0.441895 0.471967 0.0224609 0.0450368
1 0.268555 0.215074 0.0253906 0.0459559
