1 0.882812 0.241268 0.0214844 0.046875
1 0.172363 0.0211397 0.0263672 0.0404412
1 0.165039 0.772518 0.0283203 0.0560662
1 0.858643 0.0836397 0.0219727 0.0441176
1 0.568848 0.596967 0.0263672 0.046875
1 0.858643 0.253217 0.0219727 0.0395221
0 0.391357 0.870864 0.0219727 0.046875
1 0.521973 0.207261 0.0195312 0.0413603
1 0.797607 0.592831 0.0268555 0.0459559
0 0.567627 0.596967 0.0307617 0.0542279
0 0.933594 0.882353 0.0253906 0.0404412
0 0.797607 0.594669 0.0268555 0.0459559
0 0.438477 0.882812 0.0234375 0.046875
0 0.187012 0.0422794 0.0253906 0.0441176
0 0.827393 0.774816 0.027832 0.0459559
1 0.408203 0.893842 0.0224609 0.046875
0 0.200928 0.95864 0.0317383 0.0533088
1 0.777588 0.920956 0.0288086 0.0514706
0 0.171875 0.0215993 0.0283203 0.0431985
1 0.920898 0.978401 0.03125 0.0431985
0 0.258545 0.847426 0.0268555 0.0514706
1 0.810791 0.119945 0.0219727 0.046875
1 0.200439 0.95864 0.0288086 0.0514706
1 0.539062 0.912684 0.0253906 0.0459559
1 0.989014 0.172335 0.0219727 0.0487132
1 0.828857 0.623621 0.0219727 0.046875
1 0.934326 0.880055 0.0249023 0.0431985
1 0.916992 0.493566 0.0234375 0.0477941
0 0.828857 0.622702 0.0249023 0.0487132
1 0.525635 0.269761 0.0219727 0.0395221
1 0.528564 0.309743 0.0209961 0.0404412
1 0.39209 0.872243 0.0214844 0.0459559
1 0.836914 0.12454 0.0234375 0.0431985
0 0.165039 0.772059 0.0283203 0.0514706
0 0.777344 0.922335 0.0273438 0.0487132
1 0.943115 0.563879 0.0297852 0.0505515
0 0.0849609 0.238971 0.0322266 0.0569853
0 0.871826 0.743566 0.0268555 0.0496324
1 0.785645 0.272978 0.0234375 0.0441176
1 0.38916 0.244485 0.0253906 0.0551471
1 0.415039 0.455423 0.0234375 0.0431985
0 0.826416 0.954504 0.0297852 0.0523897
0 0.107178 0.387408 0.027832 0.0579044
0 0.0219727 0.192555 0.03125 0.0615809
1 0.311523 0.243566 0.0273438 0.0441176
1 0.799805 0.299173 0.0234375 0.0431985
1 0.972656 0.883732 0.0253906 0.0431985
1 0.377686 0.369026 0.0249023 0.0450368
1 0.689941 0.389246 0.0302734 0.0634191
1 0.405762 0.338235 0.0244141 0.0441176
1 0.189209 0.542279 0.0327148 0.0588235
