0 0.171631 0.0211397 0.0288086 0.0422794
0 0.990967 0.415441 0.0180664 0.0367647
1 0.858643 0.0836397 0.0219727 0.0459559
0 0.824951 0.783088 0.027832 0.0477941
0 0.859375 0.0850184 0.0253906 0.046875
0 0.916992 0.492188 0.0234375 0.0431985
1 0.882812 0.241728 0.0205078 0.0477941
0 0.934326 0.566176 0.0249023 0.0477941
0 0.234375 0.340533 0.0273438 0.0542279
0 0.194336 0.538143 0.03125 0.0597426
1 0.919434 0.980699 0.03125 0.0386029
1 0.917236 0.491268 0.027832 0.046875
1 0.547607 0.897978 0.0268555 0.0459559
1 0.770508 0.75046 0.0273438 0.046875
1 0.792969 0.589614 0.0253906 0.046875
0 0.567139 0.596507 0.0288086 0.0533088
1 0.858643 0.255055 0.0200195 0.0413603
1 0.786377 0.27114 0.0229492 0.0459559
0 0.810791 0.118566 0.0219727 0.0459559
1 0.824951 0.78171 0.0268555 0.0505515
0 0.785889 0.27114 0.0229492 0.0459559
1 0.811035 0.116728 0.0205078 0.0441176
0 0.770264 0.924632 0.0268555 0.0514706
1 0.835938 0.866728 0.0205078 0.0386029
1 0.0932617 0.0275735 0.0332031 0.0477941
1 0.807617 0.300092 0.0224609 0.0413603
0 0.198975 0.0675551 0.0249023 0.046875
1 0.234619 0.340074 0.0268555 0.0496324
1 0.199463 0.0670956 0.0258789 0.0459559
0 0.792236 0.590533 0.0268555 0.046875
1 0.690186 0.386489 0.027832 0.0542279
1 0.828857 0.623621 0.0219727 0.046875
1 0.825928 0.955882 0.0297852 0.0496324
0 0.690186 0.387408 0.027832 0.0560662
0 0.197998 0.95864 0.0317383 0.0514706
1 0.933594 0.565717 0.0234375 0.046875
1 0.836914 0.12454 0.0234375 0.0431985
1 0.756348 0.789522 0.0244141 0.0441176
1 0.439453 0.883732 0.0244141 0.0487132
1 0.194824 0.538143 0.0302734 0.0579044
1 0.989014 0.173254 0.0219727 0.0487132
0 0.0222168 0.193934 0.0268555 0.0514706
1 0.568359 0.598805 0.0263672 0.046875
0 0.0849609 0.238511 0.03125 0.0542279
1 0.171875 0.0211397 0.0273438 0.0404412
0 0.932129 0.877298 0.0263672 0.046875
1 0.517578 0.198529 0.0214844 0.0386029
0 0.75708 0.79136 0.0239258 0.0441176
1 0.872803 0.737132 0.0249023 0.0496324
1 0.258545 0.845129 0.0258789 0.046875
0 0.828857 0.622702 0.0249023 0.0487132
0 0.769775 0.751379 0.0249023 0.0450368
0 0.872803 0.737592 0.0249023 0.046875
0 0.207275 0.316636 0.0268555 0.0542279
1 0.198242 0.95864 0.0292969 0.0496324
0 0.826416 0.954504 0.0297852 0.0505515
1 0.524658 0.269301 0.0229492 0.0404412
0 0.102539 0.379596 0.0273438 0.0514706
1 0.542969 0.0574449 0.0253906 0.0450368
1 0.528076 0.310662 0.0209961 0.0404412
1 0.770508 0.925551 0.0273438 0.0496324
1 0.394287 0.22932 0.0249023 0.0431985
1 0.880371 0.826287 0.0234375 0.0459559
1 0.979736 0.903493 0.027832 0.0514706
1 0.864014 0.861673 0.0249023 0.046875
0 0.164551 0.77068 0.0292969 0.0523897
1 0.567627 0.0854779 0.0239258 0.0422794
1 0.391357 0.871324 0.0229492 0.0496324
1 0.411621 0.91636 0.0234375 0.0441176
1 0.415283 0.457721 0.0258789 0.0477941
1 0.311768 0.245864 0.0288086 0.0450368
1 0.378662 0.368107 0.0249023 0.0431985
1 0.409424 0.340074 0.0239258 0.0441176
