1 0.100098 0.0238971 0.0341797 0.0477941
0 0.310791 0.897978 0.0297852 0.0514706
0 0.310547 0.241728 0.0302734 0.0514706
1 0.858643 0.0845588 0.0219727 0.0459559
0 0.567871 0.596507 0.0302734 0.0551471
1 0.933594 0.880515 0.0253906 0.0441176
1 0.523438 0.20864 0.0175781 0.0404412
0 0.189453 0.540901 0.0332031 0.0670956
1 0.108643 0.386949 0.0297852 0.0625
0 0.79834 0.595588 0.0283203 0.0477941
0 0.535889 0.91636 0.0288086 0.0496324
1 0.921875 0.977941 0.0332031 0.0441176
1 0.799316 0.594669 0.0263672 0.0477941
1 0.568848 0.596967 0.0273438 0.0487132
0 0.921875 0.977941 0.03125 0.0422794
1 0.201904 0.95818 0.0307617 0.0542279
0 0.438965 0.881893 0.0263672 0.046875
1 0.811279 0.119485 0.0229492 0.0477941
0 0.78125 0.922335 0.03125 0.0487132
1 0.943115 0.56296 0.0297852 0.0505515
1 0.82666 0.954963 0.0283203 0.0514706
1 0.828857 0.625 0.0219727 0.0477941
1 0.917236 0.493566 0.0249023 0.0496324
0 0.828857 0.772059 0.0297852 0.0533088
0 0.828857 0.623621 0.0249023 0.0505515
0 0.201416 0.95818 0.027832 0.0505515
1 0.835938 0.124081 0.0234375 0.0459559
0 0.0852051 0.23943 0.0336914 0.0597426
1 0.98877 0.172335 0.0224609 0.0505515
1 0.528564 0.309283 0.0209961 0.0413603
0 0.872559 0.746324 0.0283203 0.0477941
1 0.399658 0.334559 0.0258789 0.0422794
0 0.934326 0.883272 0.0249023 0.0422794
1 0.5271 0.27068 0.0209961 0.0395221
1 0.415283 0.455882 0.0239258 0.0441176
0 0.165039 0.772978 0.0283203 0.0496324
1 0.310791 0.242647 0.0297852 0.0496324
0 0.108398 0.388787 0.0292969 0.0606618
0 0.258545 0.846967 0.0268555 0.0505515
1 0.96875 0.879136 0.0253906 0.0487132
0 0.0222168 0.193015 0.0336914 0.0661765
1 0.37793 0.367647 0.0244141 0.0441176
0 0.826416 0.954504 0.0297852 0.0523897
1 0.388184 0.25046 0.0263672 0.0487132
1 0.189209 0.54182 0.0336914 0.0652574
1 0.689453 0.390165 0.03125 0.0652574
