0 0.235107 0.340993 0.0268555 0.0533088
0 0.917236 0.492647 0.0249023 0.0441176
0 0.548828 0.898438 0.0253906 0.046875
0 0.859375 0.0850184 0.0253906 0.046875
0 0.990967 0.414982 0.0180664 0.0376838
1 0.09375 0.558364 0.0244141 0.0579044
1 0.882812 0.241728 0.0214844 0.0459559
1 0.858643 0.0836397 0.0219727 0.0459559
0 0.810791 0.118566 0.0219727 0.0459559
0 0.790283 0.590993 0.0258789 0.0459559
0 0.567139 0.596507 0.0288086 0.0533088
1 0.690186 0.387408 0.027832 0.0523897
0 0.917969 0.981618 0.03125 0.0367647
1 0.102783 0.376379 0.0258789 0.0505515
1 0.858643 0.255055 0.0219727 0.0413603
1 0.440186 0.883732 0.0239258 0.0487132
0 0.440186 0.884651 0.0249023 0.046875
1 0.550049 0.897978 0.0268555 0.0441176
0 0.102295 0.377757 0.0258789 0.0496324
0 0.769531 0.925092 0.0263672 0.0523897
0 0.69043 0.387408 0.0273438 0.0542279
1 0.917236 0.492188 0.0297852 0.046875
1 0.825928 0.955882 0.0297852 0.0496324
1 0.808838 0.299632 0.0229492 0.0404412
1 0.790771 0.590074 0.0249023 0.0459559
1 0.835938 0.866268 0.0205078 0.0395221
1 0.200684 0.0703125 0.0253906 0.0431985
1 0.0942383 0.0257353 0.0302734 0.0422794
0 0.197998 0.959559 0.0307617 0.0514706
0 0.0854492 0.238511 0.0302734 0.0523897
1 0.810059 0.116728 0.0205078 0.0441176
0 0.873535 0.733915 0.0263672 0.0450368
1 0.932861 0.564798 0.0249023 0.046875
1 0.836914 0.12546 0.0234375 0.0431985
0 0.0217285 0.194853 0.0258789 0.0496324
1 0.171875 0.0211397 0.0263672 0.0386029
1 0.989014 0.173254 0.0219727 0.0487132
1 0.828857 0.623621 0.0219727 0.046875
1 0.198242 0.959559 0.0283203 0.0477941
0 0.199463 0.0703125 0.0249023 0.0431985
1 0.785156 0.272059 0.0234375 0.0477941
1 0.207031 0.314798 0.0253906 0.0487132
1 0.824951 0.785386 0.0268555 0.0487132
0 0.828857 0.622243 0.0249023 0.0496324
0 0.207031 0.316636 0.0263672 0.0523897
1 0.234863 0.340074 0.0263672 0.0477941
1 0.568359 0.599265 0.0263672 0.0477941
1 0.258545 0.844669 0.0249023 0.0459559
0 0.82666 0.954963 0.0283203 0.0496324
1 0.195557 0.535846 0.0288086 0.0551471
1 0.390381 0.542279 0.0209961 0.0367647
1 0.863281 0.860754 0.0234375 0.046875
0 0.0932617 0.54136 0.0263672 0.0459559
1 0.873535 0.733456 0.0263672 0.0477941
1 0.524414 0.269301 0.0234375 0.0404412
0 0.93042 0.872702 0.0268555 0.046875
1 0.527588 0.310202 0.0219727 0.0413603
1 0.515869 0.197151 0.0209961 0.0431985
1 0.37793 0.539062 0.0214844 0.0376838
0 0.164307 0.770221 0.0288086 0.0514706
1 0.77002 0.924632 0.0273438 0.0514706
1 0.413086 0.920037 0.0234375 0.0459559
1 0.567871 0.0877757 0.0244141 0.0450368
1 0.981201 0.90671 0.0268555 0.0487132
1 0.0952148 0.578125 0.0263672 0.0422794
1 0.394775 0.227022 0.0239258 0.0459559
1 0.391357 0.871324 0.0229492 0.0496324
1 0.880371 0.826287 0.0234375 0.0459559
1 0.542236 0.0560662 0.0249023 0.0459559
1 0.771484 0.744026 0.0244141 0.046875
1 0.755859 0.789062 0.0244141 0.0450368
1 0.415283 0.457721 0.0258789 0.0459559
1 0.378662 0.368107 0.0249023 0.0431985
1 0.40918 0.340074 0.0244141 0.0441176
1 0.311768 0.245864 0.027832 0.0450368
