0 0.500488 0.928768 0.0185547 0.0376838
0 0.482666 0.883272 0.0209961 0.0441176
0 0.560547 0.518382 0.0195312 0.0404412
0 0.980469 0.445312 0.0205078 0.0413603
1 0.660645 0.0119485 0.0205078 0.0238971
1 0.852295 0.0799632 0.0219727 0.0404412
0 0.459717 0.674632 0.027832 0.0459559
0 0.393799 0.653952 0.0239258 0.0431985
0 0.603271 0.46829 0.0209961 0.0523897
0 0.0961914 0.346507 0.0283203 0.0496324
1 0.210449 0.637408 0.0214844 0.0395221
1 0.764893 0.203585 0.0200195 0.0376838
0 0.194824 0.915441 0.0244141 0.0404412
0 0.384277 0.785846 0.0195312 0.0386029
0 0.00585938 0.0932904 0.0107422 0.0505515
1 0.799072 0.102941 0.0209961 0.0349265
1 0.126709 0.503676 0.0239258 0.0459559
1 0.549805 0.31296 0.0234375 0.0376838
1 0.427734 0.884651 0.0234375 0.0413603
1 0.783203 0.682445 0.0253906 0.046875
1 0.491455 0.941176 0.0200195 0.0349265
0 0.652344 0.340993 0.0205078 0.0330882
0 0.710693 0.0179228 0.0209961 0.0284926
1 0.00634766 0.914522 0.0126953 0.0422794
1 0.258301 0.847886 0.0283203 0.0487132
1 0.0131836 0.97886 0.0263672 0.0422794
1 0.48877 0.359835 0.0244141 0.0395221
1 0.80127 0.0473346 0.0175781 0.0376838
0 0.878906 0.0772059 0.0214844 0.0422794
0 0.145996 0.589154 0.0224609 0.0422794
1 0.365479 0.841452 0.0209961 0.0395221
0 0.837402 0.6875 0.0205078 0.0441176
1 0.969482 0.678309 0.019043 0.03125
1 0.87793 0.0790441 0.0234375 0.0422794
0 0.126465 0.504136 0.0214844 0.0431985
0 0.856201 0.679688 0.0200195 0.0431985
0 0.755615 0.790441 0.0249023 0.0459559
0 0.601318 0.0142463 0.0258789 0.0284926
1 0.194824 0.91636 0.0253906 0.0441176
0 0.354004 0.84421 0.0205078 0.0376838
0 0.207764 0.612132 0.0219727 0.0386029
0 0.695801 0.746783 0.0195312 0.0450368
1 0.878174 0.701746 0.0200195 0.0431985
1 0.729492 0.188879 0.0234375 0.0450368
0 0.223633 0.794118 0.0273438 0.0459559
1 0.855469 0.679228 0.0214844 0.0422794
1 0.742676 0.467371 0.0283203 0.0358456
0 0.617188 0.982077 0.0244141 0.0358456
0 0.395508 0.113971 0.0244141 0.0477941
0 0.600342 0.453125 0.0200195 0.0386029
1 0.0959473 0.346507 0.0268555 0.0459559
1 0.297119 0.804688 0.0219727 0.0413603
1 0.765625 0.0868566 0.0195312 0.0395221
0 0.0839844 0.601103 0.0273438 0.0514706
0 0.665527 0.392923 0.0205078 0.0431985
0 0.558105 0.610754 0.0234375 0.0413603
0 0.355713 0.681526 0.0219727 0.0395221
1 0.702637 0.0376838 0.0205078 0.03125
1 0.419922 0.963235 0.0283203 0.0441176
1 0.0732422 0.255055 0.0263672 0.0523897
1 0.832764 0.545496 0.0200195 0.0321691
1 0.68457 0.445312 0.0234375 0.0395221
0 0.560059 0.876838 0.0244141 0.0441176
0 0.419434 0.963695 0.0283203 0.046875
1 0.49585 0.34375 0.0209961 0.0367647
1 0.0822754 0.715074 0.0219727 0.0404412
1 0.557861 0.306066 0.0200195 0.0367647
0 0.509277 0.0170037 0.0195312 0.0340074
1 0.698486 0.377757 0.0209961 0.0386029
0 0.296143 0.803309 0.0219727 0.0441176
1 0.394775 0.869485 0.0219727 0.0441176
0 0.639893 0.883272 0.0219727 0.0459559
1 0.431641 0.790441 0.0214844 0.0404412
1 0.0661621 0.905331 0.0239258 0.0441176
1 0.207031 0.855239 0.0273438 0.0487132
0 0.616943 0.888327 0.0219727 0.0431985
1 0.131592 0.136949 0.0239258 0.0441176
1 0.108887 0.530331 0.0273438 0.0477941
1 0.175537 0.829044 0.0239258 0.0441176
0 0.327148 0.623621 0.0234375 0.0431985
0 0.209717 0.638327 0.019043 0.0376838
1 0.645264 0.387408 0.0219727 0.0431985
1 0.482422 0.884651 0.0224609 0.0413603
0 0.12793 0.828585 0.0244141 0.046875
0 0.108887 0.532169 0.0253906 0.0441176
1 0.237305 0.0289522 0.0273438 0.046875
1 0.908691 0.508272 0.0234375 0.0386029
0 0.367432 0.794577 0.0219727 0.0413603
0 0.0141602 0.980699 0.0244141 0.0386029
0 0.427734 0.883732 0.0234375 0.0431985
1 0.515137 0.684743 0.0273438 0.0459559
1 0.759521 0.216452 0.0180664 0.0358456
0 0.167969 0.771599 0.0234375 0.046875
0 0.729736 0.188879 0.0229492 0.0450368
1 0.764893 0.042739 0.0200195 0.0376838
1 0.563721 0.377298 0.0229492 0.0450368
1 0.459717 0.674632 0.027832 0.0496324
1 0.372559 0.537224 0.0263672 0.0450368
1 0.168701 0.0160846 0.027832 0.0321691
1 0.852295 0.263787 0.0249023 0.0386029
0 0.287842 0.77114 0.0219727 0.0422794
0 0.463623 0.881893 0.0219727 0.0413603
1 0.828125 0.626379 0.0205078 0.0450368
1 0.0581055 0.878676 0.0224609 0.0404412
1 0.835205 0.947151 0.027832 0.0450368
1 0.733643 0.0960478 0.0239258 0.0431985
0 0.703613 0.651195 0.0244141 0.0450368
0 0.728516 0.63557 0.0214844 0.0450368
1 0.394287 0.113971 0.0229492 0.0441176
0 0.0168457 0.467371 0.0268555 0.0542279
1 0.052002 0.8125 0.0258789 0.0441176
0 0.783691 0.682904 0.0244141 0.0459559
0 0.536621 0.503217 0.0244141 0.0450368
1 0.762695 0.891085 0.0234375 0.0431985
1 0.880615 0.824908 0.0219727 0.046875
1 0.359863 0.161305 0.0234375 0.0431985
1 0.702637 0.191176 0.0205078 0.0404412
0 0.072998 0.254596 0.0249023 0.0496324
1 0.0925293 0.0358456 0.0327148 0.0551471
1 0.991699 0.761489 0.0166016 0.0395221
1 0.11792 0.159926 0.0239258 0.0441176
1 0.672852 0.0514706 0.0234375 0.0422794
1 0.146484 0.588235 0.0234375 0.0459559
1 0.19751 0.358915 0.0239258 0.0431985
0 0.606201 0.485294 0.0219727 0.0386029
1 0.0939941 0.8125 0.0249023 0.0477941
1 0.161133 0.496783 0.0253906 0.046875
1 0.802002 0.168658 0.0239258 0.0413603
0 0.123047 0.472886 0.0244141 0.0431985
1 0.582764 0.202206 0.0219727 0.0349265
0 0.348633 0.801471 0.0214844 0.0441176
1 0.755371 0.788143 0.0244141 0.0450368
0 0.73584 0.909467 0.0263672 0.046875
1 0.572998 0.216452 0.0229492 0.0395221
0 0.67334 0.709099 0.0224609 0.0450368
0 0.296631 0.675092 0.0239258 0.0487132
1 0.445312 0.15579 0.0214844 0.0431985
1 0.18457 0.460018 0.0244141 0.046875
1 0.598389 0.300092 0.0219727 0.0413603
0 0.65625 0.309743 0.0214844 0.0386029
1 0.223633 0.795037 0.0253906 0.0422794
1 0.305664 0.118566 0.0244141 0.0459559
1 0.520508 0.0730699 0.0234375 0.0431985
1 0.197998 0.534926 0.0258789 0.0477941
1 0.0690918 0.798713 0.0239258 0.0441176
1 0.94043 0.693474 0.0234375 0.0413603
0 0.0351562 0.407629 0.0244141 0.0487132
1 0.154297 0.228401 0.0263672 0.0487132
1 0.829834 0.518382 0.0219727 0.0404412
1 0.0427246 0.931066 0.0239258 0.0422794
1 0.832031 0.128217 0.0253906 0.0413603
1 0.914062 0.548254 0.0234375 0.0395221
0 0.234131 0.710018 0.0239258 0.0431985
1 0.403076 0.160846 0.0229492 0.0422794
1 0.132812 0.630515 0.0253906 0.0459559
1 0.94458 0.732996 0.0219727 0.0376838
1 0.591797 0.367647 0.0234375 0.0404412
1 0.990479 0.186581 0.0170898 0.0422794
1 0.406738 0.346967 0.0263672 0.0450368
1 0.029541 0.888327 0.0268555 0.046875
1 0.782471 0.588695 0.0268555 0.0413603
1 0.612549 0.252298 0.0219727 0.0395221
1 0.223145 0.0767463 0.0244141 0.0487132
1 0.409912 0.205882 0.0249023 0.0441176
0 0.318604 0.875 0.0249023 0.0477941
1 0.888916 0.238051 0.0249023 0.0441176
1 0.776611 0.863971 0.0229492 0.0404412
0 0.258057 0.847886 0.0249023 0.0413603
1 0.989746 0.129596 0.0185547 0.0422794
1 0.855469 0.867647 0.0263672 0.0459559
1 0.331299 0.201287 0.0249023 0.0422794
1 0.59668 0.229779 0.0195312 0.0404412
1 0.714111 0.480239 0.0249023 0.0431985
1 0.145752 0.304688 0.0268555 0.0450368
1 0.919678 0.837316 0.0249023 0.0459559
1 0.229492 0.34421 0.0234375 0.0450368
1 0.210693 0.307904 0.0258789 0.0459559
1 0.910889 0.590533 0.0219727 0.0358456
1 0.45874 0.106618 0.0249023 0.0422794
1 0.376709 0.369026 0.0268555 0.0487132
0 0.528564 0.45864 0.0209961 0.0459559
1 0.281738 0.18796 0.0244141 0.0413603
1 0.930664 0.33318 0.0234375 0.0413603
1 0.992676 0.555607 0.0146484 0.046875
1 0.678467 0.139246 0.0239258 0.046875
1 0.572266 0.105699 0.0234375 0.0422794
1 0.689209 0.179688 0.0219727 0.0376838
1 0.415283 0.779412 0.0219727 0.0441176
1 0.460693 0.5 0.0249023 0.0422794
1 0.518799 0.825827 0.0219727 0.0395221
1 0.460205 0.172794 0.0209961 0.0422794
1 0.183105 0.382353 0.0234375 0.0422794
1 0.576904 0.25046 0.0239258 0.0413603
1 0.80542 0.240349 0.0249023 0.0395221
1 0.366455 0.204044 0.0209961 0.0441176
1 0.497803 0.175092 0.0258789 0.0505515
1 0.407471 0.538143 0.0249023 0.0450368
1 0.315918 0.251379 0.0263672 0.0487132
1 0.963867 0.755055 0.0234375 0.0431985
1 0.79541 0.401654 0.0234375 0.0422794
1 0.947021 0.316176 0.0249023 0.0441176
0 0.269287 0.983915 0.027832 0.0321691
1 0.981201 0.737132 0.0200195 0.0367647
1 0.960938 0.222426 0.0253906 0.0386029
1 0.813477 0.446232 0.0234375 0.0431985
1 0.531738 0.339154 0.0224609 0.0422794
0 0.0102539 0.211857 0.0205078 0.0505515
1 0.780273 0.274816 0.0234375 0.0422794
1 0.972656 0.1875 0.0234375 0.0422794
1 0.919434 0.616268 0.0234375 0.0395221
1 0.803955 0.294577 0.0249023 0.0431985
1 0.483643 0.134651 0.0239258 0.0450368
1 0.531738 0.803768 0.0234375 0.0431985
1 0.41333 0.464154 0.0268555 0.0496324
1 0.531982 0.271599 0.0268555 0.0431985
1 0.267578 0.215074 0.0253906 0.0441176
1 0.987061 0.9375 0.0258789 0.0477941
1 0.441895 0.472426 0.0224609 0.0441176
