1 0.654297 0.315257 0.0205078 0.0459559
0 0.432861 0.88557 0.0258789 0.0487132
1 0.979736 0.447151 0.0200195 0.0431985
1 0.356201 0.801471 0.0288086 0.0422794
0 0.560547 0.516085 0.0205078 0.0395221
0 0.756348 0.789522 0.0273438 0.0533088
0 0.479248 0.883732 0.0200195 0.0395221
0 0.602783 0.0160846 0.0268555 0.0321691
0 0.616699 0.887408 0.0224609 0.0431985
1 0.652344 0.339614 0.0224609 0.0376838
1 0.602295 0.0147059 0.0249023 0.0294118
1 0.731689 0.190257 0.0258789 0.0569853
0 0.979736 0.443015 0.0200195 0.0441176
0 0.463135 0.881434 0.0209961 0.0422794
1 0.617188 0.886949 0.0214844 0.0422794
1 0.359131 0.682445 0.027832 0.0505515
1 0.0522461 0.810202 0.0234375 0.0413603
1 0.490234 0.357537 0.0244141 0.0441176
0 0.296875 0.674173 0.0292969 0.0487132
1 0.703125 0.0372243 0.0205078 0.0340074
0 0.697021 0.743566 0.0209961 0.0459559
1 0.572266 0.215533 0.0224609 0.0413603
1 0.638184 0.881434 0.0224609 0.0441176
1 0.766357 0.0854779 0.0209961 0.0404412
1 0.800781 0.10386 0.0234375 0.0386029
1 0.587891 0.214154 0.0234375 0.0404412
1 0.367432 0.794118 0.0229492 0.0404412
0 0.560303 0.876379 0.0249023 0.0450368
0 0.673096 0.709559 0.0239258 0.0477941
0 0.490967 0.358456 0.0258789 0.0441176
0 0.637695 0.881434 0.0234375 0.0422794
0 0.828125 0.825827 0.0234375 0.046875
1 0.697021 0.379596 0.0249023 0.0404412
0 0.010498 0.209559 0.0209961 0.0514706
1 0.0114746 0.210018 0.0200195 0.0523897
1 0.605225 0.474724 0.0209961 0.0413603
0 0.730713 0.189338 0.0258789 0.0459559
0 0.535889 0.501838 0.0249023 0.0441176
1 0.393311 0.65625 0.0258789 0.0477941
1 0.295654 0.80239 0.0239258 0.0422794
1 0.327148 0.625 0.0253906 0.0441176
0 0.782471 0.683824 0.0268555 0.0477941
0 0.73877 0.912684 0.0273438 0.0496324
0 0.510498 0.0174632 0.019043 0.0349265
0 0.703857 0.653033 0.0258789 0.0487132
1 0.52002 0.0721507 0.0234375 0.0431985
0 0.878906 0.0776654 0.0214844 0.0413603
1 0.686768 0.445772 0.0239258 0.0422794
1 0.259277 0.845588 0.0283203 0.0477941
0 0.295654 0.803309 0.0219727 0.0441176
0 0.619141 0.982537 0.0263672 0.0349265
1 0.696289 0.742647 0.0234375 0.0459559
1 0.363281 0.842371 0.0234375 0.0395221
0 0.559814 0.610294 0.0229492 0.0477941
1 0.19458 0.919577 0.0268555 0.046875
1 0.383789 0.787224 0.0214844 0.0413603
1 0.174072 0.828125 0.027832 0.0496324
1 0.738525 0.914062 0.0297852 0.0487132
0 0.288818 0.774357 0.0229492 0.0431985
1 0.908447 0.505974 0.0249023 0.0413603
1 0.666504 0.392463 0.0224609 0.0459559
1 0.82666 0.827206 0.0234375 0.0477941
0 0.359619 0.682445 0.0258789 0.0450368
1 0.432129 0.886029 0.0273438 0.0459559
0 0.419189 0.963235 0.027832 0.0477941
1 0.781738 0.684283 0.0283203 0.046875
1 0.0583496 0.881434 0.0239258 0.0422794
1 0.989746 0.817555 0.0205078 0.0413603
0 0.234375 0.709559 0.0253906 0.0459559
1 0.660156 0.0119485 0.0224609 0.0238971
1 0.297119 0.673254 0.027832 0.0487132
1 0.0957031 0.347886 0.0263672 0.046875
0 0.655029 0.3125 0.0209961 0.0367647
0 0.728027 0.636029 0.0224609 0.0459559
1 0.013916 0.97932 0.0268555 0.0413603
1 0.373047 0.536305 0.0273438 0.046875
1 0.0180664 0.465533 0.0263672 0.0505515
1 0.673096 0.70864 0.0249023 0.0477941
1 0.0847168 0.599724 0.0239258 0.046875
1 0.580566 0.209099 0.0205078 0.0395221
0 0.349609 0.80239 0.0224609 0.0441176
1 0.832764 0.127757 0.0249023 0.0422794
1 0.838867 0.685202 0.0234375 0.0450368
1 0.762939 0.0454963 0.0229492 0.0413603
1 0.123291 0.475643 0.0249023 0.0431985
1 0.732666 0.0974265 0.0258789 0.0459559
1 0.519775 0.826287 0.0219727 0.0386029
1 0.990723 0.122702 0.0185547 0.0431985
1 0.431641 0.788143 0.0224609 0.0431985
1 0.80249 0.167739 0.0249023 0.046875
1 0.0334473 0.409007 0.0249023 0.0459559
1 0.782715 0.590074 0.0263672 0.0441176
0 0.529785 0.460018 0.0234375 0.0450368
1 0.828125 0.62546 0.0214844 0.0487132
1 0.446777 0.15579 0.0205078 0.0413603
1 0.418945 0.962316 0.0273438 0.0459559
1 0.128418 0.828585 0.0253906 0.0505515
1 0.0649414 0.905331 0.0244141 0.0441176
0 0.257812 0.847426 0.0253906 0.0441176
1 0.166992 0.772978 0.0253906 0.0496324
1 0.130371 0.137408 0.0244141 0.0450368
1 0.206787 0.855699 0.0288086 0.0496324
1 0.645264 0.387868 0.0239258 0.0459559
1 0.0734863 0.253676 0.0268555 0.0533088
1 0.513916 0.682904 0.0297852 0.0496324
1 0.117432 0.159467 0.0239258 0.0450368
1 0.198975 0.362132 0.0239258 0.0404412
1 0.169434 0.0160846 0.0273438 0.0321691
1 0.912598 0.590993 0.0234375 0.0349265
1 0.460449 0.673254 0.0263672 0.0487132
1 0.39502 0.869945 0.0244141 0.0487132
0 0.318359 0.877298 0.0253906 0.0487132
1 0.377441 0.371324 0.0263672 0.0514706
1 0.852295 0.262868 0.0268555 0.0422794
1 0.755615 0.789062 0.0258789 0.046875
1 0.886719 0.237132 0.0332031 0.0477941
1 0.762939 0.886029 0.0239258 0.0404412
1 0.672119 0.0556066 0.0249023 0.0431985
1 0.598633 0.300551 0.0234375 0.0441176
1 0.990967 0.761489 0.0180664 0.0413603
1 0.145996 0.588695 0.0263672 0.0487132
1 0.596924 0.228401 0.0200195 0.0431985
1 0.416504 0.782169 0.0224609 0.0459559
1 0.612061 0.252757 0.0219727 0.0422794
1 0.406738 0.346507 0.0263672 0.0459559
1 0.197266 0.534007 0.0253906 0.0477941
1 0.159912 0.498162 0.0258789 0.0477941
1 0.531738 0.806526 0.0234375 0.0413603
1 0.457764 0.107077 0.0249023 0.0450368
1 0.126709 0.502757 0.0219727 0.0459559
1 0.813965 0.444853 0.0263672 0.0422794
1 0.992188 0.552849 0.015625 0.0487132
1 0.457764 0.171415 0.0200195 0.0413603
1 0.230957 0.345588 0.0244141 0.0477941
1 0.855469 0.679228 0.0234375 0.0422794
1 0.394287 0.115349 0.0249023 0.046875
1 0.0681152 0.799632 0.0229492 0.0441176
1 0.879883 0.824908 0.0234375 0.0487132
0 0.269531 0.984375 0.0273438 0.03125
1 0.564941 0.379596 0.0234375 0.0459559
1 0.94043 0.693474 0.0234375 0.0413603
1 0.092041 0.035386 0.0327148 0.0542279
1 0.222656 0.0767463 0.0263672 0.0487132
1 0.946777 0.316176 0.0263672 0.0459559
1 0.408447 0.205423 0.0258789 0.046875
1 0.990479 0.180607 0.0170898 0.0413603
1 0.185547 0.461857 0.0263672 0.0487132
1 0.591064 0.36489 0.0239258 0.0459559
1 0.713623 0.47886 0.0258789 0.0459559
1 0.532959 0.338695 0.0249023 0.0450368
1 0.0424805 0.929228 0.0253906 0.0459559
1 0.145752 0.303768 0.027832 0.0505515
1 0.919434 0.839614 0.0263672 0.0487132
1 0.804688 0.238051 0.0263672 0.0477941
1 0.776855 0.867188 0.0224609 0.0413603
1 0.942139 0.727482 0.0219727 0.0413603
1 0.458984 0.498621 0.0253906 0.0431985
1 0.183594 0.380515 0.0234375 0.0441176
1 0.877441 0.705423 0.0234375 0.0450368
1 0.572266 0.104779 0.0244141 0.0422794
1 0.153564 0.227941 0.0268555 0.0496324
1 0.576416 0.24954 0.0219727 0.0413603
1 0.224121 0.792739 0.0263672 0.046875
1 0.403076 0.159467 0.0229492 0.046875
1 0.914795 0.551011 0.0249023 0.0413603
1 0.796631 0.403033 0.0239258 0.0431985
1 0.0297852 0.886489 0.0273438 0.046875
1 0.832031 0.949908 0.0263672 0.046875
1 0.408203 0.537684 0.0263672 0.0459559
1 0.932617 0.332721 0.0234375 0.0422794
1 0.530518 0.269301 0.0249023 0.0459559
1 0.972656 0.189798 0.0253906 0.0413603
1 0.960938 0.220588 0.0253906 0.0386029
1 0.0935059 0.814338 0.027832 0.0514706
1 0.361084 0.164982 0.0249023 0.0450368
1 0.280029 0.191636 0.0229492 0.0413603
1 0.498779 0.175551 0.0258789 0.0477941
1 0.981201 0.735294 0.0219727 0.0404412
1 0.855469 0.867647 0.0263672 0.0477941
1 0.804688 0.295956 0.0253906 0.0441176
1 0.678467 0.136949 0.027832 0.0514706
1 0.239258 0.0289522 0.0253906 0.0450368
1 0.132324 0.628676 0.0263672 0.0496324
1 0.109131 0.53079 0.0268555 0.0487132
1 0.780518 0.274816 0.0258789 0.0459559
1 0.332031 0.200827 0.0253906 0.0450368
1 0.306641 0.119945 0.0263672 0.046875
1 0.483643 0.134191 0.0249023 0.0477941
1 0.963867 0.754136 0.0234375 0.0450368
1 0.917969 0.616268 0.0234375 0.0413603
1 0.209473 0.308364 0.0253906 0.0487132
1 0.31665 0.25 0.0258789 0.0441176
1 0.414062 0.463695 0.0263672 0.0487132
1 0.986816 0.935662 0.0263672 0.0514706
1 0.365723 0.204044 0.0224609 0.0441176
1 0.268311 0.215533 0.0249023 0.0450368
1 0.44165 0.471967 0.0219727 0.0450368
