1 0.72998 0.103401 0.0224609 0.0450368
1 0.856934 0.866268 0.0234375 0.046875
1 0.591309 0.237592 0.0244141 0.046875
1 0.911621 0.498621 0.0234375 0.0450368
1 0.807129 0.113051 0.0234375 0.0422794
0 0.780518 0.693474 0.0239258 0.0450368
1 0.735596 0.178309 0.0249023 0.0477941
0 0.835205 0.127757 0.0249023 0.0404412
1 0.747314 0.921415 0.0239258 0.0431985
1 0.989014 0.820312 0.019043 0.0413603
1 0.564453 0.606618 0.0283203 0.0514706
0 0.196533 0.532169 0.0239258 0.0459559
0 0.395508 0.132353 0.0214844 0.0367647
0 0.834473 0.863511 0.0185547 0.0395221
0 0.688721 0.72886 0.0209961 0.0441176
0 0.746826 0.922794 0.0249023 0.0422794
0 0.37793 0.369945 0.0253906 0.0450368
1 0.710938 0.648897 0.0224609 0.0404412
1 0.780518 0.693474 0.0239258 0.0450368
0 0.803955 0.172335 0.0249023 0.0450368
1 0.463623 0.112132 0.0200195 0.0422794
1 0.312012 0.133272 0.0283203 0.0459559
0 0.737061 0.176471 0.0249023 0.0441176
1 0.879883 0.824449 0.0234375 0.0459559
0 0.483154 0.133272 0.0219727 0.0422794
1 0.83667 0.12546 0.0249023 0.0450368
1 0.377686 0.369945 0.0268555 0.0450368
1 0.076416 0.244945 0.0307617 0.0542279
1 0.410156 0.341452 0.0273438 0.0450368
0 0.311523 0.132812 0.0292969 0.046875
1 0.381104 0.787224 0.0249023 0.046875
0 0.755371 0.789062 0.0244141 0.0431985
0 0.805908 0.112592 0.0239258 0.0450368
0 0.409424 0.340993 0.0268555 0.0459559
1 0.650879 0.39614 0.0224609 0.0422794
0 0.521484 0.0684743 0.0253906 0.0431985
1 0.724854 0.634191 0.0209961 0.0404412
0 0.880371 0.823529 0.0234375 0.0477941
1 0.678223 0.0597426 0.0234375 0.0404412
1 0.521484 0.0693934 0.0234375 0.0431985
0 0.729736 0.104779 0.0239258 0.0459559
1 0.196289 0.53171 0.0244141 0.0450368
0 0.829102 0.820772 0.0234375 0.0422794
0 0.464355 0.112132 0.0205078 0.0422794
1 0.259766 0.846967 0.0283203 0.0450368
0 0.236328 0.710938 0.0253906 0.0431985
0 0.076416 0.245864 0.0327148 0.0542279
1 0.0141602 0.201287 0.0263672 0.0588235
0 0.258301 0.846507 0.0253906 0.0459559
1 0.679688 0.129596 0.0263672 0.0441176
1 0.37207 0.538143 0.0273438 0.0505515
1 0.440674 0.88557 0.027832 0.046875
1 0.395264 0.129596 0.0209961 0.0386029
0 0.315918 0.883272 0.0244141 0.0459559
0 0.711426 0.649357 0.0234375 0.0395221
1 0.571289 0.105239 0.0234375 0.0431985
1 0.589111 0.363511 0.0239258 0.0450368
0 0.609375 0.0137868 0.0224609 0.0275735
1 0.992188 0.76057 0.015625 0.0395221
1 0.851562 0.261029 0.0253906 0.0422794
0 0.39209 0.657169 0.0244141 0.0459559
1 0.696777 0.449449 0.0224609 0.0386029
0 0.536377 0.492647 0.0239258 0.0441176
0 0.559814 0.877757 0.0268555 0.0459559
1 0.406982 0.203585 0.0268555 0.0487132
0 0.269531 0.984375 0.0263672 0.03125
1 0.534424 0.335478 0.0239258 0.0496324
0 0.672363 0.714614 0.0224609 0.0413603
1 0.196777 0.931985 0.0263672 0.0441176
1 0.402832 0.159467 0.0205078 0.0431985
1 0.921875 0.845588 0.0234375 0.0404412
1 0.710449 0.472426 0.0234375 0.0404412
1 0.803223 0.171875 0.0234375 0.0441176
0 0.856201 0.866728 0.0249023 0.0459559
1 0.156738 0.501838 0.0234375 0.0477941
1 0.187012 0.472426 0.0244141 0.0459559
1 0.799072 0.409007 0.0219727 0.0367647
0 0.36792 0.692096 0.0249023 0.0459559
1 0.824951 0.954963 0.027832 0.0441176
1 0.0944824 0.351562 0.027832 0.0487132
1 0.828857 0.623621 0.0219727 0.046875
1 0.0146484 0.980699 0.0244141 0.0386029
1 0.225342 0.78079 0.0258789 0.0487132
1 0.246582 0.0225184 0.0263672 0.0431985
1 0.334229 0.191176 0.0258789 0.0477941
1 0.876709 0.716452 0.0249023 0.0450368
0 0.879883 0.0831801 0.0234375 0.0395221
1 0.813232 0.442096 0.0268555 0.0422794
0 0.466553 0.671415 0.0249023 0.0487132
0 0.534668 0.463235 0.0244141 0.0404412
1 0.989746 0.175551 0.0205078 0.0459559
1 0.967041 0.744945 0.0219727 0.0431985
1 0.392334 0.875919 0.0258789 0.0514706
1 0.78418 0.59375 0.0273438 0.0441176
0 0.505371 0.679228 0.0263672 0.0496324
0 0.564453 0.607537 0.0263672 0.0496324
1 0.482422 0.131893 0.0214844 0.0431985
0 0.299316 0.668658 0.0263672 0.046875
1 0.171875 0.0183824 0.0283203 0.0367647
0 0.32373 0.634191 0.0234375 0.0441176
1 0.922607 0.561581 0.0249023 0.0422794
1 0.0178223 0.454963 0.0239258 0.0496324
1 0.669189 0.392463 0.0219727 0.0422794
1 0.203369 0.852941 0.0258789 0.0441176
1 0.150391 0.232996 0.0273438 0.046875
1 0.611328 0.24954 0.0195312 0.0395221
1 0.145752 0.586397 0.0239258 0.0477941
1 0.215332 0.0776654 0.0253906 0.0487132
1 0.23584 0.346967 0.0273438 0.0523897
1 0.03125 0.409926 0.0253906 0.0441176
1 0.147461 0.301011 0.0302734 0.046875
1 0.16333 0.772518 0.0258789 0.0487132
1 0.570312 0.388787 0.0234375 0.0422794
1 0.126953 0.827206 0.0263672 0.0496324
1 0.598145 0.299632 0.0244141 0.0441176
1 0.0917969 0.0326287 0.0332031 0.0542279
1 0.57959 0.248621 0.0224609 0.0431985
1 0.803955 0.221048 0.0229492 0.0431985
1 0.106201 0.530331 0.0249023 0.0459559
1 0.0925293 0.8125 0.0268555 0.0514706
1 0.597656 0.230239 0.0205078 0.0413603
1 0.0915527 0.600184 0.0249023 0.0496324
1 0.691406 0.384651 0.0244141 0.0450368
1 0.178711 0.83364 0.0263672 0.0441176
1 0.314697 0.249081 0.0268555 0.0477941
1 0.502197 0.175092 0.0249023 0.046875
1 0.811035 0.301011 0.0263672 0.0413603
1 0.527344 0.270221 0.0244141 0.0477941
1 0.132568 0.620404 0.0249023 0.0459559
1 0.783691 0.27114 0.0263672 0.0459559
1 0.206055 0.313879 0.0263672 0.0487132
1 0.418945 0.954504 0.0273438 0.0505515
1 0.981201 0.733915 0.0200195 0.0395221
1 0.983643 0.92739 0.0268555 0.0514706
