0 0.393311 0.657169 0.0239258 0.0459559
1 0.938965 0.714154 0.0185547 0.0386029
1 0.450684 0.505974 0.0195312 0.0376838
1 0.762451 0.0689338 0.0219727 0.0477941
1 0.835205 0.984375 0.027832 0.0294118
0 0.353027 0.80239 0.0214844 0.0441176
1 0.467285 0.115809 0.03125 0.0496324
1 0.561523 0.610754 0.0234375 0.0450368
0 0.36377 0.6875 0.0253906 0.0514706
1 0.840576 0.682904 0.0219727 0.0386029
1 0.0769043 0.246783 0.0297852 0.0523897
1 0.127197 0.139706 0.0219727 0.0386029
1 0.853027 0.0776654 0.0205078 0.0413603
1 0.0344238 0.903033 0.0288086 0.0634191
1 0.879639 0.0785846 0.0219727 0.0395221
1 0.659424 0.0133272 0.0200195 0.0266544
0 0.619873 0.983915 0.0297852 0.0284926
0 0.878906 0.0813419 0.0234375 0.0413603
1 0.363525 0.6875 0.027832 0.0496324
1 0.989746 0.819853 0.0185547 0.0441176
0 0.464355 0.671415 0.0263672 0.046875
0 0.828857 0.824449 0.0219727 0.0459559
1 0.984375 0.765625 0.0205078 0.0367647
1 0.834473 0.866268 0.0205078 0.0395221
0 0.325195 0.630515 0.0253906 0.0441176
1 0.232666 0.347886 0.0209961 0.046875
1 0.463623 0.670956 0.0249023 0.0459559
1 0.190918 0.377757 0.0234375 0.0349265
1 0.381592 0.786765 0.0239258 0.0459559
0 0.0917969 0.0358456 0.0341797 0.0533088
1 0.532471 0.461397 0.0249023 0.0441176
1 0.672852 0.711857 0.0234375 0.0450368
1 0.125 0.490809 0.0234375 0.0533088
0 0.235107 0.710478 0.0249023 0.0477941
1 0.538086 0.50046 0.0234375 0.0431985
1 0.259521 0.846967 0.0288086 0.0487132
1 0.761719 0.884191 0.0214844 0.0367647
1 0.70752 0.653033 0.0234375 0.0431985
1 0.85376 0.681066 0.0219727 0.0349265
1 0.0183105 0.462316 0.0268555 0.0533088
1 0.734375 0.182904 0.0214844 0.0441176
1 0.457031 0.497702 0.0224609 0.0395221
1 0.607178 0.0160846 0.0249023 0.0321691
1 0.979004 0.440257 0.0234375 0.0422794
1 0.780518 0.689338 0.0268555 0.0477941
1 0.171143 0.0160846 0.027832 0.0321691
1 0.092041 0.0344669 0.0327148 0.0542279
1 0.960205 0.214154 0.0219727 0.0349265
1 0.828125 0.823529 0.0214844 0.0477941
1 0.372803 0.536305 0.027832 0.0487132
1 0.175781 0.829044 0.0253906 0.0441176
1 0.910889 0.503217 0.0249023 0.0431985
0 0.0761719 0.248162 0.0302734 0.0496324
1 0.0627441 0.805147 0.0258789 0.0441176
1 0.0878906 0.599724 0.0253906 0.0487132
1 0.157715 0.50046 0.0224609 0.0450368
1 0.0947266 0.350643 0.0283203 0.046875
1 0.510254 0.681066 0.0263672 0.0459559
0 0.298584 0.670956 0.0288086 0.0477941
1 0.377686 0.371324 0.0258789 0.0477941
1 0.885986 0.236673 0.027832 0.0450368
1 0.646973 0.390165 0.0244141 0.0431985
0 0.258057 0.846507 0.0268555 0.0441176
0 0.270264 0.984375 0.027832 0.03125
1 0.991699 0.761029 0.0166016 0.0404412
1 0.742432 0.915441 0.0249023 0.0477941
1 0.727051 0.636029 0.0224609 0.0441176
0 0.0126953 0.203125 0.0244141 0.0569853
1 0.777344 0.871324 0.0214844 0.0386029
1 0.197021 0.533088 0.0258789 0.0477941
1 0.730469 0.101103 0.0234375 0.0459559
1 0.395264 0.872702 0.0268555 0.0505515
1 0.94458 0.320312 0.0219727 0.0413603
1 0.713135 0.476103 0.0258789 0.0404412
1 0.694824 0.736673 0.0205078 0.046875
1 0.877441 0.712776 0.0234375 0.0431985
1 0.410156 0.538143 0.0253906 0.046875
1 0.195312 0.928309 0.0253906 0.0441176
1 0.145508 0.587776 0.0263672 0.046875
1 0.879883 0.823989 0.0234375 0.046875
1 0.588623 0.362132 0.0249023 0.0441176
0 0.316406 0.880055 0.0253906 0.0505515
1 0.679199 0.133732 0.0263672 0.0450368
1 0.855469 0.867647 0.0253906 0.0459559
1 0.851562 0.261949 0.0263672 0.0422794
1 0.668213 0.392004 0.0219727 0.0431985
1 0.438965 0.882812 0.0263672 0.046875
1 0.360352 0.169577 0.0244141 0.0413603
1 0.69043 0.446232 0.0234375 0.0450368
1 0.833496 0.128676 0.0234375 0.0404412
1 0.970947 0.197151 0.0219727 0.0376838
1 0.152344 0.228401 0.0273438 0.0523897
1 0.755859 0.789062 0.0253906 0.0450368
1 0.80249 0.169577 0.0229492 0.0450368
1 0.0319824 0.409926 0.0258789 0.0459559
1 0.613037 0.251379 0.0209961 0.0413603
1 0.520508 0.0698529 0.0234375 0.0422794
1 0.416992 0.960018 0.0273438 0.046875
1 0.783447 0.59421 0.0258789 0.0431985
1 0.766846 0.0854779 0.0200195 0.0386029
1 0.692627 0.384191 0.0239258 0.0459559
1 0.992676 0.546415 0.0146484 0.046875
1 0.759766 0.0523897 0.0224609 0.0404412
1 0.186768 0.466452 0.0268555 0.0487132
1 0.196777 0.366268 0.0224609 0.0376838
1 0.309326 0.129596 0.0288086 0.0514706
1 0.92041 0.842831 0.0263672 0.0459559
1 0.0144043 0.980699 0.0249023 0.0386029
1 0.67627 0.058364 0.0234375 0.0413603
1 0.128662 0.829044 0.0268555 0.0514706
1 0.205566 0.85432 0.0283203 0.0450368
1 0.0925293 0.8125 0.0268555 0.0477941
1 0.933594 0.331342 0.0205078 0.0395221
1 0.572266 0.10432 0.0234375 0.0413603
1 0.53418 0.339154 0.0234375 0.0441176
1 0.828125 0.62454 0.0253906 0.0523897
1 0.917969 0.553768 0.0234375 0.0431985
1 0.797363 0.40671 0.0224609 0.0413603
1 0.458984 0.109375 0.0244141 0.0477941
1 0.164551 0.772518 0.0263672 0.0487132
1 0.224365 0.787224 0.0288086 0.0487132
1 0.218506 0.0758272 0.0258789 0.0487132
1 0.991455 0.176471 0.0170898 0.0441176
1 0.407715 0.204504 0.0263672 0.046875
1 0.781982 0.273438 0.0258789 0.0450368
1 0.807617 0.298713 0.0234375 0.0422794
1 0.804443 0.230239 0.0239258 0.0450368
1 0.596924 0.22932 0.0200195 0.0431985
1 0.414551 0.460938 0.0263672 0.0505515
1 0.146484 0.303768 0.0263672 0.0487132
1 0.444336 0.472426 0.0234375 0.0422794
1 0.39502 0.121324 0.0244141 0.0441176
1 0.567871 0.387868 0.0244141 0.0422794
1 0.598145 0.300092 0.0244141 0.0450368
1 0.82666 0.953585 0.0263672 0.0450368
1 0.407959 0.342831 0.0268555 0.0459559
1 0.814209 0.442555 0.0249023 0.0413603
1 0.500244 0.174632 0.0258789 0.0459559
1 0.0390625 0.920496 0.0263672 0.0450368
1 0.964844 0.751838 0.0253906 0.0441176
1 0.108643 0.529412 0.0268555 0.0496324
1 0.132812 0.62454 0.0263672 0.0487132
1 0.361572 0.201746 0.0229492 0.0431985
1 0.577881 0.25 0.0219727 0.0459559
1 0.0305176 0.88511 0.0258789 0.0422794
1 0.803223 0.105699 0.0234375 0.0441176
1 0.483643 0.132812 0.0249023 0.046875
1 0.985107 0.931526 0.0268555 0.0523897
1 0.316162 0.25 0.0258789 0.0441176
1 0.333008 0.195772 0.0253906 0.0459559
1 0.528809 0.270221 0.0244141 0.0459559
1 0.980469 0.734375 0.0214844 0.0386029
1 0.207031 0.31204 0.0244141 0.046875
1 0.243896 0.0248162 0.0268555 0.0459559
1 0.402832 0.159007 0.0224609 0.0459559
