1 0.842285 0.765625 0.0283203 0.0514706
1 0.382324 0.267463 0.0273438 0.0514706
0 0.102051 0.0234375 0.0361328 0.046875
0 0.189697 0.542279 0.034668 0.0716912
1 0.949219 0.867647 0.0234375 0.0367647
1 0.30957 0.237592 0.0283203 0.0597426
1 0.102539 0.0248162 0.0341797 0.0496324
0 0.859375 0.082261 0.0234375 0.046875
0 0.52417 0.206342 0.0258789 0.046875
0 0.382568 0.267463 0.0297852 0.0551471
1 0.438965 0.880515 0.0302734 0.0588235
1 0.925049 0.975184 0.027832 0.0441176
1 0.825928 0.953125 0.0249023 0.0422794
1 0.800781 0.59375 0.0253906 0.0514706
0 0.259033 0.847886 0.0307617 0.0542279
0 0.203369 0.957261 0.0317383 0.0542279
0 0.924805 0.976103 0.03125 0.0477941
0 0.825928 0.953585 0.0249023 0.0450368
0 0.842285 0.767004 0.0283203 0.046875
0 0.799561 0.928768 0.0239258 0.046875
1 0.958008 0.556985 0.03125 0.0514706
0 0.438965 0.881434 0.0341797 0.0569853
1 0.416504 0.454504 0.0302734 0.0597426
1 0.258545 0.847886 0.0297852 0.0542279
0 0.800781 0.59375 0.0263672 0.0496324
1 0.872559 0.745864 0.0263672 0.0487132
1 0.987549 0.172794 0.0249023 0.0569853
0 0.570068 0.597886 0.0327148 0.0579044
0 0.308594 0.237592 0.0302734 0.0597426
0 0.164551 0.772518 0.0283203 0.0560662
0 0.828857 0.623621 0.0249023 0.0505515
1 0.916504 0.496324 0.0263672 0.0477941
0 0.872559 0.746324 0.0263672 0.0477941
0 0.0852051 0.23943 0.0356445 0.0634191
1 0.203613 0.957261 0.03125 0.0560662
1 0.303711 0.90579 0.0292969 0.0579044
1 0.689941 0.389246 0.0302734 0.0652574
0 0.0222168 0.193015 0.0327148 0.0661765
0 0.109375 0.387408 0.0302734 0.0634191
1 0.189209 0.542279 0.0336914 0.0661765
