1 0.395996 0.355239 0.0380859 0.0505515
1 0.882812 0.241728 0.0214844 0.0459559
0 0.990967 0.415441 0.0180664 0.0367647
1 0.312256 0.892923 0.0268555 0.0487132
0 0.977295 0.894761 0.0297852 0.0487132
0 0.858643 0.0840993 0.0200195 0.0450368
0 0.259521 0.845588 0.0297852 0.0514706
1 0.195801 0.0602022 0.0263672 0.0487132
1 0.543945 0.0588235 0.0234375 0.0404412
0 0.804443 0.30239 0.0219727 0.0441176
1 0.858643 0.254596 0.0200195 0.0404412
0 0.785889 0.273897 0.0249023 0.0422794
0 0.545166 0.904871 0.0249023 0.0487132
1 0.164062 0.772059 0.0292969 0.0551471
1 0.772705 0.921875 0.0268555 0.0514706
1 0.828857 0.623162 0.0219727 0.0477941
0 0.917236 0.493566 0.0249023 0.0441176
1 0.544922 0.907629 0.0273438 0.046875
1 0.438477 0.883732 0.0234375 0.046875
1 0.920898 0.97886 0.03125 0.0422794
0 0.564453 0.0790441 0.0214844 0.0422794
0 0.438965 0.884651 0.0234375 0.046875
0 0.825684 0.777114 0.0263672 0.0450368
1 0.0959473 0.0248162 0.0297852 0.0441176
0 0.171875 0.0225184 0.0283203 0.0413603
1 0.104004 0.382353 0.0292969 0.0569853
1 0.810303 0.119945 0.0219727 0.0450368
1 0.917236 0.492647 0.0297852 0.0477941
1 0.786133 0.272978 0.0234375 0.0459559
0 0.199219 0.95818 0.03125 0.0523897
1 0.568359 0.597886 0.0273438 0.0487132
1 0.989014 0.172794 0.0219727 0.0477941
0 0.567627 0.597426 0.0297852 0.0533088
0 0.689453 0.388327 0.0292969 0.0597426
1 0.258789 0.845588 0.0263672 0.0477941
1 0.824219 0.777114 0.0253906 0.046875
0 0.920898 0.980239 0.03125 0.0395221
1 0.865479 0.857077 0.0219727 0.046875
1 0.519531 0.200827 0.0224609 0.0413603
0 0.933594 0.881434 0.0234375 0.0422794
1 0.83667 0.124081 0.0219727 0.0422794
0 0.0852051 0.238971 0.0307617 0.0551471
0 0.795898 0.592371 0.0253906 0.046875
1 0.936768 0.565257 0.0268555 0.0459559
0 0.772949 0.922794 0.0273438 0.0514706
0 0.194824 0.0625 0.0273438 0.0477941
1 0.879639 0.827206 0.0249023 0.0441176
1 0.872559 0.741728 0.0263672 0.0496324
0 0.230469 0.338235 0.0234375 0.0514706
0 0.164795 0.77068 0.0288086 0.0505515
0 0.0219727 0.193934 0.0292969 0.0569853
1 0.171387 0.0220588 0.0273438 0.0404412
1 0.524902 0.269301 0.0224609 0.0404412
1 0.804688 0.301471 0.0234375 0.0459559
0 0.104248 0.382812 0.0297852 0.0542279
0 0.756836 0.789062 0.0234375 0.0413603
1 0.199219 0.95864 0.0292969 0.0496324
0 0.871826 0.743566 0.0268555 0.0459559
1 0.690186 0.387408 0.0307617 0.0597426
1 0.528076 0.309743 0.0209961 0.0404412
1 0.410645 0.908548 0.0234375 0.046875
0 0.828857 0.622702 0.0249023 0.0487132
1 0.391602 0.871783 0.0234375 0.0487132
0 0.826416 0.954044 0.0297852 0.0514706
0 0.769531 0.762408 0.0253906 0.0413603
0 0.209473 0.317555 0.0253906 0.0523897
1 0.311035 0.244945 0.0273438 0.046875
1 0.976562 0.894761 0.0263672 0.046875
1 0.414795 0.456342 0.0249023 0.0450368
1 0.393311 0.232996 0.0258789 0.046875
1 0.378662 0.368566 0.0258789 0.0459559
1 0.408936 0.339614 0.0239258 0.0450368
1 0.189697 0.54182 0.0297852 0.0560662
