0 0.917236 0.982996 0.027832 0.0340074
1 0.0947266 0.539522 0.0263672 0.0533088
1 0.772217 0.741728 0.0209961 0.0441176
1 0.020752 0.193934 0.0268555 0.0569853
0 0.439941 0.88511 0.0244141 0.0459559
0 0.0957031 0.584559 0.0292969 0.0477941
0 0.828857 0.622243 0.0249023 0.0496324
0 0.873291 0.730239 0.0249023 0.0450368
1 0.873535 0.728401 0.0263672 0.046875
1 0.916504 0.982077 0.03125 0.0358456
1 0.835938 0.866268 0.0205078 0.0395221
0 0.206543 0.316636 0.0253906 0.0523897
1 0.932861 0.563419 0.0268555 0.0422794
0 0.0214844 0.194853 0.0263672 0.0514706
1 0.197998 0.959099 0.027832 0.046875
0 0.101562 0.375 0.0244141 0.0477941
1 0.882812 0.241728 0.0214844 0.0459559
1 0.172363 0.0206801 0.0283203 0.0395221
1 0.929688 0.870404 0.0263672 0.0459559
0 0.82666 0.954504 0.0283203 0.0505515
1 0.203369 0.0730699 0.0258789 0.0450368
1 0.440186 0.883732 0.0239258 0.046875
1 0.917236 0.492647 0.0297852 0.0477941
1 0.789795 0.590993 0.0249023 0.0441176
1 0.858643 0.254136 0.0219727 0.0413603
0 0.0852051 0.238511 0.0307617 0.0542279
1 0.258301 0.84421 0.0244141 0.0450368
0 0.93042 0.869945 0.0268555 0.0487132
1 0.98877 0.173713 0.0224609 0.0496324
1 0.0935059 0.0266544 0.0327148 0.0441176
1 0.858643 0.0836397 0.0219727 0.0477941
1 0.825684 0.955882 0.0283203 0.0496324
1 0.809326 0.300092 0.0249023 0.0431985
1 0.0949707 0.584559 0.027832 0.0477941
1 0.828857 0.623162 0.0219727 0.0477941
1 0.836914 0.125 0.0234375 0.0441176
1 0.810547 0.116728 0.0214844 0.0441176
0 0.197754 0.95818 0.0283203 0.046875
1 0.690674 0.387868 0.0268555 0.0477941
1 0.551514 0.89614 0.0258789 0.0422794
0 0.0952148 0.536765 0.0273438 0.0496324
1 0.861816 0.861673 0.0234375 0.0487132
1 0.567627 0.599724 0.0268555 0.046875
1 0.785156 0.272059 0.0244141 0.0477941
0 0.203125 0.0707721 0.0253906 0.0477941
1 0.206299 0.314798 0.0249023 0.0487132
1 0.82666 0.786765 0.0263672 0.0496324
1 0.235596 0.340074 0.0268555 0.0477941
1 0.514893 0.194853 0.0219727 0.0459559
1 0.524414 0.269301 0.0234375 0.0404412
1 0.880615 0.826746 0.0249023 0.046875
1 0.391602 0.871783 0.0224609 0.0487132
1 0.767578 0.924173 0.0263672 0.0523897
1 0.196289 0.532169 0.0273438 0.0533088
1 0.538086 0.0560662 0.0273438 0.0422794
1 0.415039 0.924173 0.0234375 0.0450368
1 0.528076 0.309743 0.0219727 0.0404412
1 0.568848 0.0923713 0.0224609 0.0431985
0 0.164551 0.77068 0.0292969 0.0523897
1 0.755859 0.789062 0.0244141 0.0450368
1 0.981934 0.909926 0.0283203 0.0514706
1 0.395752 0.223346 0.0239258 0.0459559
1 0.396973 0.538603 0.0205078 0.0386029
1 0.415283 0.457721 0.0249023 0.0441176
1 0.375 0.539522 0.0234375 0.0422794
1 0.378662 0.368107 0.0249023 0.0431985
1 0.409668 0.340533 0.0244141 0.0431985
1 0.311523 0.246324 0.0273438 0.0441176
