1 0.165283 0.772518 0.027832 0.0542279
1 0.882812 0.240809 0.0214844 0.0477941
1 0.172607 0.0215993 0.0268555 0.0413603
1 0.858643 0.0845588 0.0200195 0.0441176
1 0.521973 0.207721 0.0195312 0.0404412
0 0.392334 0.871783 0.0219727 0.0487132
1 0.568848 0.596967 0.0263672 0.046875
0 0.798096 0.594669 0.0268555 0.0459559
1 0.777588 0.921415 0.0288086 0.0505515
1 0.85791 0.24954 0.0234375 0.0395221
0 0.567627 0.596967 0.0307617 0.0542279
1 0.797852 0.59329 0.0263672 0.0450368
0 0.920898 0.97886 0.03125 0.0422794
0 0.438477 0.882812 0.0234375 0.046875
1 0.407471 0.891544 0.0219727 0.0441176
0 0.173096 0.0211397 0.027832 0.0386029
1 0.921143 0.978401 0.0327148 0.0431985
1 0.201416 0.95818 0.0307617 0.0523897
1 0.810791 0.119945 0.0219727 0.046875
1 0.934326 0.880055 0.0249023 0.0431985
1 0.538818 0.913143 0.0249023 0.0450368
0 0.201172 0.95818 0.0283203 0.0487132
0 0.825684 0.774357 0.0263672 0.046875
0 0.933594 0.882353 0.0253906 0.0422794
1 0.828857 0.62454 0.0219727 0.046875
1 0.989014 0.172335 0.0219727 0.0487132
1 0.391602 0.872243 0.0205078 0.0441176
1 0.916992 0.494026 0.0234375 0.0487132
0 0.258301 0.847426 0.0263672 0.0514706
0 0.828857 0.623162 0.0249023 0.0477941
1 0.835938 0.124081 0.0234375 0.0441176
0 0.165283 0.772059 0.027832 0.0496324
1 0.528564 0.310202 0.0209961 0.0395221
1 0.943115 0.564338 0.0297852 0.0514706
1 0.525635 0.269761 0.0209961 0.0395221
0 0.0849609 0.238511 0.0332031 0.0579044
1 0.388916 0.244945 0.0249023 0.0542279
0 0.777832 0.922335 0.0283203 0.0487132
0 0.872559 0.744485 0.0263672 0.0496324
0 0.107666 0.387868 0.027832 0.0569853
1 0.415039 0.454963 0.0234375 0.0422794
0 0.0222168 0.193474 0.0317383 0.0615809
1 0.786133 0.272518 0.0234375 0.0431985
1 0.971924 0.883272 0.0249023 0.0441176
0 0.826416 0.954504 0.0297852 0.0523897
1 0.311279 0.243566 0.027832 0.0459559
1 0.377686 0.368566 0.0249023 0.0459559
1 0.799805 0.297794 0.0234375 0.0422794
1 0.689941 0.389246 0.03125 0.0634191
1 0.189209 0.542279 0.0327148 0.0606618
1 0.405273 0.336857 0.0234375 0.0431985
