0 0.784424 0.925092 0.0288086 0.046875
1 0.101318 0.0234375 0.0336914 0.046875
1 0.785156 0.926011 0.0263672 0.046875
0 0.534424 0.919118 0.0297852 0.0477941
0 0.101074 0.0225184 0.0341797 0.0450368
1 0.830322 0.771599 0.0297852 0.0560662
1 0.922852 0.976562 0.03125 0.0431985
0 0.811035 0.117647 0.0234375 0.0477941
0 0.189453 0.54182 0.0341797 0.0689338
1 0.964844 0.87454 0.0234375 0.046875
0 0.921875 0.977022 0.0292969 0.0459559
1 0.810791 0.119945 0.0219727 0.046875
1 0.569092 0.596507 0.027832 0.0496324
0 0.799316 0.595588 0.0283203 0.0496324
1 0.872559 0.745404 0.0283203 0.0459559
1 0.835938 0.12454 0.0214844 0.0450368
1 0.310547 0.240349 0.03125 0.0523897
0 0.568604 0.597426 0.0288086 0.0514706
1 0.202637 0.957261 0.0302734 0.0523897
0 0.964844 0.873162 0.0234375 0.0514706
0 0.828857 0.623162 0.0249023 0.0477941
0 0.826416 0.953585 0.0297852 0.0523897
0 0.831299 0.77068 0.0297852 0.0560662
1 0.529053 0.308824 0.0209961 0.0404412
1 0.945312 0.560662 0.0283203 0.0477941
0 0.309814 0.23989 0.0307617 0.0533088
1 0.917236 0.494026 0.0249023 0.0487132
1 0.799316 0.595129 0.0263672 0.0487132
1 0.385986 0.255055 0.0258789 0.046875
1 0.98877 0.172335 0.0224609 0.0505515
1 0.528076 0.272978 0.0209961 0.0386029
0 0.872559 0.746324 0.0283203 0.0477941
1 0.828857 0.624081 0.0219727 0.0459559
1 0.415527 0.454963 0.0234375 0.0459559
0 0.438721 0.882353 0.0336914 0.0551471
0 0.202148 0.957261 0.0283203 0.046875
0 0.934326 0.883272 0.0249023 0.0422794
0 0.0849609 0.238971 0.0341797 0.0606618
0 0.258789 0.847886 0.0273438 0.0505515
0 0.165283 0.772978 0.027832 0.0496324
1 0.377686 0.367188 0.0239258 0.0431985
0 0.109131 0.389246 0.0288086 0.0597426
0 0.0219727 0.193474 0.0332031 0.0670956
1 0.395264 0.340074 0.0239258 0.0422794
1 0.189209 0.542279 0.034668 0.0661765
1 0.689941 0.389246 0.03125 0.0634191
1 0.826416 0.954504 0.0297852 0.0505515
