0 0.859375 0.0840993 0.0205078 0.0450368
1 0.858643 0.0840993 0.0219727 0.0450368
0 0.917236 0.493566 0.0249023 0.0459559
1 0.0852051 0.238511 0.0307617 0.0579044
1 0.164062 0.772059 0.0292969 0.0551471
0 0.543457 0.90579 0.03125 0.0487132
1 0.857666 0.250919 0.0219727 0.0386029
1 0.0964355 0.0243566 0.0307617 0.046875
1 0.93457 0.879596 0.0234375 0.0422794
0 0.775879 0.920956 0.0263672 0.0514706
0 0.410156 0.908088 0.0224609 0.0441176
0 0.259033 0.846507 0.0258789 0.0514706
0 0.933594 0.882353 0.0253906 0.0422794
0 0.391357 0.871324 0.0209961 0.0477941
1 0.258789 0.846507 0.0263672 0.0496324
0 0.567627 0.596967 0.0297852 0.0523897
1 0.568848 0.597886 0.0263672 0.046875
1 0.776367 0.920496 0.0273438 0.0523897
0 0.199707 0.95864 0.0322266 0.0533088
0 0.920898 0.980239 0.03125 0.0395221
1 0.828857 0.623621 0.0219727 0.046875
1 0.810791 0.119485 0.0219727 0.0459559
1 0.410156 0.90579 0.0214844 0.046875
0 0.543213 0.0588235 0.0219727 0.0404412
0 0.0849609 0.238971 0.0322266 0.0569853
1 0.519531 0.202206 0.0214844 0.0422794
0 0.229004 0.338695 0.0214844 0.046875
1 0.920898 0.978401 0.03125 0.0431985
1 0.917969 0.493107 0.0292969 0.0487132
0 0.796875 0.59329 0.0253906 0.046875
0 0.758301 0.787224 0.0224609 0.0395221
1 0.826416 0.955882 0.0297852 0.0496324
1 0.171387 0.0220588 0.0283203 0.0422794
1 0.824219 0.776195 0.0253906 0.046875
1 0.989014 0.172794 0.0219727 0.0496324
1 0.104492 0.382812 0.0292969 0.0597426
0 0.561768 0.0749081 0.0209961 0.0431985
1 0.83667 0.124081 0.0219727 0.0422794
1 0.784668 0.272978 0.0224609 0.0459559
1 0.543457 0.907629 0.0283203 0.0487132
0 0.826416 0.954044 0.0297852 0.0514706
0 0.171875 0.0225184 0.0283203 0.0431985
0 0.105225 0.382812 0.0297852 0.0560662
1 0.525146 0.269761 0.0219727 0.0395221
0 0.0219727 0.193934 0.0302734 0.0588235
0 0.438965 0.884651 0.0234375 0.046875
0 0.871826 0.744026 0.0249023 0.046875
1 0.872803 0.741728 0.0249023 0.0496324
1 0.528076 0.309743 0.0219727 0.0404412
0 0.164795 0.77114 0.0288086 0.0496324
1 0.391602 0.871783 0.0234375 0.0487132
1 0.199463 0.95864 0.0297852 0.0496324
1 0.938965 0.565717 0.0263672 0.0487132
0 0.21167 0.319393 0.0249023 0.0505515
0 0.769531 0.764706 0.0253906 0.0404412
1 0.879639 0.827206 0.0249023 0.0441176
0 0.829102 0.623162 0.0234375 0.0496324
1 0.867188 0.855239 0.0234375 0.0450368
0 0.193115 0.0560662 0.027832 0.0533088
1 0.803955 0.301011 0.0229492 0.0450368
1 0.311279 0.244485 0.0268555 0.0459559
1 0.689697 0.386949 0.0297852 0.0606618
1 0.975098 0.891544 0.0263672 0.0441176
1 0.415527 0.454963 0.0244141 0.0459559
1 0.392334 0.235754 0.0258789 0.0505515
1 0.378174 0.369026 0.0249023 0.0450368
1 0.408691 0.339614 0.0234375 0.0450368
1 0.189453 0.54182 0.03125 0.0579044
