1 0.695068 0.484375 0.0180664 0.0330882
1 0.405518 0.175551 0.0239258 0.0533088
1 0.835938 0.984375 0.0283203 0.0294118
1 0.393066 0.65671 0.0244141 0.0450368
1 0.450684 0.506893 0.0195312 0.0376838
1 0.762939 0.0703125 0.0219727 0.0487132
1 0.878906 0.0790441 0.0214844 0.0386029
1 0.116699 0.159467 0.0244141 0.046875
1 0.561768 0.610754 0.0229492 0.0450368
0 0.36377 0.6875 0.0253906 0.0496324
1 0.853027 0.0776654 0.0205078 0.0413603
1 0.0766602 0.247243 0.0292969 0.0514706
1 0.0341797 0.901195 0.0292969 0.0615809
1 0.468262 0.883272 0.0263672 0.0441176
1 0.326172 0.630055 0.0263672 0.0431985
0 0.464355 0.671415 0.0263672 0.046875
1 0.834473 0.866268 0.0205078 0.0376838
0 0.619385 0.983456 0.0297852 0.0294118
1 0.363281 0.6875 0.0273438 0.0496324
1 0.841553 0.683364 0.0219727 0.0395221
0 0.878906 0.0808824 0.0234375 0.0404412
0 0.353027 0.80239 0.0224609 0.0459559
1 0.381592 0.787684 0.0229492 0.0422794
1 0.659424 0.0137868 0.0200195 0.0275735
0 0.781006 0.68796 0.0249023 0.0487132
1 0.984375 0.764706 0.0205078 0.0367647
0 0.325195 0.630515 0.0253906 0.0441176
1 0.989014 0.819853 0.019043 0.0422794
0 0.828857 0.824449 0.0219727 0.0459559
1 0.19043 0.378217 0.0224609 0.0358456
1 0.259521 0.846967 0.0288086 0.0487132
1 0.463135 0.670956 0.0249023 0.0459559
1 0.707031 0.653493 0.0234375 0.0422794
1 0.672852 0.711857 0.0234375 0.0450368
1 0.127197 0.139706 0.0219727 0.0386029
1 0.979004 0.440257 0.0234375 0.0422794
1 0.532471 0.461397 0.0249023 0.0441176
1 0.232422 0.347426 0.0214844 0.0459559
1 0.780518 0.688419 0.0268555 0.0477941
1 0.175781 0.829044 0.0253906 0.0441176
1 0.538086 0.50046 0.0234375 0.0431985
1 0.125 0.491268 0.0234375 0.0523897
1 0.733887 0.183364 0.0224609 0.0450368
1 0.828125 0.823529 0.0214844 0.0459559
0 0.235107 0.710938 0.0249023 0.046875
0 0.0761719 0.248162 0.0292969 0.0496324
1 0.761963 0.883732 0.0219727 0.0358456
1 0.171387 0.0160846 0.0273438 0.0321691
1 0.0876465 0.599265 0.0249023 0.0477941
1 0.646484 0.389706 0.0234375 0.0459559
1 0.0183105 0.462776 0.0268555 0.0523897
1 0.854004 0.680607 0.0205078 0.0358456
1 0.607178 0.0160846 0.0249023 0.0321691
1 0.742676 0.915441 0.0244141 0.0459559
1 0.910889 0.502757 0.0249023 0.0422794
1 0.727051 0.636029 0.0224609 0.0441176
0 0.298584 0.671415 0.0288086 0.0487132
1 0.377686 0.371324 0.0258789 0.0477941
1 0.0947266 0.350184 0.0273438 0.0459559
1 0.960205 0.215074 0.0219727 0.0349265
1 0.457031 0.497702 0.0234375 0.0395221
0 0.0126953 0.203125 0.0244141 0.0569853
1 0.730469 0.101103 0.0234375 0.0459559
1 0.0634766 0.803309 0.0253906 0.0441176
1 0.372559 0.536305 0.0283203 0.0487132
1 0.713135 0.476562 0.0249023 0.0413603
1 0.092041 0.0344669 0.0317383 0.0542279
1 0.885986 0.237132 0.027832 0.0441176
1 0.94458 0.320312 0.0219727 0.0413603
0 0.269775 0.984375 0.027832 0.03125
1 0.668457 0.393382 0.0224609 0.0441176
1 0.510498 0.681066 0.0268555 0.0459559
1 0.157715 0.50046 0.0224609 0.046875
1 0.879883 0.824449 0.0234375 0.0459559
0 0.258301 0.846507 0.0263672 0.0441176
1 0.395264 0.872702 0.0268555 0.0505515
1 0.692627 0.384191 0.0239258 0.0459559
1 0.855469 0.867647 0.0253906 0.0459559
1 0.69043 0.446232 0.0234375 0.0450368
1 0.439209 0.882812 0.0258789 0.046875
1 0.755371 0.79136 0.0263672 0.0459559
1 0.777344 0.871324 0.0214844 0.0386029
1 0.991699 0.761029 0.0166016 0.0404412
1 0.195312 0.928309 0.0253906 0.0441176
1 0.802246 0.169577 0.0224609 0.0450368
1 0.69458 0.737592 0.0200195 0.046875
1 0.851562 0.262408 0.0263672 0.0413603
1 0.197021 0.532629 0.0258789 0.046875
1 0.877441 0.711857 0.0234375 0.0431985
1 0.520508 0.0698529 0.0234375 0.0422794
1 0.992676 0.547335 0.0146484 0.046875
1 0.833008 0.129136 0.0234375 0.0395221
0 0.316406 0.880055 0.0253906 0.0505515
1 0.766846 0.0850184 0.0200195 0.0395221
1 0.589111 0.362132 0.0249023 0.0441176
1 0.783447 0.59421 0.0258789 0.0431985
1 0.760254 0.0514706 0.0224609 0.0404412
1 0.679199 0.134191 0.0263672 0.0459559
1 0.0322266 0.409926 0.0253906 0.0459559
1 0.128418 0.828585 0.0263672 0.0505515
1 0.0925293 0.81204 0.0268555 0.0487132
1 0.41748 0.960018 0.0263672 0.046875
1 0.4104 0.537224 0.0258789 0.0450368
1 0.145752 0.588235 0.0258789 0.0477941
1 0.970947 0.197151 0.0219727 0.0376838
1 0.205566 0.855239 0.0283203 0.0450368
1 0.828125 0.624081 0.0253906 0.0514706
1 0.152344 0.228401 0.0273438 0.0505515
1 0.360352 0.169118 0.0244141 0.0422794
1 0.612549 0.252298 0.0200195 0.0413603
1 0.0144043 0.980239 0.0249023 0.0395221
1 0.920166 0.841912 0.0249023 0.0441176
1 0.164795 0.772518 0.0258789 0.0487132
1 0.187012 0.465993 0.0263672 0.0477941
1 0.572266 0.104779 0.0234375 0.0404412
1 0.67627 0.058364 0.0234375 0.0413603
1 0.534668 0.339154 0.0234375 0.0441176
1 0.797363 0.40625 0.0224609 0.0404412
1 0.309082 0.129596 0.0283203 0.0514706
1 0.807617 0.298254 0.0234375 0.0413603
1 0.19751 0.366268 0.0229492 0.0376838
1 0.458984 0.109375 0.0253906 0.0477941
1 0.224365 0.788143 0.027832 0.046875
1 0.408203 0.204504 0.0263672 0.046875
1 0.933594 0.330882 0.0205078 0.0386029
1 0.827393 0.953125 0.0268555 0.0459559
1 0.781982 0.273438 0.0258789 0.0450368
1 0.146729 0.303309 0.0258789 0.0477941
1 0.408203 0.342831 0.0263672 0.0459559
1 0.804443 0.231158 0.0239258 0.0450368
1 0.596924 0.22932 0.0209961 0.0431985
1 0.219238 0.0758272 0.0263672 0.0487132
1 0.916992 0.553768 0.0234375 0.0431985
1 0.814209 0.442555 0.0249023 0.0413603
1 0.991455 0.176471 0.0170898 0.0441176
1 0.598145 0.300092 0.0244141 0.0450368
1 0.567871 0.387408 0.0244141 0.0431985
1 0.0395508 0.921415 0.0263672 0.0450368
1 0.500244 0.174632 0.0258789 0.0459559
1 0.964111 0.752757 0.0249023 0.0422794
1 0.39502 0.121324 0.0244141 0.0441176
1 0.414551 0.461397 0.0263672 0.0496324
1 0.444336 0.472426 0.0234375 0.0422794
1 0.803467 0.105239 0.0229492 0.0431985
1 0.108887 0.529412 0.0263672 0.0496324
1 0.132568 0.625 0.0258789 0.0477941
1 0.577881 0.25 0.0219727 0.0459559
1 0.0305176 0.88511 0.0258789 0.0441176
1 0.361572 0.202665 0.0229492 0.0431985
1 0.985107 0.931985 0.0249023 0.0514706
1 0.483643 0.132812 0.0239258 0.046875
1 0.316406 0.25 0.0253906 0.0441176
1 0.981201 0.733915 0.0200195 0.0376838
1 0.528809 0.270221 0.0244141 0.0459559
1 0.333008 0.196691 0.0253906 0.0459559
1 0.207031 0.311581 0.0244141 0.0459559
1 0.403076 0.159467 0.0229492 0.0450368
1 0.243408 0.0248162 0.0258789 0.0459559
