1 0.811035 0.118566 0.0244141 0.0459559
1 0.533936 0.918658 0.027832 0.0560662
0 0.858643 0.0845588 0.0219727 0.0459559
0 0.310303 0.899357 0.0307617 0.0542279
1 0.783936 0.923254 0.027832 0.046875
1 0.921875 0.977022 0.03125 0.0459559
0 0.10083 0.0225184 0.034668 0.0450368
0 0.567871 0.596507 0.0302734 0.0551471
0 0.810791 0.117188 0.0239258 0.0487132
0 0.189697 0.540901 0.034668 0.0689338
0 0.534912 0.919118 0.0297852 0.0496324
0 0.922852 0.977022 0.03125 0.0459559
0 0.783936 0.923254 0.0307617 0.046875
1 0.202393 0.95818 0.0307617 0.0542279
1 0.835938 0.124081 0.0234375 0.0459559
1 0.568848 0.597886 0.0283203 0.0505515
0 0.798584 0.595588 0.027832 0.0496324
0 0.310547 0.241268 0.03125 0.0523897
1 0.310547 0.241268 0.03125 0.0523897
1 0.799805 0.595129 0.0273438 0.0487132
1 0.917236 0.493566 0.0249023 0.0496324
0 0.966553 0.875 0.0249023 0.0496324
1 0.98877 0.172335 0.0224609 0.0505515
1 0.829102 0.62454 0.0234375 0.046875
1 0.94458 0.561581 0.0297852 0.0496324
1 0.966309 0.87546 0.0234375 0.046875
1 0.415039 0.454963 0.0234375 0.0441176
1 0.529053 0.308824 0.0209961 0.0404412
1 0.385742 0.252298 0.0283203 0.046875
0 0.0849609 0.238051 0.0361328 0.0588235
0 0.828857 0.623162 0.0249023 0.0477941
0 0.830322 0.771599 0.0297852 0.0542279
1 0.527588 0.272059 0.0209961 0.0386029
0 0.438721 0.882353 0.0327148 0.0551471
0 0.934326 0.883272 0.0249023 0.0422794
0 0.872559 0.746324 0.0283203 0.0477941
0 0.826416 0.953585 0.0297852 0.0523897
1 0.377686 0.367188 0.0239258 0.0431985
0 0.201904 0.95818 0.027832 0.0487132
0 0.258545 0.847886 0.0268555 0.0505515
1 0.395996 0.339154 0.0244141 0.0422794
0 0.165283 0.773438 0.0268555 0.0523897
0 0.108643 0.389246 0.0297852 0.0615809
0 0.0222168 0.192555 0.0336914 0.0670956
1 0.189453 0.54136 0.0351562 0.0661765
1 0.825928 0.954044 0.0297852 0.0514706
1 0.689941 0.389706 0.03125 0.0643382
