0 0.100098 0.0229779 0.0341797 0.0459559
1 0.536865 0.91682 0.0288086 0.0523897
1 0.523438 0.20864 0.0175781 0.0404412
1 0.858643 0.0845588 0.0219727 0.0459559
1 0.0852051 0.238971 0.0327148 0.0625
0 0.310547 0.242188 0.0292969 0.0505515
0 0.310791 0.897978 0.0297852 0.0533088
0 0.567871 0.596967 0.0302734 0.0542279
0 0.798828 0.595129 0.0273438 0.046875
1 0.934326 0.880974 0.0249023 0.0450368
0 0.189453 0.54182 0.0332031 0.0652574
0 0.921875 0.977941 0.03125 0.0441176
0 0.535889 0.91636 0.0297852 0.0496324
1 0.568848 0.596507 0.0273438 0.0477941
1 0.921875 0.977482 0.0332031 0.0450368
1 0.799316 0.594669 0.0263672 0.0459559
1 0.201904 0.95818 0.0307617 0.0542279
1 0.811279 0.119485 0.0229492 0.0477941
0 0.439453 0.881893 0.0263672 0.046875
0 0.828857 0.772978 0.0297852 0.0533088
0 0.828857 0.623621 0.0249023 0.0487132
1 0.917236 0.493566 0.0249023 0.0496324
0 0.78125 0.921875 0.0322266 0.0496324
1 0.943604 0.563419 0.0297852 0.0496324
0 0.0852051 0.23943 0.0336914 0.0615809
0 0.201416 0.95818 0.027832 0.0487132
1 0.989014 0.171875 0.0219727 0.0496324
1 0.835938 0.12454 0.0234375 0.0450368
0 0.872559 0.745864 0.0283203 0.0487132
1 0.828857 0.62454 0.0219727 0.046875
1 0.826416 0.954963 0.0297852 0.0514706
0 0.934326 0.883272 0.0249023 0.0441176
1 0.528564 0.309283 0.0209961 0.0413603
1 0.399414 0.334559 0.0263672 0.0422794
1 0.415039 0.455882 0.0234375 0.0441176
0 0.165039 0.772978 0.0283203 0.0496324
1 0.5271 0.27068 0.0209961 0.0395221
0 0.258789 0.847886 0.0263672 0.0505515
1 0.310791 0.242647 0.0297852 0.0496324
0 0.108643 0.389246 0.0288086 0.0597426
0 0.826416 0.954504 0.0297852 0.0523897
1 0.96875 0.879136 0.0253906 0.0487132
1 0.189209 0.54182 0.0336914 0.0634191
1 0.377686 0.367647 0.0239258 0.0441176
0 0.0222168 0.193015 0.0336914 0.0661765
1 0.388184 0.25 0.0263672 0.0477941
1 0.689941 0.389706 0.03125 0.0643382
