1 0.868896 0.115809 0.0170898 0.0386029
1 0.805664 0.988051 0.03125 0.0238971
1 0.876465 0.721507 0.0283203 0.0477941
1 0.837402 0.86443 0.0234375 0.0395221
1 0.679688 0.0629596 0.0205078 0.0376838
1 0.890625 0.0992647 0.0234375 0.0459559
0 0.566406 0.598346 0.0292969 0.0514706
1 0.682373 0.0909926 0.0209961 0.0349265
0 0.91333 0.982537 0.027832 0.0349265
1 0.787109 0.592831 0.0253906 0.0459559
0 0.876465 0.722886 0.0263672 0.046875
1 0.917236 0.493566 0.027832 0.0459559
1 0.826416 0.799173 0.0249023 0.0505515
1 0.85791 0.253676 0.0234375 0.0404412
1 0.566895 0.600643 0.0273438 0.046875
1 0.775391 0.71875 0.0244141 0.0441176
1 0.828857 0.622243 0.0219727 0.0459559
1 0.553955 0.88511 0.0258789 0.0422794
1 0.755615 0.789522 0.0249023 0.0422794
1 0.879883 0.825827 0.0234375 0.0450368
1 0.257324 0.84375 0.0253906 0.0441176
1 0.93042 0.56296 0.0268555 0.0450368
1 0.758545 0.925551 0.0297852 0.0514706
1 0.172119 0.0202206 0.027832 0.0404412
1 0.690674 0.386489 0.0258789 0.046875
1 0.838379 0.125 0.0234375 0.0441176
1 0.85791 0.862592 0.0234375 0.0450368
1 0.740967 0.154412 0.0209961 0.0404412
1 0.0913086 0.0303309 0.0341797 0.0477941
1 0.825928 0.955882 0.0297852 0.0496324
1 0.13208 0.607077 0.0200195 0.0431985
1 0.928223 0.858915 0.0234375 0.046875
1 0.0195312 0.195772 0.0253906 0.0496324
1 0.196533 0.94761 0.027832 0.0496324
1 0.989014 0.174632 0.0219727 0.0477941
1 0.571533 0.103401 0.0229492 0.0431985
1 0.0148926 0.981618 0.0258789 0.0367647
1 0.23584 0.716452 0.0224609 0.0413603
1 0.98291 0.915441 0.0283203 0.0514706
1 0.143555 0.590074 0.0205078 0.0441176
1 0.858643 0.0840993 0.0200195 0.0431985
1 0.0849609 0.237132 0.0292969 0.0533088
1 0.531006 0.0661765 0.0249023 0.0441176
1 0.897705 0.106618 0.0219727 0.0441176
1 0.208252 0.0785846 0.0249023 0.0487132
1 0.809326 0.119026 0.0219727 0.0431985
1 0.439697 0.88511 0.0258789 0.0441176
1 0.524658 0.268382 0.0249023 0.0477941
1 0.883545 0.0873162 0.0200195 0.0422794
1 0.730713 0.117647 0.0209961 0.0422794
1 0.399902 0.213695 0.0253906 0.0487132
1 0.0993652 0.525735 0.0268555 0.0477941
1 0.507812 0.186121 0.0244141 0.0450368
1 0.588623 0.256434 0.0219727 0.0349265
1 0.23291 0.758272 0.0224609 0.0422794
1 0.391846 0.873621 0.0229492 0.0487132
1 0.591064 0.286765 0.0229492 0.0386029
1 0.371338 0.539062 0.0258789 0.0450368
1 0.118164 0.819853 0.0224609 0.0459559
1 0.197021 0.529871 0.0239258 0.0450368
1 0.161865 0.484375 0.0239258 0.0459559
1 0.0942383 0.600184 0.0234375 0.0441176
1 0.187012 0.484375 0.0224609 0.0459559
1 0.786133 0.271599 0.0234375 0.046875
1 0.414551 0.457261 0.0244141 0.0431985
1 0.811768 0.300551 0.0249023 0.0441176
1 0.378174 0.368107 0.0249023 0.0431985
1 0.417236 0.942096 0.0258789 0.0496324
1 0.164307 0.77068 0.0268555 0.0505515
1 0.409912 0.340074 0.0249023 0.0441176
1 0.311279 0.245864 0.0268555 0.0487132
1 0.148193 0.235754 0.0239258 0.0413603
1 0.0966797 0.814798 0.0263672 0.0487132
1 0.23877 0.34421 0.0283203 0.0505515
1 0.098877 0.363971 0.0268555 0.0459559
1 0.205322 0.314798 0.0249023 0.046875
1 0.154297 0.27114 0.0244141 0.0422794
1 0.404785 0.538603 0.0244141 0.0441176
