0 0.859375 0.0850184 0.0253906 0.046875
1 0.0939941 0.556526 0.0249023 0.0579044
0 0.990967 0.415441 0.0180664 0.0367647
0 0.917236 0.492647 0.0249023 0.0441176
1 0.858643 0.0836397 0.0219727 0.0459559
1 0.103271 0.378217 0.0288086 0.0542279
1 0.882812 0.241268 0.0205078 0.046875
0 0.771973 0.744945 0.0244141 0.0450368
0 0.439453 0.88511 0.0253906 0.0459559
0 0.567139 0.596507 0.0288086 0.0533088
1 0.389404 0.540441 0.0200195 0.0294118
0 0.810791 0.118566 0.0219727 0.0459559
0 0.0961914 0.577665 0.0253906 0.0413603
0 0.917969 0.982077 0.03125 0.0358456
1 0.549805 0.898897 0.0273438 0.0441176
1 0.835938 0.866268 0.0205078 0.0376838
0 0.77002 0.925092 0.0263672 0.0523897
1 0.858643 0.255055 0.0200195 0.0413603
0 0.690186 0.387868 0.027832 0.0551471
1 0.917236 0.492647 0.027832 0.0477941
1 0.439941 0.883732 0.0244141 0.0487132
0 0.199219 0.0698529 0.0253906 0.0422794
1 0.811035 0.116728 0.0205078 0.0441176
1 0.0932617 0.0275735 0.0322266 0.0459559
1 0.807861 0.300092 0.0229492 0.0413603
1 0.200195 0.0698529 0.0253906 0.0441176
1 0.825684 0.955882 0.0283203 0.0496324
1 0.791016 0.589614 0.0253906 0.046875
1 0.785156 0.272059 0.0234375 0.0477941
0 0.0852051 0.238511 0.0297852 0.0523897
1 0.828857 0.623621 0.0219727 0.046875
1 0.690674 0.387408 0.027832 0.0542279
1 0.824951 0.783088 0.0268555 0.0496324
0 0.102051 0.378217 0.0263672 0.0505515
1 0.836914 0.12454 0.0234375 0.0431985
0 0.198242 0.959099 0.0283203 0.046875
1 0.933594 0.565257 0.0253906 0.0477941
0 0.207031 0.316636 0.0263672 0.0523897
1 0.198242 0.959559 0.0283203 0.0477941
1 0.258545 0.844669 0.0249023 0.0459559
0 0.0219727 0.193934 0.0263672 0.0496324
1 0.989014 0.172794 0.0219727 0.0496324
1 0.171875 0.0211397 0.0273438 0.0386029
0 0.828857 0.622702 0.0249023 0.0487132
1 0.207031 0.315257 0.0263672 0.0496324
1 0.873535 0.734375 0.0263672 0.0477941
1 0.195557 0.536765 0.0288086 0.0551471
0 0.82666 0.954504 0.0283203 0.0505515
1 0.567871 0.598805 0.0263672 0.046875
1 0.378174 0.538143 0.0200195 0.0358456
1 0.234619 0.340533 0.0268555 0.046875
0 0.872559 0.734375 0.0263672 0.0459559
1 0.864258 0.860754 0.0234375 0.046875
1 0.0952148 0.578125 0.0263672 0.0422794
1 0.980469 0.904871 0.0263672 0.0487132
1 0.516357 0.19807 0.0209961 0.0413603
0 0.93042 0.873621 0.0268555 0.046875
1 0.77002 0.925551 0.0273438 0.0514706
1 0.527588 0.310662 0.0209961 0.0404412
1 0.524414 0.269301 0.0234375 0.0386029
1 0.770996 0.745404 0.0234375 0.0477941
0 0.0935059 0.543199 0.0258789 0.0459559
0 0.164307 0.770221 0.0288086 0.0514706
1 0.880371 0.827206 0.0234375 0.0459559
1 0.755859 0.789062 0.0244141 0.0450368
1 0.394775 0.227941 0.0239258 0.0441176
1 0.391357 0.871324 0.0229492 0.0477941
1 0.542725 0.0556066 0.0249023 0.0450368
1 0.412598 0.918199 0.0234375 0.0441176
1 0.567871 0.0877757 0.0244141 0.0450368
1 0.415283 0.457721 0.0258789 0.0459559
1 0.378662 0.368107 0.0249023 0.0431985
1 0.409424 0.340074 0.0239258 0.0441176
1 0.311768 0.245864 0.027832 0.0450368
