1 0.858643 0.0840993 0.0219727 0.046875
0 0.810791 0.117647 0.0239258 0.0496324
0 0.968018 0.876379 0.027832 0.0505515
0 0.100586 0.0225184 0.0341797 0.0450368
1 0.782715 0.922794 0.0302734 0.0496324
1 0.921875 0.977022 0.03125 0.0459559
0 0.189453 0.54136 0.0332031 0.0680147
0 0.310547 0.898438 0.03125 0.0542279
0 0.567871 0.596507 0.0302734 0.0551471
0 0.310547 0.241268 0.0302734 0.0523897
0 0.534424 0.91682 0.0297852 0.0505515
0 0.798584 0.595129 0.027832 0.0487132
1 0.568604 0.597886 0.0288086 0.0505515
1 0.108887 0.387408 0.0292969 0.0634191
1 0.201904 0.95818 0.0307617 0.0542279
1 0.811279 0.119485 0.0229492 0.0477941
0 0.921875 0.977022 0.03125 0.0422794
1 0.799316 0.59421 0.0263672 0.0487132
1 0.917236 0.495404 0.0297852 0.0496324
1 0.397705 0.335478 0.0239258 0.0404412
1 0.94458 0.56296 0.0297852 0.0487132
1 0.98877 0.172335 0.0224609 0.0505515
1 0.829102 0.625 0.0234375 0.0477941
1 0.529053 0.309283 0.0209961 0.0413603
1 0.967773 0.878217 0.0234375 0.046875
0 0.438477 0.882812 0.03125 0.0560662
1 0.310791 0.241268 0.0307617 0.0523897
0 0.828857 0.623621 0.0249023 0.0487132
0 0.829834 0.772059 0.0297852 0.0533088
1 0.835938 0.124081 0.0234375 0.0459559
1 0.387207 0.251379 0.0263672 0.0487132
0 0.782715 0.922794 0.03125 0.0496324
1 0.415283 0.455423 0.0239258 0.0450368
0 0.0852051 0.238051 0.0356445 0.0588235
1 0.527344 0.27114 0.0214844 0.0386029
0 0.934326 0.883272 0.0249023 0.0441176
0 0.108643 0.388787 0.0297852 0.0625
0 0.201416 0.95818 0.027832 0.0487132
1 0.377686 0.367188 0.0239258 0.0431985
0 0.872559 0.746324 0.0263672 0.0477941
0 0.165283 0.773897 0.0268555 0.0514706
0 0.826416 0.954504 0.0297852 0.0523897
0 0.258545 0.847426 0.0268555 0.0514706
1 0.826416 0.954044 0.0297852 0.0514706
0 0.0219727 0.192555 0.0332031 0.0652574
1 0.189453 0.54182 0.0341797 0.0652574
1 0.689453 0.389706 0.03125 0.0661765
