1 0.613281 0.0124081 0.0253906 0.0248162
1 0.876465 0.721507 0.0283203 0.0477941
1 0.883545 0.234375 0.0249023 0.0386029
1 0.097168 0.580423 0.0253906 0.0762868
1 0.806152 0.988051 0.0302734 0.0238971
0 0.825928 0.953585 0.0297852 0.0487132
1 0.83667 0.865349 0.0219727 0.0395221
1 0.85791 0.253217 0.0234375 0.0376838
0 0.566406 0.598805 0.0292969 0.0523897
1 0.533203 0.324449 0.0214844 0.0441176
1 0.23584 0.720129 0.0224609 0.0358456
0 0.914062 0.982077 0.0283203 0.0340074
0 0.876465 0.723805 0.0263672 0.046875
1 0.917236 0.493107 0.027832 0.046875
1 0.787842 0.592831 0.0258789 0.0459559
1 0.590088 0.283548 0.0219727 0.0358456
1 0.773926 0.720588 0.0244141 0.0459559
1 0.553955 0.886949 0.0258789 0.0422794
1 0.566895 0.600184 0.0273438 0.0477941
1 0.826416 0.797794 0.0249023 0.0496324
1 0.828857 0.622702 0.0219727 0.046875
1 0.755615 0.789522 0.0249023 0.0441176
1 0.142334 0.590993 0.0200195 0.0422794
1 0.690674 0.386029 0.0268555 0.0477941
1 0.5896 0.256893 0.0219727 0.0340074
1 0.879883 0.825827 0.0234375 0.0450368
1 0.93042 0.5625 0.0268555 0.0459559
1 0.257568 0.84375 0.0249023 0.0441176
1 0.13208 0.605239 0.0209961 0.0413603
1 0.172607 0.0202206 0.0297852 0.0404412
1 0.0195312 0.195772 0.0253906 0.0514706
1 0.0148926 0.981618 0.0268555 0.0367647
1 0.207275 0.078125 0.0249023 0.0477941
1 0.399414 0.215074 0.0253906 0.0477941
1 0.196533 0.948529 0.027832 0.0496324
1 0.233398 0.757812 0.0214844 0.0395221
1 0.825928 0.955882 0.0297852 0.0496324
1 0.0913086 0.0294118 0.0341797 0.0477941
1 0.858398 0.861673 0.0234375 0.046875
1 0.838379 0.12454 0.0234375 0.0450368
1 0.759766 0.926471 0.0292969 0.0533088
1 0.897705 0.107077 0.0219727 0.0431985
1 0.531982 0.0634191 0.0239258 0.0441176
1 0.98877 0.175092 0.0224609 0.0487132
1 0.858643 0.0840993 0.0200195 0.0431985
1 0.571533 0.103401 0.0229492 0.0450368
1 0.730713 0.118566 0.0219727 0.0422794
1 0.928711 0.859835 0.0234375 0.046875
1 0.740967 0.152574 0.0209961 0.0386029
1 0.98291 0.914522 0.0283203 0.0514706
1 0.524658 0.268382 0.0249023 0.0477941
1 0.439697 0.88511 0.0258789 0.0441176
1 0.809326 0.119026 0.0219727 0.0431985
1 0.0852051 0.237132 0.0297852 0.0533088
1 0.117676 0.817555 0.0224609 0.0450368
1 0.884277 0.0877757 0.0205078 0.0431985
1 0.39209 0.873621 0.0224609 0.0487132
1 0.371582 0.539062 0.0263672 0.0450368
1 0.098877 0.526654 0.027832 0.0496324
1 0.508057 0.186581 0.0249023 0.0459559
1 0.197021 0.530331 0.0239258 0.0441176
1 0.186523 0.484835 0.0224609 0.0450368
1 0.164307 0.77068 0.0268555 0.0505515
1 0.811768 0.300551 0.0249023 0.0441176
1 0.0974121 0.814798 0.0258789 0.0450368
1 0.785645 0.272059 0.0234375 0.0477941
1 0.414551 0.457721 0.0244141 0.0441176
1 0.163086 0.483456 0.0234375 0.0441176
1 0.41626 0.940717 0.0258789 0.0487132
1 0.37793 0.367647 0.0253906 0.0441176
1 0.0944824 0.599265 0.0239258 0.0441176
1 0.148193 0.236213 0.0229492 0.0404412
1 0.409912 0.340533 0.0249023 0.0450368
1 0.310791 0.245404 0.0268555 0.0496324
1 0.0993652 0.36443 0.0258789 0.046875
1 0.23877 0.34375 0.0283203 0.0514706
1 0.155273 0.268842 0.0224609 0.0413603
1 0.205322 0.314798 0.0239258 0.046875
1 0.404297 0.538603 0.0244141 0.0441176
