0 0.859375 0.082261 0.0234375 0.046875
1 0.80249 0.931066 0.0249023 0.0459559
1 0.381592 0.268382 0.0268555 0.0496324
1 0.102295 0.0252757 0.034668 0.0505515
1 0.924072 0.975643 0.0297852 0.046875
0 0.524414 0.206801 0.0234375 0.0477941
0 0.102051 0.0238971 0.0361328 0.0477941
1 0.30957 0.237592 0.0283203 0.0579044
1 0.825928 0.952206 0.0249023 0.0404412
1 0.801025 0.59375 0.0258789 0.0514706
0 0.381592 0.267004 0.0297852 0.0523897
0 0.189697 0.54182 0.034668 0.0726103
1 0.872559 0.746324 0.0263672 0.0477941
0 0.801514 0.930147 0.0239258 0.0441176
0 0.825928 0.953125 0.0249023 0.0459559
0 0.924805 0.975643 0.03125 0.0487132
0 0.203369 0.957261 0.0307617 0.0542279
0 0.800537 0.59375 0.0268555 0.0496324
0 0.258301 0.846967 0.0302734 0.0542279
1 0.416016 0.454504 0.0273438 0.0560662
1 0.958496 0.556066 0.03125 0.0533088
0 0.843018 0.766085 0.0268555 0.046875
1 0.916504 0.496324 0.0263672 0.0477941
0 0.308594 0.237132 0.0302734 0.0588235
1 0.987549 0.172794 0.0249023 0.0569853
0 0.570068 0.596967 0.0297852 0.0560662
1 0.203613 0.957261 0.03125 0.0560662
0 0.438965 0.881434 0.0341797 0.0569853
1 0.303223 0.905331 0.0292969 0.0588235
0 0.828857 0.623621 0.0249023 0.0505515
0 0.0852051 0.23943 0.0356445 0.0634191
0 0.164551 0.772978 0.0283203 0.0569853
0 0.872559 0.746324 0.0263672 0.0477941
1 0.689941 0.389706 0.03125 0.0661765
1 0.189209 0.54182 0.0336914 0.0670956
0 0.0224609 0.193015 0.0332031 0.0661765
0 0.109131 0.387868 0.0307617 0.0625
