1 0.39624 0.35386 0.0366211 0.0496324
1 0.858643 0.0845588 0.0200195 0.0441176
0 0.0969238 0.0252757 0.0307617 0.046875
1 0.311768 0.894761 0.027832 0.0487132
1 0.165039 0.771599 0.0283203 0.0560662
1 0.858643 0.253217 0.0219727 0.0395221
0 0.410156 0.902114 0.0214844 0.0450368
1 0.409912 0.904412 0.0219727 0.0441176
1 0.0966797 0.0243566 0.0332031 0.0487132
0 0.391357 0.870864 0.0209961 0.046875
0 0.567627 0.596967 0.0307617 0.0542279
0 0.558105 0.0707721 0.0205078 0.0386029
0 0.933594 0.882353 0.0253906 0.0422794
0 0.920898 0.979779 0.03125 0.0404412
0 0.258545 0.846507 0.0268555 0.0533088
0 0.797119 0.59375 0.0258789 0.0477941
0 0.776367 0.921875 0.0273438 0.0514706
1 0.171631 0.0220588 0.0288086 0.0441176
1 0.105469 0.383732 0.0292969 0.0597426
0 0.200195 0.959099 0.0322266 0.0542279
1 0.934326 0.879596 0.0249023 0.0422794
1 0.258789 0.847426 0.0273438 0.0514706
0 0.871826 0.744026 0.0268555 0.046875
1 0.810791 0.119485 0.0219727 0.0459559
1 0.92041 0.978401 0.03125 0.0431985
1 0.568359 0.597426 0.0273438 0.0477941
1 0.824951 0.775276 0.0249023 0.0487132
0 0.0849609 0.238511 0.0332031 0.0579044
1 0.776855 0.921415 0.0283203 0.0523897
1 0.828857 0.623621 0.0219727 0.046875
1 0.917236 0.493107 0.0249023 0.0487132
0 0.438965 0.884651 0.0234375 0.0487132
1 0.826416 0.954963 0.0297852 0.0514706
0 0.826416 0.954504 0.0297852 0.0523897
1 0.520264 0.203585 0.0219727 0.0431985
0 0.828857 0.623162 0.0249023 0.0496324
1 0.989014 0.172794 0.0219727 0.0496324
1 0.83667 0.12454 0.0219727 0.0431985
1 0.525146 0.270221 0.0219727 0.0404412
1 0.541504 0.908548 0.0263672 0.046875
0 0.165039 0.77114 0.0292969 0.0514706
1 0.528564 0.310202 0.0219727 0.0413603
1 0.940674 0.563879 0.0297852 0.0505515
1 0.199951 0.95864 0.0297852 0.0514706
0 0.0222168 0.193474 0.0317383 0.0615809
0 0.105713 0.383732 0.0297852 0.0579044
1 0.785645 0.272518 0.0234375 0.0450368
0 0.172119 0.0229779 0.0288086 0.0441176
1 0.871826 0.742647 0.0268555 0.0514706
1 0.879883 0.827206 0.0234375 0.0422794
1 0.391602 0.871783 0.0234375 0.046875
0 0.190918 0.0523897 0.0283203 0.0551471
1 0.312012 0.244026 0.0283203 0.046875
1 0.803223 0.300551 0.0234375 0.0441176
1 0.86792 0.851562 0.0249023 0.0450368
1 0.415527 0.454963 0.0244141 0.0459559
1 0.974365 0.889246 0.0249023 0.0413603
1 0.391357 0.23989 0.027832 0.0533088
1 0.37793 0.368566 0.0253906 0.0459559
1 0.689941 0.389246 0.03125 0.0615809
1 0.408691 0.340074 0.0234375 0.0459559
1 0.189453 0.54182 0.0322266 0.0597426
