0 0.856201 0.0795037 0.019043 0.0376838
1 0.196289 0.846507 0.046875 0.0441176
0 0.395508 0.132812 0.0205078 0.0358456
0 0.677979 0.0588235 0.0219727 0.0386029
1 0.885986 0.236213 0.027832 0.0422794
1 0.710938 0.649357 0.0224609 0.0395221
1 0.833496 0.863511 0.0205078 0.0395221
0 0.780518 0.693474 0.0239258 0.0450368
1 0.856934 0.866268 0.0234375 0.046875
0 0.833496 0.863511 0.0205078 0.0395221
1 0.564941 0.606158 0.0283203 0.0487132
1 0.806152 0.113511 0.0234375 0.0413603
1 0.911621 0.499081 0.0234375 0.0459559
1 0.98999 0.819853 0.0170898 0.0404412
0 0.747314 0.922794 0.0249023 0.0422794
0 0.377686 0.369485 0.0249023 0.0441176
1 0.409912 0.340993 0.027832 0.0459559
1 0.377441 0.369485 0.0263672 0.0441176
0 0.441162 0.88557 0.0288086 0.046875
0 0.804199 0.172335 0.0244141 0.0450368
0 0.737549 0.176471 0.0239258 0.0441176
1 0.747314 0.921875 0.0239258 0.0422794
1 0.312256 0.134651 0.0268555 0.046875
0 0.880371 0.823529 0.0234375 0.0477941
1 0.780273 0.693474 0.0234375 0.0450368
1 0.83667 0.125 0.0249023 0.0441176
0 0.076416 0.245404 0.0327148 0.0533088
1 0.654053 0.395221 0.0258789 0.0404412
0 0.236572 0.710938 0.0249023 0.0431985
0 0.311523 0.133272 0.0292969 0.0459559
1 0.394287 0.131434 0.0209961 0.0367647
0 0.755371 0.789062 0.0244141 0.0431985
1 0.37207 0.538603 0.0263672 0.0496324
1 0.0766602 0.244485 0.0302734 0.0514706
1 0.521484 0.0693934 0.0234375 0.0431985
0 0.688721 0.72886 0.0209961 0.0459559
1 0.381104 0.787224 0.0249023 0.046875
1 0.570801 0.105239 0.0224609 0.0431985
0 0.806152 0.113051 0.0234375 0.0441176
1 0.724854 0.63511 0.0209961 0.0404412
0 0.828125 0.819853 0.0253906 0.0404412
1 0.440674 0.886949 0.0288086 0.0496324
1 0.0141602 0.200827 0.0263672 0.0579044
0 0.315918 0.882812 0.0244141 0.046875
1 0.259521 0.846507 0.0288086 0.0459559
1 0.879883 0.824449 0.0234375 0.0459559
0 0.258545 0.845588 0.0258789 0.0459559
0 0.482666 0.132812 0.0219727 0.0413603
1 0.679199 0.128676 0.0263672 0.0441176
0 0.409668 0.340533 0.0263672 0.0450368
1 0.678223 0.0597426 0.0234375 0.0404412
0 0.521484 0.0684743 0.0244141 0.0431985
1 0.402832 0.159467 0.0205078 0.0431985
0 0.72998 0.105239 0.0244141 0.0450368
1 0.588867 0.363511 0.0234375 0.0450368
0 0.711914 0.649357 0.0234375 0.0376838
1 0.53418 0.335478 0.0234375 0.0496324
0 0.269287 0.984375 0.0268555 0.03125
0 0.609375 0.0137868 0.0224609 0.0275735
1 0.406982 0.203125 0.0268555 0.0477941
1 0.196045 0.532629 0.0249023 0.0450368
0 0.39209 0.657169 0.0244141 0.0459559
0 0.856201 0.866728 0.0249023 0.0459559
0 0.559814 0.877757 0.0268555 0.0459559
1 0.696777 0.449449 0.0224609 0.0386029
1 0.851562 0.261029 0.0253906 0.0422794
0 0.536377 0.492647 0.0239258 0.0422794
1 0.992188 0.759651 0.015625 0.0395221
0 0.464844 0.112592 0.0214844 0.0413603
1 0.482422 0.131434 0.0214844 0.0422794
1 0.803467 0.171875 0.0229492 0.0422794
1 0.0146484 0.980699 0.0244141 0.0386029
1 0.334473 0.190257 0.0263672 0.0477941
1 0.197021 0.931985 0.0268555 0.0441176
0 0.879883 0.0831801 0.0234375 0.0395221
1 0.828857 0.623621 0.0219727 0.046875
0 0.368408 0.692096 0.0249023 0.0459559
1 0.710938 0.471967 0.0234375 0.0395221
1 0.921875 0.846048 0.0234375 0.0395221
0 0.672363 0.714154 0.0224609 0.0422794
1 0.0942383 0.352022 0.0273438 0.0477941
0 0.466797 0.671415 0.0253906 0.0487132
1 0.799072 0.409926 0.0219727 0.0367647
1 0.247559 0.0234375 0.0244141 0.0413603
1 0.824951 0.954963 0.027832 0.0441176
1 0.156494 0.501379 0.0239258 0.0487132
1 0.989746 0.175551 0.0205078 0.0459559
0 0.505127 0.678768 0.0268555 0.0487132
0 0.534668 0.463695 0.0244141 0.0395221
1 0.813232 0.442096 0.0268555 0.0422794
1 0.187012 0.472886 0.0244141 0.046875
1 0.78418 0.59375 0.0273438 0.0441176
1 0.669189 0.392463 0.0219727 0.0422794
1 0.966553 0.744485 0.0219727 0.0422794
1 0.225586 0.779871 0.0253906 0.0487132
1 0.392334 0.875919 0.0258789 0.0514706
1 0.570801 0.388787 0.0234375 0.0422794
1 0.171631 0.0174632 0.0297852 0.0349265
0 0.299316 0.667279 0.0263672 0.0477941
1 0.876709 0.717371 0.0249023 0.0450368
0 0.323486 0.634651 0.0229492 0.0431985
1 0.611328 0.24954 0.0195312 0.0395221
0 0.564453 0.606618 0.0263672 0.0496324
1 0.2146 0.078125 0.0249023 0.0496324
1 0.203125 0.852941 0.0253906 0.0441176
1 0.922607 0.5625 0.0249023 0.0422794
1 0.598145 0.299632 0.0244141 0.0441176
1 0.0915527 0.0326287 0.0327148 0.0542279
1 0.149902 0.232996 0.0273438 0.0450368
1 0.580078 0.248621 0.0224609 0.0431985
1 0.236816 0.346507 0.0273438 0.0533088
1 0.0180664 0.454044 0.0244141 0.0496324
1 0.145508 0.586397 0.0244141 0.0459559
1 0.598145 0.230699 0.0205078 0.0422794
1 0.148438 0.300551 0.0283203 0.0459559
1 0.126953 0.827206 0.0263672 0.0496324
1 0.0314941 0.409926 0.0249023 0.0441176
1 0.16333 0.772059 0.0258789 0.0477941
1 0.803955 0.220129 0.0229492 0.0431985
1 0.691406 0.38557 0.0244141 0.0450368
1 0.527344 0.269761 0.0244141 0.0487132
1 0.178711 0.83364 0.0263672 0.0459559
1 0.811035 0.301011 0.0263672 0.0413603
1 0.502197 0.175551 0.0249023 0.0477941
1 0.0922852 0.813419 0.0273438 0.0514706
1 0.105957 0.530331 0.0253906 0.0459559
1 0.314941 0.249081 0.0263672 0.0477941
1 0.0917969 0.600184 0.0253906 0.0496324
1 0.132568 0.619945 0.0249023 0.0450368
1 0.783691 0.27114 0.0263672 0.0459559
1 0.206055 0.313879 0.0263672 0.0487132
1 0.983643 0.926471 0.0268555 0.0514706
1 0.418945 0.954504 0.0273438 0.0505515
1 0.981201 0.734375 0.019043 0.0404412
