0 0.101807 0.0229779 0.034668 0.0459559
0 0.924072 0.976562 0.0297852 0.046875
1 0.102295 0.0238971 0.0336914 0.0477941
1 0.839844 0.764706 0.0253906 0.0441176
1 0.384521 0.259191 0.0297852 0.0496324
1 0.310547 0.23989 0.0292969 0.0588235
1 0.439209 0.880515 0.0297852 0.0588235
0 0.799561 0.59421 0.027832 0.0523897
1 0.109619 0.386949 0.0297852 0.0643382
0 0.525879 0.20864 0.0244141 0.0477941
0 0.872559 0.745404 0.0263672 0.0477941
0 0.858398 0.0836397 0.0234375 0.0496324
1 0.793457 0.924173 0.0224609 0.0487132
1 0.258301 0.847886 0.0292969 0.0523897
0 0.258301 0.846967 0.0302734 0.0523897
0 0.56958 0.597426 0.0317383 0.0551471
1 0.308838 0.903952 0.0297852 0.0542279
1 0.93457 0.880974 0.0234375 0.0395221
0 0.828857 0.623162 0.0249023 0.0477941
0 0.202881 0.957261 0.0317383 0.0523897
0 0.439453 0.881434 0.0341797 0.0588235
1 0.828857 0.625 0.0219727 0.0477941
0 0.308838 0.238511 0.0307617 0.0579044
0 0.164551 0.772518 0.0283203 0.0560662
1 0.801025 0.594669 0.0258789 0.0496324
1 0.987549 0.173254 0.0249023 0.0560662
1 0.872559 0.744485 0.0263672 0.0459559
1 0.923584 0.975643 0.0297852 0.0431985
1 0.953857 0.558364 0.0268555 0.0487132
1 0.416016 0.454504 0.0263672 0.0523897
0 0.0849609 0.238051 0.0361328 0.0588235
1 0.956299 0.865349 0.0249023 0.0431985
1 0.203613 0.957261 0.03125 0.0542279
1 0.91626 0.496324 0.0249023 0.0477941
0 0.109131 0.387868 0.0307617 0.0625
0 0.0224609 0.193474 0.0332031 0.0670956
1 0.825684 0.952665 0.0263672 0.0487132
1 0.689941 0.389706 0.0302734 0.0661765
1 0.189453 0.54182 0.0351562 0.0670956
