0 0.524414 0.206342 0.0234375 0.046875
0 0.860352 0.0827206 0.03125 0.0477941
0 0.102295 0.0238971 0.0356445 0.0477941
0 0.189453 0.542279 0.0351562 0.0735294
1 0.924072 0.974724 0.0297852 0.046875
1 0.102539 0.0248162 0.0341797 0.0496324
1 0.381836 0.267923 0.0273438 0.0505515
1 0.80249 0.930147 0.0249023 0.0459559
1 0.828857 0.625 0.0219727 0.0477941
1 0.30957 0.238051 0.0283203 0.0588235
0 0.825928 0.953585 0.0249023 0.0450368
1 0.438965 0.880055 0.0302734 0.0597426
0 0.381836 0.267463 0.0302734 0.0533088
0 0.801758 0.929228 0.0244141 0.0441176
0 0.259277 0.847886 0.03125 0.0560662
0 0.800537 0.59421 0.0268555 0.0505515
0 0.203613 0.957261 0.03125 0.0542279
0 0.924805 0.975643 0.03125 0.0487132
0 0.843018 0.767004 0.027832 0.046875
1 0.800781 0.59375 0.0253906 0.0514706
1 0.258545 0.847886 0.0297852 0.0542279
1 0.825928 0.952206 0.0249023 0.0404412
1 0.872559 0.746324 0.0263672 0.0477941
1 0.416016 0.454504 0.0283203 0.0560662
1 0.958496 0.556526 0.03125 0.0523897
0 0.308594 0.237132 0.0302734 0.0588235
0 0.569824 0.597886 0.0322266 0.0560662
1 0.987549 0.172794 0.0249023 0.0569853
0 0.828857 0.623621 0.0249023 0.0487132
0 0.439453 0.881434 0.0341797 0.0588235
0 0.0849609 0.238051 0.0361328 0.0588235
0 0.164795 0.772978 0.0288086 0.0569853
1 0.916504 0.496783 0.0263672 0.0487132
0 0.872559 0.746324 0.0263672 0.0477941
1 0.203613 0.957261 0.03125 0.0560662
1 0.303955 0.90579 0.0288086 0.0579044
0 0.0222168 0.193015 0.0327148 0.0661765
0 0.109375 0.387868 0.0302734 0.0625
1 0.689941 0.389706 0.03125 0.0661765
1 0.189209 0.54182 0.034668 0.0670956
