0 0.837402 0.764706 0.0234375 0.0477941
1 0.839111 0.764706 0.0249023 0.0459559
1 0.38916 0.348805 0.0205078 0.0395221
0 0.189697 0.54182 0.034668 0.0707721
0 0.101807 0.0234375 0.0356445 0.046875
1 0.378418 0.365809 0.0224609 0.0441176
1 0.957764 0.866268 0.0249023 0.0413603
1 0.102051 0.0243566 0.0341797 0.0487132
0 0.922607 0.976562 0.027832 0.0431985
0 0.858643 0.0836397 0.0249023 0.0496324
1 0.109619 0.386949 0.0297852 0.0643382
1 0.56958 0.596048 0.0288086 0.0523897
0 0.525879 0.209099 0.0244141 0.046875
0 0.799561 0.595129 0.027832 0.0523897
0 0.56958 0.598346 0.0317383 0.0551471
0 0.825684 0.953585 0.0263672 0.0505515
0 0.792725 0.924173 0.0239258 0.0487132
1 0.258545 0.847886 0.0288086 0.0523897
1 0.923584 0.975643 0.0297852 0.0431985
1 0.384766 0.259651 0.0292969 0.0505515
0 0.259277 0.848805 0.0302734 0.0542279
1 0.310547 0.23989 0.0292969 0.0588235
1 0.308838 0.903033 0.0297852 0.0542279
1 0.828857 0.62454 0.0219727 0.0487132
0 0.872559 0.745864 0.0283203 0.0487132
0 0.202881 0.957261 0.0317383 0.0542279
1 0.801025 0.594669 0.0258789 0.0496324
0 0.93457 0.882812 0.0234375 0.0395221
1 0.872559 0.744945 0.0263672 0.046875
0 0.309082 0.238511 0.0302734 0.0579044
1 0.953125 0.558364 0.0263672 0.0505515
0 0.164795 0.772518 0.0288086 0.0560662
1 0.987549 0.173254 0.0249023 0.0560662
0 0.828857 0.623621 0.0249023 0.0487132
1 0.416016 0.454504 0.0253906 0.0505515
0 0.0849609 0.237592 0.0361328 0.0597426
1 0.203613 0.95818 0.03125 0.0560662
0 0.439453 0.881434 0.0341797 0.0588235
1 0.91626 0.495864 0.0249023 0.046875
1 0.825684 0.952665 0.0263672 0.0487132
0 0.109131 0.387868 0.0307617 0.0625
0 0.0222168 0.193474 0.0327148 0.0670956
1 0.689941 0.389706 0.03125 0.0661765
1 0.189209 0.542279 0.034668 0.0661765
