1 0.822021 0.617188 0.0375977 0.0542279
0 0.82666 0.954504 0.0283203 0.0523897
1 0.109619 0.386949 0.0297852 0.0625
0 0.858643 0.0836397 0.0219727 0.0459559
1 0.309326 0.899357 0.027832 0.0505515
0 0.835938 0.122702 0.0234375 0.046875
0 0.101807 0.0225184 0.034668 0.0450368
1 0.787598 0.925092 0.0263672 0.0487132
0 0.960938 0.868566 0.0253906 0.0422794
1 0.102051 0.0238971 0.0341797 0.0477941
0 0.814941 0.118107 0.0234375 0.046875
0 0.189697 0.54182 0.0336914 0.0689338
1 0.834961 0.125919 0.0234375 0.0459559
0 0.83374 0.77114 0.0297852 0.0496324
0 0.799316 0.595588 0.0283203 0.0514706
1 0.96167 0.870864 0.0249023 0.0395221
0 0.569092 0.597426 0.0288086 0.0514706
1 0.923584 0.975643 0.0297852 0.0431985
1 0.310303 0.23943 0.0307617 0.0542279
1 0.814209 0.119945 0.0219727 0.0487132
0 0.872559 0.746324 0.0283203 0.0477941
0 0.922607 0.977022 0.0297852 0.0441176
1 0.56958 0.596967 0.027832 0.0505515
1 0.832764 0.769761 0.0297852 0.0523897
1 0.94751 0.560662 0.0249023 0.0477941
0 0.828857 0.623162 0.0249023 0.0496324
0 0.309814 0.23943 0.0307617 0.0542279
1 0.202881 0.957261 0.0307617 0.0542279
0 0.934326 0.882812 0.0249023 0.0395221
1 0.828857 0.624081 0.0219727 0.0477941
1 0.988281 0.172335 0.0234375 0.0505515
0 0.202393 0.957261 0.027832 0.0487132
1 0.385254 0.255055 0.0283203 0.0487132
0 0.259033 0.846967 0.027832 0.0505515
1 0.800049 0.594669 0.0268555 0.0496324
0 0.439209 0.881434 0.0336914 0.0569853
1 0.872559 0.745404 0.0283203 0.0459559
0 0.164551 0.772518 0.0283203 0.0542279
1 0.91626 0.495864 0.0249023 0.046875
1 0.416016 0.454963 0.0244141 0.0477941
0 0.0852051 0.238971 0.034668 0.0625
0 0.109131 0.389246 0.0288086 0.0615809
1 0.377197 0.367188 0.0219727 0.0413603
0 0.0219727 0.193474 0.0332031 0.0670956
1 0.825684 0.954504 0.0283203 0.0505515
1 0.689941 0.389706 0.03125 0.0661765
1 0.393799 0.34329 0.0258789 0.0413603
1 0.189209 0.54182 0.0336914 0.0652574
