0 0.858643 0.0840993 0.0200195 0.0450368
1 0.095459 0.0243566 0.0297852 0.0431985
1 0.857666 0.250919 0.0219727 0.0386029
1 0.543457 0.0579044 0.0244141 0.0422794
0 0.804443 0.303309 0.0219727 0.0441176
0 0.917236 0.493566 0.0249023 0.0441176
0 0.977295 0.89568 0.0297852 0.0505515
0 0.545654 0.904412 0.0249023 0.0477941
1 0.92041 0.97886 0.03125 0.0422794
1 0.3125 0.892463 0.0273438 0.0496324
0 0.810791 0.118566 0.0219727 0.0459559
0 0.259033 0.845588 0.0258789 0.0514706
1 0.196289 0.0615809 0.0244141 0.0459559
0 0.785156 0.272978 0.0234375 0.0477941
1 0.519287 0.200827 0.0219727 0.0395221
1 0.810791 0.119485 0.0219727 0.0459559
0 0.171875 0.0225184 0.0273438 0.0413603
1 0.828857 0.623162 0.0219727 0.0477941
1 0.917236 0.492188 0.027832 0.046875
1 0.786133 0.272518 0.0234375 0.046875
0 0.825684 0.778033 0.0263672 0.0450368
0 0.438965 0.884651 0.0244141 0.0487132
1 0.771973 0.923713 0.0273438 0.0496324
0 0.920898 0.980239 0.03125 0.0395221
0 0.567627 0.596967 0.0297852 0.0542279
1 0.545654 0.90579 0.0258789 0.046875
1 0.259033 0.845588 0.0268555 0.0477941
1 0.83667 0.125 0.0219727 0.0422794
0 0.794678 0.592831 0.0258789 0.0477941
1 0.989014 0.172794 0.0219727 0.0477941
0 0.196045 0.0629596 0.0258789 0.046875
0 0.565674 0.0813419 0.0229492 0.0431985
0 0.772461 0.923713 0.0273438 0.0496324
0 0.199219 0.95818 0.03125 0.0523897
1 0.865479 0.857996 0.0219727 0.046875
0 0.689453 0.388787 0.0283203 0.0588235
0 0.933594 0.881434 0.0234375 0.0441176
1 0.568359 0.598346 0.0273438 0.0496324
1 0.824219 0.778033 0.0253906 0.046875
1 0.690186 0.387408 0.0297852 0.0597426
1 0.524658 0.268842 0.0229492 0.0413603
1 0.936035 0.565257 0.0263672 0.0459559
1 0.199219 0.95864 0.0292969 0.0514706
0 0.756592 0.789522 0.0239258 0.0422794
1 0.879883 0.827206 0.0234375 0.0441176
1 0.872559 0.741268 0.0263672 0.0505515
1 0.805664 0.301471 0.0234375 0.0477941
0 0.0224609 0.193474 0.0273438 0.0523897
1 0.171387 0.0220588 0.0273438 0.0404412
0 0.871826 0.743566 0.0268555 0.0459559
0 0.0849609 0.238971 0.0302734 0.0533088
0 0.231445 0.339614 0.0234375 0.0505515
1 0.528076 0.310202 0.0219727 0.0413603
0 0.164795 0.77068 0.0297852 0.0505515
0 0.828857 0.622702 0.0249023 0.0505515
1 0.410156 0.910386 0.0214844 0.0431985
0 0.769775 0.761029 0.0249023 0.0404412
0 0.826416 0.954044 0.0297852 0.0514706
1 0.391357 0.871783 0.0229492 0.0487132
0 0.103516 0.381893 0.0263672 0.0505515
1 0.976562 0.89568 0.0253906 0.0505515
0 0.208984 0.318015 0.0253906 0.0496324
1 0.311279 0.245404 0.027832 0.0459559
1 0.415283 0.456342 0.0239258 0.046875
1 0.393555 0.232996 0.0253906 0.0450368
1 0.378662 0.368566 0.0258789 0.0459559
1 0.408936 0.339614 0.0239258 0.0450368
1 0.190186 0.54136 0.0297852 0.0551471
