1 0.822021 0.616268 0.0375977 0.0542279
0 0.82666 0.954044 0.0263672 0.0514706
1 0.309082 0.902574 0.0283203 0.0514706
1 0.439209 0.880515 0.0297852 0.0588235
0 0.101807 0.0229779 0.034668 0.0459559
1 0.109375 0.386949 0.0292969 0.0643382
0 0.189697 0.54182 0.034668 0.0707721
1 0.958008 0.867647 0.0234375 0.0386029
0 0.525391 0.20864 0.0234375 0.0459559
1 0.102051 0.0243566 0.0341797 0.0487132
0 0.799072 0.595129 0.0288086 0.0523897
0 0.923584 0.976562 0.0297852 0.046875
0 0.56958 0.597426 0.0317383 0.0551471
1 0.310303 0.240349 0.0297852 0.0579044
1 0.952148 0.556066 0.03125 0.0496324
1 0.56958 0.596507 0.0288086 0.0514706
1 0.838135 0.765625 0.0249023 0.0459559
0 0.872559 0.746324 0.0283203 0.0477941
1 0.791992 0.925092 0.0234375 0.0505515
1 0.923584 0.975643 0.0297852 0.0431985
0 0.93457 0.882353 0.0234375 0.0404412
1 0.38501 0.258732 0.0288086 0.0487132
0 0.828857 0.623162 0.0249023 0.0477941
0 0.308838 0.238511 0.0297852 0.0560662
0 0.258789 0.847426 0.0283203 0.0514706
1 0.828857 0.624081 0.0219727 0.0477941
0 0.202637 0.95818 0.0283203 0.0505515
1 0.800781 0.595129 0.0263672 0.0505515
1 0.987549 0.173254 0.0249023 0.0560662
0 0.439453 0.881434 0.0332031 0.0588235
1 0.203125 0.95818 0.03125 0.0560662
1 0.377441 0.367647 0.0214844 0.0422794
0 0.164795 0.773438 0.0288086 0.0560662
1 0.415771 0.454963 0.0249023 0.0496324
1 0.91626 0.495864 0.0249023 0.046875
0 0.0852051 0.238971 0.034668 0.0625
1 0.872559 0.745864 0.0263672 0.046875
1 0.390625 0.346967 0.0214844 0.0413603
0 0.109131 0.388327 0.0297852 0.0615809
1 0.825684 0.953585 0.0283203 0.0487132
0 0.0222168 0.193474 0.0336914 0.0670956
1 0.689941 0.389706 0.0302734 0.0661765
1 0.189453 0.542279 0.0341797 0.0661765
