0 0.189453 0.54182 0.0351562 0.0707721
0 0.101807 0.0234375 0.0356445 0.046875
1 0.795898 0.92693 0.0234375 0.046875
1 0.109863 0.386949 0.0302734 0.0643382
1 0.439209 0.880515 0.0297852 0.0588235
0 0.525146 0.207261 0.0258789 0.046875
1 0.102539 0.0243566 0.0341797 0.0487132
1 0.30957 0.238051 0.0292969 0.0606618
0 0.860352 0.0831801 0.03125 0.0487132
0 0.800537 0.594669 0.0268555 0.0496324
0 0.259277 0.847886 0.0302734 0.0542279
1 0.840576 0.765625 0.0268555 0.0459559
0 0.872559 0.746324 0.0283203 0.0477941
0 0.203125 0.957261 0.03125 0.0542279
1 0.828857 0.625 0.0219727 0.0477941
1 0.258789 0.847886 0.0292969 0.0523897
0 0.439453 0.882353 0.0341797 0.0569853
0 0.829102 0.623621 0.0234375 0.0487132
1 0.987061 0.173254 0.0258789 0.0560662
1 0.955566 0.556985 0.0283203 0.0514706
1 0.800781 0.594669 0.0253906 0.0496324
1 0.416504 0.454504 0.0302734 0.0597426
1 0.93457 0.882353 0.0234375 0.0404412
0 0.570068 0.597426 0.0327148 0.0569853
0 0.30835 0.238051 0.0307617 0.0588235
0 0.164551 0.772978 0.0283203 0.0569853
1 0.924316 0.975184 0.0283203 0.0422794
0 0.0849609 0.238051 0.0361328 0.0606618
1 0.307129 0.90671 0.0322266 0.0560662
1 0.872559 0.745864 0.0283203 0.046875
1 0.825684 0.952665 0.0263672 0.046875
1 0.203613 0.957261 0.03125 0.0560662
1 0.91626 0.496324 0.0249023 0.0477941
1 0.689941 0.389246 0.03125 0.0652574
0 0.109131 0.387868 0.0307617 0.0625
0 0.0222168 0.193015 0.0327148 0.0661765
1 0.954834 0.865809 0.0249023 0.0441176
1 0.189209 0.542279 0.0336914 0.0661765
