1 0.839111 0.764706 0.0268555 0.0459559
0 0.837646 0.764706 0.0249023 0.0477941
1 0.109863 0.387408 0.0302734 0.0634191
1 0.378174 0.365809 0.0219727 0.0422794
1 0.388916 0.349265 0.0200195 0.0386029
1 0.258545 0.845588 0.0307617 0.0551471
1 0.102051 0.0243566 0.0341797 0.0487132
1 0.309082 0.903493 0.0283203 0.0533088
0 0.102051 0.0234375 0.0351562 0.046875
0 0.189453 0.54136 0.0351562 0.0716912
1 0.438965 0.880515 0.0302734 0.0588235
1 0.310547 0.23989 0.0292969 0.0588235
1 0.957031 0.866268 0.0253906 0.0413603
0 0.799561 0.595129 0.027832 0.0523897
1 0.923584 0.975643 0.0297852 0.0431985
1 0.384766 0.259651 0.0292969 0.0487132
0 0.825684 0.953585 0.0263672 0.0505515
0 0.922607 0.976562 0.027832 0.0431985
0 0.524658 0.209099 0.0229492 0.046875
0 0.792236 0.924173 0.0229492 0.0487132
1 0.828857 0.625 0.0219727 0.0477941
0 0.858643 0.0840993 0.0249023 0.0505515
0 0.258789 0.847426 0.0283203 0.0514706
1 0.872559 0.745404 0.0263672 0.0459559
0 0.93457 0.882812 0.0234375 0.0395221
0 0.56958 0.597886 0.0317383 0.0560662
1 0.801025 0.594669 0.0258789 0.0496324
0 0.202881 0.95818 0.0288086 0.0505515
0 0.872559 0.746324 0.0263672 0.0477941
0 0.308594 0.238511 0.0302734 0.0560662
1 0.953125 0.557904 0.0263672 0.0496324
1 0.416016 0.454963 0.0253906 0.0496324
1 0.987549 0.173254 0.0249023 0.0560662
1 0.203369 0.957261 0.0307617 0.0542279
0 0.829102 0.623621 0.0234375 0.0487132
0 0.438965 0.881434 0.0341797 0.0569853
0 0.0849609 0.238971 0.0341797 0.0625
1 0.91626 0.495864 0.0249023 0.046875
1 0.825684 0.952665 0.0263672 0.0487132
0 0.164551 0.772518 0.0283203 0.0560662
1 0.689941 0.389246 0.03125 0.0652574
0 0.109131 0.388327 0.0307617 0.0615809
0 0.0224609 0.193015 0.0332031 0.0661765
1 0.189209 0.54136 0.034668 0.0680147
