0 0.383789 0.265625 0.0292969 0.0551471
0 0.189453 0.542279 0.0351562 0.0735294
0 0.860352 0.0831801 0.03125 0.0487132
0 0.101807 0.0234375 0.0356445 0.046875
0 0.92334 0.976103 0.0283203 0.0441176
1 0.109619 0.386949 0.0297852 0.0643382
1 0.309814 0.237592 0.0288086 0.0597426
0 0.800781 0.59421 0.0263672 0.0487132
1 0.102295 0.0248162 0.0336914 0.0496324
1 0.438965 0.880055 0.0302734 0.0597426
0 0.872559 0.746324 0.0263672 0.0477941
0 0.258789 0.847886 0.03125 0.0542279
0 0.203125 0.957261 0.03125 0.0542279
1 0.840576 0.765625 0.0268555 0.0459559
1 0.796387 0.92693 0.0244141 0.046875
0 0.828857 0.624081 0.0249023 0.0496324
1 0.828857 0.62546 0.0219727 0.0487132
1 0.416504 0.454504 0.0302734 0.0597426
0 0.56958 0.597426 0.0327148 0.0569853
0 0.438965 0.881434 0.0351562 0.0588235
1 0.955566 0.556985 0.0263672 0.0514706
1 0.93457 0.882353 0.0234375 0.0404412
1 0.258301 0.847886 0.0302734 0.0523897
1 0.924316 0.975184 0.0283203 0.0422794
1 0.800781 0.594669 0.0253906 0.0496324
1 0.987549 0.173254 0.0249023 0.0560662
0 0.164795 0.772978 0.0288086 0.0569853
0 0.0849609 0.23943 0.0351562 0.0634191
0 0.308838 0.237592 0.0307617 0.0597426
1 0.304688 0.904871 0.0302734 0.0542279
1 0.872559 0.745864 0.0263672 0.046875
1 0.825928 0.953125 0.0249023 0.0459559
1 0.203613 0.95818 0.03125 0.0542279
1 0.916504 0.496324 0.0263672 0.0477941
1 0.954102 0.86489 0.0234375 0.0422794
0 0.109131 0.387868 0.0307617 0.0625
0 0.0222168 0.193015 0.0327148 0.0661765
1 0.689941 0.389706 0.03125 0.0661765
1 0.188965 0.54182 0.0341797 0.0670956
