0 0.917236 0.493107 0.0249023 0.0431985
0 0.545654 0.904412 0.0249023 0.0477941
0 0.858643 0.0845588 0.0200195 0.0459559
1 0.83667 0.867647 0.019043 0.0367647
1 0.519287 0.201746 0.0209961 0.0358456
1 0.0949707 0.0248162 0.0297852 0.0422794
1 0.858643 0.0840993 0.0219727 0.0450368
0 0.805176 0.304228 0.0205078 0.0459559
0 0.259521 0.845588 0.0297852 0.0514706
1 0.882812 0.242188 0.0214844 0.046875
1 0.858643 0.254596 0.0200195 0.0404412
1 0.920898 0.97886 0.03125 0.0422794
1 0.312256 0.892004 0.027832 0.0505515
1 0.438965 0.883732 0.0234375 0.046875
0 0.785156 0.272518 0.0234375 0.0487132
0 0.171875 0.0225184 0.0273438 0.0395221
0 0.920898 0.980239 0.03125 0.0395221
0 0.825684 0.778493 0.0263672 0.0459559
0 0.439453 0.884651 0.0244141 0.0487132
1 0.543457 0.0579044 0.0244141 0.0422794
1 0.565186 0.0845588 0.0249023 0.0404412
1 0.828857 0.623621 0.0219727 0.046875
1 0.786133 0.272059 0.0234375 0.0459559
1 0.771484 0.923254 0.0273438 0.0487132
0 0.567627 0.596967 0.0288086 0.0542279
0 0.196533 0.0629596 0.0258789 0.046875
1 0.917236 0.492188 0.0297852 0.046875
0 0.198975 0.95864 0.0317383 0.0533088
1 0.810791 0.119945 0.0219727 0.0450368
0 0.771973 0.923713 0.0273438 0.0496324
0 0.933594 0.881434 0.0234375 0.0441176
1 0.568359 0.597886 0.0273438 0.0487132
0 0.689453 0.388787 0.0283203 0.0588235
0 0.793945 0.592831 0.0263672 0.0477941
1 0.259033 0.845588 0.0258789 0.0477941
0 0.565918 0.0827206 0.0224609 0.0422794
1 0.989014 0.173254 0.0219727 0.0487132
1 0.83667 0.12454 0.0219727 0.0431985
1 0.824219 0.778493 0.0253906 0.0459559
1 0.545654 0.90579 0.0258789 0.046875
1 0.524658 0.269301 0.0219727 0.0404412
1 0.865723 0.858915 0.0234375 0.046875
1 0.690186 0.386949 0.0297852 0.0588235
0 0.756592 0.790901 0.0239258 0.0413603
0 0.231445 0.339614 0.0234375 0.0505515
0 0.0224609 0.193474 0.0273438 0.0523897
1 0.171631 0.0215993 0.0268555 0.0395221
0 0.871826 0.743566 0.0249023 0.0459559
0 0.0852051 0.238511 0.0307617 0.0523897
1 0.936035 0.565717 0.0263672 0.046875
1 0.879883 0.827206 0.0234375 0.0459559
1 0.528076 0.310662 0.0209961 0.0404412
1 0.872559 0.740349 0.0263672 0.0487132
1 0.805664 0.30239 0.0234375 0.0459559
1 0.198975 0.95864 0.0297852 0.0496324
0 0.769775 0.759651 0.0249023 0.0413603
0 0.828857 0.622702 0.0249023 0.0487132
0 0.826416 0.954044 0.0297852 0.0514706
0 0.164795 0.770221 0.0297852 0.0514706
0 0.103516 0.381893 0.0273438 0.0523897
1 0.4104 0.911765 0.0219727 0.0422794
1 0.391357 0.871324 0.0229492 0.0477941
1 0.977295 0.897059 0.0249023 0.0477941
0 0.20874 0.317555 0.0258789 0.0505515
1 0.393311 0.232996 0.0249023 0.0450368
1 0.311279 0.245404 0.027832 0.0459559
1 0.415283 0.456801 0.0249023 0.0477941
1 0.408936 0.339614 0.0239258 0.0450368
1 0.378906 0.368107 0.0253906 0.046875
1 0.190186 0.54136 0.0297852 0.0551471
