0 0.784424 0.926011 0.027832 0.046875
0 0.533936 0.919118 0.0307617 0.0477941
1 0.52417 0.209559 0.0180664 0.0422794
1 0.101562 0.0234375 0.0341797 0.046875
0 0.567871 0.596967 0.0302734 0.0560662
1 0.963867 0.873621 0.0234375 0.0487132
0 0.101074 0.0225184 0.0341797 0.0450368
0 0.189697 0.540901 0.034668 0.0689338
0 0.921875 0.977022 0.0292969 0.0441176
1 0.810791 0.119945 0.0219727 0.046875
1 0.109375 0.387408 0.0292969 0.0634191
0 0.964844 0.872243 0.0234375 0.0514706
0 0.810791 0.118107 0.0239258 0.046875
1 0.785645 0.926011 0.0263672 0.0487132
1 0.922607 0.976562 0.0297852 0.0431985
0 0.831299 0.769761 0.0297852 0.0560662
0 0.798828 0.595588 0.0273438 0.0477941
1 0.835938 0.12454 0.0214844 0.0450368
1 0.310547 0.240809 0.03125 0.0533088
1 0.831299 0.771599 0.0297852 0.0560662
1 0.569092 0.596507 0.027832 0.0496324
0 0.826416 0.954044 0.0297852 0.0514706
1 0.202637 0.957261 0.0302734 0.0523897
1 0.872559 0.745864 0.0283203 0.046875
1 0.946045 0.560662 0.027832 0.0477941
0 0.309814 0.23989 0.0307617 0.0533088
0 0.828857 0.623162 0.0249023 0.0477941
0 0.872559 0.746324 0.0283203 0.0477941
1 0.799316 0.59421 0.0263672 0.0487132
1 0.528076 0.272978 0.0209961 0.0386029
1 0.98877 0.172335 0.0224609 0.0505515
1 0.828857 0.62454 0.0219727 0.046875
1 0.529297 0.306985 0.0224609 0.0441176
0 0.438721 0.882353 0.0336914 0.0551471
0 0.202148 0.957261 0.0283203 0.046875
1 0.91626 0.495404 0.0249023 0.0477941
1 0.415527 0.454963 0.0234375 0.0459559
1 0.385986 0.255515 0.0258789 0.0477941
0 0.165283 0.773897 0.0268555 0.0514706
0 0.258789 0.846967 0.0273438 0.0505515
0 0.934326 0.883272 0.0249023 0.0422794
0 0.108887 0.389246 0.0292969 0.0615809
0 0.0852051 0.23943 0.034668 0.0615809
1 0.377686 0.367188 0.0239258 0.0431985
0 0.0222168 0.192555 0.0336914 0.0670956
1 0.189209 0.54136 0.034668 0.0661765
1 0.395264 0.340533 0.0239258 0.0431985
1 0.689941 0.389706 0.0302734 0.0643382
1 0.825928 0.954504 0.0297852 0.0505515
