0 0.102051 0.0234375 0.0361328 0.046875
0 0.189453 0.54182 0.0351562 0.0726103
1 0.30957 0.237592 0.0292969 0.0597426
1 0.438965 0.880055 0.0302734 0.0597426
1 0.102295 0.0248162 0.034668 0.0496324
1 0.93457 0.881893 0.0234375 0.0395221
1 0.797363 0.927849 0.0244141 0.046875
0 0.860352 0.0827206 0.03125 0.0496324
0 0.935059 0.884191 0.0234375 0.0367647
0 0.825928 0.953585 0.0249023 0.046875
1 0.800781 0.59421 0.0253906 0.0505515
1 0.924316 0.975184 0.0283203 0.0441176
0 0.840576 0.766085 0.0268555 0.046875
0 0.796631 0.929228 0.0239258 0.0459559
0 0.92334 0.976103 0.0283203 0.0441176
0 0.259033 0.848805 0.0307617 0.0560662
0 0.203369 0.957261 0.0307617 0.0523897
0 0.800781 0.594669 0.0263672 0.0496324
1 0.872559 0.745864 0.0263672 0.046875
1 0.258545 0.847886 0.0297852 0.0542279
1 0.956299 0.556985 0.027832 0.0514706
1 0.825928 0.952206 0.0249023 0.0459559
1 0.952148 0.86443 0.0234375 0.0395221
1 0.416016 0.454504 0.0283203 0.0579044
1 0.987549 0.172794 0.0249023 0.0569853
0 0.872559 0.745404 0.0263672 0.0477941
0 0.570068 0.597886 0.0327148 0.0579044
0 0.438965 0.881434 0.0341797 0.0569853
0 0.308838 0.237592 0.0307617 0.0597426
1 0.203613 0.957261 0.03125 0.0560662
0 0.0852051 0.23943 0.0356445 0.0634191
0 0.164795 0.772978 0.0288086 0.0569853
0 0.829102 0.624081 0.0234375 0.0496324
1 0.916504 0.496783 0.0263672 0.046875
1 0.304199 0.90579 0.0292969 0.0542279
1 0.689941 0.389706 0.03125 0.0661765
0 0.109131 0.388327 0.0307617 0.0634191
0 0.0224609 0.193015 0.0332031 0.0661765
1 0.189209 0.54182 0.034668 0.0670956
