1 0.523438 0.20864 0.0175781 0.0404412
1 0.858643 0.0845588 0.0219727 0.0459559
0 0.100098 0.0225184 0.0341797 0.0450368
1 0.921875 0.977941 0.0332031 0.0441176
0 0.567871 0.596967 0.03125 0.0560662
0 0.310547 0.897978 0.0302734 0.0533088
0 0.798584 0.595588 0.027832 0.0477941
0 0.189697 0.540901 0.0327148 0.0670956
1 0.569092 0.596507 0.027832 0.0496324
0 0.921875 0.977022 0.03125 0.0422794
0 0.535156 0.91682 0.0292969 0.0505515
1 0.202148 0.95818 0.03125 0.0542279
0 0.310547 0.241268 0.0302734 0.0505515
1 0.799316 0.594669 0.0263672 0.0477941
1 0.398193 0.334559 0.0249023 0.0404412
1 0.310791 0.241728 0.0307617 0.0514706
1 0.811035 0.119485 0.0234375 0.0477941
1 0.943848 0.56296 0.0283203 0.0505515
1 0.529053 0.309743 0.0209961 0.0404412
1 0.835938 0.124081 0.0234375 0.0459559
1 0.829102 0.624081 0.0234375 0.0477941
1 0.917236 0.493566 0.0249023 0.0496324
1 0.415283 0.455423 0.0239258 0.0450368
0 0.828857 0.623162 0.0249023 0.0496324
1 0.98877 0.172335 0.0224609 0.0505515
0 0.829834 0.772059 0.0297852 0.0533088
0 0.438477 0.882812 0.03125 0.0542279
0 0.20166 0.95818 0.0273438 0.0487132
1 0.527344 0.27068 0.0214844 0.0395221
0 0.782471 0.921875 0.0317383 0.0514706
1 0.96875 0.878676 0.0253906 0.0477941
0 0.934326 0.883272 0.0249023 0.0441176
0 0.0849609 0.238971 0.0341797 0.0606618
0 0.872559 0.745864 0.0283203 0.0487132
1 0.826416 0.954044 0.0297852 0.0514706
1 0.37793 0.367647 0.0244141 0.0441176
1 0.387695 0.250919 0.0273438 0.0477941
0 0.108643 0.388787 0.0288086 0.0606618
0 0.165283 0.773897 0.0268555 0.0514706
0 0.258545 0.846967 0.0268555 0.0505515
0 0.826416 0.954504 0.0297852 0.0523897
0 0.0219727 0.193015 0.0332031 0.0643382
1 0.189209 0.54182 0.0336914 0.0634191
1 0.689941 0.389706 0.0322266 0.0643382
