1 0.386719 0.779412 0.0322266 0.0551471
0 0.859375 0.0827206 0.0234375 0.0459559
1 0.948486 0.867647 0.0249023 0.0367647
1 0.382324 0.267463 0.0273438 0.0514706
0 0.102051 0.0238971 0.0361328 0.0477941
0 0.189697 0.54182 0.034668 0.0726103
1 0.102539 0.0248162 0.0341797 0.0496324
1 0.799561 0.928768 0.0239258 0.0487132
1 0.30957 0.238051 0.0292969 0.0606618
1 0.828857 0.62546 0.0219727 0.0487132
1 0.438965 0.880515 0.0302734 0.0588235
0 0.38208 0.267463 0.0297852 0.0551471
0 0.842285 0.766085 0.0283203 0.046875
1 0.842041 0.766085 0.0249023 0.046875
0 0.203125 0.957261 0.03125 0.0542279
1 0.925049 0.975184 0.027832 0.0459559
0 0.825928 0.953585 0.0249023 0.0450368
0 0.924805 0.975643 0.03125 0.0487132
0 0.259277 0.847886 0.03125 0.0542279
0 0.800537 0.59421 0.0268555 0.0505515
0 0.799561 0.929688 0.0239258 0.046875
1 0.801025 0.59375 0.0258789 0.0514706
1 0.825928 0.953125 0.0249023 0.0422794
1 0.258301 0.847886 0.0302734 0.0542279
1 0.958008 0.556526 0.03125 0.0523897
1 0.872559 0.745864 0.0263672 0.0487132
0 0.570068 0.597886 0.0327148 0.0579044
0 0.829102 0.624081 0.0234375 0.0496324
1 0.416504 0.454504 0.0302734 0.0597426
0 0.438965 0.881434 0.0341797 0.0569853
0 0.164551 0.772059 0.0283203 0.0569853
1 0.987549 0.172794 0.0249023 0.0569853
0 0.309082 0.237592 0.0302734 0.0597426
1 0.916504 0.496324 0.0263672 0.0477941
0 0.872559 0.746324 0.0263672 0.0477941
0 0.0852051 0.238971 0.034668 0.0625
1 0.203613 0.957261 0.03125 0.0560662
1 0.303711 0.905331 0.0292969 0.0569853
1 0.689941 0.389246 0.03125 0.0652574
0 0.109131 0.388327 0.0307617 0.0615809
0 0.0224609 0.193474 0.0322266 0.0652574
1 0.189209 0.542279 0.0336914 0.0661765
