0 0.85791 0.863051 0.0263672 0.0459559
1 0.140381 0.599724 0.0229492 0.0487132
0 0.575684 0.392004 0.0185547 0.0340074
1 0.577393 0.391544 0.0200195 0.0330882
0 0.587158 0.36489 0.0209961 0.03125
0 0.834473 0.863971 0.0185547 0.0386029
0 0.916504 0.493107 0.0234375 0.0450368
0 0.775879 0.715074 0.0234375 0.0441176
1 0.681152 0.10386 0.0224609 0.0404412
1 0.302002 0.664522 0.0219727 0.0404412
1 0.38208 0.786305 0.0219727 0.0413603
0 0.556641 0.88557 0.0263672 0.0413603
1 0.389648 0.667739 0.0195312 0.0450368
1 0.879883 0.824449 0.0234375 0.0441176
1 0.806152 0.18704 0.0205078 0.0376838
1 0.85791 0.862592 0.0234375 0.0450368
1 0.740723 0.161765 0.0224609 0.0404412
0 0.880371 0.824908 0.0234375 0.046875
0 0.787109 0.59375 0.0273438 0.0459559
0 0.876465 0.722426 0.0263672 0.0459559
1 0.828857 0.622243 0.0219727 0.0459559
1 0.534424 0.330882 0.0239258 0.0477941
1 0.916992 0.492647 0.0234375 0.0459559
1 0.755859 0.924632 0.0292969 0.0514706
0 0.912354 0.982537 0.0297852 0.0349265
0 0.82666 0.803309 0.0263672 0.0514706
1 0.0800781 0.234835 0.0273438 0.046875
1 0.731689 0.116728 0.0219727 0.0422794
1 0.439453 0.88511 0.0273438 0.0459559
1 0.03125 0.411305 0.0195312 0.0376838
1 0.556641 0.882353 0.0263672 0.0422794
0 0.828125 0.621783 0.0253906 0.0487132
0 0.755859 0.924173 0.0292969 0.0487132
1 0.857178 0.253217 0.0249023 0.0431985
1 0.5271 0.0680147 0.0258789 0.0441176
0 0.755371 0.789522 0.0244141 0.0422794
1 0.679199 0.0606618 0.0224609 0.0386029
0 0.825684 0.955423 0.0283203 0.0487132
1 0.929688 0.563419 0.0253906 0.0441176
1 0.690674 0.384651 0.0268555 0.046875
1 0.838379 0.12454 0.0234375 0.0431985
1 0.0241699 0.4375 0.0219727 0.0367647
1 0.257324 0.84421 0.0253906 0.0450368
0 0.565918 0.601103 0.0263672 0.0459559
1 0.406738 0.537684 0.0234375 0.0404412
1 0.237793 0.715074 0.0244141 0.0441176
1 0.88208 0.0863971 0.0200195 0.0422794
1 0.92749 0.856618 0.0249023 0.0477941
1 0.525146 0.268382 0.0249023 0.0477941
1 0.0185547 0.196232 0.0253906 0.0505515
1 0.318848 0.162684 0.0205078 0.0459559
1 0.090332 0.03125 0.0332031 0.0496324
1 0.401855 0.212316 0.0234375 0.0459559
1 0.858643 0.0836397 0.0200195 0.0422794
1 0.378906 0.688879 0.0214844 0.0431985
1 0.371094 0.539062 0.0253906 0.046875
1 0.0148926 0.981618 0.0249023 0.0367647
1 0.145264 0.588235 0.0200195 0.0422794
1 0.571289 0.10386 0.0234375 0.0441176
1 0.172119 0.019761 0.0288086 0.0395221
1 0.59375 0.295496 0.0234375 0.0395221
1 0.80957 0.118107 0.0214844 0.0413603
1 0.0939941 0.601562 0.0229492 0.0450368
1 0.101074 0.523897 0.0244141 0.0477941
1 0.196777 0.944853 0.0273438 0.0477941
1 0.414551 0.457261 0.0244141 0.0450368
1 0.097168 0.361213 0.0263672 0.0477941
1 0.391602 0.873621 0.0234375 0.0487132
1 0.988281 0.174632 0.0214844 0.0496324
1 0.209229 0.0799632 0.0258789 0.0477941
1 0.897705 0.106158 0.0219727 0.0450368
1 0.811523 0.30193 0.0234375 0.0413603
1 0.786133 0.272059 0.0234375 0.0441176
1 0.583984 0.252757 0.0224609 0.0404412
1 0.196777 0.530331 0.0234375 0.0422794
1 0.410156 0.340074 0.0253906 0.0441176
1 0.80542 0.209559 0.0219727 0.0386029
1 0.506592 0.181526 0.0258789 0.046875
1 0.98291 0.917739 0.0283203 0.0542279
1 0.13208 0.608915 0.0209961 0.0413603
1 0.37793 0.368107 0.0253906 0.0431985
1 0.334961 0.182445 0.0214844 0.046875
1 0.418213 0.943474 0.0258789 0.0505515
1 0.1875 0.483456 0.0244141 0.0459559
1 0.119873 0.822151 0.0249023 0.0487132
1 0.15332 0.279412 0.0253906 0.0404412
1 0.164062 0.77068 0.0263672 0.046875
1 0.160156 0.486673 0.0234375 0.0413603
1 0.0952148 0.814338 0.0273438 0.0514706
1 0.147949 0.234835 0.0244141 0.0431985
1 0.239014 0.345129 0.027832 0.0505515
1 0.3125 0.246783 0.0253906 0.0450368
1 0.205078 0.314798 0.0244141 0.046875
1 0.22998 0.762408 0.0244141 0.046875
