1 0.853027 0.680147 0.0234375 0.0330882
0 0.829102 0.824449 0.0234375 0.0459559
1 0.364014 0.688419 0.0268555 0.0496324
0 0.355713 0.799173 0.0239258 0.0413603
1 0.0769043 0.246783 0.0297852 0.0523897
0 0.619629 0.982996 0.03125 0.0284926
1 0.0341797 0.903952 0.0292969 0.0615809
0 0.510498 0.680607 0.0288086 0.0505515
1 0.854004 0.0772059 0.0205078 0.0404412
0 0.392822 0.657629 0.0239258 0.0450368
1 0.659424 0.0128676 0.0200195 0.0257353
1 0.879639 0.0785846 0.0200195 0.0395221
1 0.464111 0.670496 0.0239258 0.046875
0 0.878906 0.0813419 0.0234375 0.0413603
1 0.984375 0.764706 0.0205078 0.0386029
1 0.233154 0.348346 0.0209961 0.0459559
1 0.761719 0.883732 0.0214844 0.0358456
0 0.364258 0.688419 0.0253906 0.0496324
1 0.939941 0.712776 0.0185547 0.0413603
1 0.989014 0.819853 0.019043 0.0441176
1 0.960205 0.213235 0.0219727 0.0349265
1 0.125 0.490349 0.0224609 0.0523897
1 0.192871 0.369945 0.0224609 0.0395221
0 0.4646 0.670956 0.0258789 0.0459559
1 0.833496 0.865349 0.0185547 0.0376838
0 0.235107 0.710938 0.0249023 0.046875
1 0.381592 0.786765 0.0249023 0.0459559
1 0.259277 0.846967 0.0283203 0.046875
1 0.53833 0.5 0.0229492 0.0422794
1 0.532471 0.461397 0.0239258 0.0441176
1 0.608154 0.0160846 0.0249023 0.0321691
1 0.672852 0.712316 0.0234375 0.0441176
0 0.325195 0.630515 0.0253906 0.0441176
1 0.457031 0.496324 0.0224609 0.0404412
1 0.0183105 0.461857 0.0268555 0.0523897
1 0.734375 0.181985 0.0224609 0.0459559
1 0.510742 0.680147 0.0273438 0.0477941
0 0.0761719 0.247702 0.0302734 0.0487132
1 0.372803 0.536765 0.0268555 0.0477941
1 0.176025 0.829504 0.0249023 0.0431985
1 0.910889 0.501838 0.0249023 0.0422794
1 0.978271 0.439338 0.0249023 0.0441176
1 0.885986 0.236673 0.0297852 0.0450368
1 0.70752 0.652574 0.0234375 0.0422794
1 0.088623 0.599265 0.0249023 0.0477941
1 0.195312 0.929228 0.0253906 0.0441176
1 0.410645 0.538143 0.0253906 0.0450368
0 0.29834 0.670956 0.0283203 0.0477941
1 0.828125 0.82307 0.0214844 0.046875
1 0.730469 0.101103 0.0234375 0.0459559
1 0.943604 0.321232 0.0219727 0.0413603
1 0.0917969 0.0344669 0.0332031 0.0542279
1 0.7771 0.872243 0.0209961 0.0386029
0 0.258301 0.846507 0.0263672 0.0422794
1 0.970947 0.198529 0.0219727 0.0386029
1 0.171143 0.0165441 0.027832 0.0330882
1 0.37793 0.370864 0.0253906 0.046875
1 0.0947266 0.350184 0.0283203 0.0477941
1 0.157715 0.500919 0.0224609 0.0459559
0 0.27002 0.984375 0.0273438 0.03125
1 0.876465 0.712776 0.0234375 0.0431985
1 0.439453 0.883732 0.0273438 0.046875
1 0.646973 0.389706 0.0234375 0.0441176
1 0.197021 0.533088 0.0258789 0.0459559
1 0.766846 0.0859375 0.0200195 0.0395221
0 0.0126953 0.202665 0.0244141 0.0579044
1 0.394775 0.873621 0.0268555 0.0505515
1 0.991455 0.761029 0.0170898 0.0404412
1 0.679688 0.132812 0.0253906 0.0450368
1 0.743408 0.91636 0.0239258 0.0459559
1 0.917969 0.554688 0.0234375 0.0431985
1 0.834473 0.125919 0.0234375 0.0422794
1 0.712891 0.476562 0.0253906 0.0395221
1 0.0322266 0.410386 0.0253906 0.0450368
1 0.152344 0.22886 0.0273438 0.0514706
0 0.315918 0.880055 0.0253906 0.0487132
1 0.0927734 0.81204 0.0273438 0.0487132
1 0.851562 0.261949 0.0263672 0.0422794
1 0.145752 0.587776 0.0258789 0.046875
1 0.360352 0.170037 0.0234375 0.0422794
1 0.780029 0.689798 0.0268555 0.0487132
1 0.676514 0.058364 0.0229492 0.0395221
1 0.416992 0.959099 0.0273438 0.0487132
1 0.187012 0.466912 0.0263672 0.0477941
1 0.588623 0.362132 0.0239258 0.0422794
1 0.802246 0.170496 0.0224609 0.0450368
1 0.694824 0.736213 0.0205078 0.0459559
1 0.690918 0.446232 0.0234375 0.0450368
1 0.992676 0.545956 0.0146484 0.0477941
1 0.205566 0.85432 0.0273438 0.0450368
1 0.759766 0.0537684 0.0214844 0.0395221
1 0.933594 0.331801 0.0205078 0.0386029
1 0.520752 0.0698529 0.0229492 0.0422794
1 0.128418 0.828585 0.0263672 0.0505515
1 0.612549 0.251838 0.0200195 0.0404412
1 0.879883 0.824449 0.0234375 0.0459559
1 0.920166 0.842831 0.0249023 0.0441176
1 0.572266 0.104779 0.0234375 0.0404412
1 0.725342 0.634191 0.0209961 0.0404412
1 0.755859 0.789062 0.0253906 0.0450368
1 0.783447 0.59375 0.0258789 0.0441176
1 0.164307 0.772518 0.0258789 0.0487132
1 0.0141602 0.980699 0.0244141 0.0386029
1 0.146484 0.303768 0.0263672 0.0487132
1 0.855469 0.867647 0.0253906 0.0459559
1 0.797363 0.40625 0.0224609 0.0404412
1 0.309326 0.130515 0.0288086 0.0514706
1 0.224609 0.787224 0.0283203 0.0487132
1 0.407715 0.204504 0.0253906 0.0450368
1 0.534668 0.339154 0.0224609 0.0441176
1 0.692139 0.384651 0.0239258 0.0450368
1 0.414551 0.460478 0.0263672 0.0496324
1 0.964844 0.751838 0.0253906 0.0441176
1 0.990967 0.176011 0.0180664 0.0450368
1 0.828125 0.624081 0.0253906 0.0514706
1 0.0385742 0.920496 0.0263672 0.0450368
1 0.668213 0.392004 0.0219727 0.0431985
1 0.781982 0.272978 0.0258789 0.0441176
1 0.805664 0.230239 0.0244141 0.0450368
1 0.500244 0.174173 0.0258789 0.0450368
1 0.807617 0.298713 0.0234375 0.0404412
1 0.459473 0.109835 0.0234375 0.0487132
1 0.445068 0.473805 0.0219727 0.0413603
1 0.598145 0.300092 0.0244141 0.0431985
1 0.597168 0.22932 0.0205078 0.0431985
1 0.408691 0.342831 0.0263672 0.0459559
1 0.217529 0.0753676 0.0249023 0.0496324
1 0.803467 0.106158 0.0229492 0.0431985
1 0.568359 0.388327 0.0234375 0.0413603
1 0.82666 0.954504 0.0263672 0.0450368
1 0.108398 0.528952 0.0263672 0.0505515
1 0.813232 0.442096 0.0249023 0.0422794
1 0.394775 0.121783 0.0239258 0.0431985
1 0.36084 0.201746 0.0224609 0.0431985
1 0.0305176 0.884651 0.0258789 0.0431985
1 0.577881 0.25 0.0219727 0.0459559
1 0.132568 0.62454 0.0268555 0.0487132
1 0.483398 0.132353 0.0234375 0.0459559
1 0.316162 0.24954 0.0258789 0.0450368
1 0.985107 0.931066 0.0268555 0.0533088
1 0.980469 0.734375 0.0214844 0.0386029
1 0.333008 0.194853 0.0253906 0.0459559
1 0.207031 0.3125 0.0244141 0.0477941
1 0.402588 0.159467 0.0219727 0.0450368
1 0.528809 0.270221 0.0234375 0.0459559
1 0.244385 0.0252757 0.0258789 0.0450368
