1 0.101074 0.0234375 0.0341797 0.046875
0 0.858643 0.0840993 0.0219727 0.046875
1 0.533691 0.918658 0.0283203 0.0560662
0 0.567871 0.596967 0.0302734 0.0560662
0 0.784424 0.924173 0.0297852 0.046875
1 0.829834 0.772059 0.0297852 0.0551471
0 0.534912 0.919118 0.0297852 0.0496324
0 0.101074 0.0225184 0.0341797 0.0450368
0 0.310303 0.898438 0.0307617 0.0542279
0 0.189697 0.540901 0.0336914 0.0689338
0 0.922852 0.977022 0.03125 0.0459559
1 0.78418 0.924173 0.0273438 0.046875
1 0.108887 0.387408 0.0292969 0.0634191
0 0.811035 0.118107 0.0244141 0.0487132
0 0.798584 0.595588 0.027832 0.0477941
1 0.811279 0.119485 0.0229492 0.0477941
1 0.922852 0.976562 0.03125 0.0431985
1 0.872559 0.744945 0.0283203 0.046875
1 0.835938 0.12454 0.0234375 0.0450368
1 0.202393 0.957261 0.0307617 0.0542279
0 0.310059 0.240349 0.03125 0.0542279
0 0.828857 0.623162 0.0249023 0.0496324
0 0.830322 0.77068 0.0297852 0.0560662
0 0.966553 0.874081 0.0249023 0.0496324
1 0.310791 0.240349 0.0317383 0.0542279
1 0.799805 0.595129 0.0273438 0.0487132
1 0.568848 0.597886 0.0283203 0.0505515
1 0.945312 0.561121 0.0283203 0.0487132
1 0.966309 0.875919 0.0234375 0.0459559
1 0.98877 0.172335 0.0224609 0.0505515
0 0.826416 0.953585 0.0297852 0.0523897
0 0.438721 0.882812 0.0327148 0.0560662
1 0.917236 0.494026 0.0249023 0.0487132
0 0.872559 0.745864 0.0283203 0.0487132
0 0.0852051 0.23943 0.034668 0.0615809
1 0.527588 0.272059 0.0209961 0.0386029
1 0.415527 0.455423 0.0234375 0.0450368
1 0.828857 0.62454 0.0219727 0.046875
1 0.38623 0.254596 0.0263672 0.0496324
0 0.20166 0.957261 0.0283203 0.0487132
0 0.934326 0.883272 0.0249023 0.0422794
1 0.528809 0.307904 0.0234375 0.0459559
0 0.258789 0.847426 0.0273438 0.0514706
0 0.108887 0.389246 0.0292969 0.0615809
0 0.165039 0.773438 0.0273438 0.0523897
1 0.377441 0.367647 0.0244141 0.0441176
1 0.395752 0.339614 0.0249023 0.0431985
0 0.0222168 0.193474 0.0336914 0.0670956
1 0.189209 0.54182 0.034668 0.0652574
1 0.826416 0.954044 0.0297852 0.0514706
1 0.689453 0.390165 0.03125 0.0634191
