1 0.858643 0.0845588 0.0219727 0.0459559
0 0.100098 0.0225184 0.0341797 0.0450368
1 0.933594 0.880974 0.0253906 0.0450368
1 0.535156 0.917739 0.0253906 0.0505515
0 0.567871 0.596967 0.03125 0.0560662
0 0.310547 0.898438 0.0302734 0.0542279
0 0.798584 0.595129 0.027832 0.0487132
1 0.108643 0.386949 0.0297852 0.0625
0 0.5354 0.917279 0.0297852 0.0514706
0 0.310547 0.241728 0.03125 0.0514706
1 0.921875 0.977482 0.0332031 0.0450368
0 0.921875 0.977022 0.03125 0.0422794
0 0.189453 0.542279 0.0341797 0.0661765
1 0.568604 0.597886 0.0288086 0.0505515
1 0.799316 0.59421 0.0263672 0.0487132
1 0.202148 0.95818 0.03125 0.0560662
1 0.917236 0.494026 0.0249023 0.0487132
0 0.438477 0.882812 0.03125 0.0542279
0 0.829834 0.772059 0.0297852 0.0533088
1 0.811035 0.119485 0.0234375 0.0477941
1 0.398438 0.334099 0.0253906 0.0413603
1 0.988281 0.172335 0.0234375 0.0505515
0 0.20166 0.95818 0.0283203 0.0505515
1 0.943604 0.5625 0.0297852 0.0496324
0 0.828857 0.623621 0.0249023 0.0505515
1 0.829102 0.62454 0.0234375 0.0487132
1 0.835938 0.124081 0.0234375 0.0459559
0 0.0849609 0.238971 0.0341797 0.0606618
0 0.934326 0.883272 0.0249023 0.0441176
0 0.782227 0.921875 0.03125 0.0514706
1 0.528564 0.309283 0.0209961 0.0413603
1 0.415039 0.454963 0.0234375 0.0441176
0 0.872559 0.746324 0.0283203 0.0496324
1 0.826416 0.954044 0.0297852 0.0514706
0 0.108398 0.388327 0.0292969 0.0615809
1 0.5271 0.27068 0.0219727 0.0395221
1 0.310791 0.242188 0.0307617 0.0505515
1 0.96875 0.878676 0.0253906 0.0477941
0 0.258545 0.847886 0.0268555 0.0505515
0 0.165283 0.773897 0.027832 0.0514706
1 0.387939 0.250919 0.0268555 0.0477941
1 0.377686 0.367188 0.0239258 0.0450368
0 0.0222168 0.193015 0.0327148 0.0661765
0 0.826416 0.954504 0.0297852 0.0523897
1 0.189209 0.54182 0.034668 0.0652574
1 0.689453 0.389706 0.03125 0.0643382
