0 0.860352 0.082261 0.03125 0.0487132
1 0.80249 0.931066 0.0249023 0.0459559
0 0.102051 0.0234375 0.0351562 0.046875
0 0.189697 0.542279 0.034668 0.0716912
1 0.102539 0.0248162 0.0332031 0.0496324
0 0.80249 0.930147 0.0249023 0.0459559
0 0.524414 0.206342 0.0234375 0.0487132
1 0.309326 0.237592 0.027832 0.0579044
1 0.80127 0.59375 0.0253906 0.0514706
1 0.84375 0.766085 0.0263672 0.046875
0 0.84375 0.766085 0.0283203 0.046875
1 0.825928 0.952206 0.0249023 0.0404412
1 0.381592 0.267923 0.0268555 0.0505515
0 0.204102 0.957261 0.03125 0.0542279
0 0.825928 0.953125 0.0249023 0.0459559
1 0.438965 0.880515 0.0302734 0.0588235
0 0.381592 0.267004 0.0297852 0.0523897
1 0.258301 0.847886 0.0302734 0.0542279
0 0.259033 0.847886 0.0317383 0.0523897
1 0.872559 0.746324 0.0263672 0.0496324
0 0.439453 0.881434 0.0341797 0.0569853
0 0.800781 0.59375 0.0263672 0.0496324
0 0.924805 0.975184 0.03125 0.0496324
0 0.570312 0.597426 0.0332031 0.0569853
1 0.959473 0.555607 0.03125 0.0523897
1 0.416016 0.454504 0.0273438 0.0542279
1 0.987549 0.172794 0.0249023 0.0551471
1 0.916504 0.496324 0.0263672 0.0477941
0 0.828857 0.623621 0.0249023 0.0505515
0 0.308594 0.237132 0.0302734 0.0588235
0 0.164795 0.772978 0.0288086 0.0569853
0 0.0852051 0.238971 0.034668 0.0625
0 0.872559 0.747243 0.0263672 0.0496324
1 0.204102 0.957261 0.03125 0.0560662
1 0.303711 0.90625 0.0292969 0.0588235
1 0.689941 0.389246 0.0302734 0.0652574
0 0.0222168 0.193474 0.0317383 0.0652574
0 0.109375 0.388327 0.0302734 0.0615809
1 0.189209 0.54182 0.0336914 0.0652574
