1 0.785156 0.925092 0.0263672 0.0487132
1 0.523682 0.209559 0.0180664 0.0404412
0 0.310303 0.898438 0.0307617 0.0542279
0 0.784424 0.924173 0.0288086 0.046875
1 0.101074 0.0234375 0.0341797 0.046875
0 0.101074 0.0225184 0.0341797 0.0450368
0 0.534424 0.919118 0.0307617 0.0477941
1 0.829834 0.77114 0.0297852 0.0569853
1 0.922852 0.976562 0.03125 0.046875
1 0.964844 0.87454 0.0234375 0.0487132
0 0.811035 0.117647 0.0234375 0.0477941
1 0.835938 0.12454 0.0234375 0.0450368
0 0.189697 0.54136 0.0336914 0.0680147
1 0.108887 0.387408 0.0292969 0.0634191
1 0.810791 0.119945 0.0219727 0.046875
1 0.872559 0.745864 0.0283203 0.046875
0 0.569336 0.597886 0.03125 0.0523897
1 0.569336 0.596967 0.0273438 0.0487132
0 0.921875 0.977022 0.03125 0.0459559
0 0.799072 0.595588 0.0288086 0.0496324
1 0.310547 0.240349 0.03125 0.0542279
1 0.202393 0.957261 0.0307617 0.0542279
0 0.309814 0.240349 0.0307617 0.0542279
1 0.799805 0.594669 0.0273438 0.0496324
1 0.917236 0.494026 0.0249023 0.0505515
0 0.96582 0.873162 0.0234375 0.0514706
1 0.529297 0.306985 0.0224609 0.0441176
1 0.528076 0.272978 0.0209961 0.0386029
1 0.945312 0.561121 0.0292969 0.0487132
1 0.98877 0.172335 0.0224609 0.0505515
1 0.828857 0.625 0.0219727 0.0477941
0 0.830322 0.77068 0.0297852 0.0560662
0 0.828857 0.623621 0.0249023 0.0487132
1 0.415527 0.455423 0.0234375 0.0450368
0 0.826416 0.953585 0.0297852 0.0523897
0 0.0852051 0.238971 0.034668 0.0625
0 0.872559 0.746324 0.0283203 0.0496324
1 0.38623 0.254596 0.0263672 0.0477941
0 0.201904 0.957261 0.027832 0.0487132
0 0.438721 0.882353 0.0336914 0.0551471
0 0.258545 0.847426 0.0268555 0.0514706
0 0.934326 0.883272 0.0249023 0.0422794
0 0.165283 0.773438 0.0268555 0.0523897
1 0.377686 0.366728 0.0239258 0.0422794
0 0.108887 0.389246 0.0292969 0.0615809
0 0.0222168 0.193015 0.0336914 0.0661765
1 0.825928 0.954504 0.0297852 0.0505515
1 0.395264 0.339154 0.0239258 0.0422794
1 0.189209 0.54182 0.034668 0.0652574
1 0.689941 0.390165 0.03125 0.0652574
