1 0.523682 0.209099 0.0180664 0.0413603
1 0.10083 0.0234375 0.0336914 0.046875
1 0.533447 0.918199 0.0288086 0.0569853
0 0.858643 0.0845588 0.0219727 0.0459559
0 0.567871 0.596507 0.0302734 0.0551471
1 0.921875 0.976562 0.0292969 0.0450368
1 0.810791 0.119485 0.0219727 0.0477941
1 0.108887 0.386949 0.0292969 0.0625
0 0.10083 0.0225184 0.0336914 0.0450368
0 0.310303 0.898438 0.0307617 0.0523897
0 0.783936 0.923254 0.0297852 0.046875
1 0.202393 0.957261 0.0307617 0.0542279
0 0.810791 0.117647 0.0239258 0.0496324
0 0.922852 0.975643 0.03125 0.0431985
1 0.310791 0.240809 0.0307617 0.0533088
0 0.534912 0.919118 0.0297852 0.0514706
1 0.835938 0.12454 0.0234375 0.0450368
0 0.798584 0.595588 0.027832 0.0477941
1 0.569336 0.596048 0.0273438 0.0487132
0 0.189697 0.54182 0.0336914 0.0670956
1 0.799316 0.59421 0.0263672 0.0487132
1 0.966309 0.87546 0.0234375 0.046875
1 0.917236 0.493566 0.0249023 0.0496324
1 0.945312 0.560662 0.0283203 0.0477941
0 0.310059 0.241268 0.03125 0.0542279
1 0.828857 0.625 0.0219727 0.0477941
0 0.966553 0.874081 0.0249023 0.0496324
0 0.438721 0.882812 0.0327148 0.0560662
1 0.98877 0.172335 0.0224609 0.0505515
1 0.529053 0.308364 0.0219727 0.0413603
0 0.828857 0.623621 0.0249023 0.0487132
0 0.830322 0.77068 0.0297852 0.0560662
1 0.527588 0.272059 0.0209961 0.0386029
1 0.415527 0.454963 0.0244141 0.0459559
1 0.38623 0.254136 0.0263672 0.0487132
0 0.826416 0.953585 0.0297852 0.0523897
0 0.872559 0.745864 0.0283203 0.0487132
0 0.0852051 0.238971 0.034668 0.0606618
0 0.934326 0.883272 0.0249023 0.0441176
1 0.377686 0.367188 0.0239258 0.0431985
1 0.189453 0.54182 0.0341797 0.0652574
0 0.201904 0.957261 0.027832 0.046875
0 0.165283 0.773897 0.0268555 0.0514706
0 0.108887 0.388787 0.0292969 0.0606618
0 0.258545 0.847886 0.0268555 0.0505515
1 0.395508 0.340074 0.0244141 0.0422794
0 0.0224609 0.193015 0.0332031 0.0661765
1 0.826416 0.954044 0.0297852 0.0514706
1 0.689941 0.390165 0.0302734 0.0652574
