1 0.30957 0.238971 0.0292969 0.0588235
1 0.950684 0.557445 0.03125 0.0487132
1 0.102051 0.0238971 0.0341797 0.0477941
1 0.308838 0.901654 0.0268555 0.0496324
0 0.101807 0.0229779 0.034668 0.0459559
0 0.189453 0.54136 0.0351562 0.0716912
1 0.439209 0.880515 0.0297852 0.0588235
0 0.799316 0.595129 0.0283203 0.0523897
0 0.525879 0.210018 0.0234375 0.046875
0 0.872559 0.746324 0.0263672 0.0477941
0 0.922607 0.976562 0.027832 0.0431985
0 0.56958 0.597426 0.0288086 0.0533088
1 0.56958 0.596507 0.0288086 0.0514706
1 0.38501 0.257353 0.0288086 0.0496324
1 0.83667 0.765625 0.0268555 0.0459559
1 0.923584 0.975643 0.0297852 0.0431985
0 0.828857 0.623621 0.0249023 0.0505515
0 0.93457 0.882353 0.0234375 0.0386029
1 0.959229 0.869026 0.0249023 0.0395221
1 0.791016 0.925092 0.0253906 0.0505515
1 0.203369 0.957261 0.0307617 0.0542279
1 0.828857 0.625 0.0219727 0.0477941
1 0.800781 0.594669 0.0263672 0.0496324
1 0.377441 0.367647 0.0214844 0.0422794
1 0.987549 0.173713 0.0249023 0.0551471
0 0.310059 0.23943 0.0302734 0.0579044
0 0.438965 0.881434 0.0341797 0.0569853
1 0.416016 0.454963 0.0253906 0.0496324
0 0.258789 0.847426 0.0283203 0.0514706
1 0.91626 0.495404 0.0249023 0.0459559
0 0.0847168 0.238051 0.0356445 0.0588235
0 0.202637 0.957261 0.0283203 0.0505515
1 0.872559 0.744945 0.0263672 0.0450368
1 0.39209 0.344669 0.0224609 0.0422794
0 0.164795 0.773438 0.027832 0.0560662
0 0.0222168 0.193474 0.0327148 0.0670956
1 0.689697 0.389706 0.0297852 0.0661765
0 0.109131 0.388327 0.0297852 0.0615809
1 0.825684 0.953585 0.0283203 0.0487132
1 0.189209 0.542279 0.034668 0.0661765
