0 0.619141 0.983915 0.0322266 0.0266544
1 0.975586 0.433824 0.0234375 0.0441176
1 0.359131 0.173254 0.0200195 0.0376838
1 0.854736 0.078125 0.0200195 0.0404412
1 0.410645 0.539062 0.0234375 0.0450368
0 0.726562 0.633732 0.0205078 0.0431985
1 0.985107 0.763787 0.0200195 0.0349265
0 0.440674 0.88511 0.0288086 0.0496324
0 0.756592 0.789062 0.027832 0.046875
1 0.989014 0.820772 0.019043 0.0422794
1 0.893799 0.120404 0.0219727 0.0404412
0 0.893799 0.119026 0.0219727 0.0431985
1 0.856445 0.866268 0.0234375 0.046875
0 0.736084 0.179688 0.0219727 0.046875
1 0.380859 0.785846 0.0244141 0.0459559
0 0.745117 0.920956 0.0273438 0.0441176
0 0.834473 0.863971 0.0185547 0.0404412
0 0.991455 0.17693 0.0170898 0.0431985
0 0.561279 0.519761 0.0219727 0.0376838
1 0.73584 0.179228 0.0234375 0.0441176
0 0.196533 0.533088 0.0239258 0.0459559
1 0.414062 0.459559 0.0263672 0.0477941
0 0.854736 0.078125 0.0200195 0.0404412
1 0.196289 0.533088 0.0244141 0.0441176
1 0.767578 0.0868566 0.0214844 0.0395221
1 0.377686 0.370404 0.0258789 0.0441176
0 0.521484 0.0689338 0.0244141 0.0422794
1 0.910889 0.499081 0.0249023 0.0441176
0 0.780518 0.691176 0.0249023 0.0477941
1 0.0766602 0.245864 0.03125 0.0523897
0 0.608887 0.0151654 0.0234375 0.0303309
0 0.729736 0.10386 0.0239258 0.0459559
1 0.520996 0.0698529 0.0234375 0.0422794
1 0.879883 0.824449 0.0234375 0.0459559
1 0.886719 0.236213 0.0253906 0.0422794
1 0.710693 0.649357 0.0219727 0.0431985
0 0.963379 0.210938 0.0234375 0.0395221
0 0.880371 0.823529 0.0234375 0.0477941
0 0.381104 0.788143 0.0258789 0.046875
1 0.72998 0.102941 0.0234375 0.0459559
1 0.693848 0.445312 0.0224609 0.0431985
1 0.755859 0.79136 0.0253906 0.0459559
0 0.828857 0.82261 0.0219727 0.0441176
0 0.692139 0.72932 0.0209961 0.0450368
1 0.259766 0.846967 0.0283203 0.046875
1 0.744873 0.920496 0.0249023 0.0431985
1 0.76001 0.0565257 0.0209961 0.0376838
0 0.392578 0.657169 0.0234375 0.0459559
1 0.677734 0.0597426 0.0224609 0.0404412
0 0.535889 0.496783 0.0249023 0.0431985
1 0.372314 0.538143 0.0268555 0.0487132
1 0.359375 0.196232 0.0195312 0.0413603
1 0.409424 0.342371 0.0268555 0.046875
1 0.876465 0.714614 0.0234375 0.0431985
1 0.679688 0.130974 0.0273438 0.0431985
1 0.990723 0.175551 0.0185547 0.0459559
1 0.780029 0.692555 0.0249023 0.0487132
0 0.55957 0.877298 0.0273438 0.046875
0 0.236084 0.711397 0.0249023 0.0441176
1 0.310303 0.130515 0.0268555 0.0496324
1 0.186279 0.470588 0.0249023 0.0459559
1 0.440674 0.886029 0.0288086 0.0514706
1 0.805664 0.110294 0.0234375 0.0441176
1 0.461182 0.109835 0.0219727 0.0450368
1 0.835938 0.12546 0.0253906 0.0431985
1 0.648438 0.391544 0.0224609 0.0441176
1 0.0141602 0.202206 0.0253906 0.0551471
0 0.856201 0.866728 0.0249023 0.0459559
1 0.72583 0.633272 0.0219727 0.0422794
1 0.921143 0.845129 0.0249023 0.0413603
1 0.588867 0.363051 0.0234375 0.0441176
0 0.710205 0.649816 0.0229492 0.0404412
1 0.798584 0.408548 0.0219727 0.0376838
1 0.71167 0.476103 0.0249023 0.0386029
1 0.571045 0.105699 0.0229492 0.0422794
1 0.991699 0.76057 0.0166016 0.0395221
0 0.879639 0.082261 0.0219727 0.0395221
1 0.196045 0.931066 0.0258789 0.0441176
0 0.507568 0.680147 0.0249023 0.0459559
0 0.076416 0.245864 0.0327148 0.0542279
1 0.393555 0.875 0.0273438 0.0533088
1 0.921875 0.559283 0.0253906 0.0395221
1 0.156738 0.501379 0.0234375 0.0487132
1 0.224609 0.784467 0.0273438 0.0487132
0 0.269775 0.984375 0.0268555 0.03125
1 0.0944824 0.351103 0.027832 0.0477941
0 0.258301 0.846507 0.0263672 0.0441176
1 0.534424 0.337776 0.0229492 0.0450368
1 0.851562 0.261489 0.0253906 0.0413603
0 0.563965 0.609835 0.0244141 0.046875
0 0.673096 0.713695 0.0229492 0.0431985
0 0.316162 0.882353 0.0249023 0.0477941
1 0.828857 0.625 0.0219727 0.0477941
1 0.813232 0.442555 0.0249023 0.0413603
0 0.365967 0.689338 0.0239258 0.0477941
1 0.611816 0.250919 0.0195312 0.0386029
0 0.465576 0.670037 0.0249023 0.0477941
1 0.783691 0.59375 0.0263672 0.0441176
1 0.803223 0.170956 0.0234375 0.0441176
1 0.992188 0.540901 0.015625 0.046875
1 0.151611 0.230239 0.027832 0.0505515
0 0.533691 0.462316 0.0234375 0.0422794
1 0.145508 0.587316 0.0244141 0.0459559
1 0.570312 0.387868 0.0234375 0.0422794
1 0.407471 0.204044 0.0268555 0.0477941
1 0.395264 0.127757 0.0219727 0.0404412
1 0.234619 0.347886 0.0258789 0.0505515
1 0.668701 0.392004 0.0219727 0.0413603
1 0.964844 0.747243 0.0234375 0.0441176
1 0.20459 0.85386 0.0263672 0.0441176
0 0.324219 0.633732 0.0234375 0.0431985
1 0.824951 0.954963 0.0297852 0.0459559
1 0.0302734 0.88557 0.0244141 0.0395221
1 0.402588 0.160386 0.0209961 0.0431985
1 0.163818 0.772518 0.0258789 0.0487132
1 0.0183105 0.45818 0.0249023 0.0487132
1 0.0314941 0.410386 0.0258789 0.0450368
1 0.0141602 0.981158 0.0244141 0.0376838
0 0.298828 0.669118 0.0283203 0.0477941
1 0.12793 0.828125 0.0253906 0.0514706
1 0.691895 0.38511 0.0244141 0.0441176
1 0.177246 0.830882 0.0244141 0.0422794
1 0.171387 0.0179228 0.0283203 0.0358456
1 0.0908203 0.600184 0.0244141 0.0496324
1 0.598145 0.299632 0.0244141 0.0441176
1 0.146973 0.301011 0.0292969 0.0487132
1 0.418701 0.955423 0.027832 0.0487132
1 0.0910645 0.0349265 0.0356445 0.0569853
1 0.578857 0.249081 0.0219727 0.0441176
1 0.0925293 0.8125 0.0258789 0.0477941
1 0.597656 0.230239 0.0205078 0.0413603
1 0.107178 0.530331 0.0258789 0.0459559
1 0.501221 0.173713 0.0258789 0.0459559
1 0.132812 0.621783 0.0253906 0.0450368
1 0.245361 0.0243566 0.0258789 0.0450368
1 0.804688 0.226103 0.0253906 0.0441176
1 0.810303 0.299173 0.0249023 0.0395221
1 0.0368652 0.91682 0.0249023 0.0395221
1 0.334229 0.192555 0.0258789 0.046875
1 0.216553 0.0772059 0.0258789 0.0477941
1 0.783203 0.271599 0.0253906 0.0450368
1 0.48291 0.131893 0.0224609 0.0450368
1 0.206543 0.313419 0.0263672 0.0496324
1 0.31543 0.249081 0.0273438 0.0477941
1 0.984375 0.929228 0.0263672 0.0514706
1 0.527832 0.270221 0.0244141 0.0477941
1 0.980469 0.734375 0.0205078 0.0386029
