0 0.654297 0.011489 0.0273438 0.0229779
0 0.376953 0.691636 0.0224609 0.0450368
1 0.138672 0.602022 0.0234375 0.0496324
1 0.387451 0.698989 0.0180664 0.0358456
0 0.404297 0.20818 0.0263672 0.0523897
1 0.681152 0.103401 0.0234375 0.0395221
1 0.731934 0.115349 0.0224609 0.0450368
1 0.170654 0.80239 0.0219727 0.0459559
1 0.558594 0.880974 0.0292969 0.0487132
0 0.834473 0.862592 0.0185547 0.0395221
1 0.740234 0.16682 0.0244141 0.0431985
0 0.573242 0.392463 0.0195312 0.0349265
0 0.776367 0.710478 0.0234375 0.0459559
0 0.912354 0.983456 0.0297852 0.0330882
0 0.680664 0.107537 0.0234375 0.0386029
1 0.408691 0.538143 0.0224609 0.0395221
1 0.404785 0.207721 0.0244141 0.0496324
0 0.678467 0.0592831 0.0209961 0.0413603
1 0.879883 0.824449 0.0234375 0.0459559
0 0.731934 0.115349 0.0244141 0.0450368
0 0.44043 0.884651 0.0273438 0.046875
0 0.828125 0.622702 0.0253906 0.0505515
0 0.857666 0.863971 0.0249023 0.0477941
1 0.856201 0.252757 0.0249023 0.0441176
0 0.877441 0.720588 0.0263672 0.0477941
1 0.825928 0.955882 0.0297852 0.0477941
1 0.474854 0.669118 0.0209961 0.0422794
0 0.880371 0.824908 0.0234375 0.0487132
1 0.378174 0.691636 0.0229492 0.0431985
1 0.439453 0.88557 0.0273438 0.046875
0 0.587891 0.36489 0.0224609 0.0367647
1 0.574707 0.391085 0.0205078 0.0358456
1 0.805908 0.185202 0.0239258 0.0413603
1 0.381104 0.786765 0.0219727 0.0404412
1 0.317139 0.647518 0.0229492 0.0431985
1 0.534912 0.331342 0.0249023 0.0487132
0 0.786133 0.59421 0.0292969 0.046875
0 0.825684 0.955423 0.0283203 0.0487132
1 0.828857 0.622702 0.0219727 0.046875
0 0.826416 0.806526 0.0249023 0.0523897
1 0.916504 0.494485 0.0283203 0.0477941
1 0.678711 0.0606618 0.0234375 0.0404412
1 0.414062 0.456801 0.0253906 0.0459559
0 0.753418 0.923254 0.0283203 0.0487132
1 0.25708 0.84375 0.0249023 0.0441176
1 0.300781 0.66682 0.0224609 0.0431985
1 0.371826 0.539522 0.0258789 0.0459559
1 0.236572 0.712316 0.0239258 0.0441176
1 0.410156 0.339614 0.0263672 0.0450368
1 0.494629 0.670496 0.0224609 0.0431985
0 0.557861 0.883732 0.0268555 0.0450368
1 0.522949 0.0684743 0.0244141 0.0450368
1 0.390137 0.661305 0.0224609 0.0413603
1 0.838379 0.125 0.0234375 0.0441176
0 0.755615 0.789522 0.0258789 0.0422794
1 0.572021 0.102482 0.0249023 0.0450368
1 0.929688 0.564338 0.0253906 0.0441176
1 0.88208 0.0863971 0.0200195 0.0422794
1 0.196045 0.941176 0.027832 0.0477941
1 0.391357 0.874081 0.0229492 0.0496324
1 0.0185547 0.196232 0.0253906 0.0505515
1 0.525391 0.268382 0.0253906 0.0477941
1 0.926514 0.855239 0.0268555 0.046875
1 0.75293 0.923713 0.0273438 0.0514706
0 0.565918 0.602022 0.0263672 0.0459559
1 0.858643 0.0836397 0.0200195 0.0441176
1 0.210693 0.0790441 0.0258789 0.0514706
1 0.0144043 0.982077 0.0249023 0.0358456
1 0.691162 0.38557 0.0249023 0.046875
1 0.31543 0.154871 0.0224609 0.0450368
1 0.0908203 0.0326287 0.0332031 0.0487132
1 0.0932617 0.601103 0.0214844 0.0441176
1 0.809326 0.118107 0.0219727 0.0431985
1 0.0778809 0.238971 0.0258789 0.0477941
1 0.0966797 0.357996 0.0244141 0.0450368
1 0.811768 0.301471 0.0249023 0.0422794
1 0.596191 0.295037 0.0234375 0.0441176
1 0.172119 0.0188419 0.0288086 0.0376838
1 0.989014 0.174632 0.0219727 0.0514706
1 0.897705 0.106158 0.0219727 0.0450368
1 0.102051 0.522518 0.0244141 0.046875
1 0.196533 0.530331 0.0229492 0.0422794
1 0.785645 0.271599 0.0244141 0.0450368
1 0.37793 0.368566 0.0253906 0.0441176
1 0.14624 0.586397 0.0200195 0.0422794
1 0.505859 0.178768 0.0253906 0.0450368
1 0.419189 0.944853 0.0258789 0.0477941
1 0.03125 0.409467 0.0224609 0.0413603
1 0.335449 0.183364 0.0244141 0.0450368
1 0.1875 0.482077 0.0244141 0.0450368
1 0.583252 0.246783 0.0239258 0.0431985
1 0.805664 0.210018 0.0234375 0.0413603
1 0.132568 0.608915 0.0209961 0.0413603
1 0.148193 0.234835 0.0249023 0.0431985
1 0.0234375 0.438879 0.0234375 0.0413603
1 0.158936 0.490349 0.0219727 0.0395221
1 0.23877 0.346048 0.0273438 0.0505515
1 0.98291 0.919118 0.0283203 0.0551471
1 0.122559 0.821691 0.0253906 0.0441176
1 0.0944824 0.815257 0.027832 0.0496324
1 0.164062 0.770221 0.0263672 0.0441176
1 0.228271 0.767463 0.0249023 0.0441176
1 0.313477 0.247243 0.0253906 0.0441176
1 0.205078 0.314338 0.0234375 0.0459559
1 0.152344 0.284467 0.0244141 0.0413603
