0 0.858643 0.0840993 0.0200195 0.0450368
1 0.394775 0.356618 0.0375977 0.0496324
0 0.990967 0.415441 0.0180664 0.0367647
1 0.882812 0.241268 0.0214844 0.046875
0 0.917236 0.494026 0.0249023 0.0450368
1 0.775879 0.920496 0.0283203 0.0542279
0 0.543701 0.904871 0.0307617 0.0487132
1 0.934326 0.879596 0.0249023 0.0422794
0 0.543701 0.0588235 0.0229492 0.0404412
1 0.858643 0.254596 0.0219727 0.0404412
0 0.410645 0.909007 0.0224609 0.0459559
0 0.689453 0.388787 0.0292969 0.0606618
1 0.258789 0.846048 0.0253906 0.0487132
1 0.0964355 0.0243566 0.0307617 0.046875
1 0.828857 0.623162 0.0219727 0.0477941
0 0.258789 0.845588 0.0253906 0.0496324
0 0.774902 0.920956 0.0263672 0.0514706
1 0.568848 0.597886 0.0283203 0.0487132
1 0.92041 0.97886 0.03125 0.0422794
1 0.543945 0.90579 0.0273438 0.046875
1 0.917236 0.492647 0.0297852 0.0477941
1 0.104248 0.382353 0.0288086 0.0588235
0 0.933594 0.882353 0.0253906 0.0422794
0 0.921143 0.980239 0.0327148 0.0395221
0 0.562744 0.0776654 0.0219727 0.0450368
1 0.810791 0.119485 0.0219727 0.0459559
0 0.567627 0.597426 0.0297852 0.0533088
0 0.0852051 0.238971 0.0317383 0.0569853
1 0.519531 0.201287 0.0214844 0.0422794
1 0.824219 0.776195 0.0253906 0.046875
0 0.229248 0.338695 0.0219727 0.0505515
0 0.199463 0.95818 0.0317383 0.0523897
1 0.98877 0.172794 0.0224609 0.0496324
0 0.438965 0.884651 0.0224609 0.046875
1 0.786133 0.272978 0.0234375 0.0459559
1 0.171387 0.0220588 0.0283203 0.0422794
1 0.83667 0.124081 0.0219727 0.0422794
1 0.938232 0.565717 0.0268555 0.0487132
0 0.757324 0.788143 0.0234375 0.0413603
0 0.171631 0.0225184 0.0288086 0.0431985
1 0.199219 0.95818 0.0292969 0.0505515
1 0.866211 0.856618 0.0234375 0.0477941
0 0.796875 0.592371 0.0253906 0.046875
1 0.872559 0.742188 0.0263672 0.0505515
1 0.409912 0.907629 0.0219727 0.046875
1 0.524902 0.270221 0.0224609 0.0404412
1 0.879639 0.827206 0.0249023 0.0441176
0 0.0219727 0.193934 0.0302734 0.0588235
0 0.104736 0.382353 0.0297852 0.0551471
0 0.871826 0.744026 0.0268555 0.046875
1 0.528076 0.309743 0.0219727 0.0404412
1 0.391357 0.871783 0.0229492 0.046875
0 0.193604 0.0597426 0.0288086 0.0514706
0 0.826416 0.954044 0.0297852 0.0514706
0 0.164795 0.77114 0.0288086 0.0496324
0 0.769531 0.764246 0.0253906 0.0413603
0 0.828857 0.622702 0.0249023 0.0505515
1 0.803711 0.301011 0.0234375 0.046875
0 0.210449 0.318934 0.0244141 0.0533088
1 0.690186 0.386949 0.0307617 0.0606618
1 0.97583 0.893382 0.0268555 0.0459559
1 0.311279 0.244485 0.0268555 0.0459559
1 0.414795 0.455882 0.0249023 0.0441176
1 0.392578 0.234835 0.0263672 0.046875
1 0.378174 0.368566 0.0258789 0.0459559
1 0.408691 0.339614 0.0234375 0.0450368
1 0.189697 0.54182 0.0307617 0.0579044
