0 0.382812 0.267004 0.0292969 0.0542279
0 0.935059 0.884191 0.0234375 0.0367647
0 0.102051 0.0234375 0.0361328 0.046875
1 0.841309 0.766085 0.0234375 0.0450368
1 0.828857 0.625 0.0219727 0.0477941
1 0.109619 0.387408 0.0307617 0.0634191
0 0.524414 0.207261 0.0234375 0.046875
0 0.189697 0.542279 0.034668 0.0716912
0 0.86084 0.0827206 0.03125 0.0477941
1 0.30957 0.238051 0.0283203 0.0588235
1 0.797852 0.928768 0.0244141 0.046875
0 0.841309 0.766085 0.0263672 0.0450368
1 0.93457 0.882353 0.0234375 0.0386029
0 0.925049 0.976562 0.0297852 0.046875
1 0.102295 0.0248162 0.034668 0.0496324
0 0.825928 0.953585 0.0249023 0.046875
0 0.797607 0.927849 0.0239258 0.046875
1 0.800781 0.59421 0.0253906 0.0487132
1 0.438965 0.880515 0.0302734 0.0588235
0 0.259033 0.847886 0.0307617 0.0542279
0 0.203613 0.957261 0.03125 0.0542279
1 0.924316 0.975184 0.0283203 0.0441176
0 0.800781 0.59421 0.0263672 0.0487132
1 0.258545 0.847886 0.0297852 0.0523897
1 0.41626 0.454504 0.0297852 0.0597426
1 0.825928 0.953125 0.0249023 0.0441176
1 0.872559 0.745864 0.0263672 0.046875
1 0.957031 0.556985 0.0283203 0.0514706
0 0.570068 0.598346 0.0327148 0.0569853
1 0.95166 0.865349 0.0234375 0.0395221
0 0.439453 0.881434 0.0341797 0.0588235
1 0.987549 0.173254 0.0249023 0.0560662
0 0.164551 0.772518 0.0283203 0.0560662
0 0.872559 0.746324 0.0263672 0.0477941
0 0.308594 0.237132 0.0302734 0.0588235
0 0.829102 0.623621 0.0234375 0.0487132
1 0.91626 0.496324 0.0249023 0.0477941
0 0.0849609 0.238971 0.0351562 0.0625
1 0.203613 0.957261 0.03125 0.0560662
1 0.303955 0.90579 0.0288086 0.0560662
1 0.689941 0.389246 0.0302734 0.0652574
0 0.109131 0.387868 0.0307617 0.0625
0 0.0224609 0.193015 0.0332031 0.0661765
1 0.189209 0.54182 0.0336914 0.0670956
