1 0.589844 0.240349 0.0253906 0.046875
1 0.804932 0.315257 0.0229492 0.0477941
1 0.856934 0.866268 0.0263672 0.0505515
1 0.19458 0.844669 0.0454102 0.0441176
0 0.779785 0.697151 0.0244141 0.0450368
1 0.885986 0.235754 0.0297852 0.0431985
1 0.248535 0.00873162 0.0273438 0.0174632
1 0.730957 0.105239 0.0283203 0.0487132
1 0.748047 0.921875 0.0244141 0.0441176
0 0.406494 0.204504 0.0258789 0.0523897
1 0.564453 0.605239 0.0283203 0.0505515
1 0.714355 0.648897 0.0234375 0.0367647
0 0.808838 0.117188 0.0229492 0.0413603
0 0.834473 0.863511 0.0205078 0.0395221
0 0.714355 0.648897 0.0234375 0.0367647
1 0.989014 0.818934 0.019043 0.0422794
1 0.755859 0.79136 0.0273438 0.0459559
1 0.858643 0.082261 0.0219727 0.0395221
0 0.747803 0.922794 0.0249023 0.0459559
0 0.895996 0.106618 0.0205078 0.0404412
1 0.739258 0.175551 0.0234375 0.0477941
0 0.0766602 0.244945 0.0322266 0.0542279
0 0.688232 0.72886 0.0209961 0.0459559
1 0.881348 0.082261 0.0205078 0.0395221
0 0.237305 0.710018 0.0253906 0.0431985
1 0.410156 0.340533 0.0273438 0.046875
1 0.913086 0.50046 0.0234375 0.046875
1 0.468262 0.670956 0.0273438 0.0477941
1 0.482178 0.130515 0.0209961 0.0422794
0 0.31543 0.884651 0.0253906 0.0450368
0 0.739014 0.175551 0.0239258 0.0441176
1 0.406738 0.203585 0.0263672 0.0487132
1 0.0766602 0.244026 0.0302734 0.0505515
0 0.0151367 0.199908 0.0283203 0.0579044
0 0.467285 0.115809 0.0195312 0.0386029
1 0.879883 0.824449 0.0234375 0.0459559
1 0.83667 0.125 0.0249023 0.0441176
0 0.880371 0.823529 0.0234375 0.0477941
0 0.755859 0.788603 0.0253906 0.0441176
1 0.521484 0.0693934 0.0234375 0.0431985
1 0.0148926 0.200827 0.0268555 0.0579044
0 0.257324 0.845588 0.0263672 0.0441176
1 0.377441 0.369026 0.0263672 0.0450368
1 0.807617 0.11443 0.0234375 0.0413603
1 0.852295 0.26057 0.0249023 0.0413603
1 0.570801 0.105239 0.0244141 0.0450368
1 0.89624 0.105239 0.0219727 0.0395221
1 0.259277 0.846507 0.0283203 0.0459559
1 0.654053 0.39568 0.0258789 0.0413603
0 0.269287 0.984375 0.0268555 0.03125
1 0.371826 0.538603 0.0268555 0.0496324
1 0.312744 0.136949 0.027832 0.0477941
0 0.468262 0.671415 0.0263672 0.0487132
0 0.503174 0.675092 0.0249023 0.0505515
1 0.678223 0.0602022 0.0244141 0.0413603
0 0.536133 0.490809 0.0234375 0.0422794
1 0.381104 0.787224 0.0249023 0.046875
0 0.481689 0.131893 0.0229492 0.0413603
0 0.730469 0.105239 0.0244141 0.0450368
1 0.534668 0.33364 0.0234375 0.0496324
0 0.392334 0.657629 0.0219727 0.046875
0 0.880615 0.0836397 0.0219727 0.0386029
1 0.588867 0.36443 0.0234375 0.0450368
1 0.992188 0.757353 0.015625 0.0404412
0 0.827393 0.818474 0.0268555 0.0431985
0 0.535645 0.464614 0.0234375 0.0376838
0 0.521973 0.0689338 0.0244141 0.0441176
0 0.409668 0.340074 0.0253906 0.0441176
1 0.803711 0.171875 0.0234375 0.0422794
0 0.559814 0.878676 0.0268555 0.0459559
1 0.503174 0.675551 0.0249023 0.0496324
0 0.610352 0.0142463 0.0234375 0.0284926
0 0.369629 0.693934 0.0244141 0.0459559
1 0.679199 0.127298 0.0263672 0.0450368
1 0.96875 0.741268 0.0214844 0.0413603
1 0.0144043 0.980699 0.0249023 0.0386029
1 0.440918 0.884651 0.0273438 0.046875
1 0.15625 0.498621 0.0244141 0.0487132
1 0.697998 0.450368 0.0249023 0.0404412
0 0.856201 0.866268 0.0249023 0.0450368
1 0.197021 0.931985 0.0268555 0.0441176
1 0.724609 0.634191 0.0214844 0.0386029
1 0.196289 0.532169 0.0253906 0.0459559
0 0.672363 0.714614 0.0224609 0.0413603
1 0.829102 0.623162 0.0234375 0.0477941
1 0.784424 0.59421 0.0288086 0.046875
1 0.709717 0.472426 0.0229492 0.0386029
1 0.813232 0.442096 0.0268555 0.0441176
1 0.799805 0.409926 0.0234375 0.0367647
0 0.299561 0.667279 0.0249023 0.0477941
1 0.0944824 0.352482 0.027832 0.0487132
0 0.322754 0.63557 0.0224609 0.0413603
1 0.876465 0.717831 0.0263672 0.0459559
1 0.824951 0.954963 0.027832 0.0459559
1 0.187744 0.474265 0.0249023 0.0459559
1 0.922607 0.846967 0.0249023 0.0413603
1 0.334961 0.189338 0.0263672 0.0477941
1 0.669189 0.392923 0.0219727 0.0413603
1 0.925049 0.564338 0.0268555 0.0441176
1 0.570801 0.388787 0.0234375 0.0422794
1 0.203125 0.851103 0.0253906 0.0441176
1 0.248047 0.0234375 0.0234375 0.0413603
0 0.564941 0.606158 0.0263672 0.0487132
1 0.989746 0.175551 0.0205078 0.0477941
1 0.171875 0.0183824 0.0302734 0.0367647
1 0.391846 0.875919 0.0249023 0.0514706
1 0.149658 0.233456 0.027832 0.0441176
1 0.213867 0.0790441 0.0253906 0.0514706
1 0.611328 0.248162 0.0205078 0.0404412
1 0.145996 0.585478 0.0224609 0.0459559
1 0.03125 0.409926 0.0253906 0.0441176
1 0.0913086 0.0326287 0.0332031 0.0542279
1 0.226074 0.778033 0.0253906 0.0487132
1 0.14917 0.298254 0.027832 0.0450368
1 0.580566 0.248162 0.0234375 0.0422794
1 0.597656 0.299173 0.0244141 0.0431985
1 0.597656 0.230699 0.0195312 0.0422794
1 0.16333 0.772059 0.0258789 0.0477941
1 0.0178223 0.450827 0.0249023 0.0505515
1 0.126709 0.826746 0.0258789 0.046875
1 0.981201 0.734835 0.019043 0.0395221
1 0.5271 0.269301 0.0249023 0.0496324
1 0.811035 0.301471 0.0263672 0.0422794
1 0.179688 0.835478 0.0253906 0.0459559
1 0.805664 0.212316 0.0244141 0.0422794
1 0.237549 0.346507 0.0288086 0.0533088
1 0.0930176 0.814798 0.0268555 0.0505515
1 0.691406 0.38511 0.0253906 0.0459559
1 0.502686 0.175551 0.0249023 0.0477941
1 0.784424 0.27114 0.0268555 0.0477941
1 0.104736 0.527574 0.0249023 0.0477941
1 0.314697 0.248162 0.0258789 0.0459559
1 0.0925293 0.599265 0.0249023 0.0477941
1 0.132812 0.617188 0.0234375 0.0450368
1 0.983643 0.923713 0.0268555 0.0533088
1 0.205566 0.313879 0.0263672 0.0487132
1 0.419434 0.952206 0.0263672 0.0496324
