1 0.806152 0.113051 0.0234375 0.0422794
1 0.911621 0.5 0.0263672 0.0422794
1 0.72998 0.103401 0.0224609 0.0450368
1 0.4104 0.539982 0.0229492 0.0450368
0 0.835205 0.128217 0.0249023 0.0395221
1 0.989014 0.820312 0.0170898 0.0413603
0 0.726562 0.633732 0.0205078 0.0431985
1 0.414551 0.459559 0.0263672 0.0459559
1 0.886719 0.235294 0.0253906 0.0422794
1 0.0300293 0.886029 0.0229492 0.0367647
1 0.735596 0.178768 0.0249023 0.046875
1 0.564941 0.607537 0.0283203 0.0496324
1 0.856934 0.866268 0.0234375 0.046875
1 0.0351562 0.912224 0.0214844 0.0340074
0 0.780518 0.693015 0.0239258 0.0441176
0 0.834473 0.863511 0.0185547 0.0395221
0 0.440918 0.88557 0.0283203 0.046875
0 0.746826 0.922794 0.0258789 0.0422794
1 0.99292 0.538143 0.0141602 0.0450368
0 0.196777 0.532169 0.0244141 0.0459559
0 0.737061 0.17693 0.0239258 0.0450368
1 0.710938 0.648897 0.0224609 0.0404412
1 0.312012 0.133272 0.0263672 0.0477941
0 0.0144043 0.201287 0.0258789 0.0551471
0 0.395508 0.131893 0.0224609 0.0376838
0 0.377686 0.369945 0.0249023 0.0431985
1 0.410156 0.341452 0.0263672 0.0450368
1 0.381104 0.787224 0.0249023 0.046875
1 0.377686 0.369485 0.0258789 0.0441176
0 0.689209 0.728401 0.0209961 0.0450368
1 0.780518 0.693015 0.0239258 0.0459559
1 0.746826 0.921415 0.0239258 0.0413603
0 0.805908 0.112132 0.0239258 0.0441176
1 0.463379 0.111673 0.0195312 0.0431985
0 0.880371 0.823529 0.0234375 0.0477941
0 0.483154 0.133272 0.0219727 0.0422794
0 0.755859 0.789062 0.0244141 0.0413603
1 0.0766602 0.244945 0.03125 0.0523897
1 0.83667 0.125 0.0249023 0.0441176
1 0.724854 0.634651 0.0209961 0.0413603
1 0.650391 0.394761 0.0214844 0.0413603
1 0.521484 0.0689338 0.0224609 0.0422794
0 0.311523 0.132353 0.0292969 0.0477941
0 0.464111 0.111213 0.0209961 0.0422794
0 0.829102 0.820772 0.0234375 0.0422794
1 0.879883 0.824449 0.0234375 0.0459559
1 0.196289 0.532169 0.0244141 0.0459559
1 0.678223 0.0597426 0.0234375 0.0404412
1 0.013916 0.201746 0.0258789 0.0597426
0 0.409424 0.341452 0.0268555 0.0450368
0 0.729736 0.104779 0.0239258 0.0459559
1 0.259766 0.846967 0.0283203 0.046875
1 0.372314 0.538603 0.0268555 0.0477941
0 0.521484 0.0684743 0.0244141 0.0431985
1 0.440674 0.88511 0.027832 0.0459559
0 0.609375 0.0137868 0.0224609 0.0275735
1 0.588867 0.363971 0.0234375 0.0441176
0 0.236572 0.710938 0.0249023 0.0431985
1 0.570801 0.105699 0.0224609 0.0422794
1 0.696533 0.448529 0.0219727 0.0367647
0 0.39209 0.65671 0.0244141 0.046875
1 0.53418 0.335478 0.0234375 0.0496324
0 0.258057 0.845588 0.0258789 0.0422794
1 0.679199 0.129596 0.0263672 0.0441176
1 0.992188 0.759651 0.015625 0.0395221
0 0.559814 0.877757 0.0268555 0.0459559
0 0.315918 0.882812 0.0244141 0.046875
0 0.856201 0.866728 0.0249023 0.0459559
0 0.0761719 0.245864 0.0332031 0.0542279
0 0.269775 0.984375 0.0268555 0.03125
1 0.225342 0.78079 0.0258789 0.0487132
1 0.851562 0.261029 0.0253906 0.0422794
1 0.15625 0.501838 0.0234375 0.0477941
0 0.535889 0.494026 0.0239258 0.0431985
0 0.672363 0.714614 0.0224609 0.0413603
1 0.407227 0.203585 0.0273438 0.0487132
1 0.710938 0.474724 0.0244141 0.0413603
1 0.187256 0.471967 0.0249023 0.046875
1 0.196533 0.931985 0.0268555 0.0441176
1 0.921875 0.845588 0.0234375 0.0404412
0 0.710938 0.649816 0.0234375 0.0386029
1 0.799072 0.409467 0.0219727 0.0376838
0 0.879883 0.0827206 0.0234375 0.0404412
1 0.0942383 0.352022 0.0283203 0.0496324
1 0.803467 0.171875 0.0229492 0.0441176
1 0.828857 0.62454 0.0219727 0.046875
0 0.367676 0.692096 0.0244141 0.0459559
1 0.813232 0.442096 0.0249023 0.0422794
1 0.824951 0.954963 0.0297852 0.0441176
0 0.466553 0.670037 0.0249023 0.0477941
1 0.876709 0.715993 0.0249023 0.0441176
1 0.0146484 0.980699 0.0244141 0.0386029
1 0.78418 0.59375 0.0273438 0.0441176
1 0.395264 0.129596 0.0209961 0.0386029
1 0.392334 0.875919 0.0258789 0.0514706
1 0.402344 0.159926 0.0214844 0.0422794
1 0.482422 0.131893 0.0214844 0.0431985
1 0.246094 0.0229779 0.0273438 0.0441176
1 0.171875 0.0174632 0.0302734 0.0349265
1 0.966553 0.744945 0.0219727 0.0431985
0 0.564453 0.607537 0.0253906 0.0496324
1 0.611328 0.25 0.0195312 0.0386029
1 0.570312 0.388327 0.0234375 0.0413603
1 0.668701 0.392463 0.0219727 0.0422794
1 0.0178223 0.455882 0.0239258 0.0477941
1 0.333984 0.191636 0.0253906 0.046875
1 0.203369 0.852941 0.0258789 0.0441176
0 0.53418 0.463235 0.0234375 0.0404412
1 0.145752 0.586857 0.0239258 0.046875
1 0.150635 0.232537 0.027832 0.0477941
0 0.505859 0.678768 0.0263672 0.0487132
1 0.0917969 0.0326287 0.0332031 0.0542279
1 0.922607 0.561581 0.0249023 0.0422794
1 0.235596 0.346967 0.0268555 0.0523897
1 0.598145 0.299632 0.0244141 0.0441176
0 0.324219 0.634191 0.0234375 0.0422794
1 0.163574 0.772518 0.0263672 0.046875
1 0.989746 0.176011 0.0205078 0.046875
0 0.299316 0.668658 0.0263672 0.046875
1 0.0314941 0.409926 0.0258789 0.0441176
1 0.106445 0.530331 0.0253906 0.0459559
1 0.215332 0.0776654 0.0253906 0.0487132
1 0.147461 0.301011 0.0292969 0.046875
1 0.57959 0.248621 0.0224609 0.0431985
1 0.127197 0.827206 0.0258789 0.0496324
1 0.0925293 0.8125 0.0268555 0.0496324
1 0.803955 0.222426 0.0229492 0.0441176
1 0.598145 0.230239 0.0205078 0.0413603
1 0.0915527 0.600184 0.0249023 0.0496324
1 0.691406 0.38511 0.0244141 0.0441176
1 0.178467 0.83364 0.0258789 0.0441176
1 0.527344 0.269761 0.0244141 0.0487132
1 0.502197 0.175092 0.0249023 0.046875
1 0.315186 0.249081 0.0268555 0.0477941
1 0.810059 0.300551 0.0253906 0.0404412
1 0.132568 0.620864 0.0249023 0.0450368
1 0.206055 0.313879 0.0263672 0.0487132
1 0.783691 0.27114 0.0263672 0.0459559
1 0.981201 0.734375 0.0200195 0.0404412
1 0.418945 0.954504 0.0273438 0.0505515
1 0.983643 0.92739 0.0268555 0.0514706
