0 0.811035 0.117647 0.0244141 0.0496324
0 0.10083 0.0225184 0.034668 0.0450368
1 0.921875 0.977022 0.03125 0.0459559
1 0.783203 0.922794 0.0302734 0.0496324
0 0.535156 0.920037 0.0292969 0.0496324
0 0.967041 0.87546 0.0249023 0.0487132
0 0.798828 0.595588 0.0292969 0.0496324
0 0.569336 0.598346 0.03125 0.0533088
1 0.569092 0.596507 0.027832 0.0496324
1 0.108887 0.387408 0.0292969 0.0634191
0 0.189453 0.540901 0.0341797 0.0689338
1 0.811279 0.119485 0.0229492 0.0477941
0 0.310547 0.897518 0.03125 0.0542279
0 0.921875 0.976562 0.03125 0.0431985
1 0.202148 0.95818 0.03125 0.0542279
1 0.397217 0.336857 0.0239258 0.0395221
1 0.310791 0.241268 0.0317383 0.0542279
1 0.835938 0.124081 0.0234375 0.0459559
1 0.799072 0.59421 0.0268555 0.0487132
0 0.310547 0.241268 0.03125 0.0523897
1 0.967285 0.877298 0.0234375 0.046875
1 0.988281 0.171875 0.0234375 0.0514706
0 0.828857 0.623162 0.0249023 0.0496324
1 0.529053 0.308824 0.0209961 0.0404412
1 0.527344 0.271599 0.0214844 0.0395221
1 0.94458 0.56204 0.0297852 0.0505515
1 0.415527 0.455423 0.0244141 0.0450368
0 0.829834 0.771599 0.0297852 0.0560662
0 0.783203 0.922794 0.03125 0.0496324
1 0.828857 0.624081 0.0219727 0.0477941
0 0.438721 0.882812 0.0317383 0.0560662
1 0.917236 0.494026 0.0249023 0.0505515
1 0.377441 0.366728 0.0244141 0.0441176
0 0.934326 0.883272 0.0249023 0.0441176
0 0.201904 0.95818 0.027832 0.0487132
0 0.0852051 0.238971 0.034668 0.0625
1 0.387207 0.252757 0.0273438 0.0496324
0 0.872559 0.746324 0.0263672 0.0496324
0 0.165527 0.773897 0.0273438 0.0514706
0 0.108643 0.389246 0.0297852 0.0615809
0 0.258789 0.847426 0.0263672 0.0514706
0 0.826416 0.953585 0.0297852 0.0523897
0 0.0222168 0.193015 0.0336914 0.0661765
1 0.825928 0.954044 0.0297852 0.0514706
1 0.189209 0.54136 0.034668 0.0661765
1 0.689941 0.390165 0.0322266 0.0670956
