0 0.440674 0.884651 0.0297852 0.0523897
1 0.804932 0.315257 0.0229492 0.0477941
1 0.856934 0.865349 0.0263672 0.0505515
1 0.885986 0.236213 0.0297852 0.0441176
1 0.411377 0.539522 0.0268555 0.0422794
1 0.588135 0.241268 0.0249023 0.046875
1 0.834473 0.863511 0.0205078 0.0413603
1 0.730957 0.105239 0.0283203 0.0505515
0 0.834473 0.863511 0.0205078 0.0413603
0 0.0148926 0.980699 0.0288086 0.0386029
1 0.989014 0.818934 0.019043 0.0441176
1 0.0148926 0.200368 0.0268555 0.0569853
1 0.407471 0.202206 0.0268555 0.0533088
0 0.31543 0.88511 0.0253906 0.0459559
0 0.89624 0.106158 0.0219727 0.0431985
1 0.415039 0.459099 0.0273438 0.0450368
1 0.247803 0.00827206 0.0268555 0.0165441
0 0.687988 0.727482 0.0205078 0.0450368
0 0.480713 0.131434 0.0219727 0.0422794
1 0.564453 0.604779 0.0283203 0.0477941
1 0.0766602 0.244485 0.0302734 0.0514706
0 0.535889 0.490349 0.0229492 0.0413603
0 0.748047 0.922794 0.0253906 0.0459559
0 0.535645 0.466912 0.0224609 0.0367647
0 0.671875 0.714614 0.0214844 0.0395221
0 0.880371 0.823989 0.0234375 0.046875
0 0.502441 0.674173 0.0244141 0.0487132
1 0.410156 0.340533 0.0273438 0.046875
1 0.46875 0.671415 0.0263672 0.046875
0 0.739502 0.175551 0.0239258 0.0459559
1 0.0144043 0.980699 0.0249023 0.0386029
0 0.406738 0.202206 0.0263672 0.0514706
1 0.739502 0.176011 0.0239258 0.0487132
0 0.237549 0.710478 0.0249023 0.0422794
0 0.46875 0.671875 0.0263672 0.0477941
0 0.755859 0.788603 0.0253906 0.0441176
1 0.913086 0.5 0.0234375 0.0477941
1 0.879883 0.824908 0.0234375 0.046875
1 0.156738 0.498162 0.0234375 0.0459559
0 0.257324 0.845588 0.0263672 0.0441176
1 0.724854 0.634191 0.0209961 0.0386029
0 0.521973 0.0684743 0.0234375 0.0450368
0 0.730469 0.105699 0.0253906 0.0459559
0 0.467529 0.117188 0.019043 0.0413603
0 0.409912 0.340533 0.0249023 0.0431985
1 0.852539 0.26057 0.0234375 0.0413603
1 0.377686 0.369026 0.0258789 0.0450368
1 0.259277 0.846507 0.0283203 0.0459559
0 0.39209 0.657629 0.0224609 0.046875
1 0.69873 0.451746 0.0244141 0.0376838
1 0.481689 0.131434 0.0209961 0.0422794
0 0.269287 0.984375 0.0258789 0.03125
1 0.521484 0.0689338 0.0234375 0.0441176
1 0.371826 0.539062 0.0258789 0.0487132
1 0.570801 0.105699 0.0244141 0.0459559
1 0.858643 0.082261 0.0200195 0.0413603
1 0.381104 0.787224 0.0249023 0.046875
0 0.0766602 0.244485 0.0322266 0.0533088
1 0.83667 0.12546 0.0249023 0.0450368
1 0.651855 0.397518 0.0224609 0.0431985
1 0.534668 0.33318 0.0244141 0.0505515
0 0.369873 0.693934 0.0239258 0.0459559
1 0.589111 0.363971 0.0239258 0.0441176
1 0.881348 0.0827206 0.0205078 0.0404412
0 0.827393 0.817096 0.0249023 0.0459559
1 0.312988 0.137408 0.0273438 0.046875
1 0.991699 0.757353 0.0166016 0.0404412
1 0.709473 0.472886 0.0224609 0.0395221
0 0.610352 0.0137868 0.0234375 0.0275735
1 0.1875 0.475184 0.0244141 0.0459559
1 0.679688 0.126379 0.0263672 0.046875
1 0.197021 0.931985 0.027832 0.0441176
0 0.856201 0.866268 0.0249023 0.0450368
1 0.678223 0.0602022 0.0234375 0.0413603
1 0.196289 0.53171 0.0244141 0.0450368
1 0.440674 0.886949 0.0288086 0.0496324
0 0.015625 0.199449 0.0263672 0.0533088
1 0.0944824 0.352941 0.027832 0.0477941
1 0.969482 0.740349 0.0219727 0.0413603
1 0.8125 0.442096 0.0253906 0.0422794
1 0.502686 0.674632 0.0258789 0.0496324
0 0.559326 0.880055 0.0258789 0.0450368
1 0.800781 0.410386 0.0234375 0.0376838
1 0.784424 0.594669 0.0288086 0.0459559
0 0.32251 0.63557 0.0219727 0.0413603
1 0.807617 0.11489 0.0234375 0.0422794
1 0.89624 0.105239 0.0219727 0.0413603
1 0.803223 0.171875 0.0244141 0.0422794
0 0.299805 0.667279 0.0244141 0.0477941
1 0.828857 0.623162 0.0219727 0.0477941
1 0.0314941 0.409926 0.0249023 0.0441176
1 0.824951 0.954963 0.027832 0.0459559
1 0.925049 0.564338 0.0249023 0.0441176
1 0.922607 0.847886 0.0249023 0.0413603
1 0.148682 0.234375 0.0268555 0.0441176
1 0.876465 0.717831 0.0263672 0.0459559
1 0.202881 0.851103 0.0258789 0.0441176
1 0.335205 0.188419 0.0258789 0.0477941
1 0.669189 0.392923 0.0219727 0.0431985
0 0.564941 0.605699 0.0263672 0.0477941
1 0.248047 0.0234375 0.0234375 0.0395221
1 0.14624 0.585478 0.0219727 0.0459559
1 0.0183105 0.449449 0.0249023 0.0496324
1 0.0913086 0.0326287 0.0332031 0.0542279
1 0.981201 0.734375 0.019043 0.0404412
1 0.570801 0.389246 0.0234375 0.0413603
1 0.213379 0.0790441 0.0253906 0.0514706
1 0.171875 0.0183824 0.0302734 0.0367647
1 0.149902 0.297794 0.0273438 0.0441176
1 0.61084 0.248162 0.0205078 0.0404412
1 0.16333 0.772059 0.0258789 0.0477941
1 0.226562 0.777114 0.0253906 0.046875
1 0.0932617 0.814798 0.0273438 0.0505515
1 0.133057 0.61489 0.0229492 0.0441176
1 0.391846 0.875919 0.0249023 0.0514706
1 0.18042 0.835478 0.0249023 0.0441176
1 0.580566 0.248162 0.0234375 0.0422794
1 0.598145 0.230699 0.0195312 0.0422794
1 0.989014 0.175551 0.0219727 0.0477941
1 0.104492 0.527114 0.0253906 0.046875
1 0.597168 0.299173 0.0244141 0.0431985
1 0.237793 0.346048 0.0283203 0.0542279
1 0.5271 0.269301 0.0249023 0.0496324
1 0.126465 0.825827 0.0263672 0.046875
1 0.0922852 0.599265 0.0244141 0.0477941
1 0.691406 0.38511 0.0253906 0.0459559
1 0.810791 0.301011 0.0268555 0.0431985
1 0.502686 0.175551 0.0249023 0.0477941
1 0.805664 0.211397 0.0244141 0.0422794
1 0.314697 0.247702 0.0258789 0.0450368
1 0.205322 0.313879 0.0258789 0.0487132
1 0.784424 0.27114 0.0268555 0.0477941
1 0.984375 0.921875 0.0263672 0.0514706
1 0.419434 0.951287 0.0263672 0.0496324
