1 0.386719 0.779412 0.03125 0.0588235
0 0.949951 0.865809 0.0249023 0.0367647
0 0.860352 0.0827206 0.03125 0.0477941
0 0.382812 0.267004 0.0292969 0.0523897
1 0.102539 0.0248162 0.0341797 0.0496324
1 0.828857 0.625 0.0219727 0.0477941
0 0.102051 0.0238971 0.0361328 0.0477941
1 0.30957 0.238051 0.0283203 0.0588235
0 0.189697 0.542279 0.034668 0.0716912
0 0.52417 0.206801 0.0258789 0.0459559
0 0.825928 0.953585 0.0249023 0.0450368
1 0.439209 0.880515 0.0297852 0.0588235
0 0.925049 0.975643 0.0297852 0.0487132
0 0.841309 0.766085 0.0263672 0.0450368
1 0.798828 0.928768 0.0244141 0.046875
1 0.924316 0.975184 0.0283203 0.0441176
0 0.798828 0.928768 0.0244141 0.046875
1 0.800781 0.59421 0.0253906 0.0505515
1 0.258545 0.847886 0.0297852 0.0542279
0 0.203369 0.957261 0.0307617 0.0542279
0 0.258301 0.846967 0.0302734 0.0542279
1 0.950195 0.866268 0.0234375 0.0376838
1 0.416016 0.454963 0.0273438 0.0551471
1 0.957031 0.557445 0.0283203 0.0505515
0 0.800781 0.59421 0.0263672 0.0487132
1 0.825928 0.953125 0.0249023 0.0422794
1 0.987549 0.172794 0.0249023 0.0569853
1 0.872559 0.745864 0.0263672 0.046875
0 0.570068 0.597886 0.0327148 0.0579044
0 0.439453 0.882353 0.0341797 0.0588235
0 0.829102 0.623621 0.0234375 0.0487132
0 0.30835 0.237592 0.0307617 0.0597426
0 0.872559 0.746324 0.0263672 0.0477941
0 0.164551 0.772518 0.0283203 0.0560662
1 0.203613 0.957261 0.03125 0.0560662
1 0.916504 0.496324 0.0263672 0.0477941
0 0.0852051 0.238971 0.034668 0.0625
1 0.303955 0.90579 0.0288086 0.0560662
1 0.689941 0.389706 0.0302734 0.0661765
0 0.109375 0.388327 0.0302734 0.0615809
0 0.0224609 0.193015 0.0332031 0.0661765
1 0.189209 0.542279 0.0336914 0.0661765
