1 0.204834 0.0758272 0.0258789 0.046875
1 0.101074 0.370864 0.0224609 0.0431985
0 0.928955 0.867188 0.0268555 0.0487132
1 0.804932 0.987592 0.0307617 0.0248162
0 0.0148926 0.984835 0.0297852 0.0303309
1 0.0200195 0.194393 0.0273438 0.0542279
1 0.168945 0.484375 0.0195312 0.0386029
1 0.0852051 0.238051 0.0307617 0.0551471
0 0.020752 0.195312 0.0258789 0.0505515
1 0.858398 0.254136 0.0234375 0.0395221
1 0.83667 0.865349 0.0219727 0.0395221
1 0.164551 0.770221 0.0292969 0.0514706
0 0.875 0.725643 0.0263672 0.046875
0 0.163574 0.77068 0.0292969 0.0560662
0 0.914062 0.981618 0.0292969 0.0367647
1 0.196777 0.954504 0.0283203 0.0487132
1 0.928955 0.866268 0.0249023 0.0450368
1 0.172852 0.0206801 0.0292969 0.0413603
1 0.882812 0.242647 0.0234375 0.0441176
1 0.258057 0.84421 0.0249023 0.0450368
0 0.196777 0.954963 0.03125 0.0496324
1 0.917969 0.492647 0.0292969 0.0477941
1 0.092041 0.0284926 0.0327148 0.0459559
1 0.838379 0.12454 0.0234375 0.0487132
1 0.931152 0.563419 0.0263672 0.0459559
1 0.828857 0.623162 0.0219727 0.0477941
1 0.98877 0.173713 0.0224609 0.0514706
1 0.789062 0.592371 0.0253906 0.046875
1 0.552734 0.892463 0.0253906 0.0422794
1 0.690918 0.386949 0.0263672 0.0477941
1 0.771973 0.72932 0.0234375 0.0450368
1 0.858643 0.0827206 0.0219727 0.0459559
1 0.512939 0.192555 0.0249023 0.0450368
1 0.184326 0.486673 0.0209961 0.0431985
1 0.097168 0.530331 0.0263672 0.0477941
1 0.880615 0.825827 0.0249023 0.046875
0 0.204834 0.0753676 0.0258789 0.0477941
1 0.82666 0.79136 0.0263672 0.0496324
1 0.86084 0.862592 0.0234375 0.0487132
1 0.825928 0.955882 0.0297852 0.0496324
1 0.196777 0.53079 0.0244141 0.046875
1 0.810303 0.119026 0.0229492 0.0450368
1 0.440674 0.884651 0.0239258 0.0487132
1 0.810059 0.299632 0.0253906 0.0459559
1 0.567627 0.600184 0.0258789 0.0459559
1 0.52417 0.268842 0.0239258 0.0431985
1 0.0957031 0.590993 0.0263672 0.0477941
1 0.98291 0.913143 0.0283203 0.0523897
1 0.397705 0.221048 0.0219727 0.0450368
1 0.764893 0.924173 0.0268555 0.0579044
1 0.391602 0.872702 0.0224609 0.0487132
1 0.786133 0.271599 0.0234375 0.0487132
1 0.237793 0.342371 0.0273438 0.0487132
1 0.755615 0.788603 0.0249023 0.0441176
1 0.535889 0.0569853 0.0258789 0.0404412
1 0.378418 0.368107 0.0244141 0.0431985
1 0.206055 0.315717 0.0253906 0.046875
1 0.528809 0.31204 0.0224609 0.0431985
1 0.415283 0.457721 0.0249023 0.0459559
1 0.373047 0.540441 0.0244141 0.0459559
1 0.570312 0.0974265 0.0234375 0.0459559
1 0.409668 0.340074 0.0244141 0.0441176
1 0.41626 0.932445 0.0258789 0.046875
1 0.39917 0.540441 0.0239258 0.0441176
1 0.311523 0.245864 0.0273438 0.0450368
