0 0.498779 0.931526 0.019043 0.0376838
0 0.109863 0.533088 0.0283203 0.0496324
1 0.78833 0.283088 0.0356445 0.0459559
0 0.0966797 0.346967 0.0283203 0.0487132
0 0.194824 0.915901 0.0253906 0.0413603
1 0.127686 0.828125 0.0268555 0.0496324
0 0.394043 0.654871 0.0244141 0.0431985
1 0.783203 0.683364 0.0283203 0.046875
1 0.799072 0.103401 0.0209961 0.0358456
0 0.765625 0.0882353 0.0205078 0.0422794
1 0.839844 0.686121 0.0253906 0.0431985
1 0.763672 0.206342 0.0195312 0.0376838
1 0.168457 0.775735 0.0224609 0.0459559
1 0.0065918 0.914522 0.0131836 0.0422794
1 0.695312 0.746324 0.0234375 0.0459559
1 0.210449 0.636949 0.0214844 0.0386029
0 0.980469 0.444853 0.0205078 0.0422794
1 0.878906 0.0790441 0.0214844 0.0422794
0 0.384033 0.785846 0.0200195 0.0386029
0 0.561035 0.518382 0.0205078 0.0404412
0 0.354248 0.844669 0.0200195 0.0386029
0 0.839111 0.686121 0.0200195 0.0431985
1 0.492188 0.940257 0.0214844 0.0367647
0 0.710693 0.0183824 0.0209961 0.0275735
1 0.259277 0.845129 0.0283203 0.046875
1 0.0837402 0.602022 0.0249023 0.0496324
1 0.729736 0.188419 0.0239258 0.0459559
1 0.194824 0.917279 0.0253906 0.0441176
0 0.878906 0.703585 0.0205078 0.0413603
0 0.651855 0.340074 0.0205078 0.0349265
1 0.365479 0.841452 0.0209961 0.0395221
0 0.617188 0.982537 0.0244141 0.0349265
1 0.878174 0.702665 0.0200195 0.0413603
1 0.660156 0.011489 0.0205078 0.0229779
0 0.601562 0.0142463 0.0253906 0.0284926
1 0.0178223 0.466452 0.0258789 0.0505515
0 0.856201 0.679228 0.019043 0.0422794
1 0.0134277 0.97886 0.0258789 0.0422794
0 0.12793 0.827665 0.0244141 0.046875
0 0.878906 0.0772059 0.0214844 0.0422794
0 0.695801 0.746324 0.0205078 0.0459559
1 0.684814 0.445312 0.0229492 0.0395221
0 0.223633 0.794118 0.0273438 0.0459559
1 0.672607 0.707721 0.0239258 0.0441176
0 0.395508 0.11489 0.0244141 0.0477941
0 0.327148 0.623162 0.0224609 0.0441176
1 0.765625 0.0863971 0.0205078 0.0404412
0 0.60083 0.454504 0.0200195 0.0395221
0 0.560303 0.876838 0.0249023 0.0441176
1 0.419922 0.963235 0.0283203 0.0441176
1 0.697998 0.377757 0.0209961 0.0386029
0 0.0732422 0.254596 0.0244141 0.0496324
0 0.208008 0.612592 0.0224609 0.0395221
0 0.0839844 0.601103 0.0273438 0.0514706
1 0.296875 0.802849 0.0224609 0.0413603
0 0.755615 0.790441 0.0258789 0.0459559
1 0.908691 0.507812 0.0234375 0.0395221
0 0.123291 0.473805 0.0249023 0.0413603
1 0.556641 0.306985 0.0195312 0.0367647
1 0.969482 0.678309 0.019043 0.0330882
1 0.175781 0.829044 0.0244141 0.0441176
1 0.855469 0.679688 0.0214844 0.0413603
0 0.666016 0.392923 0.0205078 0.0431985
0 0.209961 0.637868 0.0195312 0.0367647
1 0.122803 0.472426 0.0239258 0.0404412
0 0.616943 0.888327 0.0219727 0.0431985
0 0.509277 0.0174632 0.0195312 0.0349265
0 0.419189 0.963695 0.027832 0.046875
1 0.759766 0.214154 0.0185547 0.0349265
1 0.052002 0.8125 0.0258789 0.0441176
0 0.0141602 0.980699 0.0244141 0.0386029
1 0.0959473 0.346967 0.0258789 0.0450368
1 0.207031 0.856158 0.0273438 0.046875
0 0.367676 0.794577 0.0224609 0.0413603
0 0.0170898 0.466912 0.0263672 0.0551471
1 0.645264 0.387408 0.0219727 0.0431985
1 0.764404 0.042739 0.0200195 0.0395221
1 0.0820312 0.715074 0.0224609 0.0404412
1 0.515137 0.684283 0.0273438 0.046875
1 0.702637 0.190717 0.0205078 0.0395221
0 0.639893 0.882353 0.0219727 0.0441176
0 0.558594 0.610294 0.0224609 0.0422794
0 0.167969 0.772059 0.0234375 0.0477941
1 0.832031 0.127757 0.0234375 0.0404412
0 0.72998 0.188419 0.0234375 0.0459559
1 0.39502 0.869026 0.0224609 0.0450368
1 0.482178 0.884651 0.0219727 0.0413603
1 0.82959 0.517923 0.0205078 0.0395221
0 0.703613 0.651654 0.0244141 0.0459559
1 0.0581055 0.879136 0.0224609 0.0395221
0 0.288086 0.77114 0.0224609 0.0422794
0 0.463623 0.881893 0.0219727 0.0413603
1 0.762695 0.889706 0.0234375 0.0422794
1 0.431885 0.790441 0.0219727 0.0404412
1 0.0651855 0.905331 0.0239258 0.0441176
0 0.357178 0.681526 0.0239258 0.0395221
0 0.606201 0.484375 0.0209961 0.0386029
1 0.126709 0.503676 0.0209961 0.0441176
1 0.755371 0.788143 0.0244141 0.0450368
1 0.563965 0.377298 0.0224609 0.0450368
0 0.428223 0.883732 0.0244141 0.0431985
0 0.296143 0.802849 0.0219727 0.0431985
1 0.880615 0.824908 0.0219727 0.0487132
1 0.372559 0.537224 0.0263672 0.0450368
1 0.702637 0.0376838 0.0205078 0.03125
1 0.828125 0.62546 0.0205078 0.0450368
0 0.0351562 0.407629 0.0244141 0.0505515
0 0.296631 0.674632 0.0239258 0.0477941
1 0.733154 0.0955882 0.0239258 0.0441176
0 0.535889 0.505055 0.0239258 0.0413603
0 0.67334 0.70864 0.0234375 0.0441176
1 0.394775 0.113971 0.0229492 0.0441176
1 0.131592 0.136949 0.0239258 0.0441176
1 0.072998 0.255055 0.0258789 0.0523897
1 0.573242 0.216912 0.0234375 0.0404412
1 0.460205 0.674173 0.027832 0.0487132
0 0.783203 0.683364 0.0244141 0.0450368
1 0.802002 0.168199 0.0239258 0.0422794
1 0.109131 0.53125 0.0258789 0.0477941
0 0.728516 0.63557 0.0214844 0.0450368
1 0.851562 0.263327 0.0263672 0.0413603
1 0.582764 0.201287 0.0219727 0.0349265
1 0.168701 0.0160846 0.027832 0.0321691
1 0.991455 0.762408 0.0170898 0.0395221
1 0.197754 0.358456 0.0244141 0.0441176
0 0.348877 0.801471 0.0219727 0.0441176
1 0.598389 0.300551 0.0219727 0.0422794
1 0.237793 0.0294118 0.0273438 0.0459559
1 0.834473 0.949449 0.0263672 0.0441176
1 0.146484 0.588235 0.0234375 0.0459559
0 0.0102539 0.212316 0.0205078 0.0514706
1 0.445801 0.15625 0.0205078 0.0441176
1 0.990479 0.185662 0.0170898 0.0422794
1 0.52002 0.0726103 0.0234375 0.0441176
1 0.782471 0.588695 0.0268555 0.0413603
0 0.736572 0.911305 0.0258789 0.046875
1 0.117676 0.159467 0.0244141 0.0450368
0 0.656006 0.309743 0.0209961 0.0386029
1 0.888184 0.238051 0.0283203 0.0477941
1 0.0424805 0.931066 0.0234375 0.0422794
1 0.914062 0.548254 0.0234375 0.0395221
1 0.673096 0.0514706 0.0239258 0.0441176
1 0.0939941 0.8125 0.0258789 0.0477941
1 0.943848 0.732537 0.0205078 0.0386029
0 0.234131 0.709099 0.0239258 0.0431985
1 0.223877 0.795037 0.0258789 0.0441176
1 0.940674 0.693474 0.0249023 0.0413603
1 0.360596 0.164522 0.0239258 0.0422794
1 0.160889 0.496783 0.0258789 0.046875
1 0.931396 0.33318 0.0219727 0.0413603
0 0.258057 0.847886 0.0249023 0.0431985
1 0.59668 0.22932 0.0195312 0.0413603
1 0.197998 0.534926 0.0258789 0.0477941
1 0.612061 0.252757 0.0219727 0.0404412
0 0.318604 0.875 0.0249023 0.0477941
1 0.40332 0.160386 0.0234375 0.0431985
1 0.989746 0.128676 0.0185547 0.0422794
1 0.409912 0.205882 0.0258789 0.0441176
1 0.591309 0.367647 0.0234375 0.0404412
1 0.0922852 0.0363051 0.0332031 0.0542279
1 0.992676 0.554688 0.0146484 0.046875
1 0.855469 0.867647 0.0253906 0.0459559
1 0.0688477 0.798713 0.0234375 0.0441176
1 0.776611 0.86443 0.0229492 0.0395221
1 0.714111 0.479779 0.0258789 0.0441176
1 0.406738 0.347426 0.0263672 0.0459559
1 0.222656 0.0758272 0.0253906 0.0487132
1 0.184814 0.460478 0.0249023 0.0459559
1 0.029541 0.888327 0.0268555 0.046875
1 0.229492 0.34421 0.0234375 0.0450368
1 0.132812 0.630515 0.0253906 0.0477941
1 0.910889 0.590533 0.0219727 0.0358456
1 0.458252 0.106618 0.0239258 0.0422794
1 0.376465 0.369485 0.0263672 0.0496324
1 0.919678 0.838235 0.0249023 0.0459559
0 0.529297 0.457721 0.0214844 0.0441176
1 0.154053 0.228401 0.0268555 0.0487132
1 0.459229 0.171875 0.0209961 0.0422794
1 0.331299 0.201287 0.0249023 0.0441176
1 0.689209 0.179688 0.0219727 0.0376838
1 0.572266 0.105239 0.0234375 0.0413603
1 0.677979 0.138787 0.0258789 0.0477941
1 0.305908 0.118566 0.0249023 0.0459559
1 0.576904 0.25046 0.0239258 0.0413603
1 0.415283 0.779412 0.0219727 0.0441176
1 0.519287 0.826746 0.0219727 0.0395221
1 0.460205 0.5 0.0249023 0.0404412
1 0.960938 0.222426 0.0253906 0.0367647
1 0.80542 0.240349 0.0249023 0.0413603
1 0.981201 0.737132 0.0200195 0.0367647
1 0.145508 0.304228 0.0273438 0.0477941
1 0.813232 0.445312 0.0249023 0.0431985
1 0.281738 0.188419 0.0244141 0.0422794
1 0.963867 0.755055 0.0234375 0.0431985
1 0.947021 0.316176 0.0249023 0.0441176
1 0.210449 0.307445 0.0253906 0.046875
0 0.268799 0.984375 0.0268555 0.03125
1 0.498047 0.175551 0.0263672 0.0514706
1 0.795898 0.401654 0.0234375 0.0422794
1 0.18335 0.381893 0.0239258 0.0431985
1 0.407471 0.537684 0.0258789 0.0459559
1 0.531738 0.338695 0.0224609 0.0431985
1 0.315918 0.251379 0.0263672 0.046875
1 0.366211 0.204044 0.0214844 0.0441176
1 0.972656 0.18796 0.0234375 0.0413603
1 0.918945 0.616728 0.0234375 0.0404412
1 0.780029 0.274816 0.0239258 0.0422794
1 0.803955 0.294577 0.0249023 0.0431985
1 0.531738 0.804228 0.0244141 0.0422794
1 0.483643 0.134191 0.0249023 0.0459559
1 0.531494 0.270221 0.0258789 0.0459559
1 0.41333 0.464154 0.0268555 0.0496324
1 0.986816 0.9375 0.0263672 0.0477941
1 0.267578 0.214614 0.0253906 0.0431985
1 0.441895 0.471967 0.0224609 0.0450368
