1 0.558594 0.612132 0.0273438 0.0477941
0 0.00610352 0.09375 0.0112305 0.0514706
1 0.837646 0.686121 0.0219727 0.0450368
1 0.0673828 0.71921 0.0224609 0.0413603
1 0.660645 0.0119485 0.0205078 0.0238971
1 0.7854 0.0514706 0.0170898 0.0404412
0 0.603271 0.46921 0.0209961 0.0523897
1 0.799072 0.102941 0.0209961 0.0349265
1 0.874268 0.259191 0.0219727 0.0330882
0 0.0964355 0.346507 0.0288086 0.0496324
0 0.459961 0.674632 0.0273438 0.0459559
0 0.710693 0.0170037 0.0209961 0.0284926
0 0.384277 0.785386 0.0195312 0.0376838
1 0.852295 0.0804228 0.0219727 0.0395221
1 0.783691 0.682445 0.0283203 0.046875
1 0.881104 0.246324 0.0249023 0.0386029
0 0.393799 0.653952 0.0239258 0.0431985
1 0.00634766 0.914522 0.0126953 0.0441176
1 0.491455 0.940257 0.0200195 0.0349265
1 0.74292 0.467371 0.0268555 0.0340074
0 0.756348 0.789522 0.0263672 0.0514706
1 0.764893 0.204504 0.0200195 0.0376838
1 0.365479 0.841912 0.0209961 0.0404412
1 0.980469 0.446691 0.0205078 0.0422794
0 0.482666 0.882812 0.0209961 0.0413603
1 0.0131836 0.97886 0.0263672 0.0422794
1 0.210449 0.637408 0.0214844 0.0395221
1 0.258301 0.847886 0.0283203 0.046875
1 0.19458 0.91636 0.0249023 0.0422794
0 0.601562 0.0142463 0.0253906 0.0284926
1 0.549316 0.313879 0.0234375 0.0376838
0 0.208008 0.611673 0.0214844 0.0376838
0 0.837402 0.6875 0.0205078 0.0441176
1 0.969482 0.677849 0.019043 0.0321691
0 0.652344 0.340533 0.0195312 0.0340074
1 0.419922 0.963235 0.0273438 0.0441176
1 0.801758 0.0473346 0.0185547 0.0376838
0 0.694824 0.746783 0.0224609 0.0450368
1 0.488281 0.360754 0.0244141 0.0395221
0 0.354248 0.844669 0.0200195 0.0367647
1 0.297119 0.803768 0.0219727 0.0413603
1 0.855469 0.679228 0.0214844 0.0422794
0 0.665527 0.392923 0.0205078 0.0431985
0 0.355469 0.681526 0.0214844 0.0376838
1 0.878174 0.702206 0.0200195 0.0422794
0 0.395752 0.113511 0.0239258 0.046875
0 0.558105 0.610754 0.0234375 0.0413603
0 0.223633 0.795037 0.0263672 0.0459559
1 0.126465 0.503676 0.0205078 0.0441176
1 0.729492 0.188419 0.0234375 0.0441176
0 0.600098 0.452665 0.0205078 0.0376838
0 0.729248 0.189338 0.0229492 0.0459559
1 0.68457 0.445312 0.0234375 0.0395221
0 0.0837402 0.600184 0.027832 0.0514706
1 0.065918 0.905331 0.0234375 0.0441176
1 0.0959473 0.346048 0.0268555 0.046875
1 0.698486 0.377757 0.0200195 0.0386029
1 0.702637 0.0381434 0.0205078 0.0321691
1 0.87793 0.0790441 0.0234375 0.0422794
0 0.108887 0.532169 0.0253906 0.0441176
0 0.209717 0.638327 0.019043 0.0376838
1 0.39502 0.868566 0.0214844 0.0422794
0 0.560303 0.877757 0.0249023 0.0441176
0 0.640381 0.883732 0.0219727 0.0450368
1 0.765625 0.0868566 0.0205078 0.0395221
0 0.617188 0.981618 0.0253906 0.0367647
0 0.616943 0.888327 0.0219727 0.0431985
1 0.175781 0.829504 0.0234375 0.0431985
1 0.558105 0.306066 0.0195312 0.0367647
0 0.295898 0.803309 0.0214844 0.0441176
1 0.645264 0.387408 0.0219727 0.0431985
0 0.509277 0.0170037 0.0195312 0.0340074
1 0.482422 0.884651 0.0224609 0.0413603
1 0.832764 0.546415 0.0200195 0.0321691
1 0.207031 0.855239 0.0273438 0.0487132
0 0.327393 0.623162 0.0229492 0.0441176
0 0.419434 0.964154 0.0273438 0.0459559
1 0.431885 0.790441 0.0219727 0.0404412
0 0.168213 0.772059 0.0229492 0.0459559
1 0.108887 0.53125 0.0273438 0.0477941
0 0.367676 0.794577 0.0214844 0.0395221
1 0.496094 0.34375 0.0205078 0.0367647
1 0.0825195 0.714154 0.0224609 0.0404412
0 0.0732422 0.255055 0.0244141 0.0505515
1 0.835205 0.949449 0.0268555 0.0441176
1 0.372803 0.537224 0.0258789 0.0450368
0 0.427734 0.883732 0.0234375 0.0413603
1 0.236328 0.0275735 0.0253906 0.0441176
1 0.072998 0.255515 0.0258789 0.0533088
1 0.762695 0.890165 0.0234375 0.0413603
0 0.12793 0.828585 0.0234375 0.0450368
1 0.459717 0.675092 0.027832 0.0487132
1 0.0581055 0.878676 0.0224609 0.0404412
1 0.908691 0.508272 0.0234375 0.0386029
1 0.131836 0.136949 0.0244141 0.0441176
0 0.013916 0.981158 0.0239258 0.0376838
1 0.852295 0.263327 0.0249023 0.0376838
0 0.0168457 0.466912 0.0268555 0.0551471
1 0.764893 0.0422794 0.0200195 0.0386029
1 0.394287 0.113971 0.0229492 0.0441176
1 0.0522461 0.8125 0.0263672 0.0441176
0 0.463623 0.881893 0.0219727 0.0413603
0 0.536621 0.502757 0.0244141 0.0441176
0 0.287842 0.77114 0.0219727 0.0422794
1 0.563721 0.376838 0.0229492 0.0459559
1 0.515137 0.684283 0.0273438 0.046875
0 0.783691 0.682904 0.0244141 0.0459559
0 0.728271 0.633272 0.0219727 0.0459559
0 0.703369 0.651195 0.0249023 0.0450368
1 0.759521 0.216452 0.0180664 0.0358456
0 0.606689 0.485294 0.0219727 0.0386029
1 0.359863 0.161305 0.0234375 0.0431985
0 0.123047 0.472426 0.0244141 0.0441176
1 0.168701 0.0160846 0.027832 0.0321691
1 0.991699 0.762408 0.0166016 0.0395221
1 0.672363 0.0514706 0.0224609 0.0422794
1 0.881104 0.825827 0.0219727 0.0487132
1 0.197754 0.358456 0.0244141 0.0441176
1 0.828125 0.626379 0.0205078 0.0450368
0 0.296387 0.675092 0.0234375 0.0487132
1 0.0939941 0.8125 0.0249023 0.0477941
1 0.733643 0.0960478 0.0239258 0.0431985
1 0.582764 0.202206 0.0219727 0.0349265
1 0.223633 0.795956 0.0253906 0.0441176
0 0.0354004 0.407629 0.0249023 0.0487132
1 0.832031 0.128217 0.0253906 0.0413603
0 0.673584 0.709099 0.0219727 0.0450368
0 0.65625 0.309743 0.0214844 0.0386029
1 0.146484 0.588695 0.0234375 0.046875
1 0.802002 0.168199 0.0239258 0.0404412
1 0.572754 0.216912 0.0224609 0.0386029
1 0.117676 0.159467 0.0244141 0.0450368
1 0.702637 0.191176 0.0205078 0.0404412
1 0.598389 0.300092 0.0209961 0.0413603
1 0.0429688 0.930607 0.0234375 0.0413603
0 0.348633 0.801471 0.0214844 0.0441176
1 0.445312 0.15579 0.0214844 0.0431985
1 0.0693359 0.799632 0.0234375 0.0441176
1 0.0925293 0.0363051 0.0327148 0.0542279
1 0.94458 0.733456 0.0219727 0.0386029
1 0.941406 0.694393 0.0234375 0.0395221
0 0.736328 0.910386 0.0253906 0.046875
1 0.305908 0.118566 0.0239258 0.0459559
1 0.18457 0.460478 0.0244141 0.0459559
0 0.234375 0.710478 0.0244141 0.0422794
1 0.591797 0.367647 0.0224609 0.0404412
1 0.755371 0.788143 0.0244141 0.0450368
1 0.161133 0.496783 0.0253906 0.046875
1 0.403076 0.160846 0.0229492 0.0422794
1 0.914062 0.548254 0.0234375 0.0395221
1 0.029541 0.889246 0.0268555 0.046875
1 0.782959 0.588235 0.0258789 0.0404412
1 0.829834 0.518382 0.0219727 0.0404412
1 0.197998 0.534926 0.0258789 0.0477941
1 0.406494 0.346967 0.0258789 0.0450368
1 0.2229 0.0762868 0.0249023 0.0477941
1 0.855469 0.868566 0.0253906 0.0441176
1 0.990479 0.18704 0.0170898 0.0431985
1 0.520508 0.0735294 0.0234375 0.0441176
1 0.612061 0.252298 0.0219727 0.0395221
1 0.776367 0.863971 0.0234375 0.0404412
1 0.154297 0.228401 0.0263672 0.0487132
0 0.258057 0.847886 0.0249023 0.0431985
0 0.528809 0.45818 0.0205078 0.0450368
1 0.889893 0.238051 0.0249023 0.0441176
1 0.596436 0.229779 0.019043 0.0404412
1 0.410156 0.205882 0.0253906 0.0441176
0 0.318604 0.875 0.0249023 0.0477941
1 0.331299 0.201287 0.0239258 0.0422794
1 0.714111 0.480699 0.0239258 0.0422794
1 0.132812 0.630974 0.0253906 0.046875
1 0.990723 0.129596 0.0185547 0.0422794
1 0.919678 0.837316 0.0249023 0.0459559
1 0.458496 0.106158 0.0244141 0.0413603
1 0.229248 0.344669 0.0229492 0.0441176
1 0.910156 0.590533 0.0214844 0.0358456
1 0.572266 0.105699 0.0234375 0.0422794
1 0.376709 0.368566 0.0268555 0.0477941
1 0.145508 0.304228 0.0273438 0.0459559
1 0.210693 0.307904 0.0258789 0.0459559
1 0.281738 0.18796 0.0244141 0.0413603
1 0.930664 0.332721 0.0234375 0.0404412
1 0.460693 0.50046 0.0249023 0.0413603
1 0.678711 0.139246 0.0234375 0.0450368
1 0.460205 0.173254 0.0209961 0.0413603
1 0.992676 0.555607 0.0146484 0.046875
1 0.366943 0.204044 0.0209961 0.0422794
1 0.688721 0.179688 0.0219727 0.0376838
1 0.415283 0.778493 0.0209961 0.0422794
0 0.0102539 0.212776 0.0205078 0.0505515
1 0.518799 0.825827 0.0219727 0.0395221
1 0.183105 0.382353 0.0234375 0.0404412
1 0.795654 0.401195 0.0229492 0.0413603
1 0.577148 0.25046 0.0234375 0.0413603
1 0.407471 0.537684 0.0249023 0.0441176
1 0.315918 0.251838 0.0263672 0.0477941
1 0.947021 0.316176 0.0249023 0.0441176
1 0.497803 0.175551 0.0258789 0.0496324
1 0.964844 0.755055 0.0214844 0.0431985
1 0.80542 0.240349 0.0249023 0.0395221
0 0.269531 0.984375 0.0273438 0.03125
1 0.981201 0.737592 0.0200195 0.0376838
1 0.813477 0.446232 0.0234375 0.0431985
1 0.960938 0.222426 0.0253906 0.0386029
1 0.531738 0.339154 0.0224609 0.0422794
1 0.780273 0.274816 0.0234375 0.0422794
1 0.803955 0.295037 0.0249023 0.0422794
1 0.919434 0.616268 0.0234375 0.0395221
1 0.972656 0.1875 0.0234375 0.0422794
1 0.483643 0.134651 0.0239258 0.0450368
1 0.532227 0.803768 0.0234375 0.0431985
1 0.41333 0.463695 0.0268555 0.0487132
1 0.531982 0.270221 0.0249023 0.0441176
1 0.267578 0.215074 0.0253906 0.0441176
1 0.987061 0.93796 0.0258789 0.0487132
1 0.441895 0.472426 0.0224609 0.0441176
