1 0.858643 0.0840993 0.0200195 0.0450368
1 0.0957031 0.0243566 0.0292969 0.0431985
0 0.804443 0.303309 0.0219727 0.0441176
1 0.858643 0.254596 0.0200195 0.0404412
1 0.3125 0.892463 0.0273438 0.0496324
0 0.977295 0.89568 0.0297852 0.0505515
0 0.543457 0.058364 0.0244141 0.0413603
1 0.92041 0.97886 0.03125 0.0422794
0 0.916992 0.493107 0.0234375 0.0450368
0 0.258789 0.845588 0.0253906 0.0496324
0 0.545654 0.904871 0.0249023 0.0487132
1 0.917236 0.492647 0.0297852 0.0477941
1 0.545654 0.90671 0.0258789 0.0487132
1 0.772461 0.922794 0.0273438 0.0496324
1 0.196289 0.0611213 0.0253906 0.046875
0 0.825684 0.778033 0.0263672 0.0450368
0 0.171631 0.0225184 0.0268555 0.0413603
1 0.828857 0.624081 0.0219727 0.0477941
1 0.810303 0.119945 0.0219727 0.0450368
1 0.568848 0.598346 0.0273438 0.0477941
0 0.567627 0.597886 0.0297852 0.0523897
0 0.920898 0.980699 0.03125 0.0386029
1 0.258789 0.845588 0.0263672 0.0477941
1 0.785645 0.272518 0.0234375 0.046875
0 0.439453 0.884651 0.0234375 0.046875
1 0.519287 0.200368 0.0219727 0.0404412
0 0.195801 0.0625 0.0253906 0.0459559
0 0.19873 0.95864 0.03125 0.0533088
0 0.689453 0.388327 0.0283203 0.0597426
0 0.772461 0.923713 0.0273438 0.0496324
0 0.933594 0.881434 0.0234375 0.0422794
0 0.794678 0.592831 0.0258789 0.0477941
1 0.865479 0.857996 0.0219727 0.046875
1 0.83667 0.12454 0.0219727 0.0431985
1 0.824219 0.778033 0.0253906 0.0450368
0 0.565186 0.0804228 0.0219727 0.0431985
1 0.989014 0.172794 0.0219727 0.0496324
1 0.936768 0.565717 0.0268555 0.0450368
1 0.524658 0.269301 0.0229492 0.0404412
1 0.879883 0.827206 0.0234375 0.0441176
0 0.756592 0.789522 0.0239258 0.0422794
1 0.690186 0.386489 0.0297852 0.0597426
1 0.872803 0.741728 0.0249023 0.0496324
1 0.19873 0.95864 0.0292969 0.0496324
0 0.0224609 0.193934 0.0283203 0.0533088
1 0.171631 0.0215993 0.0268555 0.0395221
0 0.0849609 0.238511 0.0292969 0.0542279
0 0.871826 0.743566 0.0249023 0.0459559
1 0.528076 0.310662 0.0219727 0.0404412
1 0.805664 0.30193 0.0234375 0.046875
0 0.231445 0.339614 0.0234375 0.0505515
1 0.410156 0.910386 0.0214844 0.0431985
0 0.828857 0.622702 0.0249023 0.0505515
0 0.826416 0.954044 0.0297852 0.0514706
1 0.391357 0.871324 0.0229492 0.0477941
0 0.164795 0.77068 0.0288086 0.0505515
0 0.769775 0.761489 0.0249023 0.0413603
0 0.10376 0.382353 0.0268555 0.0514706
1 0.976562 0.895221 0.0253906 0.0514706
1 0.311279 0.244945 0.027832 0.046875
0 0.209229 0.318474 0.0258789 0.0505515
1 0.415283 0.456801 0.0249023 0.0459559
1 0.393555 0.232537 0.0253906 0.0459559
1 0.378662 0.369026 0.0258789 0.046875
1 0.190186 0.542279 0.0297852 0.0551471
1 0.408936 0.339614 0.0239258 0.0450368
