1 0.308594 0.899816 0.0273438 0.0496324
1 0.834229 0.12546 0.0249023 0.0450368
0 0.835938 0.122702 0.0214844 0.046875
0 0.960938 0.868566 0.0253906 0.0422794
0 0.789795 0.925551 0.0268555 0.0496324
0 0.101807 0.0225184 0.0336914 0.0450368
1 0.102051 0.0238971 0.0332031 0.0477941
0 0.189453 0.54182 0.0341797 0.0707721
1 0.833496 0.767463 0.0283203 0.0496324
0 0.56958 0.597886 0.0317383 0.0542279
1 0.310303 0.23943 0.0307617 0.0542279
1 0.788574 0.925092 0.0263672 0.0487132
0 0.799072 0.595129 0.0288086 0.0523897
0 0.922607 0.977022 0.0297852 0.0441176
1 0.817383 0.120404 0.0234375 0.0459559
0 0.872559 0.746324 0.0283203 0.0477941
1 0.923584 0.975643 0.0297852 0.0431985
1 0.960938 0.870864 0.0253906 0.0413603
1 0.94751 0.560662 0.0249023 0.0477941
1 0.56958 0.596048 0.0288086 0.0505515
0 0.817383 0.118566 0.0234375 0.0459559
0 0.828857 0.623162 0.0249023 0.0496324
1 0.38501 0.255974 0.0288086 0.0487132
0 0.309814 0.238971 0.0307617 0.0551471
1 0.203125 0.957261 0.0302734 0.0542279
0 0.93457 0.882353 0.0234375 0.0404412
0 0.258789 0.847426 0.0283203 0.0514706
1 0.800049 0.595129 0.0268555 0.0505515
1 0.829102 0.624081 0.0234375 0.0477941
1 0.988281 0.172335 0.0234375 0.0523897
0 0.439453 0.881434 0.0341797 0.0588235
0 0.202393 0.957261 0.027832 0.0487132
1 0.872559 0.745864 0.0283203 0.046875
0 0.164551 0.772518 0.0283203 0.0560662
1 0.415771 0.454963 0.0249023 0.0477941
0 0.0852051 0.23943 0.034668 0.0615809
1 0.91626 0.495404 0.0249023 0.0459559
1 0.377197 0.367647 0.0219727 0.0422794
0 0.108887 0.388327 0.0292969 0.0597426
1 0.82666 0.953585 0.0283203 0.0505515
1 0.392822 0.341912 0.0229492 0.0441176
0 0.0222168 0.193015 0.0327148 0.0661765
1 0.689941 0.389706 0.0302734 0.0661765
1 0.188965 0.542279 0.0341797 0.0661765
