0 0.00634766 0.920956 0.0126953 0.0367647
1 0.985107 0.761949 0.019043 0.0441176
1 0.234375 0.03125 0.0244141 0.0422794
0 0.703125 0.652574 0.0214844 0.0367647
0 0.671631 0.0496324 0.0170898 0.0330882
0 0.327637 0.623162 0.0205078 0.0422794
1 0.036377 0.40579 0.0258789 0.0431985
1 0.354492 0.800092 0.0283203 0.0413603
0 0.644531 0.221507 0.0175781 0.0349265
1 0.853271 0.262408 0.0219727 0.0340074
0 0.991211 0.121783 0.015625 0.0505515
1 0.195068 0.914982 0.0219727 0.0395221
0 0.349365 0.512408 0.0180664 0.0395221
0 0.175781 0.828125 0.0205078 0.0386029
1 0.981201 0.446691 0.0200195 0.0404412
0 0.990234 0.556985 0.0195312 0.0367647
1 0.870361 0.26057 0.0200195 0.0358456
0 0.148682 0.396599 0.0180664 0.0340074
1 0.463379 0.882353 0.0224609 0.0404412
1 0.514404 0.685202 0.0249023 0.0395221
1 0.101318 0.276654 0.0239258 0.0422794
0 0.195068 0.914062 0.0219727 0.0376838
1 0.126953 0.503217 0.0205078 0.0358456
0 0.407959 0.537224 0.0209961 0.0431985
1 0.683838 0.444853 0.0219727 0.0367647
0 0.678467 0.142463 0.019043 0.0349265
0 0.0998535 0.867188 0.0200195 0.0340074
1 0.593018 0.369945 0.0209961 0.0395221
0 0.371094 0.540441 0.0205078 0.0441176
0 0.0959473 0.346507 0.0249023 0.0422794
0 0.463379 0.882353 0.0224609 0.0404412
0 0.0285645 0.892463 0.0229492 0.0422794
0 0.822021 0.823529 0.0170898 0.0367647
0 0.747559 0.71875 0.0185547 0.0349265
0 0.125732 0.503676 0.0200195 0.0367647
1 0.832764 0.532629 0.0200195 0.0487132
1 0.878174 0.0776654 0.0200195 0.0413603
1 0.181641 0.463695 0.0175781 0.0376838
0 0.32959 0.203585 0.0224609 0.0395221
0 0.651855 0.338695 0.0205078 0.0358456
0 0.919678 0.521599 0.0219727 0.0340074
0 0.109375 0.887408 0.0185547 0.0340074
0 0.582764 0.842831 0.0239258 0.0349265
1 0.0959473 0.344669 0.0239258 0.0404412
0 0.234375 0.695772 0.0175781 0.0386029
1 0.796875 0.0955882 0.0205078 0.0367647
0 0.592285 0.370404 0.0195312 0.0404412
0 0.206787 0.607077 0.0219727 0.0413603
0 0.838379 0.6875 0.0185547 0.0404412
1 0.715088 0.482996 0.0219727 0.0395221
1 0.645264 0.387408 0.0200195 0.0395221
0 0.224609 0.0772059 0.0234375 0.0441176
1 0.372314 0.540441 0.0209961 0.0422794
1 0.665039 0.391085 0.0195312 0.0376838
1 0.755371 0.786765 0.0234375 0.0422794
1 0.146973 0.300092 0.0234375 0.0395221
0 0.0583496 0.87454 0.0229492 0.0413603
1 0.72876 0.18796 0.0180664 0.0395221
1 0.155029 0.22886 0.0239258 0.0441176
0 0.556152 0.610294 0.0244141 0.0404412
0 0.828125 0.626838 0.0214844 0.0404412
1 0.164307 0.497243 0.0200195 0.0386029
0 0.635498 0.555147 0.0200195 0.0367647
1 0.828125 0.626379 0.0205078 0.0431985
0 0.0371094 0.40625 0.0253906 0.0441176
1 0.394775 0.113051 0.0219727 0.0422794
0 0.639404 0.61489 0.0219727 0.0386029
0 0.735107 0.908548 0.0209961 0.0395221
1 0.612549 0.250919 0.0200195 0.0367647
0 0.514893 0.685662 0.0258789 0.0386029
1 0.489746 0.941176 0.0195312 0.0367647
1 0.482666 0.884651 0.0219727 0.0413603
1 0.0588379 0.875919 0.0219727 0.0386029
0 0.0810547 0.599265 0.0244141 0.0441176
0 0.660889 0.0142463 0.019043 0.0284926
1 0.703857 0.193934 0.0200195 0.0386029
0 0.396484 0.863051 0.0214844 0.0441176
0 0.934326 0.48943 0.0219727 0.0358456
1 0.416016 0.778033 0.0195312 0.0413603
1 0.367676 0.795496 0.0205078 0.0413603
0 0.0148926 0.980699 0.0219727 0.0367647
1 0.598389 0.299173 0.0200195 0.0376838
0 0.914062 0.55193 0.0205078 0.0358456
0 0.155273 0.227941 0.0244141 0.0422794
1 0.360107 0.161305 0.0209961 0.0395221
0 0.536865 0.504136 0.0219727 0.0340074
1 0.223877 0.0767463 0.0229492 0.0413603
0 0.045166 0.931066 0.0209961 0.0367647
0 0.052002 0.813879 0.0219727 0.0413603
1 0.756592 0.21829 0.0180664 0.0340074
0 0.563721 0.37546 0.0200195 0.0395221
1 0.992188 0.300092 0.0136719 0.0450368
1 0.200684 0.359835 0.0224609 0.0395221
1 0.365479 0.84329 0.0219727 0.0376838
0 0.755127 0.789062 0.0239258 0.0431985
1 0.32959 0.201287 0.0214844 0.0404412
1 0.0717773 0.255974 0.0253906 0.0505515
0 0.304443 0.117188 0.0239258 0.0431985
1 0.108887 0.532169 0.0234375 0.0404412
1 0.210693 0.304228 0.0219727 0.0422794
1 0.940674 0.693015 0.0200195 0.0386029
0 0.684326 0.444853 0.0219727 0.0330882
0 0.0656738 0.90579 0.0209961 0.0395221
0 0.459229 0.675551 0.0219727 0.0422794
0 0.880371 0.825827 0.0205078 0.0487132
0 0.786133 0.678768 0.0234375 0.0487132
0 0.617432 0.980239 0.0219727 0.0395221
0 0.510254 0.0160846 0.0195312 0.0321691
0 0.598389 0.300551 0.0200195 0.0367647
0 0.645752 0.391085 0.0200195 0.0395221
0 0.174316 0.795496 0.0195312 0.0376838
1 0.0441895 0.931985 0.0209961 0.0367647
1 0.895264 0.342371 0.0200195 0.0358456
1 0.881104 0.825827 0.0219727 0.046875
0 0.601562 0.015625 0.0224609 0.03125
0 0.3479 0.800551 0.0209961 0.0422794
1 0.785645 0.051011 0.0166016 0.0376838
1 0.419922 0.963235 0.0253906 0.0422794
0 0.601807 0.451287 0.0209961 0.0367647
0 0.223145 0.796875 0.0224609 0.0367647
1 0.561768 0.300551 0.019043 0.0367647
1 0.228516 0.34375 0.0234375 0.0404412
0 0.207031 0.85432 0.0224609 0.0431985
0 0.615967 0.887868 0.0229492 0.0441176
1 0.305176 0.116268 0.0224609 0.0413603
0 0.688721 0.179228 0.019043 0.03125
1 0.368408 0.20864 0.019043 0.0386029
1 0.402588 0.159926 0.0219727 0.0386029
0 0.101074 0.276654 0.0224609 0.0422794
0 0.0705566 0.797794 0.0209961 0.0404412
1 0.0283203 0.891085 0.0224609 0.0431985
1 0.57251 0.105699 0.0219727 0.0386029
1 0.970947 0.880974 0.0249023 0.0431985
0 0.234619 0.0303309 0.0239258 0.0422794
1 0.839111 0.942555 0.0268555 0.0487132
0 0.763184 0.894301 0.0234375 0.0386029
0 0.0725098 0.255974 0.0249023 0.0487132
0 0.0412598 0.120864 0.0219727 0.0376838
1 0.729004 0.633732 0.0224609 0.0413603
0 0.910156 0.590533 0.0205078 0.0340074
0 0.146484 0.301011 0.0244141 0.0376838
0 0.921143 0.619485 0.0200195 0.0386029
0 0.118896 0.160846 0.0249023 0.0422794
1 0.489014 0.360294 0.0229492 0.0386029
1 0.802246 0.294118 0.0224609 0.0386029
0 0.422119 0.877757 0.0219727 0.0459559
1 0.499023 0.342371 0.0195312 0.0358456
1 0.92749 0.331801 0.0219727 0.0367647
1 0.991699 0.761029 0.0166016 0.0404412
1 0.146973 0.591452 0.0224609 0.0450368
0 0.643066 0.887868 0.0234375 0.0441176
0 0.133301 0.134191 0.0224609 0.0404412
0 0.394531 0.113971 0.0234375 0.0441176
1 0.406982 0.538143 0.0209961 0.0413603
1 0.0522461 0.813879 0.0244141 0.0413603
1 0.781982 0.585018 0.0239258 0.0431985
0 0.0551758 0.112592 0.0214844 0.0395221
1 0.519531 0.0726103 0.0214844 0.0404412
0 0.856201 0.679228 0.0170898 0.0386029
1 0.85083 0.0827206 0.0219727 0.0404412
1 0.570801 0.212316 0.0205078 0.0367647
0 0.269531 0.983915 0.0273438 0.0321691
1 0.283203 0.184743 0.0234375 0.0422794
1 0.889893 0.238051 0.0219727 0.0386029
0 0.360596 0.162684 0.0209961 0.0404412
1 0.31543 0.252757 0.0224609 0.0441176
1 0.779541 0.273897 0.0219727 0.0367647
1 0.462402 0.175551 0.0195312 0.0386029
1 0.834229 0.548254 0.0219727 0.0340074
1 0.981201 0.742188 0.0200195 0.0376838
1 0.267578 0.216912 0.0234375 0.0422794
1 0.132812 0.631434 0.0234375 0.0422794
0 0.776367 0.861673 0.0234375 0.0395221
1 0.546875 0.317096 0.0224609 0.0349265
1 0.441406 0.471507 0.0214844 0.0422794
1 0.405762 0.346967 0.0224609 0.0431985
1 0.802246 0.0482537 0.0185547 0.0358456
1 0.596436 0.231618 0.0180664 0.0367647
1 0.855469 0.867647 0.0253906 0.0441176
0 0.127441 0.828125 0.0214844 0.0441176
0 0.0166016 0.467831 0.0244141 0.0459559
0 0.168945 0.0165441 0.0253906 0.0330882
0 0.319092 0.87454 0.0239258 0.046875
1 0.445557 0.154412 0.0219727 0.0367647
1 0.583252 0.201287 0.0209961 0.0330882
1 0.197998 0.535846 0.0239258 0.0459559
1 0.918945 0.836397 0.0234375 0.0441176
0 0.606689 0.487132 0.0219727 0.0367647
0 0.0935059 0.813879 0.0200195 0.0395221
0 0.657227 0.304228 0.0195312 0.0367647
1 0.412109 0.464614 0.0234375 0.0450368
1 0.575928 0.252298 0.0209961 0.0376838
1 0.963867 0.755055 0.0234375 0.0450368
1 0.530518 0.340074 0.0200195 0.0367647
1 0.411377 0.205423 0.0229492 0.0413603
1 0.374268 0.363971 0.0239258 0.0441176
0 0.010498 0.214614 0.0209961 0.0487132
1 0.459473 0.106158 0.0224609 0.0358456
0 0.258789 0.846048 0.0234375 0.0413603
1 0.832031 0.130055 0.0253906 0.0376838
1 0.181885 0.38557 0.0219727 0.0395221
1 0.990723 0.1875 0.0185547 0.0404412
1 0.497559 0.176471 0.0224609 0.0422794
1 0.829834 0.516085 0.0219727 0.0395221
1 0.516846 0.82261 0.0219727 0.0422794
1 0.793213 0.401654 0.0229492 0.0404412
1 0.98999 0.130055 0.0170898 0.0413603
1 0.533447 0.802849 0.0249023 0.0431985
1 0.532471 0.272518 0.0239258 0.0413603
1 0.971924 0.181985 0.0219727 0.0386029
1 0.960938 0.222886 0.0234375 0.0395221
0 0.0927734 0.0358456 0.0292969 0.0477941
1 0.987793 0.940257 0.0244141 0.0422794
1 0.94458 0.733456 0.0200195 0.0404412
1 0.814697 0.449449 0.0219727 0.0404412
1 0.94751 0.316176 0.0249023 0.0441176
1 0.484131 0.13557 0.0219727 0.0413603
