0 0.791504 0.926471 0.0244141 0.0477941
0 0.525391 0.210018 0.0224609 0.0450368
1 0.309082 0.901654 0.0273438 0.0496324
0 0.189697 0.54182 0.034668 0.0707721
1 0.950684 0.556985 0.03125 0.0496324
0 0.101807 0.0229779 0.034668 0.0459559
1 0.439209 0.880055 0.0297852 0.0579044
1 0.102051 0.0238971 0.0341797 0.0477941
1 0.0852051 0.238511 0.034668 0.0634191
1 0.109375 0.387408 0.0292969 0.0634191
0 0.56958 0.597886 0.0317383 0.0542279
1 0.923584 0.975643 0.0297852 0.0431985
0 0.825684 0.953585 0.0283203 0.0505515
0 0.799316 0.594669 0.0283203 0.0533088
1 0.258301 0.847426 0.0283203 0.0514706
1 0.791016 0.925092 0.0244141 0.0487132
1 0.310547 0.240349 0.0292969 0.0579044
1 0.95874 0.868107 0.0249023 0.0395221
0 0.922607 0.977022 0.027832 0.0441176
1 0.56958 0.597426 0.0288086 0.0533088
0 0.258545 0.846967 0.027832 0.0505515
0 0.872559 0.745864 0.0283203 0.0487132
1 0.837402 0.764706 0.0263672 0.0459559
1 0.38501 0.258272 0.0288086 0.0496324
1 0.828857 0.624081 0.0219727 0.0477941
0 0.439453 0.881434 0.0332031 0.0569853
0 0.93457 0.882353 0.0234375 0.0404412
0 0.309326 0.238511 0.0297852 0.0560662
0 0.828857 0.623162 0.0249023 0.0477941
1 0.801025 0.59421 0.0258789 0.0505515
1 0.203125 0.957261 0.03125 0.0542279
1 0.987549 0.173254 0.0249023 0.0560662
0 0.202393 0.95818 0.0288086 0.0505515
0 0.0849609 0.238051 0.0361328 0.0588235
1 0.416016 0.454963 0.0253906 0.0496324
0 0.164795 0.772518 0.0288086 0.0560662
1 0.377197 0.368107 0.0219727 0.0431985
1 0.91626 0.495404 0.0249023 0.0459559
1 0.872559 0.745864 0.0263672 0.046875
0 0.109131 0.389706 0.0297852 0.0625
1 0.391357 0.344669 0.0229492 0.0422794
0 0.0219727 0.193474 0.0332031 0.0670956
1 0.825684 0.953585 0.0283203 0.0487132
1 0.689941 0.389706 0.0302734 0.0661765
1 0.189453 0.542279 0.0351562 0.0661765
