0 0.928955 0.866268 0.0249023 0.0487132
1 0.101318 0.369026 0.0229492 0.0431985
1 0.876709 0.723805 0.0297852 0.0487132
1 0.0200195 0.194853 0.0283203 0.0551471
1 0.804932 0.988051 0.0307617 0.0238971
1 0.0153809 0.982996 0.0268555 0.0340074
0 0.0144043 0.984375 0.0288086 0.03125
0 0.828857 0.622243 0.0249023 0.0496324
0 0.163574 0.77068 0.0292969 0.0560662
1 0.835938 0.865349 0.0214844 0.0395221
0 0.0922852 0.0294118 0.0341797 0.0477941
0 0.914795 0.981618 0.0297852 0.0349265
1 0.172852 0.0206801 0.0292969 0.0413603
1 0.0854492 0.238051 0.0302734 0.0533088
0 0.875732 0.726103 0.0268555 0.0459559
0 0.196777 0.954504 0.03125 0.0505515
1 0.0922852 0.0284926 0.0341797 0.0459559
1 0.196777 0.954504 0.0283203 0.046875
1 0.858643 0.254596 0.0219727 0.0404412
1 0.167969 0.484375 0.0195312 0.0404412
0 0.0205078 0.195312 0.0263672 0.0505515
1 0.917236 0.492647 0.027832 0.0477941
1 0.164551 0.77068 0.0283203 0.0523897
1 0.928955 0.865349 0.0249023 0.0450368
1 0.836914 0.125 0.0234375 0.0441176
1 0.789062 0.592371 0.0253906 0.046875
1 0.771973 0.72886 0.0224609 0.0441176
1 0.931152 0.56296 0.0263672 0.046875
1 0.258057 0.84421 0.0249023 0.0450368
1 0.828857 0.622702 0.0219727 0.046875
1 0.883789 0.242188 0.0234375 0.0450368
1 0.552734 0.892463 0.0253906 0.0441176
1 0.859375 0.0827206 0.0214844 0.0441176
1 0.987793 0.174632 0.0244141 0.0514706
1 0.690674 0.386949 0.0268555 0.0477941
1 0.567139 0.599724 0.0258789 0.046875
1 0.880615 0.825827 0.0249023 0.046875
1 0.511963 0.192555 0.0249023 0.0431985
1 0.825928 0.955882 0.0297852 0.0496324
1 0.82666 0.792739 0.0263672 0.0487132
1 0.860352 0.862592 0.0234375 0.0487132
1 0.440674 0.884651 0.0239258 0.0487132
1 0.097168 0.530331 0.0273438 0.0477941
0 0.205078 0.0753676 0.0253906 0.0477941
1 0.18457 0.486673 0.0214844 0.0431985
1 0.80957 0.119945 0.0234375 0.0450368
1 0.197021 0.530331 0.0239258 0.0459559
1 0.786133 0.271599 0.0234375 0.0487132
1 0.810303 0.300551 0.0249023 0.0459559
1 0.764404 0.924173 0.0268555 0.0579044
1 0.095459 0.591452 0.0258789 0.046875
1 0.524658 0.268382 0.0239258 0.0422794
1 0.755615 0.788603 0.0249023 0.0441176
1 0.391846 0.872702 0.0229492 0.0487132
1 0.98291 0.913143 0.0283203 0.0523897
1 0.397949 0.220588 0.0224609 0.0459559
1 0.5354 0.0569853 0.0258789 0.0404412
1 0.205811 0.315257 0.0249023 0.0477941
1 0.238281 0.34329 0.0273438 0.0487132
1 0.378174 0.368107 0.0249023 0.0431985
1 0.529785 0.31296 0.0224609 0.0431985
1 0.372803 0.540441 0.0249023 0.0459559
1 0.571289 0.097886 0.0234375 0.046875
1 0.416748 0.933364 0.0258789 0.046875
1 0.415283 0.457261 0.0249023 0.0450368
1 0.409668 0.340533 0.0244141 0.0431985
1 0.311523 0.245864 0.0273438 0.0450368
1 0.399414 0.540441 0.0244141 0.0441176
