1 0.804443 0.988051 0.0297852 0.0238971
0 0.101562 0.372243 0.0244141 0.0441176
0 0.825928 0.954504 0.0297852 0.0487132
0 0.205078 0.317555 0.0273438 0.0542279
0 0.874268 0.727482 0.0249023 0.0450368
0 0.928955 0.868107 0.0249023 0.046875
1 0.204346 0.0749081 0.0258789 0.0450368
1 0.875 0.727482 0.0253906 0.0431985
1 0.197754 0.957261 0.0283203 0.046875
1 0.882812 0.241728 0.0234375 0.0459559
1 0.172607 0.0206801 0.0288086 0.0413603
1 0.835938 0.866268 0.0205078 0.0395221
0 0.915771 0.981158 0.0297852 0.0376838
1 0.928955 0.869485 0.0249023 0.0441176
1 0.858643 0.254136 0.0219727 0.0413603
0 0.0966797 0.532629 0.0283203 0.0505515
1 0.0927734 0.0275735 0.0322266 0.0459559
0 0.0209961 0.195312 0.0263672 0.0505515
0 0.19751 0.956801 0.0288086 0.0459559
1 0.258301 0.84421 0.0253906 0.0450368
0 0.0852051 0.238051 0.0307617 0.0533088
1 0.196777 0.53125 0.0253906 0.0477941
1 0.98877 0.173254 0.0224609 0.0505515
1 0.828857 0.623162 0.0219727 0.0477941
1 0.838379 0.125 0.0234375 0.0496324
1 0.917236 0.492647 0.0297852 0.0477941
1 0.552734 0.894301 0.0253906 0.0422794
1 0.440674 0.884651 0.0239258 0.046875
1 0.932129 0.563419 0.0263672 0.0459559
1 0.0957031 0.587776 0.0283203 0.0505515
1 0.789062 0.592371 0.0253906 0.0450368
1 0.858643 0.0836397 0.0219727 0.0477941
1 0.825928 0.955882 0.0297852 0.0496324
1 0.771973 0.732077 0.0224609 0.046875
1 0.810059 0.119485 0.0234375 0.0459559
1 0.809082 0.300092 0.0253906 0.0450368
1 0.690674 0.387408 0.0268555 0.0487132
0 0.204102 0.0730699 0.0253906 0.046875
0 0.163818 0.77068 0.0297852 0.0560662
1 0.86084 0.862592 0.0234375 0.0487132
1 0.513916 0.192555 0.0249023 0.0450368
1 0.82666 0.789062 0.0263672 0.0487132
1 0.567627 0.600184 0.0258789 0.0459559
1 0.786133 0.271599 0.0234375 0.0487132
1 0.880615 0.825827 0.0249023 0.046875
1 0.237305 0.341912 0.0273438 0.0477941
1 0.765869 0.923254 0.0258789 0.0542279
1 0.52417 0.268842 0.0229492 0.0413603
1 0.536865 0.0569853 0.0258789 0.0404412
1 0.391602 0.871783 0.0224609 0.0487132
1 0.206055 0.315257 0.0253906 0.0477941
1 0.755859 0.789062 0.0244141 0.0450368
1 0.98291 0.911765 0.0283203 0.0533088
1 0.396973 0.222426 0.0224609 0.0459559
1 0.52832 0.311121 0.0234375 0.0413603
1 0.569824 0.0951287 0.0234375 0.0450368
1 0.373779 0.540441 0.0239258 0.0441176
1 0.378418 0.368107 0.0244141 0.0431985
1 0.415283 0.457721 0.0249023 0.0441176
1 0.415527 0.92693 0.0244141 0.046875
1 0.409668 0.340533 0.0244141 0.0431985
1 0.397949 0.539522 0.0224609 0.0422794
1 0.311523 0.246324 0.0273438 0.0441176
