1 0.858643 0.0845588 0.0219727 0.0459559
0 0.810791 0.117647 0.0239258 0.0496324
1 0.523682 0.209099 0.0180664 0.0413603
0 0.100342 0.0229779 0.034668 0.0459559
1 0.108643 0.386949 0.0297852 0.0625
1 0.921875 0.977941 0.03125 0.0441176
0 0.310791 0.897518 0.0307617 0.0542279
1 0.782227 0.922794 0.03125 0.0514706
1 0.569092 0.596507 0.027832 0.0496324
0 0.921875 0.977022 0.03125 0.0422794
0 0.535156 0.91682 0.0292969 0.0505515
0 0.189697 0.542279 0.034668 0.0661765
0 0.567871 0.596967 0.0302734 0.0560662
0 0.310791 0.241268 0.0307617 0.0523897
1 0.799316 0.59421 0.0263672 0.0487132
1 0.811279 0.119485 0.0229492 0.0477941
1 0.202148 0.95818 0.03125 0.0560662
1 0.398193 0.334559 0.0249023 0.0404412
0 0.79834 0.595129 0.0283203 0.0487132
1 0.943604 0.56296 0.0297852 0.0505515
1 0.917236 0.493566 0.0249023 0.0496324
1 0.529053 0.309283 0.0209961 0.0413603
1 0.828857 0.624081 0.0219727 0.0477941
1 0.310791 0.241728 0.0307617 0.0514706
1 0.835938 0.124081 0.0234375 0.0459559
1 0.415283 0.454963 0.0239258 0.0459559
1 0.988281 0.172335 0.0234375 0.0505515
1 0.527344 0.27114 0.0214844 0.0386029
1 0.96875 0.878676 0.0234375 0.0477941
0 0.20166 0.95818 0.0283203 0.0505515
0 0.782715 0.921875 0.0322266 0.0514706
0 0.438477 0.882812 0.03125 0.0560662
0 0.829834 0.772059 0.0297852 0.0533088
0 0.828857 0.623162 0.0249023 0.0496324
0 0.934326 0.883272 0.0249023 0.0441176
1 0.37793 0.367647 0.0244141 0.0441176
0 0.872559 0.746324 0.0263672 0.0477941
1 0.388184 0.251379 0.0273438 0.046875
0 0.0852051 0.238971 0.034668 0.0606618
0 0.108643 0.389246 0.0297852 0.0615809
1 0.825928 0.954963 0.0297852 0.0514706
0 0.258789 0.847886 0.0263672 0.0505515
0 0.826416 0.954504 0.0297852 0.0523897
0 0.165283 0.773897 0.027832 0.0514706
0 0.0222168 0.193015 0.0336914 0.0661765
1 0.189209 0.54182 0.034668 0.0652574
1 0.689453 0.390165 0.03125 0.0670956
