0 0.0952148 0.579504 0.0283203 0.046875
0 0.917236 0.492647 0.0249023 0.0441176
1 0.0935059 0.554688 0.0249023 0.0579044
0 0.690918 0.387408 0.0263672 0.0523897
1 0.917236 0.982077 0.0297852 0.0358456
0 0.917236 0.982537 0.0297852 0.0349265
0 0.567139 0.596967 0.0288086 0.0523897
1 0.882812 0.241728 0.0214844 0.0459559
1 0.929688 0.872702 0.0263672 0.0450368
0 0.789551 0.591452 0.0253906 0.0450368
1 0.790527 0.590533 0.0253906 0.0450368
1 0.858643 0.0840993 0.0219727 0.046875
0 0.0852051 0.238511 0.0297852 0.0523897
1 0.858643 0.254136 0.0219727 0.0413603
0 0.872803 0.732537 0.0249023 0.0459559
1 0.197998 0.959559 0.027832 0.0477941
1 0.917236 0.492647 0.0297852 0.0477941
1 0.200928 0.0703125 0.0258789 0.0450368
0 0.828857 0.622243 0.0249023 0.0496324
1 0.835938 0.866728 0.0205078 0.0386029
1 0.69043 0.387868 0.0273438 0.0514706
0 0.0219727 0.194393 0.0263672 0.0505515
1 0.439941 0.883732 0.0244141 0.046875
0 0.198242 0.959099 0.0283203 0.046875
1 0.0939941 0.0257353 0.0317383 0.0422794
1 0.932861 0.564798 0.0249023 0.046875
1 0.258301 0.844669 0.0244141 0.0459559
1 0.810059 0.117188 0.0205078 0.0450368
1 0.172119 0.0211397 0.0268555 0.0386029
1 0.567871 0.599265 0.0263672 0.0477941
1 0.808594 0.300092 0.0253906 0.0413603
0 0.199707 0.0707721 0.0253906 0.0441176
0 0.102051 0.377298 0.0253906 0.0505515
0 0.207031 0.316636 0.0263672 0.0523897
0 0.82666 0.954963 0.0283203 0.0496324
1 0.828857 0.623621 0.0219727 0.046875
1 0.550781 0.897978 0.0263672 0.0422794
1 0.98877 0.173713 0.0224609 0.0496324
1 0.836914 0.125 0.0234375 0.0441176
1 0.195801 0.535386 0.0283203 0.0560662
1 0.825928 0.955882 0.0297852 0.0496324
1 0.785156 0.272059 0.0234375 0.0477941
1 0.207031 0.314798 0.0253906 0.0487132
1 0.234863 0.340074 0.0263672 0.0477941
1 0.825684 0.786305 0.0263672 0.0487132
1 0.873291 0.732996 0.0249023 0.046875
0 0.93042 0.871783 0.0268555 0.046875
1 0.863281 0.861673 0.0234375 0.046875
1 0.524414 0.269301 0.0234375 0.0404412
0 0.09375 0.539982 0.0253906 0.0450368
1 0.0952148 0.579044 0.0263672 0.0441176
1 0.77002 0.924632 0.0273438 0.0514706
1 0.377197 0.539522 0.0219727 0.0386029
1 0.515625 0.197151 0.0214844 0.0431985
0 0.164307 0.770221 0.0288086 0.0514706
1 0.527588 0.310202 0.0209961 0.0413603
1 0.568359 0.0886949 0.0244141 0.0450368
1 0.392822 0.542279 0.0209961 0.0367647
1 0.391357 0.871324 0.0229492 0.0477941
1 0.39502 0.226103 0.0234375 0.0441176
1 0.413574 0.920496 0.0224609 0.0450368
1 0.771484 0.743107 0.0234375 0.046875
1 0.981201 0.907629 0.0268555 0.0487132
1 0.541748 0.0569853 0.0258789 0.0459559
1 0.880371 0.826287 0.0234375 0.0459559
1 0.755859 0.789062 0.0244141 0.0450368
1 0.415283 0.457721 0.0258789 0.0459559
1 0.378662 0.368107 0.0249023 0.0431985
1 0.409424 0.340533 0.0239258 0.0431985
1 0.311523 0.245864 0.0273438 0.0450368
