1 0.883545 0.102022 0.0200195 0.0404412
1 0.0986328 0.5625 0.0253906 0.0772059
0 0.0158691 0.980239 0.0307617 0.0395221
1 0.876709 0.722426 0.0297852 0.0477941
1 0.804932 0.988051 0.0307617 0.0238971
1 0.13501 0.600643 0.0268555 0.0487132
1 0.858398 0.253676 0.0234375 0.0367647
0 0.56665 0.597886 0.0297852 0.0523897
0 0.914795 0.981158 0.027832 0.0321691
1 0.53125 0.319853 0.0234375 0.0404412
0 0.0202637 0.195772 0.0258789 0.0496324
1 0.83667 0.866268 0.0219727 0.0395221
0 0.196533 0.951287 0.0307617 0.0514706
1 0.0195312 0.194853 0.0273438 0.0533088
0 0.875732 0.724724 0.027832 0.046875
1 0.917236 0.493107 0.027832 0.046875
1 0.884521 0.237132 0.0249023 0.0422794
1 0.100342 0.365809 0.0239258 0.0441176
1 0.739502 0.148897 0.0209961 0.0386029
1 0.553223 0.890625 0.0263672 0.0422794
1 0.205811 0.0776654 0.0258789 0.046875
1 0.0148926 0.982077 0.027832 0.0358456
1 0.773438 0.723805 0.0234375 0.0450368
1 0.787842 0.592371 0.0258789 0.046875
1 0.115479 0.814798 0.0209961 0.0376838
1 0.257812 0.84421 0.0253906 0.0450368
1 0.896729 0.108456 0.0219727 0.0404412
1 0.828857 0.622702 0.0219727 0.046875
0 0.205811 0.0767463 0.0258789 0.0487132
1 0.172852 0.0202206 0.0292969 0.0404412
1 0.731689 0.122702 0.0219727 0.0395221
1 0.101562 0.815257 0.0253906 0.0386029
1 0.164551 0.770221 0.0283203 0.0514706
1 0.196533 0.952206 0.027832 0.0496324
1 0.567383 0.600184 0.0273438 0.0477941
1 0.931152 0.5625 0.0263672 0.0459559
1 0.0917969 0.0289522 0.0332031 0.046875
1 0.763428 0.926471 0.0297852 0.0533088
1 0.690674 0.386489 0.0268555 0.0487132
1 0.399414 0.21875 0.0234375 0.0441176
1 0.879883 0.825827 0.0234375 0.0450368
1 0.827393 0.795037 0.0249023 0.0496324
1 0.0854492 0.237592 0.0302734 0.0523897
1 0.838379 0.125 0.0234375 0.0459559
1 0.858398 0.862592 0.0234375 0.0487132
1 0.859375 0.0845588 0.0214844 0.0441176
1 0.147705 0.237132 0.0219727 0.0404412
1 0.755615 0.788603 0.0249023 0.0441176
1 0.988281 0.174632 0.0234375 0.0496324
1 0.825928 0.955882 0.0297852 0.0496324
1 0.885986 0.0886949 0.0200195 0.0395221
1 0.928955 0.862592 0.0249023 0.046875
1 0.80957 0.119026 0.0234375 0.0450368
1 0.571533 0.100184 0.0239258 0.0477941
1 0.440186 0.884651 0.0249023 0.0487132
1 0.372803 0.540441 0.0268555 0.0441176
1 0.524902 0.268382 0.0244141 0.0459559
1 0.98291 0.914062 0.0283203 0.0523897
1 0.786133 0.272059 0.0234375 0.0477941
1 0.810791 0.299632 0.0249023 0.0459559
1 0.391602 0.873621 0.0224609 0.0487132
1 0.154541 0.26057 0.0209961 0.0376838
1 0.197021 0.529871 0.0239258 0.0450368
1 0.0949707 0.594669 0.0239258 0.0441176
1 0.186035 0.485754 0.0214844 0.0431985
1 0.509766 0.189798 0.0253906 0.046875
1 0.416748 0.9375 0.0258789 0.0477941
1 0.0979004 0.528033 0.027832 0.0505515
1 0.414795 0.457261 0.0249023 0.0450368
1 0.378418 0.367647 0.0253906 0.0441176
1 0.534424 0.0588235 0.0258789 0.0404412
1 0.310791 0.246324 0.027832 0.0477941
1 0.402344 0.539982 0.0244141 0.0450368
1 0.23877 0.34329 0.0283203 0.0505515
1 0.409912 0.340074 0.0249023 0.0441176
1 0.165771 0.482996 0.0209961 0.0431985
1 0.205566 0.315257 0.0244141 0.0459559
