1 0.876709 0.722886 0.0297852 0.0487132
1 0.805664 0.988511 0.03125 0.0229779
0 0.0161133 0.980239 0.03125 0.0395221
1 0.858398 0.253217 0.0234375 0.0376838
1 0.53125 0.319393 0.0224609 0.0395221
0 0.914795 0.981158 0.027832 0.0321691
0 0.566406 0.597886 0.0292969 0.0523897
1 0.115723 0.814338 0.0205078 0.0367647
1 0.101562 0.815257 0.0253906 0.0367647
1 0.83667 0.865349 0.0219727 0.0395221
1 0.0197754 0.194393 0.027832 0.0542279
0 0.0202637 0.195312 0.0258789 0.0505515
0 0.163818 0.769761 0.0288086 0.0542279
1 0.0151367 0.982537 0.0283203 0.0349265
1 0.164062 0.772059 0.0273438 0.0514706
1 0.100586 0.366728 0.0234375 0.0441176
1 0.917969 0.493107 0.0283203 0.046875
0 0.875732 0.724724 0.027832 0.046875
1 0.884521 0.237132 0.0249023 0.0441176
1 0.787842 0.592371 0.0258789 0.046875
0 0.196533 0.951287 0.0307617 0.0514706
0 0.205811 0.0767463 0.0258789 0.0487132
1 0.205566 0.0772059 0.0253906 0.0459559
1 0.196533 0.952206 0.027832 0.0477941
1 0.257812 0.84421 0.0263672 0.0450368
1 0.896729 0.108456 0.0219727 0.0404412
1 0.553223 0.890625 0.0263672 0.0422794
1 0.739014 0.147978 0.0209961 0.0386029
1 0.828857 0.622702 0.0219727 0.046875
1 0.772705 0.725184 0.0219727 0.0459559
1 0.172852 0.0202206 0.0292969 0.0404412
1 0.931152 0.5625 0.0263672 0.0459559
1 0.731689 0.122702 0.0219727 0.0395221
1 0.567383 0.600643 0.0273438 0.0487132
1 0.762451 0.925092 0.0307617 0.0560662
1 0.0854492 0.238051 0.0302734 0.0533088
1 0.0917969 0.0289522 0.0332031 0.046875
1 0.838379 0.125 0.0234375 0.0459559
1 0.880371 0.825827 0.0234375 0.046875
1 0.148438 0.237132 0.0214844 0.0367647
1 0.39917 0.21921 0.0239258 0.0431985
1 0.690918 0.386489 0.0263672 0.0487132
1 0.827393 0.795037 0.0249023 0.0496324
1 0.988281 0.174632 0.0234375 0.0496324
1 0.755615 0.788603 0.0249023 0.0441176
1 0.859375 0.0845588 0.0214844 0.0441176
1 0.928955 0.862592 0.0249023 0.046875
1 0.859375 0.862592 0.0234375 0.0505515
1 0.440186 0.884651 0.0258789 0.0487132
1 0.885986 0.0882353 0.0200195 0.0404412
1 0.571777 0.0997243 0.0244141 0.046875
1 0.810303 0.118566 0.0229492 0.0441176
1 0.825928 0.955882 0.0297852 0.0496324
1 0.785645 0.272059 0.0234375 0.0477941
1 0.154541 0.26057 0.0209961 0.0376838
1 0.525146 0.268842 0.0249023 0.0450368
1 0.372803 0.540441 0.0268555 0.0441176
1 0.98291 0.914062 0.0283203 0.0523897
1 0.811035 0.300092 0.0244141 0.0450368
1 0.391846 0.873621 0.0229492 0.0505515
1 0.0976562 0.528493 0.0283203 0.0496324
1 0.197021 0.529871 0.0239258 0.046875
1 0.0952148 0.595129 0.0244141 0.0450368
1 0.509766 0.190257 0.0253906 0.0459559
1 0.185791 0.485294 0.0219727 0.0441176
1 0.416748 0.93704 0.0268555 0.0487132
1 0.414795 0.457721 0.0249023 0.0441176
1 0.534912 0.058364 0.0258789 0.0413603
1 0.378418 0.367647 0.0253906 0.0441176
1 0.165527 0.482996 0.0214844 0.0431985
1 0.311035 0.245864 0.0273438 0.046875
1 0.4021 0.539982 0.0239258 0.0450368
1 0.205322 0.315257 0.0249023 0.0459559
1 0.409912 0.340074 0.0249023 0.0441176
1 0.238525 0.34329 0.027832 0.0505515
