0 0.835205 0.127757 0.0249023 0.0404412
1 0.807861 0.988051 0.027832 0.0238971
1 0.00537109 0.331801 0.0107422 0.0441176
1 0.730957 0.104779 0.0283203 0.0477941
1 0.196045 0.845588 0.0473633 0.0441176
1 0.912598 0.498621 0.0234375 0.0450368
1 0.886719 0.235754 0.0253906 0.0431985
1 0.711426 0.649816 0.0244141 0.0404412
1 0.856934 0.866268 0.0234375 0.046875
0 0.780518 0.694393 0.0239258 0.0450368
1 0.564453 0.606158 0.0273438 0.0505515
1 0.504395 0.678768 0.0263672 0.0487132
0 0.834473 0.863511 0.0205078 0.0395221
1 0.74707 0.921415 0.0234375 0.0431985
1 0.989014 0.819853 0.019043 0.0404412
0 0.377686 0.369485 0.0249023 0.0441176
1 0.755859 0.79136 0.0263672 0.0441176
0 0.440918 0.88557 0.0283203 0.046875
1 0.806152 0.113511 0.0234375 0.0413603
1 0.409668 0.340993 0.0273438 0.0459559
0 0.880371 0.823529 0.0234375 0.0477941
1 0.780273 0.693474 0.0234375 0.0450368
1 0.381104 0.788143 0.0239258 0.046875
0 0.804199 0.172335 0.0244141 0.0450368
0 0.747314 0.922794 0.0249023 0.0441176
1 0.83667 0.12546 0.0249023 0.0450368
1 0.377686 0.369485 0.0258789 0.0441176
0 0.738037 0.176471 0.0249023 0.0441176
1 0.3125 0.134651 0.0273438 0.046875
1 0.394287 0.131893 0.0209961 0.0358456
0 0.311523 0.133272 0.0292969 0.0459559
0 0.805908 0.113051 0.0239258 0.0441176
0 0.688721 0.728401 0.0209961 0.046875
0 0.076416 0.245404 0.0327148 0.0533088
1 0.076416 0.244485 0.0307617 0.0514706
1 0.724609 0.634191 0.0214844 0.0404412
0 0.755859 0.789062 0.0253906 0.0431985
1 0.37207 0.539062 0.0263672 0.0487132
0 0.236572 0.710938 0.0249023 0.0431985
1 0.651123 0.397059 0.0229492 0.0422794
0 0.31543 0.88511 0.0253906 0.0459559
0 0.257324 0.846507 0.0263672 0.0441176
0 0.711914 0.649357 0.0234375 0.0376838
1 0.678223 0.0597426 0.0234375 0.0404412
0 0.828125 0.819853 0.0253906 0.0404412
1 0.521484 0.0693934 0.0234375 0.0431985
1 0.879883 0.824449 0.0234375 0.0459559
0 0.48291 0.132812 0.0224609 0.0413603
1 0.440674 0.88557 0.027832 0.046875
0 0.521729 0.0684743 0.0249023 0.0431985
1 0.259521 0.846507 0.0288086 0.0459559
1 0.0141602 0.200827 0.0263672 0.0579044
0 0.409424 0.340993 0.0258789 0.0441176
1 0.679199 0.128676 0.0263672 0.0441176
1 0.402832 0.159926 0.0205078 0.0422794
0 0.559814 0.877757 0.0268555 0.0459559
1 0.570801 0.105699 0.0234375 0.0441176
0 0.269531 0.984375 0.0263672 0.03125
0 0.72998 0.104779 0.0244141 0.0459559
1 0.588867 0.363971 0.0234375 0.0441176
1 0.53418 0.334559 0.0234375 0.0496324
0 0.856201 0.866728 0.0249023 0.0441176
0 0.609375 0.0137868 0.0224609 0.0275735
1 0.196045 0.532169 0.0249023 0.0459559
0 0.39209 0.657629 0.0244141 0.046875
1 0.406982 0.203585 0.0268555 0.0487132
1 0.851562 0.261029 0.0253906 0.0422794
1 0.482422 0.130974 0.0214844 0.0431985
0 0.536377 0.492188 0.0249023 0.0431985
0 0.465332 0.112592 0.0205078 0.0413603
1 0.696289 0.449449 0.0234375 0.0422794
1 0.992188 0.758732 0.015625 0.0395221
1 0.196777 0.931985 0.0263672 0.0441176
1 0.803223 0.171415 0.0234375 0.0431985
1 0.0146484 0.980699 0.0244141 0.0386029
1 0.334229 0.190717 0.0258789 0.046875
0 0.672363 0.714154 0.0224609 0.0422794
0 0.879883 0.0831801 0.0234375 0.0395221
1 0.246582 0.0225184 0.0263672 0.0431985
0 0.368652 0.692096 0.0244141 0.0459559
0 0.466797 0.671415 0.0253906 0.0487132
1 0.828125 0.624081 0.0214844 0.0459559
1 0.156494 0.50046 0.0239258 0.0487132
1 0.799561 0.409926 0.0229492 0.0367647
1 0.824951 0.954963 0.0297852 0.0441176
1 0.921875 0.846048 0.0234375 0.0395221
0 0.534668 0.464154 0.0234375 0.0386029
1 0.710938 0.472426 0.0234375 0.0404412
0 0.504639 0.678768 0.0268555 0.0487132
1 0.0944824 0.352022 0.027832 0.0496324
1 0.967041 0.743566 0.0219727 0.0422794
1 0.813232 0.442096 0.0268555 0.0422794
1 0.78418 0.59375 0.0273438 0.0441176
1 0.22583 0.779871 0.0258789 0.0487132
1 0.187012 0.472886 0.0244141 0.046875
0 0.299561 0.667739 0.0258789 0.046875
0 0.323486 0.634651 0.0229492 0.0431985
1 0.392334 0.875919 0.0258789 0.0514706
1 0.876709 0.717371 0.0249023 0.0450368
1 0.923584 0.5625 0.0249023 0.0422794
1 0.669189 0.392004 0.0219727 0.0413603
1 0.171875 0.0179228 0.0302734 0.0358456
1 0.989746 0.176011 0.0205078 0.046875
0 0.564941 0.606618 0.0263672 0.0496324
1 0.203125 0.852022 0.0263672 0.0441176
1 0.2146 0.0776654 0.0249023 0.0505515
1 0.570801 0.388787 0.0234375 0.0422794
1 0.61084 0.24954 0.0195312 0.0395221
1 0.149902 0.232996 0.0273438 0.0450368
1 0.597656 0.299173 0.0244141 0.0431985
1 0.0913086 0.0326287 0.0332031 0.0542279
1 0.580078 0.248621 0.0224609 0.0431985
1 0.145752 0.586397 0.0239258 0.0477941
1 0.148438 0.300092 0.0283203 0.0450368
1 0.16333 0.772059 0.0258789 0.0477941
1 0.236572 0.346507 0.027832 0.0533088
1 0.598145 0.230239 0.0205078 0.0413603
1 0.03125 0.409926 0.0253906 0.0459559
1 0.0180664 0.454044 0.0244141 0.0514706
1 0.126953 0.827206 0.0263672 0.0477941
1 0.803711 0.21921 0.0234375 0.0431985
1 0.691406 0.384651 0.0244141 0.0450368
1 0.502197 0.175092 0.0249023 0.046875
1 0.811035 0.301011 0.0263672 0.0413603
1 0.527344 0.269761 0.0253906 0.0487132
1 0.178711 0.834559 0.0263672 0.0459559
1 0.314941 0.249081 0.0263672 0.0477941
1 0.0925293 0.813419 0.0268555 0.0514706
1 0.105713 0.530331 0.0249023 0.0459559
1 0.092041 0.600184 0.0249023 0.0496324
1 0.132568 0.619945 0.0249023 0.046875
1 0.983643 0.925551 0.0268555 0.0514706
1 0.783691 0.27068 0.0263672 0.0450368
1 0.205811 0.313419 0.0268555 0.0496324
1 0.981201 0.734835 0.019043 0.0395221
1 0.418945 0.953585 0.0273438 0.0487132
