1 0.401611 0.349265 0.0405273 0.0477941
1 0.806885 0.988051 0.0297852 0.0238971
1 0.408936 0.539522 0.0219727 0.0441176
1 0.330078 0.167739 0.0292969 0.0505515
0 0.610596 0.0128676 0.0249023 0.0257353
0 0.911865 0.983456 0.0327148 0.0330882
0 0.681641 0.109375 0.0244141 0.0404412
0 0.654541 0.011489 0.0288086 0.0229779
0 0.196533 0.939798 0.0268555 0.0413603
1 0.602783 0.240349 0.0209961 0.0395221
1 0.855469 0.254136 0.0234375 0.0431985
0 0.739746 0.169577 0.0234375 0.0487132
1 0.376953 0.692096 0.0253906 0.0441176
1 0.0151367 0.198529 0.0253906 0.0514706
0 0.258057 0.844669 0.0249023 0.0441176
0 0.49707 0.674632 0.0234375 0.0477941
0 0.405518 0.204963 0.0268555 0.0533088
1 0.587891 0.36443 0.0234375 0.0395221
1 0.473633 0.670037 0.0234375 0.0459559
0 0.833496 0.862592 0.0205078 0.0413603
0 0.587891 0.36443 0.0244141 0.0395221
1 0.564941 0.60386 0.0263672 0.0441176
1 0.681152 0.107077 0.0244141 0.0413603
0 0.410156 0.339614 0.0263672 0.0450368
1 0.879883 0.824449 0.0234375 0.0459559
0 0.300781 0.66682 0.0234375 0.0450368
1 0.405762 0.204963 0.0263672 0.0496324
0 0.375977 0.693015 0.0234375 0.0441176
0 0.731445 0.110294 0.0234375 0.0459559
0 0.678467 0.0597426 0.0219727 0.0422794
1 0.391357 0.658088 0.0229492 0.0441176
0 0.778564 0.70818 0.0258789 0.0431985
0 0.440186 0.884191 0.0288086 0.0514706
0 0.825684 0.955882 0.0283203 0.0496324
0 0.0175781 0.196691 0.0253906 0.0496324
1 0.238037 0.712316 0.0229492 0.0477941
0 0.828857 0.621783 0.0268555 0.0523897
1 0.740234 0.169577 0.0253906 0.046875
0 0.752441 0.922794 0.0283203 0.0477941
0 0.877441 0.720588 0.0283203 0.0477941
0 0.473877 0.670496 0.0219727 0.0450368
1 0.414795 0.45818 0.0268555 0.0450368
1 0.571777 0.102941 0.0263672 0.0477941
1 0.0771484 0.240349 0.0273438 0.0487132
1 0.829102 0.622702 0.0234375 0.0487132
1 0.258789 0.845588 0.0283203 0.0459559
1 0.439941 0.88557 0.0283203 0.046875
1 0.49707 0.673254 0.0234375 0.046875
1 0.410156 0.340533 0.0273438 0.046875
1 0.824951 0.955882 0.0297852 0.0477941
0 0.880371 0.824908 0.0234375 0.0505515
0 0.857178 0.86443 0.0249023 0.0487132
1 0.678955 0.0606618 0.0239258 0.0404412
1 0.371582 0.539062 0.0263672 0.046875
1 0.381348 0.786765 0.0224609 0.0422794
1 0.534912 0.331342 0.0258789 0.0505515
1 0.915771 0.495864 0.0297852 0.0487132
1 0.522217 0.0689338 0.0239258 0.0459559
1 0.196777 0.939338 0.0263672 0.0441176
1 0.928955 0.563879 0.0268555 0.0450368
0 0.31958 0.645221 0.0239258 0.0441176
1 0.652344 0.397518 0.0224609 0.0431985
0 0.558594 0.882353 0.0253906 0.0459559
1 0.314941 0.149357 0.0244141 0.0450368
1 0.838379 0.12454 0.0234375 0.0450368
1 0.0146484 0.981618 0.0253906 0.0367647
0 0.7854 0.594669 0.0288086 0.0459559
0 0.755615 0.788603 0.0258789 0.0441176
0 0.56543 0.602941 0.0273438 0.0459559
0 0.826416 0.808824 0.0249023 0.0533088
1 0.572998 0.390625 0.0229492 0.0386029
1 0.925781 0.853401 0.0263672 0.046875
1 0.211426 0.0795037 0.0263672 0.0523897
1 0.881104 0.0863971 0.0219727 0.0422794
1 0.0913086 0.0321691 0.0332031 0.0514706
1 0.188477 0.480239 0.0244141 0.046875
1 0.66626 0.394761 0.0209961 0.0413603
1 0.751953 0.922794 0.0263672 0.0496324
1 0.391602 0.875 0.0234375 0.0496324
1 0.171875 0.0183824 0.0292969 0.0367647
1 0.811523 0.301471 0.0253906 0.0441176
1 0.0964355 0.356618 0.0249023 0.0459559
1 0.196533 0.53079 0.0229492 0.0431985
1 0.806152 0.178768 0.0224609 0.0413603
1 0.858643 0.0836397 0.0219727 0.0441176
1 0.0930176 0.601103 0.0219727 0.0441176
1 0.157227 0.492647 0.0234375 0.0441176
1 0.808594 0.118107 0.0214844 0.0450368
1 0.596436 0.295956 0.0229492 0.0441176
1 0.163574 0.77114 0.0263672 0.0459559
1 0.151367 0.289062 0.0263672 0.0431985
1 0.37793 0.368566 0.0253906 0.0441176
1 0.146484 0.585478 0.0205078 0.0441176
1 0.525635 0.268842 0.0249023 0.0487132
1 0.102295 0.523897 0.0239258 0.0459559
1 0.124023 0.82261 0.0263672 0.0459559
1 0.989014 0.175092 0.0219727 0.0505515
1 0.897461 0.106618 0.0234375 0.0441176
1 0.691162 0.38557 0.0249023 0.046875
1 0.147705 0.234375 0.0268555 0.0441176
1 0.132812 0.609835 0.0214844 0.0431985
1 0.0222168 0.443474 0.0229492 0.0413603
1 0.335449 0.184283 0.0253906 0.0450368
1 0.03125 0.409926 0.0234375 0.0404412
1 0.785156 0.271599 0.0253906 0.046875
1 0.805664 0.210478 0.0244141 0.0422794
1 0.504639 0.17693 0.0268555 0.0487132
1 0.238525 0.345588 0.027832 0.0514706
1 0.0942383 0.815257 0.0283203 0.0514706
1 0.58252 0.245864 0.0224609 0.0431985
1 0.419189 0.946232 0.0258789 0.0487132
1 0.227539 0.770221 0.0253906 0.0441176
1 0.205322 0.314338 0.0249023 0.0477941
1 0.98291 0.919577 0.0283203 0.0560662
1 0.313721 0.247243 0.0258789 0.0459559
