1 0.791992 0.590074 0.0283203 0.0477941
0 0.990967 0.414982 0.0180664 0.0376838
0 0.859375 0.0854779 0.0253906 0.0459559
0 0.917236 0.493107 0.0249023 0.0431985
0 0.824951 0.78171 0.0268555 0.046875
1 0.882812 0.242188 0.0214844 0.046875
1 0.77002 0.752298 0.0273438 0.046875
0 0.233887 0.340533 0.0263672 0.0542279
0 0.567139 0.596967 0.0288086 0.0523897
0 0.810791 0.118566 0.0219727 0.0459559
1 0.858643 0.254596 0.0200195 0.0404412
1 0.92041 0.980699 0.03125 0.0386029
1 0.811035 0.116728 0.0205078 0.0441176
1 0.234375 0.339614 0.0273438 0.0487132
1 0.546875 0.901654 0.0253906 0.0441176
1 0.835938 0.866728 0.0205078 0.0386029
0 0.19873 0.066636 0.0253906 0.0450368
1 0.439453 0.883732 0.0244141 0.0487132
0 0.792969 0.589614 0.0253906 0.046875
1 0.917236 0.492188 0.0297852 0.046875
0 0.785889 0.27114 0.0229492 0.0459559
1 0.0939941 0.0275735 0.0327148 0.0477941
0 0.198242 0.95864 0.03125 0.0533088
1 0.198975 0.0661765 0.0258789 0.0459559
1 0.690186 0.386029 0.027832 0.0551471
0 0.689941 0.387408 0.0283203 0.0560662
1 0.989014 0.173254 0.0219727 0.0487132
1 0.806885 0.300551 0.0219727 0.0422794
1 0.83667 0.12454 0.0219727 0.0413603
1 0.824951 0.779871 0.0268555 0.0487132
1 0.756592 0.789522 0.0239258 0.0441176
0 0.0852051 0.238511 0.0307617 0.0542279
1 0.828857 0.623621 0.0219727 0.046875
0 0.0219727 0.194393 0.0273438 0.0523897
1 0.518066 0.198989 0.0205078 0.0376838
1 0.568359 0.598346 0.0263672 0.0459559
1 0.825928 0.955882 0.0297852 0.0496324
0 0.871826 0.73989 0.0249023 0.0459559
0 0.82666 0.954504 0.0283203 0.0505515
1 0.258545 0.845588 0.0258789 0.0477941
0 0.932861 0.878217 0.0268555 0.046875
1 0.933594 0.565717 0.0234375 0.046875
0 0.75708 0.792279 0.0239258 0.0441176
1 0.171631 0.0211397 0.0268555 0.0386029
0 0.207764 0.316176 0.0268555 0.0533088
0 0.828857 0.622702 0.0249023 0.0487132
0 0.769775 0.752757 0.0249023 0.0441176
1 0.198486 0.95864 0.0288086 0.0496324
1 0.543213 0.0574449 0.0249023 0.0450368
1 0.52417 0.268842 0.0219727 0.0413603
1 0.194092 0.539062 0.0297852 0.0579044
1 0.872803 0.738051 0.0249023 0.0496324
1 0.394043 0.229779 0.0244141 0.0422794
0 0.102539 0.379596 0.0273438 0.0514706
1 0.527588 0.309743 0.0209961 0.0404412
0 0.164551 0.770221 0.0292969 0.0514706
1 0.770508 0.924632 0.0273438 0.0514706
1 0.567139 0.0850184 0.0239258 0.0431985
1 0.880371 0.826287 0.0234375 0.0459559
1 0.391357 0.871324 0.0239258 0.0496324
1 0.864746 0.861213 0.0234375 0.0459559
1 0.979736 0.902574 0.0268555 0.0514706
1 0.411621 0.915441 0.0224609 0.0441176
1 0.415283 0.457721 0.0258789 0.0477941
1 0.311768 0.245404 0.0288086 0.0459559
1 0.409424 0.340074 0.0249023 0.0441176
1 0.378662 0.368566 0.0249023 0.0441176
