1 0.311279 0.89568 0.027832 0.0487132
0 0.539795 0.909467 0.0288086 0.0505515
1 0.882812 0.241728 0.0214844 0.0477941
1 0.165039 0.772059 0.0283203 0.0551471
1 0.858643 0.0840993 0.0200195 0.0450368
1 0.0979004 0.0238971 0.0327148 0.0477941
0 0.0974121 0.0243566 0.0288086 0.0450368
0 0.179199 0.0317096 0.0341797 0.0505515
1 0.858643 0.252757 0.0219727 0.0404412
1 0.824951 0.774357 0.0268555 0.0487132
1 0.568848 0.597426 0.0273438 0.0477941
0 0.920898 0.97886 0.03125 0.0422794
1 0.407959 0.89568 0.0219727 0.0450368
1 0.172119 0.0211397 0.027832 0.0404412
0 0.391357 0.870404 0.0219727 0.0459559
0 0.827393 0.774816 0.027832 0.0459559
1 0.797607 0.592831 0.0268555 0.0459559
0 0.567627 0.596967 0.0307617 0.0542279
1 0.521484 0.206342 0.0205078 0.0413603
0 0.438721 0.883732 0.0239258 0.046875
1 0.777344 0.920956 0.0292969 0.0514706
1 0.200439 0.95864 0.0288086 0.0496324
0 0.258545 0.847426 0.0268555 0.0514706
1 0.872559 0.743566 0.0263672 0.0514706
1 0.811279 0.119485 0.0229492 0.0477941
0 0.200928 0.95864 0.0317383 0.0533088
1 0.539795 0.911765 0.0258789 0.0477941
1 0.828857 0.624081 0.0219727 0.0477941
1 0.92041 0.977482 0.03125 0.0450368
0 0.828857 0.623162 0.0249023 0.0496324
0 0.188232 0.0454963 0.027832 0.046875
1 0.934326 0.880055 0.0249023 0.0431985
1 0.525391 0.269761 0.0214844 0.0395221
1 0.989014 0.172794 0.0219727 0.0496324
0 0.776855 0.921875 0.0273438 0.0496324
1 0.917236 0.493566 0.0249023 0.0496324
0 0.871826 0.743566 0.0268555 0.0514706
1 0.836914 0.124081 0.0234375 0.0441176
0 0.0852051 0.238971 0.0327148 0.0569853
1 0.528564 0.309743 0.0209961 0.0404412
1 0.942139 0.563879 0.0297852 0.0523897
0 0.165039 0.772059 0.0283203 0.0514706
1 0.39209 0.873162 0.0224609 0.0441176
0 0.171875 0.0225184 0.0283203 0.0431985
0 0.826416 0.954504 0.0297852 0.0523897
0 0.0219727 0.193015 0.03125 0.0606618
1 0.311523 0.244026 0.0273438 0.0450368
0 0.106445 0.386489 0.0283203 0.0579044
1 0.415527 0.454504 0.0234375 0.0450368
1 0.972656 0.88557 0.0253906 0.0413603
1 0.785645 0.272978 0.0234375 0.0459559
1 0.389893 0.243566 0.0258789 0.0533088
1 0.800537 0.300551 0.0239258 0.0441176
1 0.37793 0.368566 0.0253906 0.0459559
1 0.689941 0.389246 0.03125 0.0634191
1 0.406982 0.338695 0.0239258 0.0450368
1 0.189209 0.54182 0.0317383 0.0597426
