1 0.602051 0.0160846 0.0273438 0.0321691
0 0.497314 0.933824 0.0200195 0.0404412
1 0.0527344 0.91636 0.03125 0.0496324
1 0.234131 0.70864 0.0258789 0.0496324
1 0.00634766 0.913143 0.0126953 0.0413603
1 0.432617 0.886489 0.0273438 0.0487132
0 0.601074 0.45818 0.0195312 0.0395221
0 0.839844 0.685662 0.0214844 0.0441176
1 0.393555 0.655331 0.0244141 0.0459559
0 0.210449 0.637868 0.0185547 0.0367647
0 0.327393 0.623162 0.0229492 0.0441176
0 0.6521 0.338235 0.0209961 0.0349265
1 0.825684 0.828125 0.0234375 0.0459559
0 0.979736 0.444393 0.0200195 0.0431985
1 0.327393 0.624081 0.0249023 0.0441176
0 0.0839844 0.599724 0.0273438 0.0523897
1 0.367676 0.794118 0.0224609 0.0404412
1 0.800049 0.10386 0.0219727 0.0367647
1 0.210693 0.63557 0.0209961 0.0395221
1 0.0107422 0.210478 0.0214844 0.0551471
1 0.695557 0.185202 0.0209961 0.0395221
0 0.367432 0.794118 0.0229492 0.0404412
1 0.738037 0.913143 0.0288086 0.0487132
0 0.561035 0.517004 0.0195312 0.0395221
0 0.394043 0.115809 0.0263672 0.0496324
1 0.651855 0.339614 0.0224609 0.0376838
1 0.0505371 0.116728 0.0258789 0.0422794
0 0.827393 0.826287 0.0249023 0.0441176
0 0.756348 0.790441 0.0273438 0.0533088
1 0.0810547 0.715074 0.0224609 0.0404412
0 0.166748 0.772518 0.0229492 0.0487132
1 0.731689 0.191176 0.0258789 0.0533088
0 0.017334 0.465993 0.0268555 0.0551471
1 0.672607 0.70864 0.0239258 0.0459559
1 0.702881 0.188419 0.0209961 0.0404412
0 0.601807 0.0142463 0.0258789 0.0284926
1 0.840576 0.685662 0.0249023 0.0441176
1 0.781982 0.683824 0.0288086 0.0477941
1 0.695801 0.744485 0.0234375 0.0459559
1 0.766357 0.0859375 0.0200195 0.0395221
0 0.61792 0.983456 0.0258789 0.0330882
1 0.69751 0.377757 0.0219727 0.0386029
0 0.560303 0.876379 0.0258789 0.0450368
1 0.686523 0.445312 0.0234375 0.0395221
0 0.696533 0.745404 0.0209961 0.0459559
0 0.591553 0.36489 0.0219727 0.0422794
0 0.606689 0.482537 0.0209961 0.0404412
1 0.296875 0.674173 0.0273438 0.0487132
0 0.564941 0.377757 0.0234375 0.0441176
0 0.0341797 0.409467 0.0253906 0.0505515
1 0.364258 0.841452 0.0224609 0.0395221
1 0.989746 0.819853 0.0185547 0.0404412
0 0.288818 0.772978 0.0229492 0.0422794
0 0.616699 0.887408 0.0224609 0.0431985
0 0.878906 0.0772059 0.0234375 0.0422794
0 0.0144043 0.980699 0.0249023 0.0386029
1 0.384033 0.786305 0.0209961 0.0395221
1 0.565186 0.377757 0.0219727 0.0422794
0 0.463623 0.881893 0.0209961 0.0413603
0 0.730469 0.189338 0.0253906 0.0477941
1 0.259277 0.845129 0.0283203 0.0487132
0 0.419189 0.963695 0.027832 0.046875
1 0.0136719 0.97932 0.0263672 0.0413603
1 0.19458 0.917739 0.0268555 0.046875
1 0.0578613 0.880055 0.0229492 0.0395221
0 0.666016 0.392923 0.0214844 0.0431985
1 0.480469 0.884651 0.0205078 0.0395221
1 0.96875 0.678309 0.0205078 0.0330882
1 0.0517578 0.811581 0.0234375 0.0422794
1 0.175781 0.829504 0.0253906 0.046875
0 0.638672 0.880515 0.0234375 0.0441176
1 0.0180664 0.466452 0.0263672 0.0505515
1 0.0839844 0.601562 0.0244141 0.0505515
0 0.296875 0.673254 0.0253906 0.046875
1 0.0341797 0.408548 0.0253906 0.046875
0 0.559082 0.610294 0.0224609 0.0441176
1 0.764404 0.0445772 0.0209961 0.0395221
1 0.419434 0.963235 0.0283203 0.0459559
1 0.660156 0.011489 0.0214844 0.0229779
0 0.0102539 0.210938 0.0205078 0.0505515
1 0.571777 0.217371 0.0224609 0.0395221
0 0.510498 0.0174632 0.019043 0.0349265
1 0.908447 0.506893 0.0249023 0.0413603
1 0.167969 0.774357 0.0244141 0.0450368
1 0.520508 0.0721507 0.0234375 0.0431985
1 0.703125 0.0376838 0.0205078 0.0330882
1 0.12793 0.828585 0.0253906 0.0487132
0 0.358398 0.681526 0.0253906 0.0431985
1 0.645508 0.387868 0.0234375 0.0441176
1 0.582764 0.201746 0.0219727 0.0340074
0 0.535156 0.504136 0.0253906 0.0413603
0 0.703857 0.652574 0.0249023 0.0477941
0 0.673096 0.709559 0.0239258 0.0441176
1 0.832031 0.127757 0.0253906 0.0422794
1 0.762207 0.888787 0.0234375 0.0422794
0 0.295898 0.803309 0.0224609 0.0441176
0 0.234131 0.709559 0.0249023 0.0441176
1 0.598389 0.300551 0.0219727 0.0422794
1 0.296631 0.802849 0.0239258 0.0431985
0 0.782959 0.683364 0.0258789 0.046875
1 0.432129 0.789982 0.0224609 0.0413603
0 0.429443 0.884651 0.0249023 0.0450368
1 0.80249 0.168199 0.0249023 0.0441176
1 0.514893 0.683364 0.0288086 0.0487132
1 0.828125 0.625919 0.0214844 0.0459559
0 0.349121 0.80239 0.0224609 0.0459559
1 0.782715 0.589154 0.0263672 0.0422794
1 0.0959473 0.347426 0.0268555 0.0477941
1 0.197266 0.358456 0.0244141 0.0441176
0 0.728516 0.63557 0.0214844 0.046875
1 0.206543 0.856158 0.0283203 0.0487132
1 0.755615 0.789062 0.0249023 0.0450368
1 0.0654297 0.90625 0.0244141 0.0441176
1 0.123291 0.473346 0.0239258 0.0422794
1 0.372559 0.536765 0.0273438 0.0477941
1 0.394775 0.869945 0.0239258 0.046875
1 0.591064 0.366268 0.0229492 0.0413603
1 0.446533 0.151654 0.0209961 0.0404412
1 0.991455 0.761489 0.0170898 0.0413603
0 0.737793 0.911765 0.0263672 0.0477941
1 0.733154 0.0965074 0.0249023 0.0459559
1 0.169434 0.0160846 0.0273438 0.0321691
1 0.460205 0.673713 0.0268555 0.0477941
1 0.878174 0.704044 0.0219727 0.0441176
0 0.257812 0.847886 0.0253906 0.0431985
0 0.655518 0.310662 0.0219727 0.0386029
1 0.130859 0.136949 0.0244141 0.0459559
1 0.14624 0.588235 0.0239258 0.0477941
1 0.59668 0.22886 0.0195312 0.0422794
1 0.394531 0.11443 0.0234375 0.0450368
1 0.855469 0.679228 0.0214844 0.0422794
1 0.612549 0.252757 0.0219727 0.0404412
1 0.989746 0.126838 0.0185547 0.0441176
1 0.887695 0.236673 0.03125 0.0487132
1 0.879883 0.823989 0.0234375 0.046875
0 0.318604 0.876379 0.0258789 0.0487132
1 0.852295 0.262868 0.0268555 0.0422794
1 0.0422363 0.931066 0.0239258 0.0441176
1 0.0732422 0.254136 0.0273438 0.0523897
1 0.911865 0.590993 0.0249023 0.0349265
1 0.376709 0.370864 0.0268555 0.0523897
1 0.403076 0.159926 0.0239258 0.0441176
1 0.990967 0.182904 0.0180664 0.0422794
0 0.529297 0.45864 0.0224609 0.0441176
1 0.117676 0.159467 0.0244141 0.0450368
1 0.407227 0.347426 0.0273438 0.0477941
1 0.457764 0.106618 0.0249023 0.0441176
1 0.126465 0.503217 0.0214844 0.0450368
1 0.672363 0.0551471 0.0234375 0.0422794
1 0.160156 0.497243 0.0263672 0.0477941
1 0.2229 0.0762868 0.0258789 0.0496324
1 0.19751 0.534926 0.0258789 0.0477941
1 0.361084 0.164982 0.0239258 0.0431985
1 0.230225 0.344669 0.0239258 0.0459559
1 0.458496 0.172335 0.0205078 0.0431985
1 0.415527 0.78125 0.0224609 0.0441176
1 0.0683594 0.799632 0.0234375 0.0441176
1 0.519531 0.827206 0.0214844 0.0404412
1 0.409424 0.205423 0.0258789 0.046875
1 0.941406 0.692555 0.0234375 0.0413603
1 0.577393 0.24954 0.0249023 0.0431985
1 0.992188 0.553768 0.015625 0.0487132
1 0.832764 0.949449 0.0268555 0.0441176
1 0.185303 0.461397 0.0258789 0.0477941
1 0.776611 0.865349 0.0229492 0.0413603
1 0.238525 0.0289522 0.0258789 0.0450368
1 0.914062 0.550092 0.0253906 0.0413603
1 0.689209 0.180607 0.0219727 0.0395221
1 0.931396 0.33364 0.0219727 0.0422794
1 0.943115 0.729779 0.0219727 0.0404412
1 0.855469 0.867647 0.0263672 0.0477941
1 0.0925293 0.035386 0.0307617 0.0505515
1 0.804932 0.23989 0.0258789 0.0459559
1 0.919678 0.838695 0.0249023 0.0487132
1 0.0297852 0.887408 0.0273438 0.046875
1 0.532471 0.339614 0.0249023 0.0450368
1 0.0939941 0.8125 0.0268555 0.0496324
1 0.223877 0.793199 0.0268555 0.0459559
1 0.946777 0.316636 0.0263672 0.0450368
1 0.145508 0.303768 0.0273438 0.0505515
1 0.813232 0.445312 0.0249023 0.0431985
1 0.459717 0.499081 0.0249023 0.0422794
1 0.132568 0.629596 0.0258789 0.0496324
1 0.306152 0.118107 0.0263672 0.0450368
0 0.269043 0.984375 0.0273438 0.03125
1 0.108887 0.53079 0.0263672 0.0487132
1 0.960938 0.221967 0.0253906 0.0376838
1 0.153809 0.228401 0.0263672 0.0487132
1 0.572266 0.105239 0.0234375 0.0413603
1 0.795898 0.402114 0.0234375 0.0431985
1 0.332031 0.200827 0.0253906 0.0450368
1 0.981201 0.736213 0.0219727 0.0386029
1 0.28125 0.188879 0.0244141 0.0431985
1 0.678223 0.136949 0.0273438 0.0496324
1 0.498291 0.175092 0.0249023 0.046875
1 0.407715 0.537684 0.0263672 0.0459559
1 0.531738 0.805147 0.0244141 0.0422794
1 0.183594 0.381434 0.0234375 0.0441176
1 0.714111 0.479779 0.0258789 0.0459559
1 0.53125 0.270221 0.0263672 0.0459559
1 0.31665 0.25046 0.0268555 0.046875
1 0.972656 0.189338 0.0253906 0.0422794
1 0.963867 0.755515 0.0234375 0.0441176
1 0.803955 0.295496 0.0249023 0.0450368
1 0.780518 0.274816 0.0249023 0.0441176
1 0.209717 0.307904 0.0258789 0.0477941
1 0.366211 0.204044 0.0224609 0.0459559
1 0.483643 0.134651 0.0249023 0.046875
1 0.917969 0.616728 0.0234375 0.0422794
1 0.413574 0.464154 0.0273438 0.0496324
1 0.267578 0.214614 0.0244141 0.0431985
1 0.441895 0.472426 0.0224609 0.0459559
1 0.986816 0.936581 0.0263672 0.0496324
