1 0.611084 0.0128676 0.0249023 0.0257353
1 0.138916 0.602482 0.0239258 0.0487132
1 0.388428 0.699449 0.0180664 0.0367647
1 0.858398 0.86443 0.0234375 0.0487132
1 0.681152 0.103401 0.0234375 0.0395221
0 0.834473 0.862592 0.0205078 0.0395221
1 0.731445 0.115349 0.0234375 0.0431985
0 0.68042 0.107077 0.0229492 0.0395221
0 0.776367 0.710478 0.0234375 0.0459559
0 0.678467 0.0592831 0.0209961 0.0413603
0 0.440186 0.884651 0.0288086 0.0505515
1 0.171143 0.805147 0.0219727 0.0441176
1 0.740234 0.16636 0.0244141 0.0441176
1 0.557373 0.881434 0.0268555 0.0441176
0 0.912598 0.982996 0.0283203 0.0340074
0 0.731934 0.115809 0.0244141 0.0441176
1 0.879883 0.824449 0.0234375 0.0459559
0 0.877441 0.721048 0.0263672 0.046875
0 0.857666 0.863971 0.0249023 0.0477941
1 0.404297 0.20818 0.0244141 0.0487132
0 0.587402 0.36443 0.0224609 0.0358456
1 0.408691 0.537684 0.0224609 0.0404412
0 0.828857 0.621783 0.0249023 0.0505515
1 0.856201 0.252298 0.0249023 0.0450368
0 0.785645 0.59375 0.0283203 0.0477941
1 0.806396 0.185662 0.0249023 0.0404412
0 0.826416 0.806066 0.0249023 0.0533088
1 0.824951 0.955882 0.0297852 0.0496324
0 0.880371 0.824908 0.0234375 0.0487132
1 0.475098 0.669118 0.0205078 0.0422794
0 0.825684 0.954963 0.0283203 0.0496324
1 0.829102 0.622243 0.0234375 0.0477941
1 0.917236 0.494485 0.027832 0.0477941
1 0.439453 0.88557 0.0273438 0.046875
1 0.534668 0.332721 0.0244141 0.0441176
1 0.574951 0.390625 0.0200195 0.0349265
1 0.378174 0.691176 0.0229492 0.0441176
0 0.753906 0.923713 0.0283203 0.0496324
1 0.678711 0.0606618 0.0234375 0.0404412
1 0.381104 0.786765 0.0219727 0.0404412
1 0.300781 0.66682 0.0224609 0.0431985
0 0.557861 0.884191 0.0268555 0.0441176
1 0.415283 0.457261 0.0258789 0.0431985
1 0.316895 0.647518 0.0224609 0.0431985
1 0.0183105 0.196232 0.0258789 0.0505515
1 0.25708 0.84375 0.0249023 0.0441176
1 0.236572 0.712776 0.0239258 0.0431985
1 0.371094 0.539522 0.0253906 0.0459559
0 0.755615 0.789062 0.0258789 0.0431985
1 0.494141 0.670037 0.0214844 0.0422794
1 0.410156 0.340074 0.0253906 0.0459559
1 0.838379 0.12454 0.0234375 0.0431985
1 0.522949 0.0680147 0.0234375 0.0459559
1 0.0905762 0.0326287 0.0327148 0.0487132
0 0.565918 0.602022 0.0263672 0.0459559
1 0.196045 0.941176 0.027832 0.0477941
1 0.390137 0.661765 0.0224609 0.0422794
1 0.88208 0.0863971 0.0200195 0.0422794
1 0.691162 0.386489 0.0258789 0.046875
1 0.929688 0.563879 0.0263672 0.0450368
1 0.926514 0.855239 0.0268555 0.046875
1 0.572021 0.102482 0.0249023 0.046875
1 0.75293 0.923713 0.0273438 0.0533088
1 0.210938 0.0785846 0.0253906 0.0505515
1 0.0932617 0.601103 0.0214844 0.0422794
1 0.858643 0.0836397 0.0200195 0.0422794
1 0.525146 0.268842 0.0249023 0.046875
1 0.0144043 0.981618 0.0249023 0.0367647
1 0.172119 0.0188419 0.0288086 0.0376838
1 0.0778809 0.238511 0.0258789 0.0487132
1 0.391602 0.87454 0.0234375 0.0487132
1 0.811768 0.301471 0.0249023 0.0422794
1 0.0966797 0.357996 0.0253906 0.0450368
1 0.809326 0.118107 0.0219727 0.0431985
1 0.596191 0.295037 0.0234375 0.0441176
1 0.315918 0.154871 0.0224609 0.0450368
1 0.988281 0.174632 0.0214844 0.0514706
1 0.897705 0.106618 0.0219727 0.0441176
1 0.196777 0.530331 0.0224609 0.0422794
1 0.14624 0.586397 0.0200195 0.0422794
1 0.101807 0.523438 0.0239258 0.046875
1 0.785645 0.272059 0.0244141 0.0459559
1 0.377686 0.368107 0.0249023 0.0431985
1 0.03125 0.409926 0.0224609 0.0404412
1 0.419189 0.943934 0.0258789 0.0496324
1 0.583252 0.246783 0.0239258 0.0431985
1 0.805664 0.210018 0.0234375 0.0413603
1 0.506104 0.178768 0.0258789 0.046875
1 0.187256 0.482077 0.0239258 0.0450368
1 0.132324 0.608915 0.0214844 0.0413603
1 0.148193 0.234835 0.0249023 0.0431985
1 0.335449 0.183364 0.0244141 0.0450368
1 0.122314 0.821232 0.0258789 0.0450368
1 0.0234375 0.43796 0.0234375 0.0413603
1 0.158936 0.490349 0.0219727 0.0395221
1 0.0944824 0.814338 0.027832 0.0514706
1 0.98291 0.919118 0.0283203 0.0551471
1 0.23877 0.346048 0.0273438 0.0505515
1 0.163818 0.770221 0.0258789 0.0441176
1 0.228516 0.766544 0.0253906 0.0441176
1 0.205078 0.314338 0.0234375 0.0459559
1 0.313477 0.247243 0.0253906 0.0441176
1 0.152344 0.284467 0.0253906 0.0413603
