0 0.560303 0.875919 0.0249023 0.0441176
1 0.853271 0.0795037 0.0219727 0.0395221
1 0.653809 0.324449 0.0224609 0.0477941
0 0.654053 0.32307 0.0209961 0.0450368
1 0.129395 0.137868 0.0224609 0.0404412
0 0.292969 0.801471 0.0234375 0.0367647
1 0.0603027 0.894301 0.0229492 0.0422794
0 0.12915 0.137868 0.0229492 0.0404412
1 0.914062 0.590074 0.0234375 0.0330882
0 0.97876 0.441636 0.0219727 0.0431985
1 0.98291 0.1875 0.0263672 0.0459559
1 0.449951 0.161765 0.0180664 0.0386029
0 0.361084 0.684743 0.0268555 0.0477941
0 0.560547 0.609375 0.0234375 0.0459559
1 0.449219 0.512408 0.0205078 0.0395221
0 0.123779 0.476562 0.0219727 0.0431985
0 0.0332031 0.410386 0.0244141 0.0487132
0 0.560059 0.517004 0.0205078 0.0395221
0 0.290527 0.774816 0.0214844 0.0367647
1 0.36084 0.684743 0.0263672 0.0496324
1 0.979492 0.443015 0.0234375 0.0422794
0 0.726562 0.63511 0.0224609 0.0441176
1 0.123779 0.474724 0.0229492 0.0431985
0 0.510498 0.0174632 0.0209961 0.0349265
1 0.393066 0.657169 0.0244141 0.0459559
0 0.520264 0.0689338 0.0239258 0.0441176
0 0.781738 0.684743 0.0244141 0.0477941
0 0.535889 0.501379 0.0239258 0.0431985
0 0.417969 0.962776 0.0292969 0.0487132
0 0.0175781 0.463235 0.0273438 0.0569853
1 0.116943 0.161765 0.0239258 0.0422794
1 0.530029 0.808824 0.0219727 0.0386029
1 0.704834 0.653493 0.0249023 0.0459559
0 0.619141 0.983915 0.0273438 0.0321691
1 0.0180664 0.464614 0.0263672 0.0523897
0 0.116455 0.161765 0.0229492 0.0459559
1 0.6604 0.0128676 0.0219727 0.0257353
1 0.706299 0.0234375 0.0209961 0.0376838
0 0.15918 0.498621 0.0224609 0.0431985
1 0.382568 0.787224 0.0209961 0.0395221
1 0.2771 0.193015 0.0219727 0.0404412
0 0.325928 0.628217 0.0249023 0.0450368
0 0.0859375 0.600184 0.0244141 0.0496324
1 0.617432 0.88557 0.0219727 0.0413603
1 0.0859375 0.599724 0.0244141 0.046875
0 0.829102 0.825827 0.0234375 0.046875
1 0.780762 0.686121 0.0263672 0.046875
0 0.732422 0.186121 0.0224609 0.0431985
0 0.878906 0.0799632 0.0234375 0.0422794
1 0.0327148 0.409467 0.0244141 0.0450368
1 0.175781 0.827665 0.0263672 0.046875
0 0.53125 0.461397 0.0253906 0.0459559
1 0.170898 0.0160846 0.0283203 0.0321691
1 0.0947266 0.349265 0.0273438 0.0459559
1 0.634766 0.881893 0.0214844 0.0395221
1 0.418701 0.784007 0.0239258 0.0422794
1 0.259033 0.846048 0.0288086 0.0487132
1 0.065918 0.799173 0.0234375 0.0395221
1 0.46167 0.672794 0.0268555 0.0477941
0 0.351562 0.80239 0.0224609 0.0459559
1 0.67334 0.710478 0.0244141 0.0477941
1 0.194824 0.922794 0.0253906 0.0459559
1 0.604736 0.0147059 0.0249023 0.0294118
1 0.51123 0.681985 0.0273438 0.0477941
1 0.19751 0.533088 0.0249023 0.0459559
1 0.740479 0.914982 0.0288086 0.0487132
1 0.695312 0.381434 0.0244141 0.0422794
0 0.19751 0.532169 0.0239258 0.0459559
1 0.731689 0.0992647 0.0249023 0.0459559
1 0.520264 0.0703125 0.0239258 0.0431985
1 0.827393 0.824908 0.0219727 0.046875
1 0.158691 0.499081 0.0234375 0.0459559
1 0.840576 0.683824 0.0219727 0.0441176
1 0.66748 0.392923 0.0234375 0.046875
1 0.989014 0.818474 0.0200195 0.0431985
1 0.939941 0.721048 0.0205078 0.0395221
1 0.126709 0.502298 0.0209961 0.0450368
1 0.37793 0.371324 0.0263672 0.0514706
1 0.802246 0.168199 0.0234375 0.0459559
1 0.372559 0.536305 0.0283203 0.0487132
0 0.074707 0.25046 0.0263672 0.0487132
1 0.941406 0.694853 0.0234375 0.0404412
0 0.297607 0.672335 0.027832 0.0487132
1 0.910156 0.504136 0.0253906 0.0431985
1 0.146484 0.588235 0.0234375 0.0477941
1 0.64624 0.389706 0.0249023 0.0441176
1 0.832764 0.126838 0.0249023 0.0441176
1 0.128418 0.828585 0.0263672 0.0505515
1 0.153076 0.228401 0.027832 0.0505515
0 0.258057 0.846507 0.0258789 0.0422794
1 0.45874 0.107537 0.0249023 0.0459559
1 0.783203 0.59375 0.0253906 0.0441176
1 0.689941 0.444853 0.0244141 0.0422794
1 0.766846 0.0850184 0.0209961 0.0413603
1 0.851562 0.262408 0.0263672 0.0413603
0 0.0925293 0.0363051 0.0327148 0.0505515
1 0.185303 0.380974 0.0219727 0.0413603
1 0.39502 0.871324 0.0263672 0.0514706
1 0.30835 0.125 0.0268555 0.0514706
1 0.590088 0.363511 0.0249023 0.0450368
1 0.186768 0.464154 0.0258789 0.0477941
1 0.566406 0.384191 0.0253906 0.0441176
1 0.0141602 0.980239 0.0253906 0.0395221
0 0.316895 0.879136 0.0244141 0.046875
1 0.992676 0.549632 0.0146484 0.0477941
1 0.755859 0.789062 0.0253906 0.0450368
1 0.713135 0.477022 0.0249023 0.0441176
1 0.231934 0.347426 0.0234375 0.0477941
1 0.885986 0.236673 0.034668 0.0487132
1 0.434814 0.882812 0.0258789 0.046875
1 0.165527 0.772518 0.0253906 0.0487132
0 0.269531 0.984375 0.0273438 0.03125
1 0.612061 0.252757 0.0209961 0.0422794
1 0.407227 0.344669 0.0273438 0.0459559
1 0.533936 0.339154 0.0258789 0.0459559
1 0.206055 0.855239 0.0292969 0.0487132
1 0.457764 0.497702 0.0249023 0.0413603
1 0.695557 0.741728 0.0219727 0.0459559
1 0.777832 0.869945 0.0224609 0.0395221
1 0.854736 0.680147 0.0200195 0.0404412
1 0.879883 0.823989 0.0234375 0.046875
1 0.990967 0.761489 0.0180664 0.0413603
1 0.0930176 0.8125 0.0268555 0.0496324
1 0.597656 0.228401 0.0214844 0.0431985
1 0.360596 0.167279 0.0268555 0.0441176
1 0.409912 0.537684 0.0268555 0.0459559
1 0.762207 0.883732 0.0234375 0.0376838
1 0.598145 0.300551 0.0244141 0.0459559
1 0.577393 0.249081 0.0219727 0.0477941
1 0.828125 0.624081 0.0234375 0.0514706
0 0.0114746 0.207261 0.0219727 0.0505515
1 0.108887 0.529871 0.0263672 0.0487132
1 0.855469 0.867647 0.0253906 0.0459559
1 0.806396 0.297335 0.0249023 0.0431985
1 0.802246 0.10386 0.0234375 0.0422794
1 0.804932 0.233915 0.0249023 0.0450368
1 0.675049 0.0579044 0.0239258 0.0441176
1 0.959961 0.217831 0.0234375 0.0367647
0 0.234619 0.710478 0.0249023 0.0459559
1 0.813965 0.443015 0.0263672 0.0422794
1 0.197754 0.365349 0.0224609 0.0395221
1 0.761963 0.0477941 0.0219727 0.0404412
1 0.797607 0.405331 0.0239258 0.0422794
1 0.946045 0.317096 0.0268555 0.0441176
1 0.408203 0.205882 0.0263672 0.0477941
1 0.418457 0.960938 0.0273438 0.0487132
1 0.972656 0.193474 0.0253906 0.0395221
1 0.394287 0.116268 0.0229492 0.0450368
1 0.781494 0.273897 0.0258789 0.0459559
1 0.92041 0.841452 0.0263672 0.046875
1 0.146729 0.304228 0.0258789 0.0477941
1 0.572266 0.104779 0.0253906 0.0422794
1 0.991455 0.17739 0.0170898 0.0441176
1 0.877441 0.709099 0.0234375 0.0431985
1 0.678955 0.136489 0.0288086 0.0505515
1 0.223877 0.790441 0.0268555 0.0477941
1 0.0300293 0.886029 0.0258789 0.0459559
1 0.932861 0.331801 0.0219727 0.0422794
1 0.443115 0.471967 0.0219727 0.0431985
1 0.0407715 0.925551 0.0239258 0.0459559
1 0.499512 0.175092 0.0263672 0.0487132
1 0.133057 0.626838 0.0258789 0.0477941
1 0.403076 0.159467 0.0229492 0.046875
1 0.221436 0.0758272 0.0268555 0.0487132
1 0.915527 0.55239 0.0234375 0.0422794
1 0.530029 0.269301 0.0239258 0.0459559
1 0.332275 0.199449 0.0249023 0.0441176
1 0.964111 0.753676 0.0249023 0.0441176
1 0.82959 0.952206 0.0263672 0.0477941
1 0.414062 0.463235 0.0263672 0.0496324
1 0.316406 0.24954 0.0253906 0.0431985
1 0.483154 0.134191 0.0249023 0.0477941
1 0.207764 0.309743 0.0239258 0.0459559
1 0.241211 0.0275735 0.0253906 0.0477941
1 0.98584 0.933824 0.0263672 0.0514706
1 0.364014 0.202665 0.0219727 0.0413603
1 0.981201 0.733915 0.0219727 0.0395221
