0 0.619629 0.982996 0.03125 0.0266544
0 0.563721 0.610294 0.0239258 0.0459559
1 0.761719 0.883732 0.0214844 0.0358456
1 0.190674 0.37546 0.0219727 0.0395221
0 0.535889 0.5 0.0258789 0.0441176
1 0.659424 0.0124081 0.0200195 0.0248162
1 0.0766602 0.246783 0.0302734 0.0523897
0 0.357178 0.798254 0.0239258 0.0413603
1 0.533203 0.461397 0.0214844 0.0422794
1 0.0341797 0.903033 0.0292969 0.0615809
0 0.829102 0.823529 0.0234375 0.0459559
1 0.854004 0.0767463 0.0205078 0.0413603
1 0.125 0.48989 0.0224609 0.0514706
0 0.197021 0.532169 0.0249023 0.0477941
1 0.962402 0.212316 0.0234375 0.0404412
1 0.989746 0.819853 0.0185547 0.0441176
1 0.879639 0.0790441 0.0200195 0.0386029
0 0.532715 0.461397 0.0244141 0.0441176
1 0.984375 0.764706 0.0205078 0.0386029
0 0.878906 0.0818015 0.0234375 0.0404412
0 0.510498 0.680607 0.0288086 0.0505515
0 0.392822 0.657169 0.0239258 0.0459559
1 0.234131 0.349265 0.0239258 0.0459559
1 0.53833 0.49954 0.0229492 0.0413603
1 0.834473 0.865349 0.0205078 0.0395221
1 0.673096 0.712776 0.0229492 0.0450368
1 0.608154 0.015625 0.0258789 0.03125
0 0.0917969 0.0358456 0.0351562 0.0533088
1 0.259521 0.846967 0.0288086 0.046875
1 0.510742 0.679688 0.0273438 0.046875
0 0.464844 0.670956 0.0253906 0.0477941
1 0.456299 0.495404 0.0219727 0.0404412
1 0.381348 0.786765 0.0244141 0.0477941
0 0.364502 0.688419 0.0249023 0.0496324
0 0.235352 0.710938 0.0253906 0.046875
1 0.37793 0.370864 0.0253906 0.0450368
1 0.708008 0.651654 0.0234375 0.0422794
1 0.734863 0.181066 0.0224609 0.0459559
1 0.0183105 0.461397 0.0268555 0.0514706
1 0.7771 0.872243 0.0209961 0.0386029
1 0.092041 0.0349265 0.0336914 0.0551471
1 0.910156 0.5 0.0263672 0.0441176
1 0.828125 0.82307 0.0214844 0.046875
1 0.885986 0.236673 0.027832 0.0450368
0 0.324951 0.630974 0.0239258 0.0450368
1 0.918945 0.555147 0.0234375 0.0441176
1 0.72998 0.101103 0.0234375 0.0459559
0 0.0761719 0.247243 0.03125 0.0533088
1 0.0888672 0.599265 0.0253906 0.0496324
1 0.943604 0.321232 0.0219727 0.0413603
1 0.978271 0.438879 0.0249023 0.0431985
1 0.197021 0.533088 0.0258789 0.0459559
1 0.0944824 0.350643 0.0288086 0.0487132
1 0.646973 0.390165 0.0224609 0.0450368
1 0.877441 0.714154 0.0234375 0.0441176
1 0.195557 0.929228 0.0258789 0.0441176
1 0.780029 0.690717 0.0258789 0.0487132
1 0.17627 0.829504 0.0253906 0.0431985
1 0.970947 0.199449 0.0219727 0.0386029
1 0.157471 0.501379 0.0229492 0.046875
1 0.152344 0.22886 0.0273438 0.0514706
1 0.767334 0.0859375 0.0209961 0.0395221
1 0.677002 0.058364 0.0229492 0.0395221
1 0.588867 0.362132 0.0234375 0.0422794
1 0.439941 0.883732 0.0283203 0.0487132
1 0.410156 0.538143 0.0253906 0.046875
1 0.991455 0.761029 0.0170898 0.0404412
0 0.269531 0.984375 0.0273438 0.03125
1 0.171387 0.0165441 0.0283203 0.0330882
0 0.258057 0.846507 0.0258789 0.0441176
1 0.359863 0.170496 0.0224609 0.0413603
1 0.186768 0.467371 0.0268555 0.046875
1 0.372314 0.536765 0.027832 0.0496324
1 0.393311 0.869945 0.0288086 0.0560662
1 0.712891 0.476562 0.0253906 0.0395221
1 0.691406 0.445772 0.0234375 0.0441176
1 0.679688 0.132353 0.0253906 0.0441176
0 0.316162 0.880974 0.0249023 0.0487132
1 0.726562 0.63557 0.0214844 0.0431985
1 0.834473 0.126379 0.0234375 0.0413603
1 0.0317383 0.410386 0.0253906 0.0450368
1 0.0927734 0.811121 0.0273438 0.0487132
1 0.933594 0.331801 0.0205078 0.0386029
1 0.520752 0.0698529 0.0229492 0.0422794
1 0.879883 0.823529 0.0234375 0.0477941
1 0.855469 0.867647 0.0253906 0.0459559
1 0.416992 0.959099 0.0273438 0.0487132
0 0.298096 0.670956 0.0297852 0.0477941
0 0.0131836 0.202665 0.0253906 0.0579044
1 0.802246 0.169577 0.0224609 0.0450368
1 0.571777 0.104779 0.0224609 0.0404412
1 0.145752 0.588235 0.0258789 0.0477941
1 0.743408 0.917739 0.0249023 0.046875
1 0.851562 0.261949 0.0263672 0.0422794
1 0.783447 0.59421 0.0258789 0.0431985
1 0.992676 0.545037 0.0146484 0.0477941
1 0.755859 0.789062 0.0253906 0.0450368
1 0.759766 0.0546875 0.0214844 0.0395221
1 0.69458 0.734835 0.0200195 0.046875
1 0.92041 0.842831 0.0263672 0.0459559
1 0.146484 0.303309 0.0263672 0.0477941
1 0.612305 0.251379 0.0195312 0.0395221
1 0.309326 0.130055 0.0288086 0.0505515
1 0.205078 0.85432 0.0273438 0.0450368
1 0.414551 0.460478 0.0263672 0.0496324
1 0.797363 0.407169 0.0224609 0.0404412
1 0.534424 0.339154 0.0229492 0.0441176
1 0.0141602 0.980699 0.0244141 0.0386029
1 0.128418 0.829044 0.0263672 0.0514706
1 0.964844 0.751838 0.0253906 0.0441176
1 0.224365 0.786765 0.027832 0.0477941
1 0.164307 0.772518 0.0258789 0.0487132
1 0.668701 0.392004 0.0219727 0.0413603
1 0.828125 0.624081 0.0253906 0.0533088
1 0.39502 0.123162 0.0244141 0.0422794
1 0.692139 0.384651 0.0239258 0.0450368
1 0.445312 0.474265 0.0214844 0.0404412
1 0.0380859 0.920037 0.0263672 0.0459559
1 0.407959 0.204044 0.0258789 0.0459559
1 0.568848 0.388787 0.0234375 0.0422794
1 0.990967 0.176471 0.0180664 0.0459559
1 0.803955 0.107537 0.0229492 0.0441176
1 0.825684 0.953585 0.0263672 0.046875
1 0.459961 0.109835 0.0234375 0.0487132
1 0.408691 0.342371 0.0263672 0.0450368
1 0.805664 0.22932 0.0244141 0.0450368
1 0.36084 0.200827 0.0224609 0.0431985
1 0.598145 0.300551 0.0244141 0.0441176
1 0.782471 0.272978 0.0258789 0.0459559
1 0.500244 0.174173 0.0258789 0.0450368
1 0.596924 0.22932 0.0200195 0.0431985
1 0.813232 0.442096 0.0249023 0.0422794
1 0.80835 0.298713 0.0239258 0.0422794
1 0.217529 0.0762868 0.0258789 0.0477941
1 0.0305176 0.884651 0.0258789 0.0431985
1 0.108398 0.528952 0.0273438 0.0505515
1 0.577881 0.25 0.0209961 0.0459559
1 0.132812 0.623621 0.0263672 0.0487132
1 0.402588 0.159467 0.0219727 0.0450368
1 0.483398 0.131893 0.0234375 0.046875
1 0.315918 0.25 0.0263672 0.0459559
1 0.206787 0.3125 0.0249023 0.0477941
1 0.528809 0.270221 0.0234375 0.0459559
1 0.333252 0.194853 0.0258789 0.0459559
1 0.985107 0.931066 0.0268555 0.0533088
1 0.244873 0.0252757 0.0258789 0.0450368
1 0.980469 0.734375 0.0214844 0.0386029
