1 0.450439 0.162684 0.019043 0.0386029
1 0.530029 0.809743 0.0209961 0.0349265
0 0.852295 0.0785846 0.0200195 0.0413603
1 0.853271 0.0795037 0.0219727 0.0395221
0 0.697021 0.740349 0.0219727 0.0450368
0 0.560547 0.609375 0.0234375 0.0459559
1 0.2771 0.193934 0.0209961 0.0386029
0 0.560303 0.875919 0.0249023 0.0441176
0 0.740479 0.915441 0.0288086 0.0514706
0 0.560547 0.516544 0.0205078 0.0404412
1 0.983643 0.18704 0.0249023 0.0450368
0 0.361328 0.684743 0.0273438 0.0496324
0 0.0332031 0.410386 0.0244141 0.0487132
1 0.128662 0.137868 0.0229492 0.0404412
1 0.538086 0.500919 0.0234375 0.0441176
0 0.97876 0.441636 0.0219727 0.0431985
1 0.979492 0.442555 0.0234375 0.0431985
1 0.449707 0.512868 0.0205078 0.0386029
0 0.417969 0.962776 0.0283203 0.0487132
1 0.419189 0.783548 0.0239258 0.0413603
1 0.117188 0.161765 0.0234375 0.0422794
1 0.123535 0.474724 0.0224609 0.0431985
0 0.462402 0.672335 0.0273438 0.046875
1 0.6604 0.0128676 0.0209961 0.0257353
1 0.727539 0.63511 0.0234375 0.0441176
0 0.510498 0.0174632 0.0200195 0.0349265
0 0.123779 0.476562 0.0219727 0.0431985
0 0.0178223 0.463235 0.027832 0.0551471
1 0.915771 0.602482 0.0219727 0.0376838
1 0.092041 0.0349265 0.0307617 0.0533088
1 0.361328 0.684743 0.0273438 0.0514706
0 0.536133 0.501379 0.0234375 0.0431985
1 0.705078 0.653493 0.0253906 0.0459559
1 0.382568 0.787224 0.0209961 0.0395221
1 0.393066 0.657169 0.0244141 0.0459559
0 0.116455 0.161305 0.0229492 0.0450368
1 0.781006 0.686121 0.0258789 0.046875
1 0.617432 0.88557 0.0219727 0.0395221
0 0.5896 0.363051 0.0249023 0.0459559
0 0.158936 0.499081 0.0219727 0.0422794
1 0.0649414 0.801471 0.0234375 0.0404412
0 0.520264 0.0689338 0.0239258 0.0441176
0 0.619629 0.983915 0.0273438 0.0321691
0 0.326172 0.627757 0.0253906 0.0422794
1 0.0180664 0.464614 0.0263672 0.0523897
1 0.989014 0.818934 0.019043 0.0422794
1 0.939941 0.720129 0.0205078 0.0395221
0 0.781738 0.684743 0.0244141 0.0477941
1 0.840576 0.683824 0.0219727 0.0422794
1 0.941406 0.695772 0.0214844 0.0404412
0 0.726562 0.634651 0.0224609 0.0431985
1 0.0859375 0.599724 0.0234375 0.046875
1 0.0947266 0.349724 0.0263672 0.0450368
0 0.0859375 0.600184 0.0244141 0.0496324
0 0.53125 0.461397 0.0253906 0.0441176
1 0.170898 0.0160846 0.0273438 0.0321691
1 0.634521 0.881893 0.0209961 0.0395221
1 0.827393 0.824908 0.0219727 0.046875
1 0.197266 0.533088 0.0253906 0.0459559
1 0.740967 0.914982 0.0288086 0.046875
1 0.462158 0.672335 0.0258789 0.046875
1 0.259277 0.846048 0.0292969 0.0487132
0 0.351807 0.80239 0.0229492 0.0459559
1 0.731201 0.0992647 0.0249023 0.0459559
1 0.0625 0.89568 0.0263672 0.046875
0 0.878906 0.0804228 0.0234375 0.0431985
1 0.175537 0.827665 0.0268555 0.046875
0 0.829102 0.824908 0.0234375 0.046875
1 0.194824 0.923713 0.0253906 0.0441176
0 0.73291 0.186121 0.0224609 0.0431985
1 0.125977 0.494485 0.0234375 0.0533088
1 0.158447 0.499081 0.0229492 0.0459559
1 0.67334 0.709559 0.0244141 0.0477941
1 0.605225 0.0147059 0.0249023 0.0294118
1 0.510742 0.681985 0.0273438 0.0477941
1 0.520508 0.0703125 0.0234375 0.0431985
1 0.372803 0.536305 0.027832 0.0487132
1 0.66748 0.392463 0.0234375 0.0459559
1 0.0324707 0.409926 0.0249023 0.0441176
1 0.802002 0.168658 0.0239258 0.0450368
0 0.19751 0.532169 0.0239258 0.0459559
1 0.146729 0.588235 0.0229492 0.0477941
1 0.83374 0.126838 0.0249023 0.0422794
1 0.64624 0.389706 0.0249023 0.0441176
1 0.910156 0.503676 0.0253906 0.0441176
1 0.695068 0.381893 0.0249023 0.0431985
0 0.0751953 0.25046 0.0263672 0.0487132
1 0.185059 0.380515 0.0224609 0.0404412
1 0.128662 0.828585 0.0258789 0.0505515
1 0.37793 0.371324 0.0263672 0.0514706
1 0.766846 0.0845588 0.0209961 0.0404412
1 0.783447 0.59375 0.0258789 0.0441176
1 0.45874 0.107537 0.0249023 0.0459559
1 0.755859 0.789522 0.0253906 0.0459559
1 0.880371 0.823529 0.0234375 0.0477941
1 0.152832 0.228401 0.0273438 0.0505515
1 0.851562 0.262408 0.0263672 0.0413603
1 0.394775 0.871324 0.0268555 0.0514706
1 0.56665 0.38557 0.0249023 0.0431985
1 0.534424 0.338235 0.0249023 0.0477941
1 0.885742 0.237132 0.03125 0.0477941
0 0.297607 0.672335 0.027832 0.0487132
0 0.258301 0.846507 0.0263672 0.0422794
0 0.0922852 0.0363051 0.0332031 0.0505515
1 0.186768 0.464614 0.0258789 0.046875
1 0.854004 0.681066 0.0205078 0.0404412
1 0.30835 0.12546 0.0268555 0.0505515
1 0.590088 0.363511 0.0249023 0.0450368
1 0.435303 0.882812 0.0249023 0.046875
1 0.712891 0.477022 0.0253906 0.0441176
1 0.855469 0.867647 0.0253906 0.0459559
1 0.612061 0.252757 0.0200195 0.0422794
1 0.0930176 0.8125 0.0268555 0.0477941
1 0.457764 0.498162 0.0239258 0.0404412
1 0.407471 0.34375 0.0268555 0.0441176
1 0.689941 0.445312 0.0244141 0.0431985
1 0.165039 0.772518 0.0253906 0.0487132
1 0.992676 0.549632 0.0146484 0.0477941
1 0.231934 0.347426 0.0234375 0.0477941
1 0.762451 0.883732 0.0229492 0.0376838
0 0.269531 0.984375 0.0273438 0.03125
0 0.31665 0.879136 0.0249023 0.0487132
1 0.990967 0.761029 0.0180664 0.0404412
1 0.828125 0.624081 0.0253906 0.0514706
1 0.360352 0.16682 0.0263672 0.0431985
1 0.206299 0.855239 0.0288086 0.046875
1 0.777588 0.869945 0.0219727 0.0395221
1 0.0144043 0.980239 0.0249023 0.0395221
1 0.695557 0.742188 0.0219727 0.0450368
1 0.597656 0.227941 0.0214844 0.0422794
1 0.804932 0.233915 0.0249023 0.0450368
0 0.0117188 0.207261 0.0214844 0.0505515
1 0.109131 0.529871 0.0258789 0.0487132
1 0.960938 0.217371 0.0234375 0.0358456
1 0.409912 0.537684 0.0268555 0.0459559
1 0.802246 0.10386 0.0234375 0.0422794
1 0.598633 0.300551 0.0234375 0.0441176
1 0.408691 0.205423 0.0263672 0.046875
0 0.234863 0.710018 0.0253906 0.046875
1 0.761963 0.0477941 0.0219727 0.0404412
1 0.807129 0.297794 0.0244141 0.0422794
1 0.675049 0.058364 0.0249023 0.0431985
1 0.577393 0.248621 0.0219727 0.046875
1 0.678467 0.13557 0.027832 0.0487132
1 0.197754 0.365809 0.0224609 0.0386029
1 0.813965 0.443015 0.0263672 0.0422794
1 0.945312 0.318015 0.0253906 0.0441176
1 0.971924 0.193934 0.0249023 0.0386029
1 0.991455 0.17739 0.0170898 0.0441176
1 0.572266 0.10432 0.0244141 0.0413603
1 0.418457 0.960938 0.0283203 0.0487132
1 0.797607 0.405331 0.0239258 0.0422794
1 0.146973 0.304228 0.0253906 0.0477941
1 0.877441 0.709099 0.0234375 0.0431985
1 0.92041 0.841452 0.0263672 0.046875
1 0.781738 0.273897 0.0263672 0.0459559
1 0.442871 0.471967 0.0224609 0.0431985
1 0.933594 0.331801 0.0214844 0.0404412
1 0.223877 0.789982 0.0268555 0.046875
1 0.394775 0.116268 0.0229492 0.0450368
1 0.403076 0.159467 0.0229492 0.046875
1 0.132812 0.626379 0.0253906 0.046875
1 0.0300293 0.88511 0.0258789 0.0441176
1 0.499512 0.175551 0.0263672 0.0477941
1 0.0412598 0.925551 0.0239258 0.0459559
1 0.221436 0.0758272 0.0268555 0.0487132
1 0.332275 0.199449 0.0249023 0.0441176
1 0.82959 0.952206 0.0263672 0.0477941
1 0.414062 0.462776 0.0263672 0.0487132
1 0.530029 0.269301 0.0239258 0.0459559
1 0.964111 0.753676 0.0249023 0.0422794
1 0.915527 0.55239 0.0234375 0.0422794
1 0.483154 0.133732 0.0249023 0.0487132
1 0.316406 0.25 0.0253906 0.0441176
1 0.36377 0.203125 0.0224609 0.0404412
1 0.241211 0.027114 0.0253906 0.046875
1 0.98584 0.933824 0.0263672 0.0533088
1 0.207764 0.309743 0.0239258 0.0459559
1 0.981201 0.734375 0.0219727 0.0386029
