1 0.806152 0.113051 0.0234375 0.0422794
1 0.879883 0.824449 0.0234375 0.0422794
0 0.560791 0.519301 0.0219727 0.0349265
0 0.767578 0.0873162 0.0205078 0.0404412
0 0.893799 0.118107 0.0219727 0.0395221
0 0.835205 0.127757 0.0249023 0.0404412
0 0.726562 0.633732 0.0205078 0.0431985
1 0.910889 0.49954 0.0268555 0.0431985
1 0.360596 0.182445 0.0200195 0.0395221
0 0.855469 0.078125 0.0205078 0.0386029
0 0.760986 0.0606618 0.0200195 0.0349265
1 0.564941 0.607996 0.0283203 0.0487132
0 0.736816 0.17693 0.0244141 0.0450368
0 0.780518 0.693015 0.0249023 0.0459559
0 0.806152 0.112132 0.0234375 0.0441176
1 0.886719 0.235754 0.0253906 0.0431985
1 0.735596 0.178768 0.0249023 0.046875
0 0.746826 0.921875 0.0258789 0.0422794
0 0.441162 0.88557 0.0288086 0.046875
0 0.833496 0.863511 0.0205078 0.0395221
1 0.380859 0.785386 0.0234375 0.0450368
1 0.710938 0.648897 0.0224609 0.0404412
1 0.0766602 0.244945 0.03125 0.0523897
0 0.521484 0.0684743 0.0244141 0.0431985
1 0.746826 0.920496 0.0239258 0.0431985
1 0.730469 0.10386 0.0234375 0.0459559
0 0.755859 0.788143 0.0244141 0.0431985
0 0.729492 0.104779 0.0234375 0.0459559
1 0.377686 0.369945 0.0258789 0.0431985
1 0.780518 0.692555 0.0249023 0.046875
0 0.409424 0.340993 0.0268555 0.0459559
1 0.409668 0.341452 0.0263672 0.0450368
0 0.236572 0.711397 0.0249023 0.0441176
1 0.678223 0.0597426 0.0234375 0.0404412
1 0.0297852 0.88511 0.0244141 0.0386029
1 0.72583 0.633272 0.0219727 0.0422794
1 0.99292 0.539062 0.0141602 0.0450368
1 0.649902 0.393382 0.0224609 0.0422794
1 0.372314 0.538603 0.0268555 0.0477941
0 0.608887 0.0137868 0.0224609 0.0275735
0 0.880371 0.823529 0.0234375 0.0477941
0 0.829102 0.821232 0.0234375 0.0431985
1 0.0354004 0.914062 0.0229492 0.0358456
0 0.689697 0.72886 0.0219727 0.0459559
1 0.83667 0.12546 0.0249023 0.0450368
1 0.196045 0.532629 0.0249023 0.0450368
1 0.696533 0.44807 0.0229492 0.0376838
1 0.259766 0.846967 0.0283203 0.046875
1 0.520996 0.0698529 0.0234375 0.0422794
1 0.0136719 0.201746 0.0263672 0.0597426
1 0.440674 0.886949 0.0288086 0.0514706
0 0.39209 0.65671 0.0244141 0.046875
1 0.992188 0.76057 0.015625 0.0395221
0 0.535889 0.494026 0.0239258 0.0431985
0 0.258057 0.845588 0.0268555 0.0422794
1 0.679688 0.130515 0.0273438 0.0441176
1 0.571045 0.105699 0.0229492 0.0422794
0 0.315918 0.882812 0.0244141 0.046875
1 0.589111 0.363511 0.0239258 0.0450368
1 0.311768 0.132353 0.0268555 0.0477941
0 0.269775 0.984375 0.0268555 0.03125
0 0.55957 0.877757 0.0273438 0.0459559
1 0.921875 0.845588 0.0234375 0.0404412
1 0.876709 0.715533 0.0249023 0.0431985
0 0.0761719 0.245864 0.0332031 0.0542279
1 0.226318 0.783088 0.027832 0.0477941
1 0.799072 0.409007 0.0219727 0.0367647
1 0.813232 0.442096 0.0249023 0.0422794
0 0.710938 0.649816 0.0234375 0.0386029
1 0.851562 0.261029 0.0253906 0.0422794
1 0.462891 0.112132 0.0205078 0.0441176
1 0.196533 0.931985 0.0268555 0.0441176
0 0.879883 0.082261 0.0234375 0.0395221
1 0.534424 0.337776 0.0229492 0.0450368
0 0.367432 0.691636 0.0249023 0.046875
1 0.710938 0.475184 0.0253906 0.0404412
1 0.829102 0.62454 0.0234375 0.046875
1 0.0942383 0.351562 0.0283203 0.0487132
0 0.672607 0.714154 0.0229492 0.0422794
0 0.564453 0.607996 0.0263672 0.0487132
1 0.156494 0.501838 0.0239258 0.0477941
0 0.856201 0.866728 0.0249023 0.0459559
1 0.824951 0.954963 0.0297852 0.0441176
1 0.966553 0.744945 0.0219727 0.0431985
1 0.803223 0.171875 0.0234375 0.0441176
0 0.466553 0.670037 0.0249023 0.0477941
1 0.78418 0.59375 0.0273438 0.0441176
1 0.0146484 0.980699 0.0244141 0.0386029
0 0.53418 0.463235 0.0234375 0.0404412
1 0.186768 0.471507 0.0249023 0.0459559
1 0.922607 0.560662 0.0249023 0.0404412
1 0.611328 0.25 0.0195312 0.0386029
1 0.668701 0.392463 0.0219727 0.0422794
0 0.299316 0.668658 0.0263672 0.046875
1 0.392578 0.875919 0.0263672 0.0533088
1 0.203613 0.85386 0.0253906 0.0441176
0 0.32373 0.634191 0.0234375 0.0422794
0 0.506348 0.679228 0.0263672 0.0477941
1 0.406982 0.203585 0.0268555 0.046875
1 0.171875 0.0179228 0.0283203 0.0358456
1 0.990234 0.175551 0.0195312 0.0459559
1 0.151367 0.231618 0.0273438 0.0477941
1 0.0178223 0.456342 0.0239258 0.0487132
1 0.246094 0.0225184 0.0263672 0.0431985
1 0.570312 0.388787 0.0234375 0.0422794
1 0.16333 0.772518 0.0258789 0.0487132
1 0.395264 0.129136 0.0209961 0.0395221
1 0.145508 0.586397 0.0244141 0.0459559
1 0.0917969 0.0326287 0.0332031 0.0542279
1 0.598145 0.299632 0.0244141 0.0441176
1 0.0314941 0.409926 0.0258789 0.0441176
1 0.127197 0.827206 0.0258789 0.0496324
1 0.235596 0.346967 0.0268555 0.0523897
1 0.215576 0.0772059 0.0249023 0.0496324
1 0.579346 0.248621 0.0229492 0.0431985
1 0.147217 0.301011 0.0297852 0.046875
1 0.482422 0.132353 0.0214844 0.0441176
1 0.106689 0.530331 0.0258789 0.0459559
1 0.0922852 0.8125 0.0263672 0.0477941
1 0.0913086 0.600184 0.0244141 0.0496324
1 0.691406 0.384651 0.0244141 0.0450368
1 0.598145 0.230239 0.0205078 0.0413603
1 0.804688 0.223346 0.0234375 0.0441176
1 0.177979 0.832721 0.0258789 0.0441176
1 0.333984 0.192096 0.0253906 0.0477941
1 0.501953 0.174632 0.0253906 0.0459559
1 0.402344 0.160386 0.0214844 0.0413603
1 0.810059 0.299632 0.0253906 0.0404412
1 0.419189 0.954504 0.027832 0.0505515
1 0.527832 0.270221 0.0244141 0.0477941
1 0.132568 0.621324 0.0249023 0.0459559
1 0.315186 0.249081 0.0268555 0.0477941
1 0.783203 0.271599 0.0263672 0.0450368
1 0.983643 0.928309 0.0268555 0.0514706
1 0.981201 0.734375 0.0200195 0.0404412
1 0.206055 0.313419 0.0263672 0.0496324
