0 0.754395 0.789062 0.0224609 0.0376838
0 0.497314 0.602022 0.019043 0.03125
0 0.352783 0.840074 0.0170898 0.0367647
0 0.818115 0.795496 0.0170898 0.0413603
0 0.607666 0.491268 0.0170898 0.0358456
0 0.687744 0.568934 0.0219727 0.0330882
0 0.533203 0.272978 0.0214844 0.03125
0 0.290039 0.660386 0.0185547 0.0395221
0 0.530029 0.629596 0.0229492 0.03125
0 0.957764 0.228401 0.019043 0.0395221
0 0.368652 0.796875 0.015625 0.0367647
0 0.369385 0.578125 0.0161133 0.0386029
0 0.49292 0.680147 0.019043 0.0294118
0 0.992188 0.182445 0.015625 0.0340074
0 0.366943 0.84421 0.0170898 0.0413603
0 0.529297 0.340533 0.0175781 0.0376838
0 0.471924 0.272059 0.0170898 0.0330882
0 0.990479 0.136029 0.0170898 0.0404412
0 0.036377 0.585478 0.0180664 0.0422794
0 0.691162 0.741728 0.0180664 0.0386029
0 0.617432 0.255515 0.0180664 0.0330882
0 0.3479 0.800551 0.0170898 0.0386029
0 0.541016 0.670956 0.0214844 0.0349265
0 0.597412 0.301471 0.0180664 0.0349265
0 0.988281 0.942096 0.0214844 0.0367647
0 0.207031 0.853401 0.0185547 0.0395221
0 0.30835 0.705423 0.0180664 0.0413603
0 0.200684 0.942096 0.0185547 0.0386029
0 0.550293 0.514706 0.0224609 0.0367647
0 0.828857 0.62546 0.0200195 0.0358456
0 0.574951 0.253676 0.019043 0.0367647
0 0.269775 0.982996 0.0229492 0.0340074
0 0.57251 0.210478 0.0170898 0.0367647
0 0.395264 0.112132 0.0219727 0.0404412
