1 0.533203 0.918658 0.0283203 0.0542279
1 0.785156 0.925092 0.0263672 0.046875
0 0.101074 0.0225184 0.0341797 0.0450368
1 0.438965 0.880974 0.03125 0.0560662
1 0.922607 0.976562 0.0297852 0.0450368
0 0.534424 0.919118 0.0307617 0.0496324
0 0.567871 0.596967 0.0302734 0.0560662
0 0.189453 0.54136 0.0341797 0.0680147
1 0.810791 0.119945 0.0219727 0.046875
1 0.0849609 0.238971 0.0332031 0.0625
1 0.101074 0.0234375 0.0341797 0.046875
1 0.964844 0.87454 0.0234375 0.046875
0 0.922607 0.975643 0.0297852 0.0431985
1 0.108887 0.387408 0.0292969 0.0634191
1 0.829834 0.771599 0.0297852 0.0560662
0 0.810791 0.117647 0.0239258 0.0477941
0 0.799072 0.595588 0.0288086 0.0477941
1 0.835938 0.12454 0.0214844 0.0450368
1 0.872559 0.744945 0.0263672 0.046875
1 0.569092 0.596507 0.027832 0.0496324
1 0.310547 0.240349 0.03125 0.0542279
1 0.202393 0.957261 0.0307617 0.0542279
0 0.831299 0.77068 0.0297852 0.0560662
0 0.96582 0.873162 0.0234375 0.0514706
0 0.309814 0.240349 0.0307617 0.0542279
1 0.945312 0.560202 0.0283203 0.0487132
0 0.826416 0.953585 0.0297852 0.0523897
0 0.438721 0.882353 0.0327148 0.0551471
0 0.828857 0.623162 0.0249023 0.0477941
1 0.917236 0.493566 0.0249023 0.0496324
0 0.0847168 0.238051 0.0356445 0.0588235
1 0.799805 0.595129 0.0273438 0.0487132
1 0.98877 0.172335 0.0224609 0.0505515
1 0.527588 0.272518 0.0209961 0.0376838
0 0.872559 0.746324 0.0263672 0.0477941
1 0.828857 0.625 0.0219727 0.0477941
1 0.38623 0.254596 0.0263672 0.0477941
1 0.415527 0.454963 0.0234375 0.0459559
0 0.201904 0.957261 0.027832 0.0487132
0 0.258789 0.846967 0.0273438 0.0505515
1 0.528809 0.307445 0.0224609 0.0450368
0 0.934326 0.883272 0.0249023 0.0422794
0 0.164551 0.772518 0.0283203 0.0542279
0 0.108887 0.388787 0.0292969 0.0606618
1 0.377441 0.367188 0.0244141 0.0431985
0 0.0219727 0.193015 0.0332031 0.0661765
1 0.39502 0.339614 0.0244141 0.0431985
1 0.825928 0.954504 0.0297852 0.0505515
1 0.689453 0.390165 0.0302734 0.0652574
1 0.189209 0.54182 0.034668 0.0652574
