0 0.310547 0.242188 0.0292969 0.0505515
0 0.536377 0.914522 0.0288086 0.0533088
1 0.310791 0.897059 0.027832 0.0477941
1 0.858643 0.0836397 0.0219727 0.0459559
0 0.567627 0.596507 0.0307617 0.0533088
0 0.189697 0.54136 0.0327148 0.0661765
1 0.108643 0.386949 0.0297852 0.0625
1 0.522949 0.20864 0.0185547 0.0404412
0 0.79834 0.595588 0.0283203 0.0477941
0 0.439209 0.881434 0.0249023 0.0441176
1 0.934326 0.880055 0.0249023 0.0450368
1 0.568848 0.596967 0.0263672 0.046875
1 0.921875 0.977941 0.0332031 0.0441176
1 0.799072 0.594669 0.0268555 0.0477941
1 0.536377 0.915901 0.0258789 0.0487132
0 0.920898 0.977941 0.03125 0.0422794
1 0.786621 0.270221 0.0234375 0.0386029
0 0.201172 0.959099 0.03125 0.0542279
0 0.258301 0.847426 0.0263672 0.0514706
1 0.811279 0.119485 0.0229492 0.0477941
1 0.201172 0.95864 0.0283203 0.0514706
1 0.989014 0.172335 0.0219727 0.0505515
1 0.829102 0.624081 0.0234375 0.0477941
0 0.828857 0.623162 0.0249023 0.0496324
0 0.828125 0.772059 0.03125 0.0551471
0 0.934326 0.883272 0.0249023 0.0422794
1 0.835938 0.12454 0.0234375 0.0450368
1 0.528564 0.309743 0.0209961 0.0404412
1 0.917236 0.494026 0.0249023 0.0505515
0 0.780029 0.921875 0.0317383 0.0496324
1 0.943604 0.563879 0.0297852 0.0505515
0 0.108398 0.388787 0.0292969 0.0606618
0 0.872559 0.745404 0.0283203 0.0496324
1 0.5271 0.269761 0.0209961 0.0395221
0 0.0849609 0.238971 0.0341797 0.0606618
0 0.165039 0.772059 0.0283203 0.0496324
1 0.415283 0.455882 0.0239258 0.0441176
1 0.311035 0.243107 0.0292969 0.0487132
0 0.0222168 0.192555 0.0327148 0.0652574
1 0.400391 0.334099 0.0234375 0.0431985
0 0.826416 0.953585 0.0297852 0.0542279
1 0.969482 0.880974 0.0268555 0.0487132
1 0.377686 0.368107 0.0249023 0.0450368
1 0.388428 0.248621 0.0258789 0.0487132
1 0.689941 0.389706 0.03125 0.0643382
1 0.189209 0.542279 0.0336914 0.0625
