0 0.102051 0.0234375 0.0361328 0.046875
0 0.838867 0.764706 0.0234375 0.0477941
0 0.924072 0.976562 0.0297852 0.046875
0 0.189453 0.54182 0.0351562 0.0726103
1 0.794922 0.925092 0.0224609 0.046875
1 0.438965 0.880055 0.0302734 0.0597426
1 0.30957 0.238051 0.0292969 0.0588235
0 0.794434 0.926011 0.0234375 0.0487132
1 0.109619 0.387408 0.0297852 0.0634191
0 0.799805 0.595129 0.0273438 0.0523897
0 0.858643 0.0831801 0.0249023 0.0487132
1 0.102295 0.0243566 0.034668 0.0487132
0 0.525391 0.20818 0.0253906 0.046875
1 0.839844 0.764706 0.0253906 0.0459559
0 0.259277 0.848805 0.0302734 0.0542279
0 0.872559 0.745404 0.0263672 0.0477941
1 0.258789 0.847886 0.0292969 0.0523897
1 0.416016 0.454963 0.0283203 0.0533088
1 0.93457 0.881893 0.0234375 0.0395221
1 0.828857 0.625 0.0219727 0.0477941
0 0.202881 0.957261 0.0317383 0.0542279
1 0.308838 0.904412 0.0307617 0.0551471
0 0.569824 0.597886 0.0322266 0.0579044
0 0.828857 0.623621 0.0249023 0.0487132
1 0.987549 0.173254 0.0249023 0.0560662
1 0.800781 0.59421 0.0253906 0.0505515
1 0.924072 0.976103 0.0297852 0.0441176
0 0.438965 0.881434 0.0351562 0.0588235
0 0.30835 0.238051 0.0307617 0.0588235
1 0.872559 0.744485 0.0263672 0.0459559
0 0.0849609 0.238051 0.0361328 0.0606618
0 0.164795 0.772978 0.0288086 0.0569853
1 0.203125 0.95818 0.03125 0.0560662
1 0.95459 0.556985 0.0263672 0.0514706
1 0.916504 0.495864 0.0263672 0.046875
1 0.825684 0.952665 0.0263672 0.0487132
0 0.109131 0.388327 0.0307617 0.0615809
1 0.956299 0.86489 0.0249023 0.0459559
0 0.0222168 0.193015 0.0327148 0.0661765
1 0.689941 0.389706 0.03125 0.0661765
1 0.189453 0.54136 0.0351562 0.0680147
