0 0.860352 0.0827206 0.03125 0.0477941
0 0.949951 0.865809 0.0249023 0.0367647
0 0.524414 0.207261 0.0234375 0.046875
0 0.382812 0.267463 0.0302734 0.0533088
0 0.102295 0.0234375 0.0356445 0.046875
1 0.30957 0.237592 0.0283203 0.0597426
0 0.189697 0.542279 0.034668 0.0716912
1 0.924072 0.975184 0.0297852 0.0459559
1 0.102539 0.0248162 0.0341797 0.0496324
1 0.950195 0.866728 0.0234375 0.0386029
1 0.801514 0.59375 0.0249023 0.0496324
1 0.825928 0.953125 0.0249023 0.0422794
1 0.438965 0.880055 0.0302734 0.0597426
0 0.259521 0.847886 0.0307617 0.0560662
0 0.203613 0.957261 0.03125 0.0542279
0 0.924805 0.975643 0.03125 0.0487132
0 0.825928 0.953585 0.0249023 0.0450368
0 0.842285 0.766085 0.0263672 0.0450368
1 0.872559 0.745404 0.0263672 0.0477941
0 0.798828 0.928768 0.0244141 0.046875
1 0.258545 0.847886 0.0297852 0.0542279
1 0.958008 0.556985 0.03125 0.0514706
0 0.800781 0.59375 0.0263672 0.0496324
1 0.416016 0.454504 0.0273438 0.0560662
1 0.916504 0.496324 0.0263672 0.0477941
1 0.987549 0.172794 0.0249023 0.0569853
0 0.570068 0.596967 0.0297852 0.0560662
0 0.438965 0.881434 0.0351562 0.0588235
0 0.308594 0.237592 0.0302734 0.0597426
0 0.164551 0.772978 0.0283203 0.0569853
0 0.829102 0.624081 0.0234375 0.0496324
1 0.689941 0.389246 0.0302734 0.0670956
0 0.872559 0.746324 0.0263672 0.0477941
1 0.203613 0.957261 0.03125 0.0560662
1 0.303955 0.90579 0.0288086 0.0560662
0 0.0849609 0.238971 0.0351562 0.0625
0 0.0222168 0.193015 0.0327148 0.0661765
0 0.109131 0.387868 0.0307617 0.0625
1 0.189209 0.542279 0.0336914 0.0661765
