0 0.838867 0.764706 0.0234375 0.0477941
0 0.416748 0.454504 0.027832 0.0579044
1 0.438965 0.880055 0.0302734 0.0597426
1 0.30957 0.238051 0.0292969 0.0588235
1 0.102539 0.0248162 0.0341797 0.0496324
0 0.794434 0.926011 0.0234375 0.0487132
0 0.102051 0.0234375 0.0351562 0.046875
1 0.794678 0.925092 0.0219727 0.046875
0 0.189697 0.54182 0.034668 0.0726103
1 0.109863 0.386949 0.0302734 0.0643382
1 0.416748 0.454504 0.0288086 0.0579044
0 0.800049 0.595129 0.027832 0.0523897
0 0.858643 0.0827206 0.0249023 0.0496324
1 0.839844 0.764706 0.0253906 0.0441176
1 0.258789 0.848346 0.0292969 0.0533088
0 0.525391 0.207721 0.0253906 0.0477941
0 0.872559 0.745404 0.0263672 0.0477941
0 0.259277 0.848805 0.0302734 0.0542279
1 0.93457 0.881893 0.0234375 0.0395221
1 0.828857 0.625 0.0219727 0.0477941
0 0.202881 0.957261 0.0317383 0.0542279
0 0.829102 0.623621 0.0234375 0.0487132
0 0.570068 0.597886 0.0327148 0.0560662
1 0.987549 0.172335 0.0249023 0.0560662
1 0.308838 0.904871 0.0297852 0.0560662
1 0.800781 0.594669 0.0253906 0.0496324
1 0.872559 0.744945 0.0263672 0.0450368
1 0.924072 0.975643 0.0297852 0.0431985
0 0.0847168 0.238051 0.0366211 0.0588235
0 0.438965 0.881434 0.0341797 0.0588235
0 0.308838 0.238051 0.0307617 0.0588235
0 0.164551 0.772518 0.0292969 0.0560662
1 0.203613 0.957261 0.03125 0.0560662
1 0.95459 0.556985 0.0263672 0.0514706
1 0.825684 0.952665 0.0263672 0.046875
1 0.91626 0.495864 0.0249023 0.046875
0 0.109131 0.387868 0.0307617 0.0625
1 0.956299 0.86489 0.0249023 0.0441176
0 0.0222168 0.193015 0.0327148 0.0661765
1 0.689941 0.389706 0.0302734 0.0661765
1 0.189209 0.54182 0.034668 0.0670956
