1 0.109863 0.387408 0.0302734 0.0634191
0 0.935059 0.882812 0.0234375 0.0395221
0 0.102295 0.0234375 0.0356445 0.046875
0 0.189453 0.542279 0.0351562 0.0735294
0 0.525146 0.206801 0.0258789 0.0477941
0 0.92334 0.976103 0.0283203 0.0441176
1 0.102539 0.0248162 0.0341797 0.0496324
1 0.840576 0.765625 0.0249023 0.0459559
1 0.796387 0.92693 0.0244141 0.046875
0 0.859375 0.082261 0.0234375 0.0487132
1 0.30957 0.238051 0.0292969 0.0606618
1 0.438965 0.880055 0.0302734 0.0597426
1 0.828857 0.625 0.0219727 0.0477941
0 0.259033 0.848805 0.0307617 0.0542279
0 0.203125 0.957261 0.03125 0.0523897
1 0.800781 0.59421 0.0253906 0.0505515
0 0.800781 0.594669 0.0263672 0.0496324
1 0.258545 0.847886 0.0297852 0.0523897
0 0.872559 0.746324 0.0263672 0.0477941
1 0.93457 0.881893 0.0234375 0.0395221
1 0.955566 0.556985 0.0283203 0.0514706
1 0.416016 0.454504 0.0283203 0.0560662
1 0.924316 0.976103 0.0283203 0.0441176
0 0.570068 0.597886 0.0327148 0.0579044
1 0.987549 0.173254 0.0249023 0.0560662
1 0.872559 0.745864 0.0283203 0.046875
0 0.439453 0.881434 0.0341797 0.0569853
0 0.828857 0.623621 0.0249023 0.0487132
0 0.308594 0.237592 0.03125 0.0597426
1 0.30542 0.904871 0.0297852 0.0542279
0 0.164551 0.772978 0.0283203 0.0569853
0 0.0852051 0.238971 0.034668 0.0625
1 0.203369 0.95818 0.0307617 0.0542279
1 0.825684 0.952665 0.0263672 0.046875
1 0.91626 0.495864 0.0249023 0.046875
1 0.689941 0.389706 0.0302734 0.0661765
1 0.954834 0.865809 0.0249023 0.0441176
0 0.109131 0.387868 0.0307617 0.0625
0 0.0222168 0.193015 0.0327148 0.0661765
1 0.189209 0.54182 0.034668 0.0670956
