0 0.367432 0.84421 0.0170898 0.0413603
0 0.991699 0.185662 0.0166016 0.0349265
0 0.451416 0.350643 0.0170898 0.0321691
0 0.939941 0.391544 0.015625 0.03125
0 0.157959 0.224265 0.0209961 0.0330882
0 0.467529 0.271599 0.0161133 0.0303309
0 0.119629 0.162684 0.0175781 0.0367647
0 0.948486 0.95864 0.019043 0.0422794
0 0.710205 0.556066 0.0209961 0.0275735
0 0.616455 0.254136 0.0180664 0.0303309
0 0.514404 0.469669 0.0219727 0.0349265
0 0.19873 0.539982 0.0195312 0.0376838
0 0.133301 0.13511 0.0185547 0.0386029
0 0.816406 0.302849 0.0185547 0.0284926
0 0.381104 0.368107 0.0200195 0.0376838
0 0.554199 0.829044 0.0205078 0.0367647
0 0.979736 0.447151 0.019043 0.0395221
0 0.353027 0.840993 0.0185547 0.0367647
0 0.617188 0.97886 0.0205078 0.0386029
0 0.533203 0.273897 0.0214844 0.0367647
0 0.925049 0.332261 0.019043 0.0376838
0 0.765381 0.897059 0.0209961 0.0404412
0 0.0388184 0.405331 0.0200195 0.0386029
0 0.368408 0.796875 0.0151367 0.0349265
0 0.581787 0.193474 0.0180664 0.0340074
0 0.00805664 0.985754 0.0161133 0.0284926
0 0.140625 0.299173 0.0175781 0.0358456
0 0.490723 0.576746 0.0205078 0.0303309
0 0.572266 0.107996 0.0185547 0.0321691
0 0.516357 0.823989 0.0219727 0.0413603
0 0.496826 0.606618 0.019043 0.0294118
0 0.108398 0.53125 0.0205078 0.0367647
0 0.830566 0.518382 0.0205078 0.0367647
0 0.168457 0.015625 0.0244141 0.03125
0 0.501221 0.341452 0.0170898 0.0340074
0 0.548096 0.581342 0.0161133 0.0358456
0 0.592285 0.372243 0.0166016 0.0386029
0 0.546387 0.318474 0.0205078 0.0321691
0 0.534668 0.673254 0.0234375 0.0266544
0 0.616455 0.890625 0.0200195 0.0422794
0 0.710205 0.655331 0.0209961 0.0330882
0 0.234375 0.965993 0.0195312 0.0386029
0 0.991455 0.132812 0.0170898 0.0395221
0 0.258789 0.845129 0.0214844 0.0340074
0 0.529297 0.340074 0.0205078 0.0367647
0 0.606934 0.490809 0.0185547 0.0367647
0 0.534668 0.802849 0.0195312 0.0395221
0 0.786133 0.676471 0.0195312 0.0404412
0 0.692139 0.637868 0.0219727 0.0330882
0 0.781494 0.582261 0.0219727 0.0431985
0 0.959473 0.226103 0.0205078 0.0367647
0 0.488281 0.355239 0.0175781 0.0358456
0 0.401611 0.160846 0.019043 0.0349265
0 0.0703125 0.809743 0.0195312 0.0386029
0 0.413086 0.206801 0.0195312 0.0422794
0 0.754883 0.787684 0.0234375 0.0386029
0 0.379639 0.0280331 0.0219727 0.0358456
0 0.918701 0.836397 0.0219727 0.0367647
0 0.0158691 0.470588 0.0219727 0.0404412
0 0.938232 0.246783 0.0219727 0.0303309
0 0.206787 0.855239 0.0200195 0.0413603
0 0.195557 0.246324 0.0200195 0.0404412
0 0.320068 0.872702 0.0209961 0.0413603
0 0.361328 0.161765 0.0205078 0.0349265
0 0.0415039 0.121324 0.0205078 0.0367647
0 0.776123 0.858456 0.0200195 0.0367647
0 0.547119 0.513327 0.0209961 0.0376838
0 0.348389 0.800551 0.0180664 0.0367647
0 0.948486 0.315257 0.0200195 0.0367647
0 0.828857 0.626379 0.0200195 0.0395221
0 0.0556641 0.11443 0.0205078 0.0340074
0 0.575195 0.252757 0.0195312 0.0349265
0 0.571777 0.212776 0.0195312 0.0340074
0 0.727295 0.629596 0.0229492 0.0386029
0 0.598145 0.300092 0.0185547 0.0376838
0 0.269287 0.983456 0.0239258 0.0330882
0 0.0927734 0.035386 0.0253906 0.0413603
0 0.128174 0.826287 0.0200195 0.0422794
0 0.395508 0.112592 0.0224609 0.0413603
0 0.987305 0.942096 0.0234375 0.0367647
