1 0.097168 0.0238971 0.0322266 0.0477941
1 0.409668 0.902114 0.0224609 0.0450368
0 0.0969238 0.0252757 0.0297852 0.0450368
1 0.398682 0.351103 0.0366211 0.0496324
1 0.882812 0.241268 0.0214844 0.046875
1 0.165039 0.772059 0.0283203 0.0551471
1 0.858643 0.0836397 0.0219727 0.0459559
0 0.179443 0.0340074 0.0356445 0.0533088
1 0.858643 0.252757 0.0219727 0.0404412
0 0.410156 0.900276 0.0214844 0.046875
1 0.172119 0.0215993 0.0288086 0.0431985
0 0.391846 0.870404 0.0219727 0.0459559
0 0.82666 0.775735 0.0283203 0.0477941
0 0.567627 0.597426 0.0307617 0.0551471
1 0.258789 0.846507 0.0273438 0.0514706
1 0.105225 0.384191 0.0288086 0.0606618
1 0.797119 0.592371 0.0258789 0.046875
1 0.568848 0.597426 0.0273438 0.0477941
0 0.258789 0.846967 0.0263672 0.0523897
1 0.826416 0.954963 0.0297852 0.0533088
0 0.776855 0.921875 0.0283203 0.0514706
1 0.824951 0.775276 0.0268555 0.0487132
1 0.934326 0.879596 0.0249023 0.0422794
0 0.200195 0.95864 0.03125 0.0533088
1 0.7771 0.921415 0.0288086 0.0523897
1 0.520264 0.204963 0.0219727 0.0441176
1 0.989014 0.172335 0.0219727 0.0487132
1 0.92041 0.977022 0.03125 0.0459559
1 0.828857 0.624081 0.0219727 0.0496324
0 0.828857 0.623162 0.0249023 0.0514706
0 0.871826 0.742647 0.0268555 0.0514706
1 0.917236 0.493107 0.0249023 0.0487132
1 0.200195 0.95864 0.0292969 0.0514706
0 0.438965 0.884651 0.0234375 0.046875
1 0.541016 0.909467 0.0253906 0.046875
1 0.811279 0.119485 0.0229492 0.0477941
1 0.871826 0.742647 0.0268555 0.0514706
1 0.524902 0.270221 0.0224609 0.0404412
0 0.0849609 0.238511 0.0322266 0.0560662
0 0.826416 0.954504 0.0297852 0.0523897
1 0.835938 0.12454 0.0234375 0.0431985
0 0.164795 0.77114 0.0288086 0.0496324
0 0.105957 0.383732 0.0292969 0.0579044
1 0.528564 0.309743 0.0219727 0.0404412
0 0.0222168 0.193474 0.0317383 0.0597426
1 0.878906 0.827206 0.0234375 0.0422794
1 0.940674 0.564338 0.0297852 0.0514706
0 0.172363 0.0229779 0.0283203 0.0422794
1 0.39209 0.872243 0.0234375 0.0459559
1 0.802002 0.299632 0.0239258 0.0441176
1 0.312012 0.244485 0.0283203 0.0459559
1 0.868652 0.849265 0.0234375 0.0441176
0 0.19043 0.0496324 0.0283203 0.0514706
1 0.785645 0.272978 0.0234375 0.0459559
1 0.415527 0.454963 0.0244141 0.0459559
1 0.974365 0.888327 0.0249023 0.0413603
1 0.391113 0.241268 0.0283203 0.0523897
1 0.689941 0.388787 0.03125 0.0625
1 0.377686 0.369026 0.0258789 0.0450368
1 0.408203 0.339614 0.0234375 0.046875
1 0.189209 0.542279 0.0317383 0.0588235
