0 0.924072 0.976562 0.0297852 0.046875
0 0.838867 0.764706 0.0234375 0.0477941
0 0.93457 0.882812 0.0234375 0.0395221
1 0.109863 0.386949 0.0302734 0.0643382
0 0.102295 0.0238971 0.0356445 0.0477941
1 0.794434 0.926011 0.0234375 0.0487132
1 0.102295 0.0248162 0.034668 0.0496324
0 0.189697 0.542279 0.034668 0.0716912
1 0.30957 0.238051 0.0292969 0.0606618
1 0.839844 0.764706 0.0253906 0.0459559
0 0.800049 0.595129 0.027832 0.0523897
0 0.858643 0.0831801 0.0249023 0.0487132
1 0.258545 0.847886 0.0288086 0.0523897
0 0.525391 0.20818 0.0253906 0.0487132
0 0.872559 0.745864 0.0263672 0.0487132
0 0.258301 0.846967 0.0302734 0.0542279
1 0.933594 0.881893 0.0234375 0.0395221
1 0.41626 0.454504 0.0297852 0.0579044
0 0.56958 0.597886 0.0327148 0.0560662
1 0.828857 0.625 0.0219727 0.0477941
0 0.202881 0.957261 0.0317383 0.0542279
0 0.829102 0.623621 0.0234375 0.0487132
1 0.987549 0.172335 0.0249023 0.0560662
1 0.308838 0.904412 0.0307617 0.0551471
1 0.801025 0.594669 0.0258789 0.0496324
1 0.924072 0.976103 0.0297852 0.0441176
1 0.872559 0.744945 0.0263672 0.046875
0 0.438965 0.881434 0.0341797 0.0588235
0 0.0849609 0.238511 0.0361328 0.0597426
0 0.308594 0.238051 0.0302734 0.0588235
1 0.203613 0.957261 0.03125 0.0560662
1 0.95459 0.556985 0.0263672 0.0496324
0 0.164551 0.772978 0.0292969 0.0569853
1 0.825684 0.952665 0.0263672 0.0487132
1 0.956299 0.86489 0.0249023 0.0441176
1 0.91626 0.495864 0.0249023 0.046875
0 0.109131 0.387868 0.0307617 0.0625
1 0.689941 0.389706 0.03125 0.0661765
0 0.0224609 0.193474 0.0332031 0.0670956
1 0.188965 0.54182 0.0341797 0.0670956
