0 0.189453 0.542279 0.0351562 0.0735294
1 0.840576 0.765625 0.0268555 0.0459559
0 0.102051 0.0234375 0.0361328 0.046875
1 0.30957 0.238051 0.0292969 0.0606618
0 0.935059 0.883272 0.0234375 0.0386029
1 0.102539 0.0248162 0.0341797 0.0496324
1 0.828857 0.625 0.0219727 0.0477941
1 0.109619 0.387408 0.0297852 0.0652574
0 0.92334 0.976103 0.0283203 0.0441176
0 0.796387 0.927849 0.0244141 0.0450368
0 0.860352 0.0827206 0.03125 0.0496324
0 0.840576 0.766085 0.0249023 0.046875
1 0.796387 0.92693 0.0244141 0.046875
0 0.259033 0.847886 0.0307617 0.0542279
0 0.203125 0.957261 0.03125 0.0542279
1 0.438965 0.880974 0.0302734 0.0597426
0 0.800781 0.595129 0.0263672 0.0487132
1 0.800781 0.594669 0.0253906 0.0496324
1 0.93457 0.881893 0.0234375 0.0395221
0 0.439453 0.882353 0.0341797 0.0588235
1 0.258057 0.847886 0.0297852 0.0523897
1 0.924316 0.975184 0.0283203 0.0441176
1 0.872559 0.745864 0.0263672 0.046875
1 0.955566 0.556526 0.0263672 0.0505515
0 0.570068 0.597426 0.0297852 0.0551471
1 0.416504 0.454504 0.0302734 0.0615809
0 0.872559 0.746324 0.0263672 0.0477941
1 0.987549 0.173254 0.0249023 0.0560662
0 0.0849609 0.238971 0.0351562 0.0625
0 0.308594 0.237592 0.03125 0.0597426
0 0.828857 0.623621 0.0249023 0.0487132
0 0.164551 0.772978 0.0292969 0.0569853
1 0.91626 0.496324 0.0249023 0.0459559
1 0.825684 0.952665 0.0263672 0.046875
1 0.304932 0.904871 0.0297852 0.0542279
1 0.203613 0.957261 0.03125 0.0560662
1 0.954102 0.86489 0.0234375 0.0422794
0 0.0222168 0.193015 0.0327148 0.0680147
0 0.109131 0.388327 0.0307617 0.0634191
1 0.689941 0.389706 0.03125 0.0661765
1 0.189209 0.54182 0.034668 0.0670956
