1 0.97876 0.891544 0.0219727 0.0367647
1 0.829102 0.517004 0.0234375 0.0376838
0 0.441406 0.474724 0.0205078 0.0413603
0 0.109863 0.891085 0.0175781 0.0340074
0 0.651855 0.338695 0.0205078 0.0358456
1 0.990479 0.189798 0.0170898 0.0413603
0 0.979004 0.892004 0.0205078 0.0358456
0 0.177979 0.493566 0.0180664 0.0349265
0 0.747559 0.717371 0.0195312 0.0303309
1 0.793701 0.400735 0.0200195 0.0404412
0 0.367188 0.84421 0.0175781 0.0413603
0 0.215576 0.742647 0.0161133 0.0349265
0 0.207275 0.606158 0.0209961 0.0376838
1 0.815674 0.450827 0.0200195 0.0431985
1 0.960938 0.860294 0.0253906 0.0275735
0 0.993652 0.104779 0.0126953 0.0367647
0 0.817139 0.813879 0.0170898 0.0395221
1 0.482178 0.136949 0.0170898 0.0367647
1 0.467285 0.274357 0.0195312 0.0340074
0 0.0986328 0.869026 0.0175781 0.0358456
0 0.726807 0.131434 0.0170898 0.0367647
1 0.458252 0.105699 0.0209961 0.0349265
0 0.353027 0.84375 0.0195312 0.0367647
1 0.516357 0.822151 0.0200195 0.0431985
0 0.415527 0.775276 0.0185547 0.0395221
0 0.081543 0.599265 0.0195312 0.0441176
0 0.704346 0.196232 0.0170898 0.0340074
0 0.953125 0.0647978 0.0185547 0.0376838
0 0.814941 0.451287 0.0205078 0.0386029
0 0.728027 0.193934 0.0166016 0.0386029
0 0.601807 0.0151654 0.0209961 0.0303309
0 0.510254 0.0160846 0.0185547 0.0321691
0 0.572266 0.107537 0.0205078 0.0349265
0 0.458496 0.107996 0.0224609 0.0340074
0 0.933594 0.48943 0.0205078 0.0358456
0 0.990967 0.18704 0.0180664 0.0395221
0 0.803223 0.046875 0.0185547 0.0367647
1 0.5 0.341452 0.0185547 0.0358456
1 0.781738 0.58364 0.0234375 0.0441176
0 0.0383301 0.404871 0.0219727 0.0413603
0 0.589111 0.83364 0.0239258 0.0386029
0 0.059082 0.871783 0.0195312 0.0340074
1 0.896973 0.341452 0.0185547 0.0358456
0 0.992676 0.757812 0.0146484 0.0395221
0 0.980469 0.446691 0.0205078 0.0404412
0 0.547607 0.314338 0.0180664 0.0349265
0 0.00952148 0.842371 0.0170898 0.0395221
0 0.644043 0.891544 0.0185547 0.0367647
0 0.914062 0.549632 0.0205078 0.0330882
1 0.98999 0.130515 0.0170898 0.0386029
0 0.993408 0.293658 0.0131836 0.0413603
1 0.919434 0.835938 0.0234375 0.0413603
0 0.593994 0.232996 0.0180664 0.0321691
0 0.516357 0.467831 0.0200195 0.0367647
1 0.988281 0.941176 0.0234375 0.0404412
0 0.0244141 0.694853 0.0195312 0.0477941
0 0.0285645 0.892004 0.0209961 0.0395221
0 0.618408 0.421875 0.0161133 0.0349265
0 0.85791 0.680147 0.015625 0.0367647
1 0.563721 0.302849 0.019043 0.0358456
0 0.987305 0.941176 0.0234375 0.0404412
0 0.223877 0.798254 0.0209961 0.0321691
0 0.192871 0.236673 0.0185547 0.0413603
1 0.490723 0.357996 0.0205078 0.0376838
0 0.0456543 0.931066 0.0180664 0.0349265
0 0.125 0.272059 0.0205078 0.0330882
0 0.00854492 0.988511 0.0170898 0.0229779
0 0.793701 0.402574 0.0219727 0.0404412
0 0.972656 0.178768 0.0205078 0.0358456
0 0.617432 0.977022 0.0209961 0.0386029
1 0.575439 0.253217 0.0219727 0.0358456
0 0.329346 0.203125 0.0200195 0.0367647
0 0.125977 0.503676 0.0195312 0.0367647
0 0.878174 0.0762868 0.019043 0.0422794
1 0.943115 0.251379 0.0249023 0.0376838
0 0.420654 0.875919 0.019043 0.0386029
0 0.965576 0.759191 0.0219727 0.0441176
0 0.990723 0.130974 0.0185547 0.0358456
1 0.530273 0.340993 0.0195312 0.0349265
1 0.283936 0.182445 0.0219727 0.0413603
0 0.585205 0.199908 0.019043 0.0340074
0 0.921875 0.622243 0.0175781 0.0349265
0 0.764648 0.897059 0.0234375 0.0386029
0 0.210693 0.303768 0.0200195 0.0413603
0 0.118896 0.160846 0.0200195 0.0386029
0 0.94458 0.684743 0.019043 0.0349265
0 0.0324707 0.532629 0.0180664 0.0395221
0 0.268311 0.21875 0.0239258 0.0422794
0 0.574951 0.253676 0.0209961 0.0349265
1 0.971924 0.17739 0.0200195 0.0367647
0 0.910156 0.587776 0.0185547 0.0340074
0 0.645508 0.390625 0.0195312 0.0386029
0 0.19873 0.538603 0.0224609 0.0404412
1 0.445312 0.154871 0.0214844 0.0358456
0 0.133301 0.134191 0.0214844 0.0404412
0 0.541992 0.51011 0.0234375 0.0349265
1 0.925781 0.334099 0.0234375 0.0413603
1 0.546875 0.317096 0.0214844 0.0349265
0 0.520996 0.613511 0.015625 0.0413603
0 0.656982 0.30239 0.019043 0.0349265
1 0.571533 0.214154 0.0229492 0.0349265
1 0.498535 0.173713 0.0224609 0.0404412
0 0.00878906 0.217371 0.0175781 0.0413603
0 0.368164 0.795496 0.0175781 0.0376838
0 0.534424 0.802849 0.0219727 0.0413603
0 0.592041 0.372243 0.0180664 0.0386029
0 0.0717773 0.256434 0.0224609 0.0422794
0 0.206543 0.854779 0.0224609 0.0441176
0 0.51709 0.82261 0.0205078 0.0386029
0 0.374023 0.0367647 0.0244141 0.03125
0 0.108643 0.53171 0.0219727 0.0395221
0 0.616699 0.889246 0.0195312 0.0413603
0 0.834229 0.55193 0.0219727 0.0376838
0 0.85083 0.0827206 0.0200195 0.0404412
0 0.88208 0.827206 0.0170898 0.0404412
1 0.412109 0.205423 0.0224609 0.0431985
0 0.15625 0.227482 0.0234375 0.0413603
0 0.716064 0.483456 0.0200195 0.0404412
0 0.168701 0.015625 0.0249023 0.03125
0 0.728516 0.631434 0.0214844 0.0404412
0 0.4021 0.160386 0.0209961 0.0376838
0 0.919434 0.837776 0.0234375 0.0413603
1 0.959229 0.224265 0.0219727 0.0386029
0 0.0690918 0.796875 0.019043 0.0386029
0 0.754883 0.788143 0.0234375 0.0431985
0 0.563965 0.374081 0.0205078 0.0404412
1 0.533203 0.273897 0.0234375 0.0404412
0 0.258789 0.846048 0.0234375 0.0395221
0 0.615479 0.24954 0.0180664 0.0340074
0 0.829834 0.517004 0.0219727 0.0395221
0 0.598145 0.300092 0.0195312 0.0376838
0 0.0161133 0.469669 0.0224609 0.0441176
0 0.127441 0.827206 0.0205078 0.0441176
0 0.0551758 0.113971 0.0205078 0.0367647
0 0.601562 0.448529 0.0185547 0.0386029
0 0.0410156 0.120404 0.0214844 0.0386029
0 0.3479 0.801011 0.0200195 0.0395221
0 0.319824 0.873621 0.0234375 0.0450368
0 0.786377 0.67693 0.0239258 0.046875
0 0.981934 0.741268 0.0185547 0.0358456
0 0.606934 0.48989 0.0195312 0.0349265
0 0.828857 0.625 0.0200195 0.0386029
0 0.776123 0.860294 0.0229492 0.0367647
0 0.269043 0.982996 0.0253906 0.0340074
0 0.39502 0.113051 0.0234375 0.0441176
0 0.0922852 0.035386 0.0283203 0.0450368
1 0.947021 0.316176 0.0249023 0.0441176
0 0.361084 0.162224 0.0200195 0.0395221
0 0.945312 0.733456 0.0205078 0.0367647
