1 0.533691 0.918658 0.0283203 0.0542279
0 0.858643 0.0840993 0.0219727 0.0450368
1 0.523682 0.209099 0.0180664 0.0413603
1 0.810791 0.119485 0.0219727 0.0477941
0 0.567871 0.597426 0.0302734 0.0551471
0 0.534912 0.919118 0.0297852 0.0496324
0 0.784424 0.923254 0.0307617 0.046875
1 0.922852 0.976562 0.03125 0.0431985
0 0.811035 0.118107 0.0234375 0.0487132
0 0.922852 0.975643 0.03125 0.0431985
1 0.784424 0.924173 0.027832 0.046875
0 0.101074 0.0225184 0.0341797 0.0450368
1 0.835938 0.12454 0.0234375 0.0450368
0 0.189697 0.540901 0.0336914 0.0689338
0 0.798584 0.595129 0.027832 0.0487132
1 0.569336 0.596507 0.0273438 0.0496324
1 0.202148 0.957261 0.03125 0.0542279
1 0.310547 0.240809 0.03125 0.0533088
1 0.945312 0.561121 0.0283203 0.0487132
1 0.799805 0.59421 0.0273438 0.0487132
0 0.828857 0.623162 0.0249023 0.0477941
0 0.966553 0.874081 0.0249023 0.0496324
0 0.310059 0.240349 0.03125 0.0523897
0 0.830322 0.771599 0.0297852 0.0542279
1 0.966309 0.87546 0.0234375 0.046875
1 0.988281 0.171875 0.0234375 0.0514706
0 0.438232 0.882353 0.0327148 0.0551471
1 0.917236 0.494026 0.0249023 0.0505515
1 0.415039 0.454963 0.0234375 0.0459559
0 0.872559 0.746324 0.0283203 0.0477941
1 0.828857 0.624081 0.0219727 0.0459559
0 0.826416 0.954044 0.0297852 0.0514706
1 0.528809 0.307904 0.0224609 0.0441176
0 0.934326 0.883272 0.0249023 0.0422794
1 0.386475 0.254136 0.0268555 0.0487132
1 0.527588 0.272059 0.0209961 0.0386029
0 0.20166 0.957261 0.0283203 0.046875
1 0.377441 0.367188 0.0244141 0.0431985
0 0.0852051 0.23943 0.034668 0.0615809
0 0.258545 0.847426 0.0268555 0.0514706
0 0.165283 0.773438 0.027832 0.0523897
0 0.108887 0.389246 0.0292969 0.0615809
1 0.189209 0.542279 0.034668 0.0661765
1 0.395752 0.339614 0.0249023 0.0431985
0 0.0219727 0.193474 0.0332031 0.0670956
1 0.826416 0.954504 0.0297852 0.0505515
1 0.689453 0.390165 0.0322266 0.0652574
