1 0.870361 0.117188 0.0170898 0.0376838
1 0.876465 0.721048 0.0283203 0.046875
0 0.928223 0.857996 0.0283203 0.046875
1 0.381836 0.480699 0.0175781 0.0330882
0 0.787354 0.59421 0.0288086 0.0487132
1 0.787109 0.59329 0.0253906 0.046875
1 0.7771 0.717371 0.0249023 0.0413603
1 0.612061 0.0128676 0.0258789 0.0257353
0 0.556152 0.88557 0.0263672 0.0413603
0 0.828857 0.621783 0.0249023 0.0505515
0 0.776123 0.715533 0.0229492 0.0431985
0 0.82666 0.801471 0.0263672 0.0514706
1 0.825928 0.80239 0.0249023 0.0514706
0 0.877441 0.722426 0.0263672 0.0459559
0 0.756592 0.924173 0.0297852 0.0487132
1 0.825928 0.955882 0.0297852 0.0496324
1 0.533447 0.328585 0.0219727 0.0450368
0 0.755615 0.789522 0.0249023 0.0422794
0 0.912354 0.982537 0.0297852 0.0349265
1 0.879883 0.824908 0.0234375 0.0450368
1 0.916992 0.492188 0.0234375 0.0450368
1 0.757812 0.926471 0.03125 0.0514706
0 0.566406 0.600643 0.0263672 0.046875
1 0.828857 0.622243 0.0219727 0.0459559
1 0.555908 0.883732 0.0268555 0.0431985
1 0.439697 0.88511 0.0258789 0.0459559
1 0.740479 0.159926 0.0219727 0.0404412
0 0.825684 0.954963 0.0283203 0.0496324
1 0.857666 0.862592 0.0249023 0.0450368
1 0.857178 0.253217 0.0249023 0.0413603
1 0.0830078 0.234835 0.0273438 0.0505515
1 0.92749 0.857077 0.0249023 0.046875
1 0.679443 0.0611213 0.0219727 0.0376838
1 0.681152 0.0988051 0.0234375 0.0395221
1 0.25708 0.84375 0.0249023 0.0441176
1 0.929688 0.56296 0.0253906 0.0450368
1 0.0910645 0.0298713 0.0327148 0.046875
1 0.019043 0.195772 0.0253906 0.0514706
1 0.838379 0.12454 0.0234375 0.0431985
1 0.691162 0.38511 0.0258789 0.0459559
1 0.0146484 0.981618 0.0253906 0.0367647
1 0.527344 0.0670956 0.0244141 0.0441176
1 0.237061 0.715074 0.0249023 0.0441176
1 0.571533 0.103401 0.0229492 0.0431985
1 0.100586 0.524357 0.0253906 0.0487132
1 0.334717 0.182445 0.0200195 0.0450368
1 0.172119 0.019761 0.0288086 0.0395221
1 0.988281 0.175092 0.0214844 0.0487132
1 0.731689 0.116728 0.0219727 0.0422794
1 0.858643 0.0836397 0.0200195 0.0422794
1 0.524658 0.267923 0.0239258 0.046875
1 0.882812 0.0868566 0.0205078 0.0413603
1 0.320557 0.165901 0.0200195 0.0450368
1 0.391846 0.873621 0.0229492 0.0487132
1 0.371094 0.539522 0.0253906 0.0459559
1 0.0986328 0.362592 0.0263672 0.046875
1 0.197021 0.946232 0.027832 0.0487132
1 0.809326 0.119026 0.0219727 0.0431985
1 0.14502 0.589154 0.0205078 0.0441176
1 0.401123 0.213695 0.0239258 0.0450368
1 0.0939941 0.601103 0.0229492 0.0441176
1 0.98291 0.91682 0.0283203 0.0542279
1 0.13208 0.607996 0.0200195 0.0413603
1 0.806396 0.209559 0.0219727 0.0367647
1 0.897705 0.106158 0.0219727 0.0431985
1 0.196777 0.529871 0.0234375 0.0431985
1 0.414551 0.457721 0.0244141 0.0441176
1 0.208984 0.0799632 0.0253906 0.0477941
1 0.50708 0.183364 0.0249023 0.046875
1 0.593018 0.29136 0.0229492 0.0441176
1 0.585205 0.255055 0.0229492 0.0395221
1 0.812012 0.301471 0.0244141 0.0422794
1 0.1875 0.482996 0.0234375 0.0450368
1 0.37793 0.367647 0.0253906 0.0441176
1 0.785645 0.271599 0.0234375 0.0450368
1 0.406006 0.538143 0.0239258 0.0431985
1 0.410156 0.340074 0.0253906 0.0441176
1 0.417969 0.942555 0.0253906 0.0505515
1 0.160889 0.486213 0.0239258 0.0441176
1 0.164307 0.77068 0.0268555 0.0487132
1 0.147949 0.235294 0.0253906 0.0422794
1 0.231201 0.761029 0.0239258 0.0441176
1 0.0957031 0.814798 0.0273438 0.0505515
1 0.15332 0.276195 0.0253906 0.0413603
1 0.23877 0.344669 0.0283203 0.0514706
1 0.119629 0.821232 0.0244141 0.046875
1 0.311768 0.246324 0.0249023 0.0459559
1 0.205322 0.314798 0.0239258 0.046875
