1 0.533691 0.918658 0.0283203 0.0560662
0 0.858643 0.0845588 0.0219727 0.0459559
0 0.310303 0.898438 0.0307617 0.0542279
1 0.783936 0.923254 0.027832 0.046875
1 0.810791 0.119485 0.0219727 0.0477941
0 0.10083 0.0225184 0.034668 0.0450368
0 0.783936 0.923254 0.0307617 0.046875
0 0.567871 0.596967 0.0302734 0.0560662
0 0.922852 0.975643 0.03125 0.0431985
0 0.811035 0.117647 0.0234375 0.0477941
1 0.922852 0.976562 0.03125 0.0431985
1 0.835938 0.12454 0.0234375 0.0450368
0 0.534912 0.920037 0.0297852 0.0496324
0 0.799072 0.595588 0.0288086 0.0477941
0 0.189697 0.540901 0.0336914 0.0689338
1 0.310547 0.240809 0.03125 0.0533088
1 0.109131 0.387408 0.0297852 0.0634191
1 0.202148 0.957261 0.0302734 0.0542279
0 0.966553 0.874081 0.0249023 0.0496324
1 0.569092 0.597886 0.0288086 0.0505515
1 0.945312 0.561121 0.0283203 0.0487132
1 0.799805 0.594669 0.0273438 0.0477941
0 0.828857 0.623621 0.0249023 0.0487132
1 0.988281 0.172335 0.0234375 0.0505515
1 0.966309 0.875919 0.0234375 0.0459559
0 0.309814 0.241268 0.0317383 0.0542279
0 0.830322 0.771599 0.0297852 0.0542279
0 0.438232 0.882812 0.0327148 0.0542279
1 0.829102 0.62454 0.0234375 0.046875
1 0.917236 0.494026 0.0249023 0.0487132
1 0.527588 0.272518 0.0219727 0.0376838
1 0.415527 0.454963 0.0234375 0.0459559
0 0.826416 0.953585 0.0297852 0.0523897
0 0.0849609 0.23943 0.0341797 0.0615809
1 0.38623 0.253217 0.0273438 0.0487132
0 0.872559 0.746324 0.0283203 0.0477941
1 0.528809 0.307445 0.0224609 0.0450368
0 0.934326 0.883272 0.0249023 0.0422794
0 0.108643 0.389246 0.0297852 0.0615809
1 0.377441 0.366728 0.0244141 0.0441176
0 0.20166 0.957261 0.0283203 0.046875
0 0.258545 0.847886 0.0268555 0.0505515
1 0.395752 0.339154 0.0249023 0.0422794
0 0.165039 0.773438 0.0273438 0.0523897
0 0.0222168 0.192555 0.0336914 0.0670956
1 0.189209 0.542279 0.034668 0.0661765
1 0.825928 0.954044 0.0297852 0.0514706
1 0.689941 0.389706 0.0322266 0.0661765
