0 0.310791 0.242188 0.0297852 0.0505515
1 0.858643 0.0845588 0.0219727 0.0459559
1 0.933594 0.880515 0.0253906 0.0441176
1 0.522705 0.209099 0.019043 0.0413603
0 0.567871 0.596967 0.0302734 0.0542279
1 0.798096 0.59375 0.0268555 0.0459559
1 0.390381 0.869945 0.0200195 0.0431985
1 0.921143 0.978401 0.0327148 0.0431985
1 0.404541 0.886489 0.0209961 0.0413603
0 0.189697 0.54182 0.0327148 0.0634191
1 0.568848 0.596967 0.0273438 0.0487132
0 0.79834 0.595588 0.0283203 0.0477941
1 0.536865 0.915441 0.0249023 0.0477941
1 0.201416 0.95818 0.0307617 0.0523897
1 0.811279 0.119485 0.0229492 0.0477941
1 0.828857 0.623621 0.0219727 0.046875
0 0.920898 0.977941 0.03125 0.0422794
1 0.796387 0.292279 0.0224609 0.0386029
0 0.201172 0.95864 0.03125 0.0533088
0 0.439209 0.882353 0.0249023 0.0441176
1 0.917236 0.493566 0.0249023 0.0477941
1 0.528564 0.309743 0.0209961 0.0404412
0 0.258545 0.846967 0.0268555 0.0505515
1 0.98877 0.172335 0.0224609 0.0487132
1 0.943115 0.563879 0.0297852 0.0505515
1 0.835938 0.12454 0.0234375 0.0450368
1 0.526611 0.269761 0.0209961 0.0395221
1 0.786621 0.27114 0.0234375 0.0404412
0 0.828125 0.772059 0.03125 0.0551471
0 0.828857 0.623162 0.0249023 0.0496324
0 0.872559 0.745404 0.0263672 0.0496324
0 0.778809 0.922794 0.0302734 0.0496324
0 0.933594 0.883272 0.0253906 0.0422794
0 0.0849609 0.238511 0.0341797 0.0597426
0 0.108154 0.388327 0.0288086 0.0597426
1 0.415283 0.454963 0.0239258 0.0441176
0 0.165283 0.773897 0.0268555 0.0514706
1 0.969482 0.881434 0.0268555 0.0459559
0 0.0222168 0.193015 0.0327148 0.0643382
1 0.311035 0.243566 0.0292969 0.0496324
0 0.826416 0.954504 0.0297852 0.0523897
1 0.189453 0.54182 0.0332031 0.0615809
1 0.388428 0.247243 0.0268555 0.0514706
1 0.377686 0.368566 0.0249023 0.0459559
1 0.401855 0.33364 0.0234375 0.0422794
1 0.689941 0.389706 0.03125 0.0643382
