1 0.764893 0.0873162 0.019043 0.0349265
1 0.353516 0.844669 0.0195312 0.0386029
0 0.101074 0.483915 0.0205078 0.0340074
1 0.210938 0.638327 0.0214844 0.0376838
0 0.915771 0.546415 0.0219727 0.0413603
0 0.93457 0.488971 0.0234375 0.0367647
1 0.355469 0.800092 0.0292969 0.0413603
1 0.452881 0.162684 0.0249023 0.0422794
0 0.175781 0.828585 0.0205078 0.0376838
0 0.52417 0.487592 0.0180664 0.0340074
0 0.100098 0.867647 0.0205078 0.0349265
1 0.967773 0.193015 0.0234375 0.0441176
0 0.660889 0.0137868 0.019043 0.0275735
1 0.99292 0.30193 0.012207 0.0487132
1 0.766357 0.042739 0.0180664 0.0340074
0 0.396484 0.863511 0.0214844 0.0413603
0 0.156006 0.227941 0.0268555 0.0496324
1 0.036377 0.405331 0.0288086 0.0477941
0 0.367432 0.0413603 0.0239258 0.03125
0 0.0517578 0.81296 0.0234375 0.0413603
0 0.432129 0.794577 0.0205078 0.0413603
0 0.670654 0.982077 0.0229492 0.0321691
0 0.407715 0.537224 0.0224609 0.0431985
0 0.651611 0.339154 0.0200195 0.0349265
0 0.578857 0.849265 0.0239258 0.0386029
1 0.185547 0.441636 0.0195312 0.0376838
0 0.821777 0.824449 0.0185547 0.0386029
0 0.702637 0.651654 0.0224609 0.0386029
0 0.592285 0.369485 0.0195312 0.0404412
1 0.133301 0.134651 0.0234375 0.0395221
0 0.463623 0.881893 0.0229492 0.0413603
0 0.224121 0.0776654 0.0244141 0.0450368
1 0.894531 0.341912 0.0205078 0.0330882
0 0.109375 0.886489 0.0185547 0.0340074
1 0.234375 0.0284926 0.0234375 0.0422794
1 0.665039 0.392463 0.0195312 0.0386029
1 0.0957031 0.345129 0.0234375 0.0413603
1 0.501953 0.92739 0.0195312 0.0386029
0 0.51416 0.685202 0.0273438 0.0413603
0 0.0581055 0.875 0.0234375 0.0422794
1 0.7854 0.680147 0.0258789 0.0477941
1 0.195312 0.914982 0.0234375 0.0395221
0 0.125977 0.504596 0.0205078 0.0386029
1 0.645264 0.387868 0.0200195 0.0404412
0 0.0429688 0.547335 0.0195312 0.0376838
0 0.598389 0.300092 0.0200195 0.0376838
1 0.980469 0.447151 0.0205078 0.0413603
1 0.463379 0.882353 0.0224609 0.0404412
0 0.556641 0.610754 0.0253906 0.0413603
1 0.683838 0.444853 0.0219727 0.0367647
0 0.347168 0.51057 0.0205078 0.0413603
0 0.563721 0.375 0.0209961 0.0404412
0 0.601562 0.015625 0.0234375 0.03125
0 0.133057 0.134651 0.0229492 0.0431985
0 0.755127 0.788603 0.0249023 0.0441176
0 0.83667 0.68796 0.0200195 0.0413603
1 0.767578 0.198529 0.0185547 0.03125
0 0.326172 0.622702 0.0214844 0.0431985
0 0.0720215 0.255974 0.0239258 0.0505515
0 0.0368652 0.40579 0.0258789 0.0450368
0 0.045166 0.931066 0.0209961 0.0386029
0 0.0817871 0.601103 0.0268555 0.0514706
1 0.852295 0.263327 0.0219727 0.0340074
1 0.181885 0.463235 0.0200195 0.0404412
0 0.234863 0.698989 0.0185547 0.0395221
1 0.592529 0.369485 0.0209961 0.0404412
0 0.207275 0.607996 0.0219727 0.0413603
1 0.802246 0.168199 0.0224609 0.0349265
0 0.0410156 0.120864 0.0224609 0.0376838
1 0.0710449 0.255515 0.027832 0.0551471
1 0.797363 0.0965074 0.0205078 0.0367647
1 0.0817871 0.602022 0.0249023 0.0477941
1 0.126953 0.502757 0.0214844 0.0386029
1 0.0703125 0.798254 0.0214844 0.0413603
0 0.601807 0.451746 0.0209961 0.0358456
1 0.394775 0.113511 0.0219727 0.0431985
1 0.514404 0.685202 0.0258789 0.0431985
0 0.509277 0.0165441 0.0195312 0.0330882
1 0.118408 0.161765 0.0258789 0.0422794
0 0.763184 0.892923 0.0234375 0.0395221
0 0.684814 0.444853 0.0219727 0.0349265
1 0.678955 0.142004 0.0200195 0.0376838
0 0.0656738 0.90579 0.0219727 0.0395221
0 0.881104 0.825827 0.0219727 0.046875
0 0.172852 0.792739 0.0185547 0.0395221
0 0.0703125 0.797794 0.0214844 0.0404412
1 0.36792 0.795496 0.0209961 0.0413603
0 0.785156 0.680147 0.0244141 0.0496324
1 0.815674 0.484835 0.019043 0.0340074
0 0.645264 0.390625 0.0200195 0.0386029
1 0.914062 0.548713 0.0214844 0.0386029
1 0.871826 0.259651 0.0200195 0.0321691
1 0.365479 0.84329 0.0219727 0.0376838
0 0.223145 0.796415 0.0234375 0.0395221
1 0.878174 0.0790441 0.0219727 0.0404412
0 0.207275 0.854779 0.0239258 0.0441176
1 0.755371 0.786765 0.0244141 0.0441176
0 0.616211 0.887868 0.0234375 0.0441176
0 0.348145 0.800551 0.0214844 0.0441176
1 0.223633 0.0767463 0.0234375 0.0431985
1 0.347168 0.511029 0.0195312 0.0441176
1 0.360107 0.161305 0.0219727 0.0413603
1 0.688477 0.178768 0.0195312 0.0321691
0 0.61792 0.980239 0.0229492 0.0395221
1 0.881348 0.825827 0.0234375 0.046875
0 0.234619 0.0298713 0.0239258 0.0450368
0 0.856934 0.679228 0.0185547 0.0404412
1 0.0439453 0.931985 0.0214844 0.0367647
1 0.992188 0.560202 0.015625 0.0431985
1 0.200439 0.360294 0.0229492 0.0404412
1 0.940674 0.694393 0.0219727 0.0376838
0 0.394531 0.113971 0.0234375 0.0441176
0 0.297119 0.674173 0.0200195 0.0542279
0 0.0546875 0.111213 0.0224609 0.0422794
1 0.37085 0.539522 0.0219727 0.0459559
1 0.305664 0.116728 0.0234375 0.0441176
0 0.735596 0.909467 0.0219727 0.0431985
1 0.490723 0.941176 0.0205078 0.0367647
1 0.48291 0.884651 0.0224609 0.0431985
1 0.0588379 0.876379 0.0219727 0.0395221
1 0.910156 0.590993 0.0214844 0.0349265
1 0.489258 0.359835 0.0234375 0.0395221
1 0.146729 0.301471 0.0229492 0.0404412
0 0.642578 0.886489 0.0253906 0.0487132
1 0.729492 0.18796 0.0195312 0.0413603
0 0.304688 0.118107 0.0253906 0.0450368
0 0.360596 0.162684 0.0219727 0.0422794
0 0.536377 0.504596 0.0219727 0.0349265
1 0.715576 0.482996 0.0229492 0.0413603
0 0.42334 0.880515 0.0234375 0.0441176
1 0.598145 0.299632 0.0205078 0.0386029
1 0.22876 0.34375 0.0229492 0.0404412
1 0.419922 0.963235 0.0263672 0.0441176
1 0.329834 0.200827 0.0219727 0.0413603
1 0.921143 0.619026 0.0219727 0.0376838
1 0.155029 0.22886 0.0249023 0.0477941
1 0.0285645 0.891544 0.0229492 0.0441176
1 0.828125 0.626379 0.0205078 0.0431985
1 0.211914 0.306526 0.0234375 0.0431985
0 0.168701 0.0165441 0.027832 0.0330882
0 0.776611 0.861673 0.0239258 0.0413603
0 0.0136719 0.981158 0.0214844 0.0376838
1 0.703613 0.193015 0.0205078 0.0386029
1 0.757568 0.21829 0.0180664 0.0340074
0 0.606689 0.486213 0.0219727 0.0367647
0 0.0925293 0.0363051 0.0297852 0.0487132
1 0.561035 0.300551 0.0185547 0.0386029
1 0.368164 0.207721 0.0205078 0.0404412
1 0.108887 0.53171 0.0244141 0.0431985
1 0.612549 0.251379 0.0209961 0.0376838
1 0.991699 0.761029 0.0166016 0.0404412
1 0.402588 0.160386 0.0219727 0.0395221
0 0.459473 0.675551 0.0234375 0.0441176
0 0.0168457 0.467831 0.0249023 0.0477941
1 0.146729 0.590074 0.0229492 0.0441176
1 0.282959 0.185202 0.0249023 0.0431985
1 0.498779 0.34329 0.0200195 0.0358456
1 0.838379 0.942555 0.0263672 0.0505515
1 0.85083 0.082261 0.0219727 0.0395221
1 0.052002 0.813419 0.0249023 0.0422794
1 0.572754 0.105699 0.0224609 0.0404412
1 0.163574 0.494485 0.0234375 0.0404412
1 0.728516 0.633732 0.0224609 0.0431985
1 0.781982 0.585938 0.0239258 0.0431985
1 0.927979 0.331801 0.0219727 0.0367647
1 0.785645 0.0500919 0.0166016 0.0376838
1 0.547363 0.316636 0.0224609 0.0358456
1 0.570801 0.212776 0.0205078 0.0358456
0 0.319092 0.87454 0.0249023 0.046875
0 0.656738 0.305607 0.0205078 0.0376838
0 0.0935059 0.813879 0.0209961 0.0413603
0 0.127441 0.828125 0.0214844 0.0441176
1 0.407227 0.538143 0.0224609 0.0413603
0 0.121582 0.471507 0.0224609 0.0386029
1 0.461914 0.174632 0.0195312 0.0386029
1 0.415527 0.778033 0.0205078 0.0431985
1 0.855469 0.867647 0.0253906 0.0459559
1 0.834229 0.547794 0.0219727 0.0330882
1 0.133057 0.632353 0.0239258 0.0441176
1 0.267578 0.216452 0.0244141 0.0431985
0 0.269043 0.983456 0.0283203 0.0330882
1 0.583252 0.201746 0.0209961 0.0340074
1 0.919434 0.837316 0.0234375 0.0459559
1 0.445557 0.153952 0.0219727 0.0376838
1 0.197998 0.535846 0.0249023 0.0459559
1 0.405762 0.346507 0.0244141 0.0441176
1 0.889893 0.238511 0.0219727 0.0395221
1 0.315918 0.251838 0.0253906 0.0477941
1 0.596436 0.231158 0.0180664 0.0376838
1 0.374756 0.36443 0.0249023 0.0450368
1 0.411133 0.205423 0.0234375 0.0413603
1 0.801758 0.0487132 0.0185547 0.0349265
0 0.258545 0.847886 0.0239258 0.0413603
1 0.520508 0.0730699 0.0234375 0.0431985
1 0.964844 0.755974 0.0214844 0.0431985
1 0.576172 0.252298 0.0214844 0.0376838
1 0.832031 0.130055 0.0253906 0.0395221
1 0.779297 0.273897 0.0214844 0.0386029
1 0.412354 0.464154 0.0249023 0.0477941
1 0.498047 0.17739 0.0224609 0.0422794
1 0.530518 0.340074 0.0209961 0.0386029
1 0.459473 0.106158 0.0234375 0.0376838
1 0.441895 0.472886 0.0224609 0.0431985
1 0.802246 0.294118 0.0224609 0.0386029
1 0.981201 0.741728 0.0200195 0.0386029
1 0.987793 0.939798 0.0244141 0.0450368
1 0.990723 0.18796 0.0185547 0.0413603
1 0.94458 0.732996 0.0200195 0.0395221
1 0.960938 0.223346 0.0234375 0.0386029
1 0.794434 0.401195 0.0224609 0.0413603
1 0.532471 0.272059 0.0239258 0.0422794
0 0.0102539 0.214614 0.0205078 0.0487132
1 0.182129 0.38511 0.0224609 0.0404412
1 0.829834 0.516544 0.0219727 0.0404412
1 0.98999 0.129596 0.0170898 0.0422794
1 0.517334 0.82261 0.0219727 0.0422794
1 0.971924 0.182904 0.0219727 0.0386029
1 0.483887 0.13511 0.0224609 0.0422794
1 0.94751 0.316176 0.0249023 0.0441176
1 0.814697 0.448529 0.0219727 0.0404412
1 0.533203 0.802849 0.0244141 0.0431985
