1 0.309082 0.901654 0.0273438 0.0496324
0 0.791992 0.92693 0.0253906 0.0487132
0 0.525391 0.209559 0.0224609 0.0459559
1 0.950684 0.556526 0.03125 0.0505515
0 0.189697 0.54182 0.034668 0.0707721
1 0.0849609 0.238971 0.0332031 0.0625
1 0.439209 0.880974 0.0297852 0.0579044
0 0.101807 0.0229779 0.034668 0.0459559
1 0.95874 0.868107 0.0249023 0.0395221
0 0.799561 0.595129 0.0288086 0.0523897
1 0.102051 0.0243566 0.0341797 0.0487132
1 0.310303 0.240349 0.0297852 0.0579044
0 0.923584 0.976562 0.0297852 0.046875
0 0.825684 0.953585 0.0283203 0.0505515
1 0.923584 0.975643 0.0297852 0.0431985
1 0.83667 0.765625 0.0268555 0.0459559
1 0.791016 0.925551 0.0253906 0.0496324
0 0.872559 0.745864 0.0283203 0.0487132
1 0.38501 0.257812 0.0288086 0.0487132
0 0.93457 0.883272 0.0234375 0.0386029
0 0.56958 0.598346 0.0317383 0.0551471
1 0.828857 0.62454 0.0219727 0.0487132
1 0.800781 0.59421 0.0263672 0.0505515
0 0.309082 0.238511 0.0302734 0.0560662
0 0.258789 0.847426 0.0283203 0.0514706
0 0.202393 0.957261 0.0288086 0.0505515
0 0.828857 0.623621 0.0249023 0.0505515
1 0.987549 0.173254 0.0249023 0.0560662
0 0.439453 0.882353 0.0332031 0.0569853
0 0.0847168 0.238051 0.0356445 0.0588235
1 0.203125 0.95818 0.03125 0.0560662
0 0.164795 0.772518 0.0288086 0.0560662
1 0.91626 0.495864 0.0249023 0.046875
1 0.377441 0.368107 0.0224609 0.0431985
1 0.872559 0.745864 0.0283203 0.046875
1 0.416016 0.454963 0.0253906 0.0496324
1 0.391602 0.345129 0.0224609 0.0431985
1 0.825684 0.953585 0.0283203 0.0487132
0 0.109131 0.388327 0.0297852 0.0615809
0 0.0222168 0.193015 0.0336914 0.0661765
1 0.689941 0.389706 0.03125 0.0661765
1 0.189209 0.542279 0.034668 0.0661765
