1 0.792725 0.590074 0.0288086 0.0477941
1 0.10376 0.380055 0.0297852 0.0597426
0 0.990967 0.415441 0.0180664 0.0367647
1 0.882812 0.242188 0.0205078 0.046875
0 0.858643 0.0845588 0.0200195 0.0459559
1 0.858643 0.254596 0.0200195 0.0404412
1 0.835938 0.867647 0.0185547 0.0367647
1 0.233154 0.340533 0.0249023 0.0505515
0 0.916992 0.492647 0.0234375 0.0441176
0 0.233398 0.338695 0.0253906 0.0542279
0 0.92041 0.980699 0.03125 0.0386029
1 0.163818 0.77114 0.0297852 0.0569853
1 0.811035 0.116728 0.0205078 0.0441176
1 0.439453 0.883732 0.0244141 0.0487132
0 0.824951 0.780331 0.0268555 0.0459559
0 0.197754 0.0652574 0.0244141 0.0459559
1 0.0942383 0.027114 0.0332031 0.0487132
1 0.518311 0.199908 0.0200195 0.0376838
1 0.917236 0.492188 0.027832 0.046875
0 0.810791 0.118107 0.0219727 0.046875
0 0.439697 0.883732 0.0249023 0.0487132
0 0.567627 0.596967 0.0288086 0.0523897
0 0.770996 0.925092 0.0263672 0.0505515
1 0.690186 0.386489 0.0288086 0.0579044
0 0.19873 0.95864 0.03125 0.0533088
1 0.197998 0.0647978 0.0258789 0.0450368
1 0.825684 0.955882 0.0283203 0.0496324
1 0.828857 0.623621 0.0219727 0.046875
0 0.793701 0.591452 0.0268555 0.046875
1 0.83667 0.12454 0.0219727 0.0431985
1 0.806885 0.30193 0.0219727 0.0431985
0 0.784668 0.272059 0.0224609 0.0477941
1 0.989014 0.173254 0.0219727 0.046875
0 0.0222168 0.193934 0.027832 0.0533088
0 0.0852051 0.238511 0.0317383 0.0542279
0 0.689941 0.387868 0.0283203 0.0569853
1 0.568359 0.598346 0.0273438 0.0477941
0 0.932861 0.879596 0.0249023 0.0441176
1 0.546631 0.903033 0.0258789 0.0450368
1 0.824219 0.779412 0.0263672 0.0477941
1 0.393799 0.232077 0.0239258 0.0413603
1 0.258789 0.845588 0.0253906 0.0477941
1 0.543213 0.0579044 0.0249023 0.0441176
0 0.208008 0.316636 0.0263672 0.0523897
0 0.75708 0.79182 0.0239258 0.0431985
1 0.934326 0.565257 0.0249023 0.0459559
1 0.171875 0.0215993 0.0273438 0.0395221
0 0.871826 0.741728 0.0249023 0.0459559
0 0.769775 0.755974 0.0249023 0.0413603
0 0.103271 0.380515 0.0297852 0.0551471
0 0.163574 0.77068 0.0302734 0.0542279
1 0.770996 0.925092 0.0273438 0.0487132
1 0.198486 0.959559 0.0288086 0.0496324
0 0.828857 0.622702 0.0249023 0.0487132
1 0.52417 0.268842 0.0229492 0.0413603
1 0.567383 0.0845588 0.0234375 0.0422794
0 0.82666 0.954504 0.0283203 0.0505515
1 0.872803 0.73943 0.0249023 0.0487132
1 0.864746 0.860294 0.0234375 0.0459559
1 0.527588 0.309743 0.0209961 0.0404412
1 0.880371 0.827206 0.0234375 0.0459559
1 0.97876 0.901654 0.0249023 0.0496324
1 0.391357 0.871324 0.0229492 0.0496324
1 0.410645 0.914522 0.0224609 0.0422794
1 0.415283 0.457721 0.0258789 0.0477941
1 0.310791 0.245404 0.027832 0.0459559
1 0.192627 0.539522 0.0307617 0.0569853
1 0.378662 0.368566 0.0249023 0.0441176
1 0.409424 0.340074 0.0239258 0.0441176
