0 0.832764 0.768842 0.0297852 0.0560662
1 0.858643 0.0831801 0.0219727 0.0450368
0 0.533691 0.919118 0.0302734 0.0477941
1 0.101562 0.0229779 0.0332031 0.0459559
0 0.101318 0.0220588 0.0336914 0.0441176
0 0.567871 0.596967 0.0302734 0.0560662
1 0.962402 0.872243 0.0234375 0.0441176
0 0.810791 0.118107 0.0239258 0.0487132
0 0.189697 0.540901 0.034668 0.0707721
1 0.785889 0.926471 0.0268555 0.0477941
0 0.799316 0.595129 0.0283203 0.0505515
1 0.0849609 0.238511 0.0341797 0.0615809
0 0.962402 0.867188 0.0283203 0.046875
1 0.109375 0.386949 0.0292969 0.0643382
0 0.922607 0.977022 0.0297852 0.0422794
1 0.810791 0.119945 0.0219727 0.0487132
1 0.56958 0.596507 0.027832 0.0496324
1 0.922607 0.976562 0.0297852 0.0431985
0 0.828857 0.623621 0.0249023 0.0505515
1 0.835205 0.12546 0.0219727 0.0450368
0 0.872559 0.746324 0.0283203 0.0496324
1 0.528076 0.274816 0.0209961 0.0386029
1 0.310547 0.240349 0.03125 0.0542279
0 0.30957 0.23943 0.03125 0.0542279
1 0.202881 0.957261 0.0307617 0.0523897
1 0.832031 0.77068 0.0283203 0.0579044
1 0.529297 0.306526 0.0214844 0.0431985
1 0.947021 0.559743 0.0297852 0.0477941
0 0.0847168 0.238051 0.0356445 0.0588235
1 0.800049 0.594669 0.0268555 0.0496324
1 0.988281 0.172335 0.0234375 0.0505515
0 0.258789 0.846967 0.0273438 0.0505515
1 0.872559 0.745864 0.0283203 0.0487132
0 0.439209 0.882353 0.0336914 0.0569853
0 0.202148 0.957261 0.0283203 0.0487132
1 0.91626 0.495404 0.0249023 0.0477941
1 0.385986 0.255515 0.0258789 0.0477941
1 0.829102 0.62454 0.0234375 0.0487132
0 0.165039 0.772518 0.0292969 0.0542279
0 0.934326 0.882812 0.0249023 0.0413603
0 0.108887 0.389706 0.0292969 0.0625
1 0.415283 0.454963 0.0239258 0.0459559
1 0.377441 0.367188 0.0234375 0.0431985
0 0.0222168 0.193015 0.0336914 0.0661765
1 0.189209 0.54182 0.034668 0.0670956
1 0.39502 0.340993 0.0244141 0.0422794
1 0.689941 0.390165 0.03125 0.0652574
1 0.826416 0.954504 0.0297852 0.0505515
