0 0.227783 0.335938 0.0209961 0.0431985
0 0.858643 0.0845588 0.0200195 0.0441176
0 0.917236 0.493566 0.0249023 0.0459559
0 0.542236 0.90671 0.0307617 0.0487132
1 0.164062 0.772059 0.0292969 0.0551471
1 0.558838 0.0744485 0.0209961 0.0422794
1 0.0852051 0.238511 0.0317383 0.0597426
0 0.811768 0.118566 0.0219727 0.0459559
1 0.858643 0.254596 0.0200195 0.0404412
0 0.776367 0.920956 0.0273438 0.0514706
1 0.810791 0.119485 0.0219727 0.0459559
0 0.214111 0.319853 0.0219727 0.0459559
1 0.0966797 0.0243566 0.0322266 0.0487132
0 0.258789 0.846507 0.0263672 0.0514706
1 0.568848 0.597426 0.0273438 0.0477941
0 0.920898 0.979779 0.03125 0.0404412
1 0.171875 0.0220588 0.0283203 0.0441176
0 0.543457 0.0592831 0.0185547 0.0395221
1 0.258789 0.846507 0.0263672 0.0496324
1 0.828857 0.623621 0.0219727 0.046875
0 0.568359 0.599265 0.0283203 0.0477941
1 0.93457 0.879596 0.0234375 0.0422794
0 0.0852051 0.238511 0.0327148 0.0579044
0 0.199951 0.959099 0.0317383 0.0542279
1 0.519775 0.203125 0.0209961 0.0422794
1 0.92041 0.978401 0.03125 0.0431985
0 0.409668 0.90625 0.0224609 0.0441176
1 0.824951 0.775735 0.0249023 0.0477941
0 0.391357 0.871324 0.0209961 0.0477941
0 0.796875 0.59329 0.0253906 0.046875
1 0.54248 0.908548 0.0283203 0.046875
1 0.776855 0.921415 0.0283203 0.0523897
0 0.826416 0.954044 0.0297852 0.0514706
0 0.105469 0.383272 0.0302734 0.0569853
1 0.917236 0.492647 0.0249023 0.0477941
1 0.989014 0.172794 0.0219727 0.0496324
1 0.83667 0.124081 0.0219727 0.0422794
1 0.784668 0.273438 0.0224609 0.0450368
0 0.871826 0.744026 0.0268555 0.046875
1 0.525146 0.269761 0.0219727 0.0395221
1 0.826416 0.955882 0.0297852 0.0514706
0 0.0222168 0.193474 0.0307617 0.0615809
0 0.165039 0.77114 0.0292969 0.0514706
1 0.105225 0.383732 0.0297852 0.0597426
1 0.391602 0.871783 0.0234375 0.0487132
1 0.871826 0.742647 0.0268555 0.0514706
1 0.528076 0.309743 0.0209961 0.0404412
1 0.199951 0.95864 0.0297852 0.0514706
1 0.939697 0.563419 0.0297852 0.0496324
0 0.559082 0.0721507 0.0205078 0.0395221
0 0.171875 0.0225184 0.0283203 0.0431985
1 0.879883 0.827206 0.0234375 0.0422794
0 0.828857 0.623162 0.0249023 0.0496324
0 0.438965 0.884651 0.0234375 0.046875
1 0.803223 0.300551 0.0234375 0.0441176
1 0.311279 0.244485 0.0268555 0.0459559
0 0.19165 0.0542279 0.027832 0.0551471
1 0.86792 0.853401 0.0249023 0.046875
1 0.415527 0.454963 0.0244141 0.0459559
1 0.689941 0.387408 0.0302734 0.0615809
1 0.974121 0.890625 0.0263672 0.0422794
1 0.40918 0.340533 0.0234375 0.046875
1 0.39209 0.237132 0.0263672 0.0514706
1 0.378174 0.369026 0.0249023 0.0450368
1 0.189453 0.542279 0.03125 0.0588235
