1 0.0534668 0.914522 0.0307617 0.0496324
1 0.82666 0.827206 0.0234375 0.0477941
1 0.234375 0.709099 0.0253906 0.0487132
1 0.00634766 0.913143 0.0126953 0.0395221
0 0.49707 0.933364 0.0195312 0.0395221
1 0.799561 0.10432 0.0209961 0.0358456
0 0.207031 0.615349 0.0214844 0.0376838
1 0.393799 0.655331 0.0249023 0.0441176
1 0.601562 0.0160846 0.0273438 0.0321691
0 0.711182 0.0188419 0.0209961 0.0266544
1 0.432617 0.886489 0.0273438 0.0487132
0 0.600586 0.457721 0.0195312 0.0386029
1 0.559814 0.877757 0.0268555 0.0441176
0 0.194336 0.91682 0.0253906 0.0413603
1 0.673096 0.70864 0.0239258 0.0459559
1 0.327148 0.623621 0.0234375 0.0450368
1 0.695801 0.744945 0.0234375 0.0450368
1 0.652344 0.339614 0.0224609 0.0376838
0 0.048584 0.117647 0.0249023 0.0441176
1 0.210449 0.63511 0.0205078 0.0386029
0 0.652344 0.338695 0.0214844 0.0340074
0 0.839844 0.686121 0.0214844 0.0431985
1 0.367676 0.794118 0.0224609 0.0404412
0 0.367432 0.794118 0.0229492 0.0404412
0 0.210205 0.637868 0.019043 0.0367647
1 0.0498047 0.117188 0.0263672 0.0413603
1 0.695801 0.185202 0.0205078 0.0395221
1 0.782471 0.683824 0.0288086 0.0477941
0 0.0842285 0.599724 0.0268555 0.0523897
0 0.756348 0.790441 0.0273438 0.0533088
1 0.840576 0.686121 0.0249023 0.0431985
0 0.560303 0.876838 0.0258789 0.0441176
0 0.561035 0.517004 0.0195312 0.0395221
0 0.979736 0.444853 0.0200195 0.0441176
1 0.98999 0.819853 0.0170898 0.0386029
1 0.737549 0.912224 0.0288086 0.0487132
0 0.564941 0.377757 0.0234375 0.0441176
0 0.166504 0.772059 0.0224609 0.0477941
0 0.395508 0.115349 0.0244141 0.046875
1 0.194336 0.917739 0.0253906 0.0450368
1 0.766357 0.0859375 0.0200195 0.0395221
0 0.827393 0.826287 0.0249023 0.0441176
1 0.297119 0.674632 0.027832 0.0477941
1 0.364502 0.841452 0.0219727 0.0395221
0 0.61792 0.983456 0.0258789 0.0330882
1 0.702881 0.188879 0.0209961 0.0395221
1 0.732178 0.191176 0.0258789 0.0514706
1 0.69751 0.378217 0.0219727 0.0395221
0 0.601807 0.0147059 0.0258789 0.0294118
1 0.0812988 0.715074 0.0219727 0.0404412
1 0.686523 0.445772 0.0234375 0.0404412
1 0.384033 0.786305 0.0209961 0.0395221
0 0.606689 0.482537 0.0209961 0.0404412
0 0.616699 0.887408 0.0224609 0.0431985
0 0.696533 0.745404 0.0200195 0.0459559
1 0.0341797 0.408548 0.0253906 0.046875
1 0.259277 0.845129 0.0283203 0.0487132
0 0.017334 0.466452 0.0268555 0.0542279
1 0.0136719 0.97932 0.0263672 0.0413603
1 0.0178223 0.465993 0.0258789 0.0496324
0 0.288574 0.772978 0.0224609 0.0422794
1 0.553223 0.310662 0.0224609 0.0404412
0 0.878906 0.0776654 0.0234375 0.0431985
0 0.463623 0.881893 0.0209961 0.0413603
0 0.419189 0.963695 0.027832 0.046875
0 0.0141602 0.980239 0.0244141 0.0395221
0 0.0341797 0.409467 0.0253906 0.0487132
1 0.0839844 0.601562 0.0244141 0.0505515
1 0.0517578 0.811581 0.0234375 0.0422794
0 0.638672 0.880515 0.0234375 0.0441176
1 0.564453 0.378217 0.0224609 0.0450368
1 0.419434 0.963235 0.0283203 0.0459559
1 0.480469 0.884651 0.0205078 0.0395221
0 0.666016 0.392923 0.0214844 0.0431985
0 0.730225 0.189338 0.0258789 0.0477941
1 0.832031 0.127757 0.0253906 0.0404412
1 0.175781 0.829504 0.0263672 0.046875
1 0.660156 0.0119485 0.0214844 0.0238971
1 0.763916 0.0431985 0.0219727 0.0404412
1 0.908691 0.506434 0.0234375 0.0404412
0 0.559082 0.610294 0.0224609 0.0441176
0 0.510498 0.0174632 0.019043 0.0349265
1 0.645508 0.387408 0.0234375 0.0431985
1 0.520508 0.0721507 0.0234375 0.0431985
0 0.296631 0.674173 0.0258789 0.046875
1 0.296631 0.80239 0.0239258 0.0422794
1 0.598389 0.301011 0.0219727 0.0413603
1 0.514893 0.683364 0.027832 0.0487132
1 0.0581055 0.880055 0.0224609 0.0395221
1 0.969482 0.679228 0.0200195 0.0349265
1 0.168213 0.774357 0.0239258 0.0450368
0 0.535645 0.503676 0.0244141 0.0404412
0 0.673096 0.709099 0.0239258 0.0450368
1 0.12793 0.828585 0.0253906 0.0487132
1 0.572266 0.216912 0.0224609 0.0404412
1 0.703125 0.0376838 0.0205078 0.0330882
0 0.0102539 0.210938 0.0205078 0.0505515
1 0.582764 0.201746 0.0219727 0.0340074
0 0.703857 0.652574 0.0249023 0.0477941
1 0.878174 0.704044 0.0219727 0.0441176
0 0.234375 0.709559 0.0244141 0.0441176
1 0.431885 0.789982 0.0219727 0.0413603
0 0.358398 0.681985 0.0253906 0.0422794
1 0.828125 0.625919 0.0214844 0.0459559
1 0.782715 0.589154 0.0263672 0.0422794
0 0.429443 0.884651 0.0249023 0.0450368
0 0.349365 0.80239 0.0219727 0.0441176
0 0.295898 0.802849 0.0224609 0.0431985
1 0.762207 0.888327 0.0244141 0.0431985
1 0.80249 0.168199 0.0249023 0.0441176
1 0.0959473 0.346967 0.0258789 0.046875
1 0.123047 0.472426 0.0234375 0.0404412
0 0.782959 0.682904 0.0258789 0.0459559
1 0.206543 0.856158 0.0283203 0.0487132
1 0.0651855 0.905331 0.0239258 0.0441176
1 0.19751 0.358456 0.0239258 0.0441176
1 0.394531 0.869945 0.0234375 0.0450368
1 0.591064 0.366268 0.0229492 0.0413603
1 0.755615 0.789062 0.0249023 0.0450368
1 0.372559 0.536765 0.0273438 0.0477941
1 0.855469 0.679228 0.0214844 0.0422794
0 0.728516 0.63557 0.0214844 0.0450368
0 0.737549 0.911765 0.0268555 0.0477941
1 0.446045 0.155331 0.0200195 0.0422794
1 0.73291 0.0960478 0.0244141 0.0450368
1 0.991455 0.762408 0.0170898 0.0395221
1 0.460205 0.673713 0.027832 0.0477941
1 0.59668 0.22886 0.0195312 0.0422794
1 0.146484 0.588695 0.0234375 0.046875
1 0.130859 0.136949 0.0244141 0.0441176
1 0.879883 0.823989 0.0234375 0.046875
1 0.169189 0.0160846 0.0268555 0.0321691
1 0.612061 0.252757 0.0219727 0.0404412
0 0.655518 0.310662 0.0209961 0.0386029
1 0.394775 0.11443 0.0229492 0.0450368
1 0.126709 0.503676 0.0209961 0.0441176
1 0.0734863 0.254136 0.0268555 0.0523897
1 0.887695 0.236673 0.03125 0.0487132
1 0.852295 0.262868 0.0268555 0.0422794
0 0.318848 0.876379 0.0253906 0.0487132
1 0.117676 0.159926 0.0234375 0.0441176
0 0.257812 0.847886 0.0253906 0.0431985
1 0.0422363 0.931066 0.0229492 0.0422794
1 0.989746 0.126838 0.0185547 0.0441176
1 0.990967 0.183824 0.0180664 0.0422794
1 0.160156 0.497702 0.0253906 0.046875
1 0.40332 0.160386 0.0234375 0.0431985
1 0.376709 0.370404 0.0268555 0.0514706
1 0.911865 0.591452 0.0219727 0.0358456
1 0.197266 0.534926 0.0253906 0.0477941
1 0.672363 0.0542279 0.0244141 0.0422794
1 0.361084 0.164982 0.0239258 0.0431985
0 0.529297 0.459559 0.0224609 0.0441176
1 0.931396 0.33364 0.0219727 0.0422794
1 0.457764 0.106618 0.0249023 0.0441176
1 0.222656 0.0762868 0.0253906 0.0496324
1 0.992188 0.553768 0.015625 0.0487132
1 0.238525 0.0289522 0.0258789 0.0450368
1 0.813232 0.444853 0.0268555 0.0441176
1 0.458496 0.171875 0.0205078 0.0422794
1 0.519531 0.827206 0.0214844 0.0404412
1 0.832764 0.949449 0.0268555 0.0441176
1 0.0922852 0.0358456 0.0322266 0.0533088
1 0.108887 0.53125 0.0263672 0.0477941
1 0.415771 0.78125 0.0219727 0.0441176
1 0.941406 0.693015 0.0253906 0.0422794
1 0.406738 0.347886 0.0263672 0.046875
1 0.185059 0.461397 0.0253906 0.0477941
1 0.776611 0.865349 0.0229492 0.0413603
1 0.0683594 0.799632 0.0234375 0.0441176
1 0.689209 0.180147 0.0219727 0.0386029
1 0.915527 0.551471 0.0234375 0.0404412
1 0.40918 0.204963 0.0253906 0.0459559
1 0.855469 0.867647 0.0253906 0.0459559
1 0.230225 0.344669 0.0239258 0.0459559
1 0.577393 0.24954 0.0249023 0.0431985
1 0.943115 0.730239 0.0219727 0.0413603
1 0.804932 0.23943 0.0258789 0.0431985
1 0.919678 0.838695 0.0249023 0.0487132
1 0.0297852 0.886489 0.0273438 0.046875
1 0.223877 0.794118 0.0268555 0.0459559
1 0.132568 0.629596 0.0258789 0.0496324
1 0.0939941 0.8125 0.0268555 0.0496324
1 0.532471 0.340074 0.0239258 0.0441176
0 0.269287 0.984375 0.0268555 0.03125
1 0.153809 0.228401 0.0263672 0.0487132
1 0.305908 0.118107 0.0258789 0.0450368
1 0.960938 0.221967 0.0253906 0.0376838
1 0.795898 0.402114 0.0234375 0.0431985
1 0.145508 0.304228 0.0273438 0.0496324
1 0.459717 0.49954 0.0249023 0.0413603
1 0.572266 0.105239 0.0244141 0.0413603
1 0.946777 0.316636 0.0263672 0.0450368
1 0.982178 0.736213 0.0219727 0.0386029
1 0.331787 0.200368 0.0249023 0.0441176
1 0.678223 0.137868 0.0263672 0.0496324
1 0.714111 0.479779 0.0258789 0.0459559
1 0.407715 0.537684 0.0263672 0.0459559
1 0.28125 0.188879 0.0244141 0.0431985
1 0.498291 0.175551 0.0249023 0.0477941
1 0.183594 0.380974 0.0234375 0.0431985
1 0.53125 0.805147 0.0244141 0.0422794
1 0.972656 0.188419 0.0253906 0.0422794
1 0.53125 0.270221 0.0263672 0.0459559
1 0.964844 0.755515 0.0234375 0.0441176
1 0.316406 0.250919 0.0263672 0.0459559
1 0.803711 0.295037 0.0253906 0.0441176
1 0.209717 0.307904 0.0258789 0.0477941
1 0.780518 0.274816 0.0249023 0.0441176
1 0.366211 0.204044 0.0224609 0.0441176
1 0.483643 0.134651 0.0249023 0.046875
1 0.918945 0.616728 0.0234375 0.0422794
1 0.413574 0.464154 0.0273438 0.0496324
1 0.986816 0.936581 0.0263672 0.0496324
1 0.267578 0.214614 0.0244141 0.0431985
1 0.44165 0.472426 0.0219727 0.0441176
