0 0.832764 0.768842 0.0297852 0.0542279
0 0.533691 0.919118 0.0302734 0.0477941
0 0.835938 0.122702 0.0214844 0.046875
0 0.101318 0.0225184 0.034668 0.0450368
0 0.189697 0.542279 0.034668 0.0698529
1 0.962402 0.871324 0.0234375 0.0422794
1 0.0852051 0.238511 0.0336914 0.0634191
1 0.101807 0.0234375 0.0336914 0.046875
0 0.96167 0.866268 0.027832 0.046875
0 0.569336 0.598346 0.03125 0.0533088
1 0.109375 0.386949 0.0292969 0.0643382
1 0.785889 0.926011 0.0268555 0.0487132
0 0.811523 0.118566 0.0234375 0.0477941
1 0.835205 0.12546 0.0219727 0.0450368
1 0.922607 0.975643 0.0297852 0.0431985
0 0.799561 0.595129 0.027832 0.0505515
0 0.826416 0.953585 0.0297852 0.0523897
1 0.529297 0.309743 0.0224609 0.0404412
1 0.528564 0.272978 0.0229492 0.0404412
0 0.921875 0.977022 0.0292969 0.0459559
1 0.569092 0.596507 0.027832 0.0496324
0 0.872559 0.746324 0.0283203 0.0496324
1 0.203125 0.95818 0.0302734 0.0523897
1 0.832031 0.77068 0.0292969 0.0560662
1 0.947021 0.558824 0.0297852 0.0477941
0 0.828857 0.623621 0.0249023 0.0487132
1 0.800049 0.594669 0.0268555 0.0496324
0 0.309814 0.23989 0.0307617 0.0533088
1 0.385254 0.254136 0.0283203 0.046875
1 0.872559 0.745864 0.0283203 0.0487132
1 0.829102 0.624081 0.0234375 0.0477941
0 0.0847168 0.238051 0.0356445 0.0588235
1 0.988281 0.172335 0.0234375 0.0505515
1 0.91626 0.495864 0.0249023 0.046875
0 0.259033 0.846967 0.027832 0.0505515
0 0.202148 0.957261 0.0283203 0.0487132
0 0.934326 0.882812 0.0249023 0.0413603
0 0.164795 0.772518 0.0288086 0.0560662
0 0.438721 0.882353 0.0336914 0.0551471
1 0.415527 0.454963 0.0244141 0.0459559
0 0.108887 0.389706 0.0292969 0.0625
1 0.377441 0.367188 0.0234375 0.0431985
0 0.0222168 0.193474 0.0336914 0.0670956
1 0.394775 0.340993 0.0249023 0.0422794
1 0.826416 0.953585 0.0297852 0.0505515
1 0.689941 0.389706 0.0302734 0.0643382
1 0.189209 0.542279 0.034668 0.0661765
