0 0.784912 0.924173 0.0288086 0.0450368
1 0.523682 0.209559 0.0180664 0.0422794
1 0.785156 0.925092 0.0263672 0.046875
1 0.533691 0.918658 0.0283203 0.0560662
0 0.567871 0.597426 0.0302734 0.0551471
0 0.101074 0.0229779 0.0341797 0.0459559
1 0.101318 0.0238971 0.0336914 0.0477941
0 0.922852 0.976562 0.03125 0.046875
0 0.534424 0.919118 0.0297852 0.0496324
0 0.799072 0.595588 0.0288086 0.0496324
0 0.810791 0.117647 0.0239258 0.0477941
1 0.810791 0.119485 0.0219727 0.0477941
1 0.829834 0.772059 0.0297852 0.0551471
0 0.189941 0.54136 0.0341797 0.0680147
1 0.922852 0.976562 0.03125 0.0431985
1 0.310547 0.240809 0.03125 0.0551471
1 0.872559 0.745864 0.0283203 0.046875
1 0.96582 0.875 0.0234375 0.0477941
1 0.569336 0.596967 0.0273438 0.0487132
1 0.835938 0.12454 0.0234375 0.0450368
1 0.202637 0.957261 0.0302734 0.0542279
0 0.830322 0.77068 0.0297852 0.0560662
0 0.828857 0.623162 0.0249023 0.0477941
0 0.96582 0.874081 0.0234375 0.0514706
1 0.799805 0.594669 0.0273438 0.0496324
1 0.945312 0.561121 0.0283203 0.0487132
0 0.310059 0.240809 0.03125 0.0551471
0 0.872559 0.746324 0.0283203 0.0477941
1 0.917236 0.494026 0.0249023 0.0487132
0 0.826416 0.953585 0.0297852 0.0523897
1 0.415527 0.455423 0.0234375 0.0450368
1 0.529053 0.308364 0.0209961 0.0413603
1 0.988281 0.172335 0.0234375 0.0505515
1 0.528076 0.272518 0.0209961 0.0376838
1 0.829102 0.62454 0.0234375 0.046875
1 0.38623 0.254596 0.0263672 0.0477941
0 0.439209 0.882353 0.0336914 0.0569853
0 0.0852051 0.238971 0.034668 0.0606618
0 0.201904 0.957261 0.027832 0.0487132
0 0.934326 0.883272 0.0249023 0.0422794
0 0.258545 0.847886 0.0268555 0.0505515
1 0.377441 0.366728 0.0234375 0.0422794
0 0.165283 0.773897 0.0268555 0.0514706
0 0.108887 0.388787 0.0292969 0.0606618
1 0.189697 0.54182 0.034668 0.0652574
0 0.0219727 0.193015 0.0332031 0.0661765
1 0.395264 0.339154 0.0239258 0.0422794
1 0.826416 0.954504 0.0297852 0.0505515
1 0.689941 0.390165 0.03125 0.0652574
