1 0.384521 0.26011 0.0297852 0.0496324
1 0.839844 0.764706 0.0253906 0.0459559
0 0.838867 0.764706 0.0234375 0.0477941
1 0.30957 0.238511 0.0292969 0.0597426
0 0.101807 0.0234375 0.0356445 0.046875
1 0.438721 0.880515 0.0297852 0.0588235
1 0.102295 0.0243566 0.034668 0.0487132
0 0.189453 0.542279 0.0351562 0.0716912
0 0.935303 0.880055 0.0219727 0.0395221
1 0.793945 0.925092 0.0244141 0.0487132
0 0.922607 0.975643 0.027832 0.0431985
1 0.109619 0.387408 0.0297852 0.0634191
0 0.799561 0.59421 0.027832 0.0523897
1 0.933594 0.880974 0.0234375 0.0395221
1 0.570068 0.596048 0.0288086 0.0523897
0 0.56958 0.597426 0.0317383 0.0551471
0 0.858643 0.0836397 0.0249023 0.0496324
1 0.309082 0.903952 0.0292969 0.0542279
0 0.525391 0.20864 0.0244141 0.0477941
1 0.924072 0.975643 0.0297852 0.0431985
0 0.872559 0.746324 0.0263672 0.0477941
1 0.416016 0.454504 0.0263672 0.0523897
1 0.828857 0.62454 0.0219727 0.0487132
0 0.258789 0.847426 0.0283203 0.0514706
0 0.829102 0.623621 0.0234375 0.0487132
1 0.801025 0.59421 0.0258789 0.0505515
1 0.987549 0.173254 0.0249023 0.0560662
0 0.438965 0.881434 0.0341797 0.0569853
1 0.872559 0.745864 0.0263672 0.046875
0 0.202637 0.95818 0.0292969 0.0505515
1 0.203125 0.95818 0.03125 0.0560662
1 0.953857 0.557904 0.0268555 0.0477941
1 0.956299 0.865809 0.0249023 0.0441176
0 0.308838 0.238051 0.0297852 0.0588235
0 0.164795 0.772518 0.0288086 0.0560662
0 0.0852051 0.23989 0.034668 0.0625
1 0.916504 0.495864 0.0263672 0.046875
1 0.825684 0.952665 0.0263672 0.0487132
0 0.109131 0.388327 0.0307617 0.0615809
1 0.689941 0.389706 0.03125 0.0661765
0 0.0222168 0.193015 0.0327148 0.0661765
1 0.189209 0.542279 0.034668 0.0661765
