1 0.871094 0.117188 0.0185547 0.0376838
0 0.834473 0.863051 0.0185547 0.0386029
0 0.85791 0.863051 0.0263672 0.0459559
1 0.806396 0.988051 0.0297852 0.0238971
1 0.139893 0.601103 0.0229492 0.0496324
0 0.587646 0.36489 0.0219727 0.0367647
1 0.611572 0.0128676 0.0258789 0.0257353
1 0.587402 0.365809 0.0205078 0.0330882
0 0.775879 0.714614 0.0234375 0.0450368
1 0.680908 0.105239 0.0229492 0.0395221
1 0.381592 0.786765 0.0209961 0.0404412
1 0.85791 0.863051 0.0234375 0.0459559
1 0.879883 0.824449 0.0234375 0.0441176
1 0.806641 0.18704 0.0214844 0.0376838
0 0.786377 0.59375 0.0268555 0.0459559
0 0.880371 0.824908 0.0234375 0.046875
0 0.557129 0.884651 0.0263672 0.0431985
1 0.576416 0.391085 0.0209961 0.0340074
1 0.828857 0.622243 0.0219727 0.0459559
0 0.877441 0.721507 0.0263672 0.0459559
1 0.755127 0.923713 0.0288086 0.0514706
1 0.740723 0.163143 0.0234375 0.0413603
0 0.827393 0.803309 0.0268555 0.0514706
0 0.912354 0.982996 0.0297852 0.0340074
1 0.534424 0.330423 0.0239258 0.046875
1 0.731689 0.116268 0.0229492 0.0413603
1 0.556641 0.882353 0.0263672 0.0441176
0 0.828125 0.621783 0.0253906 0.0487132
1 0.916992 0.493107 0.0234375 0.0450368
0 0.755615 0.924173 0.0297852 0.0487132
1 0.440186 0.88511 0.0268555 0.0459559
1 0.301514 0.665901 0.0219727 0.0413603
1 0.257324 0.84375 0.0253906 0.0441176
1 0.0791016 0.237132 0.0273438 0.0477941
1 0.857178 0.253217 0.0249023 0.0431985
0 0.825684 0.955882 0.0283203 0.0477941
1 0.315674 0.649357 0.0209961 0.0376838
1 0.678955 0.0611213 0.0219727 0.0395221
1 0.407227 0.538143 0.0234375 0.0395221
1 0.526123 0.0684743 0.0258789 0.0431985
1 0.389893 0.665441 0.0219727 0.0422794
0 0.755615 0.789062 0.0249023 0.0431985
0 0.565918 0.601103 0.0263672 0.0459559
1 0.838379 0.124081 0.0234375 0.0422794
1 0.237549 0.714154 0.0239258 0.0441176
1 0.929688 0.563419 0.0253906 0.0441176
1 0.0185547 0.196232 0.0253906 0.0505515
1 0.03125 0.410846 0.0205078 0.0386029
1 0.92749 0.855699 0.0249023 0.0459559
1 0.402344 0.211857 0.0224609 0.0450368
1 0.69043 0.384191 0.0273438 0.0477941
1 0.197021 0.944393 0.027832 0.0487132
1 0.88208 0.0863971 0.0200195 0.0422794
1 0.37085 0.539062 0.0249023 0.0450368
1 0.0146484 0.981158 0.0253906 0.0376838
1 0.0900879 0.03125 0.0336914 0.0496324
1 0.524902 0.267923 0.0244141 0.046875
1 0.145264 0.587316 0.0200195 0.0422794
1 0.414062 0.457261 0.0244141 0.0450368
1 0.09375 0.601562 0.0234375 0.0450368
1 0.391602 0.87454 0.0234375 0.0487132
1 0.0244141 0.4375 0.0224609 0.0404412
1 0.858643 0.0836397 0.0200195 0.0422794
1 0.571289 0.10432 0.0234375 0.0431985
1 0.318115 0.161305 0.0200195 0.046875
1 0.172119 0.019761 0.0288086 0.0395221
1 0.097168 0.360294 0.0263672 0.0477941
1 0.80957 0.118107 0.0214844 0.0413603
1 0.988281 0.174632 0.0214844 0.0496324
1 0.209473 0.0795037 0.0253906 0.0487132
1 0.101074 0.523897 0.0244141 0.0477941
1 0.594727 0.295956 0.0234375 0.0386029
1 0.378906 0.689338 0.0214844 0.0441176
1 0.811523 0.30193 0.0234375 0.0413603
1 0.196777 0.530331 0.0234375 0.0422794
1 0.897705 0.106158 0.0219727 0.0431985
1 0.410156 0.339614 0.0253906 0.0450368
1 0.506592 0.181526 0.0258789 0.046875
1 0.786133 0.272059 0.0234375 0.0441176
1 0.120361 0.822151 0.0249023 0.046875
1 0.13208 0.608915 0.0209961 0.0413603
1 0.377686 0.368107 0.0249023 0.0431985
1 0.153564 0.280331 0.0249023 0.0404412
1 0.98291 0.917739 0.0283203 0.0542279
1 0.418213 0.943474 0.0258789 0.0505515
1 0.187256 0.483456 0.0239258 0.0459559
1 0.80542 0.210018 0.0219727 0.0395221
1 0.583984 0.251379 0.0224609 0.0413603
1 0.147949 0.235294 0.0244141 0.0422794
1 0.0949707 0.814338 0.027832 0.0514706
1 0.159912 0.487132 0.0229492 0.0404412
1 0.334961 0.182904 0.0214844 0.0459559
1 0.164062 0.77068 0.0263672 0.046875
1 0.239014 0.345129 0.027832 0.0505515
1 0.3125 0.246783 0.0253906 0.0450368
1 0.204834 0.314798 0.0239258 0.046875
1 0.229248 0.763787 0.0249023 0.0459559
