1 0.86792 0.115349 0.0170898 0.0395221
0 0.208008 0.0772059 0.0263672 0.0514706
1 0.097168 0.580882 0.0244141 0.0753676
1 0.613281 0.0128676 0.0253906 0.0257353
1 0.883545 0.234835 0.0249023 0.0395221
1 0.876465 0.723805 0.0263672 0.0431985
1 0.805176 0.988051 0.0302734 0.0238971
1 0.837646 0.86443 0.0219727 0.0395221
0 0.566406 0.597886 0.0292969 0.0523897
1 0.85791 0.253217 0.0234375 0.0376838
1 0.236084 0.720129 0.0219727 0.0358456
1 0.590332 0.282629 0.0224609 0.0358456
0 0.914062 0.982077 0.0283203 0.0340074
0 0.876465 0.724724 0.0283203 0.046875
1 0.533203 0.324449 0.0214844 0.0441176
1 0.917236 0.493107 0.027832 0.046875
1 0.589111 0.256893 0.0219727 0.0340074
1 0.787109 0.592371 0.0253906 0.046875
1 0.826416 0.797794 0.0249023 0.0496324
1 0.553955 0.886949 0.0258789 0.0422794
1 0.566895 0.600184 0.0273438 0.0477941
1 0.828857 0.622702 0.0219727 0.046875
1 0.773926 0.720129 0.0244141 0.046875
1 0.142334 0.590993 0.0200195 0.0422794
1 0.207275 0.078125 0.0249023 0.0477941
1 0.132324 0.604779 0.0205078 0.0404412
1 0.755615 0.789522 0.0249023 0.0441176
1 0.172363 0.0202206 0.0283203 0.0404412
1 0.0195312 0.195772 0.0253906 0.0496324
1 0.257324 0.84375 0.0244141 0.0441176
1 0.879883 0.825827 0.0234375 0.0450368
1 0.93042 0.5625 0.0268555 0.0459559
1 0.0148926 0.981618 0.0268555 0.0367647
1 0.0915527 0.0303309 0.0336914 0.0477941
1 0.196533 0.949449 0.027832 0.0496324
1 0.838379 0.12454 0.0234375 0.0450368
1 0.399414 0.215074 0.0253906 0.0496324
1 0.690674 0.386029 0.0268555 0.0496324
1 0.233398 0.757812 0.0214844 0.0413603
1 0.759766 0.926471 0.0292969 0.0533088
1 0.896729 0.107077 0.0219727 0.0431985
1 0.531982 0.0629596 0.0249023 0.0450368
1 0.858398 0.861673 0.0234375 0.046875
1 0.98877 0.174632 0.0224609 0.0477941
1 0.825928 0.955882 0.0297852 0.0496324
1 0.740967 0.152574 0.0209961 0.0386029
1 0.571289 0.102941 0.0234375 0.0459559
1 0.859375 0.0840993 0.0214844 0.0431985
1 0.730713 0.118566 0.0219727 0.0422794
1 0.0852051 0.236673 0.0297852 0.0542279
1 0.98291 0.914522 0.0283203 0.0533088
1 0.439697 0.88511 0.0258789 0.0441176
1 0.810059 0.119026 0.0224609 0.0431985
1 0.524658 0.267923 0.0249023 0.0487132
1 0.884277 0.0882353 0.0205078 0.0422794
1 0.117676 0.817555 0.0224609 0.0450368
1 0.39209 0.873621 0.0224609 0.0487132
1 0.928955 0.859835 0.0249023 0.0487132
1 0.371582 0.539522 0.0263672 0.0459559
1 0.098877 0.526195 0.027832 0.0487132
1 0.508057 0.186581 0.0249023 0.0459559
1 0.164307 0.77068 0.0268555 0.0505515
1 0.197021 0.529871 0.0239258 0.0450368
1 0.186523 0.484835 0.0224609 0.0450368
1 0.811768 0.300551 0.0249023 0.0441176
1 0.0974121 0.814798 0.0258789 0.0450368
1 0.785645 0.271599 0.0234375 0.046875
1 0.414795 0.457721 0.0249023 0.0441176
1 0.0947266 0.598805 0.0234375 0.0431985
1 0.163086 0.483456 0.0234375 0.0441176
1 0.37793 0.367647 0.0253906 0.0441176
1 0.41626 0.940717 0.0258789 0.0487132
1 0.148193 0.236213 0.0229492 0.0404412
1 0.0993652 0.36443 0.0258789 0.046875
1 0.409668 0.340533 0.0253906 0.0450368
1 0.310791 0.245864 0.0268555 0.0505515
1 0.23877 0.34421 0.0283203 0.0505515
1 0.205078 0.315257 0.0244141 0.0459559
1 0.155029 0.268842 0.0219727 0.0413603
1 0.404297 0.538603 0.0244141 0.0441176
