0 0.100098 0.0225184 0.0341797 0.0450368
1 0.523438 0.20864 0.0175781 0.0404412
0 0.310791 0.897978 0.0297852 0.0533088
1 0.933594 0.880974 0.0253906 0.0450368
1 0.858643 0.0840993 0.0219727 0.046875
0 0.79834 0.595588 0.0283203 0.0477941
0 0.567871 0.597426 0.03125 0.0551471
0 0.921875 0.977022 0.03125 0.0422794
1 0.569092 0.596507 0.027832 0.0496324
0 0.310547 0.241728 0.0302734 0.0496324
0 0.5354 0.91636 0.0297852 0.0496324
1 0.921875 0.977482 0.0332031 0.0450368
0 0.189453 0.542279 0.0341797 0.0661765
1 0.799316 0.594669 0.0263672 0.0477941
1 0.202148 0.95818 0.03125 0.0560662
0 0.439453 0.881893 0.0263672 0.046875
1 0.811035 0.119945 0.0234375 0.0487132
0 0.828857 0.772059 0.0297852 0.0551471
1 0.943604 0.56296 0.0297852 0.0487132
0 0.828857 0.623162 0.0249023 0.0496324
1 0.989014 0.172335 0.0219727 0.0505515
1 0.829102 0.624081 0.0234375 0.0477941
1 0.311035 0.242188 0.0302734 0.0505515
1 0.826416 0.954044 0.0297852 0.0514706
1 0.398682 0.334559 0.0258789 0.0422794
1 0.917236 0.493566 0.0249023 0.0496324
0 0.781738 0.921875 0.0322266 0.0496324
1 0.528564 0.309283 0.0209961 0.0413603
1 0.415039 0.454963 0.0234375 0.0441176
0 0.872559 0.745404 0.0283203 0.0496324
0 0.20166 0.95818 0.0283203 0.0505515
0 0.934326 0.883272 0.0249023 0.0441176
1 0.5271 0.27068 0.0209961 0.0395221
1 0.835938 0.124081 0.0234375 0.0459559
0 0.0849609 0.238971 0.0341797 0.0606618
0 0.165527 0.773897 0.0273438 0.0514706
1 0.37793 0.367647 0.0244141 0.0441176
0 0.108398 0.388787 0.0292969 0.0606618
1 0.96875 0.879136 0.0253906 0.0487132
0 0.258789 0.847886 0.0263672 0.0505515
1 0.388184 0.250919 0.0263672 0.0477941
0 0.826416 0.954504 0.0297852 0.0523897
1 0.189209 0.54182 0.034668 0.0652574
0 0.0222168 0.192555 0.0327148 0.0652574
1 0.689941 0.390165 0.03125 0.0652574
