0 0.990967 0.415441 0.0180664 0.0367647
0 0.858643 0.0845588 0.0200195 0.0441176
1 0.164062 0.772059 0.0292969 0.0551471
0 0.543457 0.90579 0.0302734 0.0487132
1 0.858643 0.254136 0.0200195 0.0395221
0 0.917236 0.493566 0.0249023 0.0459559
0 0.803955 0.30239 0.0219727 0.0441176
1 0.93457 0.879596 0.0234375 0.0422794
1 0.258789 0.846048 0.0263672 0.0487132
1 0.828857 0.623621 0.0219727 0.046875
0 0.543457 0.0588235 0.0224609 0.0404412
1 0.776367 0.920496 0.0273438 0.0523897
0 0.391357 0.871324 0.0209961 0.0477941
1 0.0966797 0.0243566 0.0302734 0.046875
0 0.775391 0.920956 0.0263672 0.0514706
0 0.410156 0.908088 0.0224609 0.0441176
0 0.22876 0.338235 0.0219727 0.0477941
1 0.825928 0.955882 0.0297852 0.0496324
0 0.567627 0.597426 0.0297852 0.0533088
1 0.917236 0.492647 0.0297852 0.0477941
0 0.258789 0.846507 0.0253906 0.0496324
1 0.568848 0.597426 0.0273438 0.0477941
1 0.810303 0.119945 0.0219727 0.0450368
1 0.92041 0.97886 0.03125 0.0422794
1 0.410156 0.90671 0.0214844 0.046875
1 0.104492 0.382812 0.0292969 0.0579044
0 0.920898 0.980239 0.03125 0.0395221
0 0.933594 0.881434 0.0253906 0.0422794
1 0.519775 0.201746 0.0219727 0.0431985
1 0.785156 0.272978 0.0234375 0.0459559
1 0.824951 0.776195 0.0249023 0.046875
0 0.561768 0.0753676 0.0209961 0.0441176
1 0.989014 0.172335 0.0219727 0.0487132
0 0.0852051 0.238511 0.0317383 0.0560662
1 0.171387 0.0220588 0.0283203 0.0422794
0 0.199707 0.95818 0.03125 0.0523897
1 0.83667 0.124081 0.0219727 0.0422794
0 0.757812 0.787224 0.0224609 0.0395221
1 0.199463 0.95864 0.0288086 0.0496324
1 0.939941 0.564338 0.03125 0.0496324
1 0.543945 0.907629 0.0273438 0.046875
0 0.171631 0.0225184 0.0288086 0.0431985
1 0.879639 0.827206 0.0249023 0.0441176
0 0.796875 0.592831 0.0253906 0.0459559
0 0.0219727 0.193934 0.0302734 0.0588235
0 0.438965 0.884651 0.0224609 0.046875
1 0.524902 0.270221 0.0224609 0.0404412
1 0.871826 0.741728 0.0249023 0.0496324
0 0.10498 0.382353 0.0292969 0.0551471
1 0.867188 0.856158 0.0234375 0.046875
0 0.871826 0.744026 0.0249023 0.046875
0 0.211426 0.319393 0.0244141 0.0523897
1 0.528076 0.309743 0.0209961 0.0404412
0 0.826416 0.954044 0.0297852 0.0514706
1 0.391602 0.871783 0.0234375 0.046875
0 0.769531 0.764706 0.0253906 0.0404412
1 0.803955 0.301011 0.0229492 0.0450368
0 0.828857 0.622702 0.0249023 0.0487132
0 0.164795 0.77114 0.0288086 0.0496324
0 0.193115 0.0560662 0.027832 0.0533088
1 0.311279 0.244485 0.0268555 0.0459559
1 0.689697 0.386949 0.0297852 0.0606618
1 0.414795 0.455423 0.0239258 0.0431985
1 0.975098 0.892463 0.0263672 0.0441176
1 0.392578 0.235294 0.0253906 0.0496324
1 0.378174 0.369026 0.0249023 0.0450368
1 0.408691 0.340074 0.0234375 0.0441176
1 0.189453 0.54182 0.03125 0.0579044
