0 0.82666 0.954044 0.0263672 0.0514706
1 0.309082 0.902574 0.0283203 0.0514706
1 0.958008 0.866728 0.0234375 0.0386029
0 0.101807 0.0229779 0.034668 0.0459559
1 0.258545 0.845588 0.0307617 0.0551471
1 0.838135 0.764706 0.0249023 0.0459559
0 0.799805 0.595129 0.0283203 0.0523897
0 0.189453 0.54182 0.0341797 0.0707721
0 0.924072 0.976562 0.0297852 0.046875
1 0.109619 0.387408 0.0297852 0.0634191
0 0.525879 0.209099 0.0234375 0.046875
1 0.102295 0.0243566 0.0336914 0.0487132
0 0.56958 0.597426 0.0317383 0.0551471
1 0.310303 0.240349 0.0297852 0.0579044
1 0.570068 0.596507 0.0288086 0.0514706
1 0.792236 0.925092 0.0249023 0.0505515
0 0.93457 0.882812 0.0234375 0.0395221
1 0.38501 0.259191 0.0288086 0.0496324
0 0.872559 0.745404 0.0263672 0.0477941
1 0.923584 0.975643 0.0297852 0.0431985
0 0.258301 0.846967 0.0302734 0.0523897
1 0.952393 0.556066 0.0327148 0.0514706
0 0.828857 0.623162 0.0249023 0.0496324
1 0.828857 0.624081 0.0219727 0.0477941
1 0.800781 0.59421 0.0263672 0.0505515
0 0.309082 0.238511 0.0302734 0.0560662
1 0.37793 0.367188 0.0214844 0.0413603
0 0.438965 0.881893 0.0341797 0.0560662
1 0.203369 0.957261 0.0307617 0.0542279
1 0.987549 0.173254 0.0249023 0.0560662
0 0.202393 0.957261 0.0288086 0.0505515
1 0.872559 0.744485 0.0263672 0.0459559
0 0.0849609 0.238051 0.0351562 0.0588235
0 0.164551 0.772518 0.0283203 0.0560662
1 0.416016 0.454963 0.0253906 0.0496324
1 0.390625 0.347426 0.0214844 0.0404412
1 0.91626 0.495864 0.0249023 0.046875
0 0.109375 0.389706 0.0292969 0.0625
1 0.825684 0.953585 0.0283203 0.0487132
0 0.0224609 0.193015 0.0332031 0.0661765
1 0.689941 0.389246 0.03125 0.0652574
1 0.189209 0.54182 0.0336914 0.0652574
