1 0.882812 0.241268 0.0214844 0.046875
1 0.311523 0.89568 0.0273438 0.046875
0 0.811279 0.117188 0.0229492 0.0487132
0 0.0976562 0.0238971 0.0283203 0.0441176
0 0.189453 0.540901 0.0322266 0.0634191
1 0.172363 0.0211397 0.0263672 0.0404412
1 0.568848 0.596967 0.0273438 0.046875
1 0.797607 0.59329 0.0268555 0.0450368
1 0.858643 0.252757 0.0219727 0.0404412
1 0.810791 0.119945 0.0219727 0.046875
1 0.521973 0.206342 0.0195312 0.0413603
0 0.920898 0.97886 0.03125 0.0422794
0 0.391357 0.870864 0.0219727 0.046875
1 0.777344 0.921415 0.0292969 0.0505515
0 0.797607 0.594669 0.0268555 0.0459559
0 0.567871 0.597426 0.0302734 0.0533088
0 0.438477 0.882812 0.0234375 0.046875
1 0.408203 0.894301 0.0224609 0.0459559
1 0.200439 0.95864 0.0288086 0.0496324
0 0.186768 0.0418199 0.0258789 0.0450368
1 0.539062 0.911765 0.0253906 0.0459559
1 0.828857 0.623621 0.0219727 0.046875
1 0.920898 0.97886 0.03125 0.0422794
0 0.933594 0.882353 0.0253906 0.0404412
0 0.172119 0.0215993 0.0288086 0.0431985
0 0.200928 0.959559 0.0317383 0.0533088
0 0.825684 0.774357 0.0263672 0.046875
1 0.934326 0.880055 0.0249023 0.0431985
1 0.836914 0.12454 0.0234375 0.0431985
0 0.258545 0.847426 0.0268555 0.0514706
1 0.989014 0.172335 0.0219727 0.0487132
1 0.916992 0.493107 0.0234375 0.0487132
1 0.39209 0.872243 0.0214844 0.0441176
1 0.525391 0.269761 0.0214844 0.0395221
1 0.943115 0.563879 0.0297852 0.0505515
0 0.828857 0.623162 0.0249023 0.0496324
1 0.528564 0.309743 0.0209961 0.0404412
0 0.777344 0.922335 0.0273438 0.0487132
0 0.165039 0.772059 0.0283203 0.0496324
1 0.786133 0.272978 0.0234375 0.0441176
0 0.872559 0.743566 0.0263672 0.0496324
0 0.0849609 0.238971 0.0322266 0.0588235
1 0.416016 0.454963 0.0234375 0.0459559
0 0.826416 0.954504 0.0297852 0.0523897
1 0.389404 0.244485 0.0258789 0.0551471
0 0.107422 0.387868 0.0273438 0.0569853
1 0.799805 0.299173 0.0234375 0.0431985
1 0.972656 0.883732 0.0253906 0.0431985
0 0.0222168 0.192555 0.0317383 0.0615809
1 0.311523 0.244026 0.0273438 0.0450368
1 0.689941 0.389246 0.0302734 0.0634191
1 0.377686 0.369026 0.0249023 0.0450368
1 0.405762 0.337776 0.0244141 0.0431985
1 0.189209 0.54182 0.0327148 0.0597426
