0 0.537598 0.912684 0.0283203 0.0496324
1 0.311523 0.896599 0.0273438 0.046875
0 0.189453 0.54136 0.0322266 0.0643382
1 0.933594 0.880974 0.0253906 0.0431985
1 0.858643 0.0845588 0.0219727 0.0459559
1 0.522705 0.20818 0.019043 0.0413603
0 0.567871 0.596967 0.0302734 0.0542279
1 0.920898 0.97886 0.03125 0.0422794
1 0.537842 0.914982 0.0249023 0.046875
1 0.88208 0.241728 0.0219727 0.0477941
1 0.797852 0.59329 0.0263672 0.0450368
1 0.85791 0.24954 0.0234375 0.0395221
0 0.439209 0.882353 0.0249023 0.0459559
0 0.797852 0.595129 0.0273438 0.046875
1 0.569336 0.597426 0.0273438 0.0477941
1 0.201416 0.95818 0.0307617 0.0523897
1 0.391357 0.870404 0.0200195 0.0441176
1 0.405762 0.888787 0.0224609 0.0441176
1 0.810791 0.119945 0.0219727 0.046875
1 0.916992 0.493566 0.0234375 0.0477941
0 0.201416 0.959099 0.027832 0.0487132
1 0.828857 0.623621 0.0219727 0.046875
0 0.920898 0.97932 0.03125 0.0413603
1 0.989014 0.172335 0.0219727 0.0487132
0 0.827393 0.773438 0.0297852 0.0523897
0 0.258545 0.846967 0.0258789 0.0505515
0 0.828857 0.623162 0.0249023 0.0477941
1 0.942871 0.563879 0.0283203 0.0505515
0 0.0852051 0.238971 0.0336914 0.0588235
0 0.933594 0.883272 0.0253906 0.0422794
1 0.835938 0.125 0.0234375 0.0441176
0 0.165283 0.772059 0.027832 0.0477941
0 0.872559 0.744026 0.0263672 0.0487132
1 0.525635 0.269761 0.0209961 0.0395221
1 0.528564 0.308824 0.0229492 0.0441176
0 0.778076 0.921875 0.027832 0.0496324
1 0.785889 0.272518 0.0229492 0.0413603
1 0.970947 0.884191 0.0249023 0.0441176
0 0.0219727 0.193474 0.0322266 0.0634191
0 0.108154 0.388327 0.027832 0.0579044
1 0.415039 0.454963 0.0234375 0.0422794
1 0.388672 0.246783 0.0253906 0.0523897
1 0.689941 0.388787 0.0302734 0.0625
1 0.797852 0.295037 0.0244141 0.0422794
1 0.310791 0.243566 0.0288086 0.0477941
0 0.826416 0.954504 0.0297852 0.0523897
1 0.377686 0.369026 0.0249023 0.0450368
1 0.189209 0.542279 0.0327148 0.0606618
1 0.404297 0.336857 0.0234375 0.0431985
