0 0.385498 0.261949 0.027832 0.0459559
1 0.109619 0.387408 0.0297852 0.0634191
1 0.38916 0.348346 0.0205078 0.0386029
0 0.102051 0.0229779 0.0351562 0.0459559
1 0.258545 0.845588 0.0307617 0.0551471
1 0.102295 0.0243566 0.0336914 0.0487132
0 0.189453 0.542279 0.0351562 0.0735294
1 0.378174 0.366268 0.0219727 0.0431985
1 0.957764 0.866268 0.0249023 0.0413603
0 0.799316 0.595129 0.0283203 0.0523897
1 0.439209 0.880515 0.0297852 0.0588235
0 0.525391 0.209099 0.0244141 0.046875
1 0.839111 0.764706 0.0268555 0.0459559
0 0.56958 0.597886 0.0317383 0.0542279
1 0.38501 0.259191 0.0297852 0.0496324
1 0.792236 0.925092 0.0229492 0.0487132
1 0.308838 0.903033 0.0288086 0.0523897
0 0.858643 0.0836397 0.0249023 0.0496324
0 0.922607 0.976562 0.027832 0.0431985
1 0.310303 0.23989 0.0297852 0.0588235
1 0.923584 0.975643 0.0297852 0.0431985
1 0.56958 0.597426 0.0297852 0.0533088
0 0.872559 0.746324 0.0283203 0.0477941
0 0.93457 0.882812 0.0234375 0.0395221
0 0.258545 0.846967 0.0297852 0.0523897
0 0.828857 0.623621 0.0249023 0.0487132
1 0.828857 0.62454 0.0219727 0.0487132
0 0.202881 0.95818 0.0288086 0.0505515
0 0.439453 0.881434 0.0341797 0.0588235
0 0.308838 0.238511 0.0297852 0.0560662
1 0.800781 0.594669 0.0263672 0.0496324
1 0.987549 0.173254 0.0249023 0.0560662
1 0.953125 0.557904 0.0263672 0.0496324
1 0.416016 0.454963 0.0253906 0.0496324
1 0.872559 0.745864 0.0283203 0.046875
1 0.203369 0.95818 0.0307617 0.0560662
0 0.164795 0.772518 0.0288086 0.0560662
0 0.0852051 0.238971 0.034668 0.0625
1 0.91626 0.495864 0.0249023 0.046875
0 0.108887 0.387868 0.0302734 0.0625
1 0.825684 0.952665 0.0263672 0.0487132
0 0.0222168 0.193015 0.0336914 0.0661765
1 0.689941 0.389706 0.0302734 0.0661765
1 0.189209 0.54182 0.034668 0.0670956
