1 0.169189 0.483915 0.0200195 0.0395221
1 0.804443 0.988051 0.0317383 0.0238971
1 0.204834 0.0758272 0.0258789 0.046875
1 0.875732 0.726103 0.0268555 0.0441176
0 0.097168 0.529412 0.0283203 0.0514706
0 0.0148926 0.985754 0.0297852 0.0284926
0 0.928955 0.867188 0.0268555 0.0487132
1 0.835938 0.865349 0.0214844 0.0395221
1 0.164551 0.770221 0.0283203 0.0514706
0 0.875 0.726562 0.0263672 0.046875
0 0.0922852 0.0294118 0.0341797 0.0477941
0 0.0854492 0.238051 0.03125 0.0533088
1 0.928955 0.866728 0.0249023 0.0459559
1 0.858643 0.254136 0.0219727 0.0395221
1 0.882812 0.242647 0.0234375 0.0441176
1 0.0922852 0.0280331 0.0332031 0.046875
1 0.172852 0.0206801 0.0292969 0.0413603
0 0.914062 0.981618 0.0292969 0.0367647
0 0.196777 0.955882 0.03125 0.0496324
1 0.197266 0.955423 0.0283203 0.0487132
0 0.163574 0.769761 0.0292969 0.0560662
0 0.0209961 0.195312 0.0263672 0.0505515
1 0.917969 0.492647 0.0292969 0.0477941
1 0.258057 0.84421 0.0249023 0.0450368
1 0.828857 0.623162 0.0219727 0.0477941
1 0.838379 0.125 0.0234375 0.0477941
1 0.55249 0.893382 0.0258789 0.0422794
1 0.98877 0.173713 0.0224609 0.0514706
1 0.932129 0.563419 0.0263672 0.0459559
1 0.789062 0.592371 0.0253906 0.0450368
1 0.097168 0.53079 0.0263672 0.046875
1 0.690918 0.386489 0.0273438 0.0487132
1 0.771973 0.72932 0.0224609 0.0450368
1 0.858643 0.0827206 0.0219727 0.0459559
1 0.184082 0.486673 0.0214844 0.0431985
1 0.197021 0.53079 0.0239258 0.0450368
1 0.512939 0.192555 0.0249023 0.0450368
1 0.86084 0.862592 0.0234375 0.0487132
1 0.880615 0.825827 0.0249023 0.046875
1 0.810303 0.119026 0.0229492 0.0450368
1 0.440674 0.884651 0.0239258 0.0487132
1 0.82666 0.79136 0.0263672 0.0496324
1 0.825928 0.955882 0.0297852 0.0496324
1 0.567627 0.600643 0.0268555 0.046875
0 0.205078 0.0753676 0.0253906 0.0477941
1 0.810303 0.300551 0.0249023 0.0459559
1 0.98291 0.912684 0.0283203 0.0533088
1 0.0959473 0.590533 0.0268555 0.0487132
1 0.524414 0.268842 0.0234375 0.0413603
1 0.397461 0.221048 0.0224609 0.0450368
1 0.786133 0.271599 0.0234375 0.0487132
1 0.764893 0.924173 0.0268555 0.0560662
1 0.391602 0.872702 0.0224609 0.0487132
1 0.755859 0.789062 0.0253906 0.0450368
1 0.535889 0.0569853 0.0258789 0.0404412
1 0.237793 0.342371 0.0273438 0.046875
1 0.205811 0.315257 0.0249023 0.0459559
1 0.378418 0.368107 0.0244141 0.0431985
1 0.528809 0.3125 0.0224609 0.0422794
1 0.373047 0.540441 0.0244141 0.0441176
1 0.415283 0.457721 0.0249023 0.0441176
1 0.570801 0.0969669 0.0234375 0.046875
1 0.409668 0.340533 0.0244141 0.0431985
1 0.41626 0.932445 0.0249023 0.046875
1 0.311523 0.245864 0.0273438 0.0450368
1 0.398682 0.539982 0.0239258 0.0431985
