1 0.139893 0.602482 0.0229492 0.0487132
0 0.689209 0.386949 0.0297852 0.0459559
1 0.806885 0.988051 0.0297852 0.0238971
1 0.611328 0.0124081 0.0253906 0.0248162
0 0.587891 0.363971 0.0224609 0.0367647
0 0.835205 0.863051 0.019043 0.0386029
0 0.680908 0.106158 0.0219727 0.0395221
0 0.775879 0.712316 0.0234375 0.0459559
1 0.587646 0.36443 0.0219727 0.0340074
1 0.475586 0.667739 0.0195312 0.0431985
0 0.786865 0.59421 0.027832 0.046875
1 0.879883 0.824449 0.0234375 0.0441176
0 0.827393 0.804228 0.0268555 0.0514706
1 0.857666 0.863971 0.0249023 0.0459559
0 0.912354 0.983456 0.0297852 0.0330882
0 0.877441 0.721507 0.0263672 0.0459559
1 0.557129 0.882353 0.0263672 0.0441176
1 0.731689 0.115349 0.0229492 0.0413603
1 0.824951 0.955882 0.0297852 0.0477941
1 0.740723 0.163603 0.0234375 0.0422794
0 0.880371 0.824908 0.0234375 0.046875
0 0.828857 0.622243 0.0249023 0.0496324
0 0.754639 0.923254 0.0297852 0.0487132
1 0.492432 0.670496 0.0209961 0.0413603
1 0.0183105 0.195772 0.0268555 0.0533088
1 0.807373 0.186121 0.0229492 0.0395221
1 0.916992 0.493107 0.0234375 0.046875
1 0.381348 0.786765 0.0214844 0.0404412
1 0.439453 0.88511 0.0263672 0.0459559
0 0.557129 0.884191 0.0263672 0.0441176
1 0.828857 0.622702 0.0219727 0.046875
1 0.407715 0.537684 0.0224609 0.0386029
1 0.856201 0.252298 0.0249023 0.0431985
0 0.825684 0.955423 0.0283203 0.0487132
1 0.576172 0.391544 0.0205078 0.0330882
1 0.534668 0.332261 0.0244141 0.0450368
1 0.678955 0.0606618 0.0229492 0.0404412
1 0.237305 0.713695 0.0234375 0.046875
0 0.755615 0.789062 0.0249023 0.0431985
0 0.565918 0.601562 0.0263672 0.046875
1 0.0905762 0.0317096 0.0327148 0.0487132
1 0.301025 0.665901 0.0219727 0.0413603
1 0.257324 0.84375 0.0253906 0.0441176
1 0.838379 0.12454 0.0234375 0.0431985
1 0.69043 0.384651 0.0273438 0.046875
1 0.196289 0.943474 0.0292969 0.0487132
1 0.929688 0.563419 0.0253906 0.0441176
1 0.88208 0.0863971 0.0200195 0.0422794
1 0.52417 0.0680147 0.0239258 0.0441176
1 0.316162 0.647518 0.0209961 0.0395221
1 0.403076 0.209559 0.0229492 0.0477941
1 0.37085 0.539522 0.0249023 0.0459559
1 0.414062 0.457261 0.0244141 0.0450368
1 0.210205 0.0795037 0.0258789 0.0487132
1 0.926514 0.855239 0.0249023 0.0450368
1 0.389648 0.663143 0.0224609 0.0431985
1 0.0783691 0.238051 0.0268555 0.0496324
1 0.172363 0.0193015 0.0292969 0.0386029
1 0.754395 0.924173 0.0283203 0.0523897
1 0.0146484 0.981158 0.0253906 0.0376838
1 0.858643 0.0840993 0.0200195 0.0431985
1 0.391357 0.873621 0.0229492 0.0487132
1 0.09375 0.602482 0.0234375 0.0450368
1 0.378174 0.690257 0.0219727 0.0441176
1 0.571777 0.103401 0.0244141 0.0431985
1 0.0966797 0.359375 0.0253906 0.0459559
1 0.524902 0.267923 0.0244141 0.046875
1 0.03125 0.410846 0.0214844 0.0386029
1 0.145752 0.587316 0.0200195 0.0422794
1 0.317871 0.158088 0.0224609 0.0477941
1 0.988281 0.174632 0.0214844 0.0496324
1 0.101562 0.523438 0.0244141 0.046875
1 0.809082 0.119026 0.0224609 0.0431985
1 0.812012 0.301471 0.0244141 0.0422794
1 0.595215 0.295956 0.0234375 0.0404412
1 0.196777 0.530331 0.0224609 0.0422794
1 0.897705 0.106158 0.0219727 0.0450368
1 0.410156 0.340074 0.0253906 0.0441176
1 0.0244141 0.43704 0.0234375 0.0413603
1 0.785645 0.272059 0.0234375 0.0459559
1 0.121094 0.822151 0.0253906 0.046875
1 0.506104 0.180147 0.0258789 0.0459559
1 0.37793 0.368566 0.0244141 0.0422794
1 0.132568 0.608915 0.0209961 0.0413603
1 0.418701 0.943474 0.0258789 0.0505515
1 0.187256 0.482996 0.0239258 0.0450368
1 0.805664 0.209559 0.0234375 0.0404412
1 0.147949 0.235294 0.0244141 0.0422794
1 0.153076 0.28171 0.0249023 0.0413603
1 0.164062 0.77068 0.0263672 0.0450368
1 0.0947266 0.814338 0.0273438 0.0514706
1 0.159668 0.487592 0.0224609 0.0395221
1 0.583496 0.249081 0.0234375 0.0422794
1 0.98291 0.918658 0.0283203 0.0542279
1 0.335449 0.183364 0.0224609 0.046875
1 0.23877 0.345129 0.0273438 0.0505515
1 0.205322 0.313879 0.0239258 0.046875
1 0.313232 0.247243 0.0249023 0.0441176
1 0.229004 0.764706 0.0244141 0.0459559
