1 0.311523 0.896599 0.0273438 0.046875
1 0.858643 0.0840993 0.0219727 0.0450368
1 0.172607 0.0215993 0.0268555 0.0413603
0 0.392578 0.871783 0.0224609 0.0487132
1 0.858643 0.252757 0.0219727 0.0404412
1 0.522217 0.207721 0.019043 0.0404412
1 0.797852 0.592831 0.0263672 0.0459559
1 0.777588 0.920956 0.0288086 0.0514706
0 0.797852 0.594669 0.0273438 0.0459559
1 0.934326 0.880515 0.0249023 0.0441176
1 0.406982 0.891544 0.0219727 0.0441176
0 0.438721 0.883272 0.0239258 0.0459559
1 0.921143 0.978401 0.0327148 0.0431985
0 0.568359 0.598346 0.0283203 0.0477941
1 0.810791 0.119485 0.0219727 0.0477941
1 0.201172 0.95818 0.0302734 0.0523897
1 0.538818 0.914062 0.0249023 0.0450368
0 0.920898 0.97886 0.03125 0.0422794
0 0.17334 0.0215993 0.0283203 0.0376838
1 0.828857 0.625 0.0219727 0.0477941
0 0.201172 0.95818 0.0273438 0.0487132
0 0.258301 0.847426 0.0263672 0.0514706
0 0.933594 0.882353 0.0253906 0.0422794
1 0.989014 0.172794 0.0219727 0.0496324
0 0.82666 0.773438 0.0263672 0.0487132
1 0.835938 0.12454 0.0234375 0.0431985
1 0.391602 0.871324 0.0205078 0.0441176
1 0.525635 0.269761 0.0209961 0.0395221
1 0.528564 0.309743 0.0209961 0.0404412
1 0.916992 0.494026 0.0234375 0.0487132
0 0.165283 0.772059 0.027832 0.0477941
0 0.828857 0.623621 0.0249023 0.0487132
1 0.943848 0.563419 0.0263672 0.0477941
0 0.0852051 0.238971 0.0327148 0.0588235
1 0.388916 0.244945 0.0249023 0.0542279
0 0.872559 0.744026 0.0263672 0.0505515
1 0.785645 0.272518 0.0234375 0.0431985
0 0.777344 0.921875 0.0273438 0.0496324
1 0.415039 0.454963 0.0234375 0.0422794
1 0.971924 0.884191 0.0249023 0.0441176
0 0.0219727 0.193015 0.0322266 0.0625
0 0.107666 0.387868 0.027832 0.0588235
1 0.311035 0.243566 0.0283203 0.0459559
1 0.799561 0.297335 0.0239258 0.0431985
0 0.826416 0.954504 0.0297852 0.0523897
1 0.377686 0.369026 0.0249023 0.0450368
1 0.689453 0.389706 0.03125 0.0643382
1 0.189209 0.54182 0.0327148 0.0615809
1 0.405273 0.337316 0.0234375 0.0422794
