1 0.807861 0.988051 0.0297852 0.0238971
1 0.407227 0.205423 0.0273438 0.0523897
0 0.655029 0.011489 0.027832 0.0229779
1 0.564941 0.60432 0.0273438 0.0431985
0 0.0771484 0.241728 0.0292969 0.0496324
1 0.162109 0.769301 0.0273438 0.0496324
1 0.879639 0.824908 0.0249023 0.0450368
1 0.197021 0.53125 0.0239258 0.0441176
1 0.0151367 0.198529 0.0263672 0.0533088
0 0.678467 0.0602022 0.0219727 0.0413603
1 0.0148926 0.981158 0.0258789 0.0376838
0 0.610596 0.0128676 0.0249023 0.0257353
0 0.588379 0.36489 0.0244141 0.0404412
0 0.0151367 0.980699 0.0292969 0.0386029
0 0.522217 0.0684743 0.0249023 0.046875
0 0.314453 0.886949 0.0253906 0.0441176
0 0.268066 0.985754 0.0283203 0.0284926
1 0.588623 0.36443 0.0239258 0.0431985
0 0.406006 0.204044 0.0258789 0.0496324
0 0.834473 0.861673 0.0205078 0.0413603
1 0.0769043 0.241268 0.027832 0.0487132
1 0.472656 0.670956 0.0224609 0.0477941
1 0.157471 0.493566 0.0239258 0.0422794
1 0.825684 0.955423 0.0283203 0.046875
0 0.77832 0.704963 0.0234375 0.0422794
0 0.196777 0.53125 0.0234375 0.0441176
0 0.410156 0.339614 0.0253906 0.0450368
0 0.157227 0.493107 0.0244141 0.0431985
1 0.371826 0.539062 0.0258789 0.046875
0 0.441162 0.884651 0.0288086 0.0487132
1 0.829102 0.623162 0.0234375 0.0477941
1 0.414795 0.459099 0.0268555 0.0450368
0 0.146729 0.585018 0.0209961 0.0413603
1 0.132568 0.610754 0.0219727 0.0413603
1 0.606934 0.244485 0.0205078 0.0386029
1 0.498779 0.673713 0.0239258 0.0514706
0 0.188232 0.477941 0.0249023 0.0459559
1 0.410156 0.340533 0.0273438 0.046875
0 0.825684 0.955882 0.0283203 0.0477941
1 0.439697 0.88557 0.0288086 0.046875
1 0.259277 0.846507 0.0283203 0.0459559
0 0.374512 0.692555 0.0224609 0.0431985
1 0.124512 0.823529 0.0273438 0.0496324
1 0.534668 0.331342 0.0244141 0.0505515
1 0.381348 0.786765 0.0234375 0.0441176
1 0.572021 0.102941 0.0258789 0.0477941
1 0.678467 0.0602022 0.0239258 0.0413603
0 0.828125 0.622702 0.0253906 0.0523897
1 0.854004 0.257353 0.0234375 0.0422794
0 0.877441 0.719669 0.0283203 0.0477941
1 0.188477 0.840533 0.0244141 0.0413603
1 0.751221 0.921875 0.0258789 0.0514706
1 0.521729 0.0693934 0.0249023 0.0450368
0 0.0168457 0.19761 0.0258789 0.0496324
1 0.146729 0.585478 0.0209961 0.0441176
0 0.257324 0.844669 0.0253906 0.0441176
1 0.928955 0.563879 0.0268555 0.0450368
0 0.751709 0.921415 0.0258789 0.0505515
0 0.391846 0.658088 0.0219727 0.0441176
1 0.740234 0.171415 0.0244141 0.0487132
0 0.237305 0.710938 0.0253906 0.0413603
1 0.652344 0.397518 0.0224609 0.0431985
1 0.731201 0.105699 0.0239258 0.0477941
1 0.203125 0.850643 0.0234375 0.0395221
0 0.16333 0.771599 0.0258789 0.046875
0 0.499512 0.673254 0.0224609 0.0505515
1 0.914795 0.496324 0.0297852 0.0477941
1 0.600098 0.231618 0.0195312 0.0386029
1 0.572266 0.390625 0.0234375 0.0386029
0 0.880615 0.824908 0.0249023 0.0505515
1 0.03125 0.410846 0.0234375 0.0422794
1 0.0205078 0.444853 0.0234375 0.0441176
0 0.472656 0.670956 0.0214844 0.0477941
1 0.925781 0.852941 0.0263672 0.0441176
0 0.195801 0.9375 0.0253906 0.0422794
1 0.838135 0.12454 0.0249023 0.0450368
1 0.314453 0.145221 0.0234375 0.0477941
1 0.103271 0.524357 0.0249023 0.046875
1 0.211914 0.0795037 0.0263672 0.0523897
0 0.300537 0.66636 0.0239258 0.0459559
1 0.0959473 0.355239 0.0268555 0.046875
1 0.09375 0.815257 0.0292969 0.0533088
0 0.857178 0.865349 0.0249023 0.046875
0 0.558838 0.881434 0.0258789 0.0459559
0 0.755615 0.788603 0.0258789 0.0441176
1 0.391602 0.875 0.0234375 0.0496324
1 0.37793 0.369026 0.0253906 0.0450368
1 0.151611 0.29136 0.0268555 0.0441176
1 0.0930176 0.602022 0.0239258 0.0459559
0 0.826416 0.810202 0.0249023 0.0505515
0 0.785156 0.594669 0.0292969 0.0459559
1 0.172119 0.0188419 0.0297852 0.0376838
1 0.667725 0.394301 0.0219727 0.0422794
1 0.881104 0.0854779 0.0219727 0.0422794
0 0.56543 0.603401 0.0273438 0.0450368
1 0.0913086 0.0317096 0.0332031 0.0523897
1 0.596436 0.296875 0.0229492 0.0422794
1 0.858643 0.0831801 0.0200195 0.0431985
0 0.320801 0.642004 0.0234375 0.0413603
1 0.147705 0.234375 0.0268555 0.0422794
1 0.80835 0.118107 0.0219727 0.0450368
1 0.804443 0.17739 0.0219727 0.0422794
1 0.526123 0.268842 0.0258789 0.0487132
1 0.335449 0.184743 0.0253906 0.0459559
1 0.812012 0.301471 0.0263672 0.0441176
1 0.989014 0.175092 0.0219727 0.0505515
1 0.226807 0.77114 0.0249023 0.0459559
1 0.691406 0.38557 0.0253906 0.046875
1 0.582031 0.246783 0.0234375 0.0413603
1 0.238525 0.346048 0.027832 0.0523897
1 0.897461 0.106618 0.0234375 0.0441176
1 0.80542 0.211397 0.0249023 0.0422794
1 0.50415 0.176011 0.0258789 0.0487132
1 0.205322 0.313879 0.0249023 0.0487132
1 0.419678 0.947151 0.0258789 0.0487132
1 0.785156 0.271599 0.0253906 0.046875
1 0.983643 0.919577 0.027832 0.0560662
1 0.314209 0.247243 0.0258789 0.0459559
