0 0.189453 0.542279 0.0351562 0.0735294
1 0.795654 0.92693 0.0229492 0.046875
0 0.101807 0.0234375 0.0356445 0.046875
0 0.525146 0.207261 0.0258789 0.046875
0 0.859375 0.0827206 0.0234375 0.0477941
0 0.800049 0.59421 0.027832 0.0523897
1 0.30957 0.237592 0.0283203 0.0597426
1 0.102295 0.0243566 0.0336914 0.0487132
0 0.872559 0.745404 0.0263672 0.0477941
1 0.438965 0.880055 0.0302734 0.0597426
0 0.203125 0.957261 0.03125 0.0542279
1 0.109619 0.387408 0.0307617 0.0652574
0 0.259521 0.848805 0.0307617 0.0542279
0 0.828857 0.624081 0.0249023 0.0496324
1 0.840576 0.765625 0.0268555 0.0459559
1 0.258545 0.847886 0.0297852 0.0523897
0 0.56958 0.597886 0.0327148 0.0579044
1 0.828857 0.62546 0.0219727 0.0487132
1 0.800781 0.594669 0.0253906 0.0496324
1 0.955566 0.556526 0.0263672 0.0505515
1 0.307129 0.905331 0.0302734 0.0533088
0 0.164795 0.772978 0.0288086 0.0569853
1 0.416504 0.454504 0.0302734 0.0597426
1 0.987549 0.172794 0.0249023 0.0569853
0 0.438965 0.881434 0.0351562 0.0588235
0 0.0849609 0.238051 0.0361328 0.0606618
0 0.308594 0.238051 0.0302734 0.0588235
1 0.93457 0.882353 0.0234375 0.0404412
1 0.872559 0.744485 0.0263672 0.0459559
1 0.924316 0.975184 0.0283203 0.0422794
0 0.109131 0.387408 0.0307617 0.0634191
1 0.203613 0.95818 0.03125 0.0560662
1 0.825684 0.952665 0.0263672 0.046875
1 0.91626 0.496324 0.0249023 0.0477941
0 0.0224609 0.193474 0.0332031 0.0670956
1 0.689941 0.389706 0.03125 0.0661765
1 0.954834 0.865809 0.0249023 0.0441176
1 0.189209 0.54182 0.034668 0.0670956
