1 0.857666 0.249081 0.0219727 0.0386029
0 0.536865 0.914062 0.0288086 0.0523897
1 0.858643 0.0840993 0.0219727 0.0450368
0 0.189697 0.54136 0.0327148 0.0643382
0 0.567871 0.596967 0.0302734 0.0542279
1 0.934326 0.880974 0.0249023 0.0431985
1 0.798828 0.59421 0.0253906 0.046875
1 0.404785 0.887408 0.0214844 0.0413603
1 0.920898 0.978401 0.03125 0.0431985
1 0.390625 0.870404 0.0205078 0.0441176
0 0.798096 0.595129 0.0268555 0.046875
1 0.522949 0.20818 0.0185547 0.0413603
1 0.568848 0.596507 0.0273438 0.0477941
1 0.536865 0.915441 0.0249023 0.0477941
0 0.920898 0.97886 0.03125 0.0422794
1 0.20166 0.95818 0.0302734 0.0523897
0 0.201172 0.95864 0.03125 0.0533088
0 0.438965 0.882353 0.0244141 0.0441176
1 0.828857 0.625 0.0219727 0.0477941
1 0.811279 0.119945 0.0229492 0.046875
1 0.917236 0.494026 0.0249023 0.0487132
1 0.989014 0.172335 0.0219727 0.0487132
0 0.258301 0.846967 0.0263672 0.0505515
0 0.0849609 0.238971 0.0341797 0.0606618
0 0.828125 0.772518 0.0292969 0.0542279
1 0.835938 0.124081 0.0234375 0.0441176
1 0.943848 0.563419 0.0263672 0.0459559
1 0.528564 0.309743 0.0209961 0.0404412
0 0.828857 0.623621 0.0249023 0.0505515
1 0.786377 0.272059 0.0229492 0.0404412
1 0.526611 0.269761 0.0209961 0.0395221
0 0.872559 0.745404 0.0263672 0.0496324
1 0.796387 0.293199 0.0224609 0.0404412
0 0.933594 0.883272 0.0253906 0.0422794
0 0.778809 0.921875 0.0302734 0.0496324
0 0.165039 0.772978 0.0283203 0.0496324
1 0.969482 0.882353 0.0249023 0.0459559
0 0.108154 0.388327 0.0288086 0.0597426
0 0.0219727 0.193474 0.0322266 0.0634191
1 0.415283 0.455423 0.0239258 0.0431985
1 0.311035 0.243566 0.0292969 0.0496324
1 0.388184 0.247243 0.0263672 0.0514706
0 0.826416 0.954504 0.0297852 0.0523897
1 0.689941 0.389246 0.03125 0.0634191
1 0.377686 0.368566 0.0249023 0.0459559
1 0.189453 0.542279 0.0332031 0.0625
1 0.402832 0.334099 0.0234375 0.0431985
