1 0.858643 0.0840993 0.0219727 0.046875
0 0.100342 0.0229779 0.034668 0.0459559
0 0.810791 0.117647 0.0239258 0.0496324
0 0.310791 0.897978 0.0297852 0.0533088
0 0.189453 0.540901 0.0332031 0.0670956
1 0.921875 0.977941 0.0332031 0.0441176
0 0.79834 0.595588 0.0283203 0.0496324
0 0.567871 0.597426 0.0302734 0.0551471
1 0.569092 0.596507 0.027832 0.0496324
1 0.811279 0.119485 0.0229492 0.0477941
0 0.921875 0.976562 0.03125 0.0431985
0 0.534912 0.91682 0.0297852 0.0505515
1 0.311035 0.241728 0.0302734 0.0514706
1 0.397949 0.334559 0.0244141 0.0404412
1 0.202148 0.95818 0.03125 0.0560662
1 0.799316 0.59421 0.0263672 0.0487132
0 0.310303 0.241728 0.0307617 0.0533088
1 0.917236 0.493566 0.0249023 0.0496324
1 0.943848 0.5625 0.0283203 0.0496324
1 0.835938 0.124081 0.0234375 0.0459559
1 0.528564 0.309283 0.0209961 0.0413603
1 0.829102 0.624081 0.0234375 0.0477941
0 0.828857 0.623621 0.0249023 0.0487132
1 0.988281 0.172335 0.0234375 0.0505515
1 0.96875 0.878676 0.0253906 0.0477941
0 0.438477 0.882812 0.03125 0.0542279
1 0.527344 0.27114 0.0214844 0.0386029
1 0.377686 0.367188 0.0239258 0.0431985
0 0.829834 0.772059 0.0297852 0.0533088
0 0.201416 0.95818 0.027832 0.0487132
1 0.387939 0.251379 0.0268555 0.046875
1 0.415283 0.454963 0.0239258 0.0459559
1 0.826416 0.954044 0.0297852 0.0514706
0 0.934326 0.883272 0.0249023 0.0441176
0 0.782715 0.922794 0.03125 0.0496324
0 0.872559 0.746324 0.0263672 0.0477941
0 0.0852051 0.238971 0.034668 0.0606618
0 0.108398 0.389246 0.0292969 0.0615809
0 0.258545 0.846967 0.0268555 0.0505515
0 0.165283 0.773897 0.0268555 0.0514706
0 0.826416 0.953585 0.0297852 0.0523897
0 0.0222168 0.193015 0.0336914 0.0661765
1 0.189209 0.54182 0.034668 0.0652574
1 0.689453 0.390165 0.03125 0.0670956
