1 0.876709 0.723346 0.0297852 0.0496324
1 0.101318 0.369026 0.0229492 0.0431985
1 0.015625 0.983456 0.0263672 0.0330882
0 0.928955 0.866728 0.027832 0.0514706
1 0.0200195 0.194393 0.0273438 0.0542279
1 0.803955 0.986673 0.0307617 0.0248162
0 0.0144043 0.984375 0.0288086 0.03125
1 0.835938 0.866268 0.0214844 0.0395221
0 0.875732 0.725643 0.0268555 0.046875
0 0.163574 0.77068 0.0292969 0.0560662
1 0.0852051 0.238051 0.0307617 0.0533088
1 0.196777 0.954504 0.0283203 0.0487132
1 0.092041 0.0284926 0.0336914 0.0459559
0 0.092041 0.0294118 0.0336914 0.0477941
0 0.914062 0.982077 0.0292969 0.0358456
1 0.172852 0.0206801 0.0292969 0.0413603
1 0.164551 0.77068 0.0283203 0.0523897
1 0.928955 0.865349 0.0249023 0.0450368
1 0.167969 0.484375 0.0195312 0.0404412
0 0.020752 0.195312 0.0258789 0.0505515
1 0.258057 0.84421 0.0249023 0.0450368
1 0.858398 0.254136 0.0234375 0.0413603
0 0.196777 0.954504 0.03125 0.0505515
1 0.828857 0.623162 0.0219727 0.0477941
1 0.917969 0.492647 0.0292969 0.0477941
1 0.771973 0.72886 0.0224609 0.0459559
1 0.838379 0.12454 0.0234375 0.0487132
1 0.98877 0.174173 0.0224609 0.0505515
1 0.788818 0.592371 0.0258789 0.046875
1 0.552734 0.892463 0.0253906 0.0441176
1 0.690918 0.386949 0.0263672 0.0477941
1 0.931152 0.56296 0.0283203 0.046875
1 0.883545 0.242188 0.0249023 0.0450368
1 0.859375 0.0831801 0.0214844 0.0450368
1 0.097168 0.530331 0.0273438 0.0477941
1 0.82666 0.792739 0.0263672 0.0505515
1 0.880615 0.825827 0.0249023 0.0487132
1 0.511963 0.192555 0.0249023 0.0431985
1 0.567139 0.600184 0.0258789 0.0477941
1 0.18457 0.486673 0.0214844 0.0431985
0 0.205078 0.0758272 0.0253906 0.0487132
1 0.440674 0.884651 0.0239258 0.0487132
1 0.825928 0.955882 0.0297852 0.0496324
1 0.860352 0.861673 0.0234375 0.0487132
1 0.197021 0.53079 0.0239258 0.046875
1 0.810303 0.119026 0.0229492 0.0450368
1 0.810059 0.299632 0.0253906 0.0459559
1 0.764404 0.924173 0.0268555 0.0579044
1 0.391602 0.872702 0.0224609 0.0487132
1 0.98291 0.913143 0.0283203 0.0523897
1 0.0957031 0.591452 0.0253906 0.046875
1 0.524414 0.268842 0.0234375 0.0431985
1 0.755615 0.788603 0.0249023 0.0441176
1 0.397705 0.221048 0.0229492 0.0450368
1 0.786133 0.271599 0.0234375 0.0487132
1 0.238281 0.342371 0.0273438 0.0487132
1 0.205566 0.314798 0.0244141 0.046875
1 0.535889 0.0569853 0.0258789 0.0404412
1 0.378418 0.368107 0.0244141 0.0431985
1 0.529785 0.31296 0.0224609 0.0431985
1 0.415283 0.457261 0.0249023 0.0450368
1 0.372803 0.540441 0.0249023 0.0441176
1 0.416748 0.933364 0.0258789 0.046875
1 0.570801 0.0974265 0.0234375 0.0459559
1 0.409668 0.340533 0.0244141 0.0431985
1 0.39917 0.539982 0.0239258 0.0431985
1 0.311523 0.245864 0.0273438 0.0450368
