1 0.0974121 0.57261 0.0268555 0.0735294
0 0.0854492 0.237592 0.0322266 0.0523897
1 0.015625 0.982537 0.0273438 0.0349265
1 0.0197754 0.194853 0.027832 0.0551471
1 0.804688 0.988051 0.03125 0.0238971
1 0.896729 0.107996 0.0219727 0.0395221
0 0.0913086 0.0284926 0.0351562 0.0514706
0 0.0146484 0.983915 0.0292969 0.0321691
1 0.101074 0.367647 0.0224609 0.0441176
1 0.205322 0.0772059 0.0258789 0.0477941
1 0.83667 0.865349 0.0219727 0.0413603
1 0.738525 0.144761 0.0209961 0.0395221
1 0.731689 0.12454 0.0200195 0.0376838
0 0.163574 0.769761 0.0292969 0.0560662
0 0.914795 0.980239 0.027832 0.0340074
1 0.0852051 0.237592 0.0307617 0.0542279
1 0.196777 0.953585 0.0283203 0.0487132
0 0.875732 0.725184 0.0268555 0.0459559
0 0.0205078 0.195772 0.0263672 0.0496324
1 0.917236 0.492188 0.027832 0.046875
1 0.172607 0.0206801 0.0297852 0.0413603
1 0.0917969 0.0284926 0.0341797 0.0477941
1 0.788086 0.591912 0.0253906 0.0477941
1 0.858643 0.253217 0.0219727 0.0395221
0 0.196777 0.953125 0.0302734 0.0514706
1 0.164795 0.77068 0.0288086 0.0523897
1 0.553223 0.891085 0.0263672 0.0431985
1 0.772705 0.726562 0.0229492 0.0450368
1 0.257812 0.84421 0.0253906 0.0450368
1 0.828857 0.623162 0.0219727 0.0477941
1 0.931152 0.5625 0.0263672 0.0459559
1 0.988281 0.174173 0.0234375 0.0505515
1 0.838379 0.12454 0.0234375 0.046875
0 0.205811 0.0767463 0.0258789 0.0487132
1 0.530029 0.317555 0.0219727 0.0413603
1 0.690674 0.386489 0.0268555 0.0487132
1 0.884521 0.23943 0.0249023 0.0450368
1 0.928955 0.86489 0.0249023 0.0459559
1 0.885986 0.0900735 0.0200195 0.0404412
1 0.880615 0.825827 0.0249023 0.046875
1 0.860352 0.862592 0.0234375 0.0487132
1 0.859375 0.0840993 0.0214844 0.0450368
1 0.567383 0.600184 0.0273438 0.0477941
1 0.826416 0.794118 0.0249023 0.0477941
1 0.76416 0.924173 0.0283203 0.0579044
1 0.755615 0.788603 0.0249023 0.0441176
1 0.510986 0.191636 0.0249023 0.0431985
1 0.440674 0.884651 0.0249023 0.0487132
1 0.825928 0.955882 0.0297852 0.0496324
1 0.185059 0.486213 0.0214844 0.0441176
1 0.810303 0.119026 0.0229492 0.0450368
1 0.197021 0.529871 0.0239258 0.046875
1 0.398438 0.220129 0.0234375 0.0450368
1 0.0974121 0.529412 0.027832 0.0496324
1 0.98291 0.913143 0.0283203 0.0523897
1 0.524902 0.268382 0.0244141 0.0441176
1 0.785889 0.271599 0.0229492 0.0487132
1 0.391846 0.873621 0.0229492 0.0505515
1 0.810303 0.299173 0.0249023 0.046875
1 0.167236 0.482996 0.0219727 0.0431985
1 0.571289 0.0988051 0.0234375 0.046875
1 0.095459 0.592831 0.0249023 0.0459559
1 0.372803 0.540441 0.0258789 0.0459559
1 0.5354 0.0574449 0.0258789 0.0413603
1 0.416748 0.935202 0.0258789 0.0487132
1 0.378174 0.368107 0.0249023 0.0431985
1 0.238525 0.342831 0.027832 0.0496324
1 0.414795 0.457261 0.0249023 0.0450368
1 0.205322 0.315257 0.0249023 0.0477941
1 0.409912 0.340074 0.0249023 0.0441176
1 0.311279 0.245864 0.027832 0.046875
1 0.400879 0.540441 0.0253906 0.0441176
