0 0.79126 0.926471 0.0249023 0.0477941
1 0.309082 0.901654 0.0273438 0.0496324
0 0.101807 0.0229779 0.034668 0.0459559
1 0.30957 0.238971 0.0292969 0.0588235
0 0.189697 0.54182 0.034668 0.0707721
1 0.102295 0.0238971 0.0336914 0.0477941
0 0.525391 0.209559 0.0234375 0.0459559
1 0.56958 0.596507 0.027832 0.0514706
1 0.950684 0.556985 0.03125 0.0477941
0 0.799561 0.594669 0.027832 0.0514706
0 0.922607 0.977022 0.027832 0.0441176
1 0.923584 0.975643 0.0297852 0.0431985
1 0.109619 0.386949 0.0288086 0.0643382
1 0.83667 0.765625 0.0268555 0.0459559
1 0.790771 0.925092 0.0249023 0.0487132
0 0.569336 0.597426 0.03125 0.0551471
1 0.38501 0.258272 0.0288086 0.0496324
0 0.872559 0.745404 0.0263672 0.0477941
1 0.959229 0.868107 0.0249023 0.0395221
1 0.828857 0.625 0.0219727 0.0477941
0 0.829102 0.623621 0.0234375 0.0487132
1 0.987549 0.173254 0.0249023 0.0560662
0 0.258789 0.846967 0.0283203 0.0505515
0 0.309082 0.238511 0.0302734 0.0560662
0 0.202393 0.957261 0.0288086 0.0505515
1 0.801025 0.594669 0.0258789 0.0496324
0 0.93457 0.883272 0.0234375 0.0386029
1 0.91626 0.495404 0.0249023 0.0459559
1 0.377197 0.367647 0.0219727 0.0422794
1 0.203369 0.95818 0.0307617 0.0542279
1 0.872559 0.744485 0.0263672 0.0459559
1 0.416016 0.454963 0.0253906 0.0496324
0 0.0849609 0.238051 0.0361328 0.0588235
0 0.439453 0.881434 0.0332031 0.0588235
0 0.164795 0.772518 0.0288086 0.0560662
1 0.391846 0.34421 0.0229492 0.0431985
0 0.109131 0.388327 0.0297852 0.0615809
1 0.689453 0.389706 0.03125 0.0661765
0 0.0222168 0.193015 0.0336914 0.0661765
1 0.825684 0.953585 0.0283203 0.046875
1 0.189453 0.542279 0.0341797 0.0661765
