1 0.613037 0.0128676 0.0249023 0.0257353
1 0.533936 0.326746 0.0219727 0.0413603
1 0.382812 0.479779 0.0185547 0.0330882
1 0.837402 0.865349 0.0234375 0.0395221
0 0.755859 0.790441 0.0292969 0.0477941
1 0.805176 0.988051 0.0302734 0.0238971
1 0.876465 0.721507 0.0283203 0.0477941
0 0.825928 0.954504 0.0297852 0.0487132
0 0.566406 0.597886 0.0292969 0.0505515
1 0.787109 0.59329 0.0253906 0.046875
1 0.825928 0.799632 0.0249023 0.0514706
0 0.876465 0.722886 0.0263672 0.046875
1 0.85791 0.253676 0.0234375 0.0404412
0 0.912354 0.982996 0.0297852 0.0340074
1 0.566406 0.600184 0.0263672 0.0459559
1 0.759033 0.92739 0.0317383 0.0514706
1 0.916992 0.492647 0.0234375 0.0459559
1 0.755615 0.789522 0.0249023 0.0441176
1 0.776123 0.717831 0.0249023 0.0441176
1 0.679443 0.0606618 0.0209961 0.0367647
1 0.554688 0.883732 0.0253906 0.0431985
1 0.741455 0.157629 0.0209961 0.0395221
1 0.879883 0.825827 0.0234375 0.0450368
1 0.828857 0.622702 0.0219727 0.046875
1 0.681396 0.0946691 0.0219727 0.0386029
1 0.0192871 0.195772 0.0249023 0.0514706
1 0.0910645 0.0298713 0.0327148 0.046875
1 0.172119 0.0202206 0.0288086 0.0404412
1 0.529297 0.0670956 0.0244141 0.0422794
1 0.85791 0.862592 0.0234375 0.0450368
1 0.825928 0.955882 0.0297852 0.0496324
1 0.838379 0.124081 0.0234375 0.0422794
1 0.927979 0.857996 0.0249023 0.0487132
1 0.690674 0.38557 0.0249023 0.046875
1 0.257324 0.84375 0.0244141 0.0441176
1 0.93042 0.56296 0.0268555 0.0450368
1 0.400391 0.214154 0.0244141 0.0477941
1 0.0146484 0.982077 0.0253906 0.0358456
1 0.20874 0.0790441 0.0249023 0.0477941
1 0.858643 0.0840993 0.0200195 0.0431985
1 0.13208 0.607537 0.0200195 0.0422794
1 0.571045 0.102941 0.0229492 0.0441176
1 0.988281 0.175092 0.0234375 0.0487132
1 0.439697 0.886029 0.0258789 0.0441176
1 0.236572 0.716452 0.0239258 0.0413603
1 0.882812 0.0873162 0.0185547 0.0422794
1 0.144775 0.590533 0.0209961 0.0450368
1 0.809326 0.118566 0.0219727 0.0422794
1 0.524658 0.268382 0.0239258 0.0477941
1 0.0998535 0.525735 0.0268555 0.0477941
1 0.0849609 0.236673 0.0292969 0.0542279
1 0.196533 0.947151 0.027832 0.0487132
1 0.98291 0.915901 0.0283203 0.0542279
1 0.731201 0.116728 0.0209961 0.0422794
1 0.507324 0.185202 0.0244141 0.0450368
1 0.897705 0.106158 0.0200195 0.0431985
1 0.371094 0.539062 0.0253906 0.0450368
1 0.591309 0.288603 0.0234375 0.0404412
1 0.39209 0.87454 0.0224609 0.0487132
1 0.196777 0.529412 0.0234375 0.0441176
1 0.586426 0.256893 0.0224609 0.0376838
1 0.0942383 0.601103 0.0234375 0.0441176
1 0.414551 0.457261 0.0244141 0.0431985
1 0.811768 0.301011 0.0249023 0.0431985
1 0.187256 0.483915 0.0229492 0.0450368
1 0.785645 0.272059 0.0224609 0.0459559
1 0.37793 0.367647 0.0253906 0.0441176
1 0.0983887 0.363051 0.0268555 0.0459559
1 0.161133 0.484835 0.0244141 0.0450368
1 0.409912 0.340074 0.0249023 0.0441176
1 0.231689 0.759191 0.0239258 0.0441176
1 0.147949 0.235294 0.0244141 0.0422794
1 0.417725 0.942096 0.0258789 0.0496324
1 0.164307 0.77068 0.0268555 0.0505515
1 0.0961914 0.814798 0.0263672 0.0487132
1 0.311523 0.245864 0.0263672 0.0487132
1 0.119141 0.820772 0.0234375 0.0459559
1 0.23877 0.344669 0.0283203 0.0496324
1 0.153809 0.272518 0.0253906 0.0413603
1 0.205322 0.314798 0.0249023 0.046875
1 0.405518 0.538603 0.0239258 0.0441176
