0 0.691406 0.387868 0.0263672 0.0514706
0 0.172119 0.0206801 0.0297852 0.0413603
0 0.0957031 0.581801 0.0283203 0.0459559
0 0.56665 0.596967 0.0288086 0.0523897
1 0.09375 0.54182 0.0263672 0.0560662
0 0.439941 0.88511 0.0244141 0.0459559
1 0.882812 0.241728 0.0214844 0.0459559
0 0.768555 0.924173 0.0273438 0.0523897
0 0.789795 0.591912 0.0249023 0.0441176
0 0.0214844 0.194393 0.0263672 0.0505515
1 0.916992 0.982077 0.03125 0.0358456
1 0.790039 0.590993 0.0244141 0.0441176
1 0.858643 0.255055 0.0200195 0.0413603
1 0.858643 0.0840993 0.0219727 0.046875
1 0.771484 0.742188 0.0214844 0.0450368
0 0.206787 0.316636 0.0258789 0.0523897
1 0.197998 0.959559 0.027832 0.0477941
0 0.872559 0.730699 0.0234375 0.0441176
1 0.932861 0.56296 0.0268555 0.0431985
1 0.172119 0.0206801 0.027832 0.0395221
1 0.917236 0.492188 0.0297852 0.046875
1 0.835938 0.866268 0.0205078 0.0395221
1 0.202637 0.0726103 0.0263672 0.0459559
0 0.0852051 0.238051 0.0307617 0.0533088
1 0.825928 0.955882 0.0297852 0.0496324
1 0.929688 0.871324 0.0263672 0.0459559
1 0.873291 0.730239 0.0249023 0.046875
1 0.810059 0.116728 0.0205078 0.0441176
0 0.101562 0.376379 0.0253906 0.0505515
1 0.440186 0.883732 0.0239258 0.046875
1 0.808594 0.299632 0.0253906 0.0422794
0 0.828857 0.622702 0.0249023 0.0487132
1 0.828857 0.623621 0.0219727 0.046875
1 0.98877 0.173713 0.0224609 0.0496324
1 0.836914 0.125 0.0234375 0.0441176
0 0.197998 0.959099 0.027832 0.046875
1 0.785156 0.272059 0.0244141 0.0477941
1 0.258789 0.84421 0.0253906 0.0450368
0 0.82666 0.954963 0.0283203 0.0496324
1 0.0932617 0.0280331 0.03125 0.0450368
1 0.69043 0.387408 0.0273438 0.0487132
1 0.567871 0.599724 0.0263672 0.046875
1 0.0952148 0.581801 0.0273438 0.0459559
0 0.93042 0.870864 0.0268555 0.0487132
1 0.862305 0.861673 0.0234375 0.046875
0 0.202637 0.0707721 0.0253906 0.0477941
1 0.825684 0.786305 0.0263672 0.0487132
1 0.551025 0.89614 0.0258789 0.0441176
1 0.206543 0.315257 0.0253906 0.0477941
1 0.235596 0.340074 0.0268555 0.0477941
0 0.0947266 0.538143 0.0273438 0.0487132
1 0.768555 0.924632 0.0273438 0.0514706
1 0.196045 0.533088 0.027832 0.0533088
1 0.514893 0.195312 0.0209961 0.0450368
1 0.524414 0.269301 0.0234375 0.0404412
1 0.391602 0.871783 0.0224609 0.0487132
1 0.414795 0.921875 0.0229492 0.0441176
1 0.880371 0.826287 0.0234375 0.0459559
1 0.528076 0.310202 0.0219727 0.0413603
1 0.755859 0.789062 0.0244141 0.0450368
1 0.539307 0.0574449 0.0258789 0.0450368
1 0.395996 0.539982 0.0205078 0.0376838
0 0.164551 0.769761 0.0292969 0.0542279
1 0.375732 0.539062 0.0219727 0.0413603
1 0.395508 0.224265 0.0234375 0.0459559
1 0.568359 0.0914522 0.0244141 0.0450368
1 0.981934 0.909467 0.0263672 0.0505515
1 0.415283 0.457721 0.0258789 0.0441176
1 0.378662 0.368107 0.0249023 0.0431985
1 0.409668 0.340533 0.0244141 0.0431985
1 0.311768 0.245864 0.027832 0.0450368
