1 0.101318 0.370864 0.0229492 0.0431985
1 0.20459 0.0758272 0.0263672 0.046875
0 0.928955 0.867188 0.0268555 0.0487132
0 0.0151367 0.985754 0.0302734 0.0284926
1 0.0200195 0.194393 0.0273438 0.0542279
1 0.168945 0.483915 0.0195312 0.0395221
1 0.804688 0.987592 0.03125 0.0248162
1 0.0852051 0.238051 0.0307617 0.0551471
1 0.164551 0.77068 0.0292969 0.0523897
1 0.835938 0.865349 0.0214844 0.0395221
0 0.914062 0.981618 0.0292969 0.0367647
0 0.875 0.726562 0.0263672 0.046875
0 0.020752 0.194853 0.0258789 0.0496324
1 0.197021 0.955423 0.027832 0.0487132
1 0.928955 0.866728 0.0249023 0.0441176
1 0.172852 0.0206801 0.0292969 0.0413603
0 0.163818 0.77068 0.0297852 0.0560662
1 0.858643 0.253676 0.0219727 0.0404412
0 0.197021 0.954963 0.0307617 0.0496324
1 0.882812 0.242647 0.0234375 0.0441176
1 0.917236 0.492647 0.0297852 0.0477941
1 0.0922852 0.0284926 0.0332031 0.0459559
1 0.257812 0.84421 0.0253906 0.0450368
1 0.838379 0.125 0.0234375 0.0477941
1 0.931152 0.563419 0.0263672 0.0459559
1 0.98877 0.173713 0.0224609 0.0514706
1 0.828857 0.623162 0.0219727 0.0477941
1 0.789062 0.592371 0.0253906 0.0450368
1 0.55249 0.893382 0.0258789 0.0422794
1 0.771973 0.729779 0.0224609 0.0441176
1 0.690674 0.386949 0.0268555 0.0477941
1 0.858643 0.082261 0.0219727 0.0450368
1 0.512939 0.192555 0.0249023 0.0450368
1 0.0974121 0.53079 0.0268555 0.046875
1 0.18457 0.486673 0.0214844 0.0431985
1 0.810059 0.119026 0.0224609 0.0450368
1 0.880615 0.825827 0.0249023 0.046875
1 0.197021 0.53125 0.0249023 0.0459559
1 0.567627 0.600184 0.0268555 0.0477941
0 0.204834 0.0753676 0.0258789 0.0477941
1 0.86084 0.862592 0.0234375 0.0487132
1 0.82666 0.79136 0.0263672 0.0496324
1 0.440674 0.884651 0.0239258 0.0487132
1 0.810059 0.300092 0.0253906 0.0450368
1 0.825928 0.955882 0.0297852 0.0496324
1 0.52417 0.268382 0.0239258 0.0422794
1 0.397949 0.221048 0.0224609 0.0450368
1 0.0957031 0.590533 0.0263672 0.0487132
1 0.764893 0.923254 0.0258789 0.0560662
1 0.786133 0.271599 0.0234375 0.0487132
1 0.98291 0.913143 0.0283203 0.0523897
1 0.391602 0.872702 0.0224609 0.0487132
1 0.755615 0.789522 0.0249023 0.0441176
1 0.238037 0.342371 0.027832 0.0487132
1 0.535889 0.0565257 0.0258789 0.0413603
1 0.528809 0.3125 0.0224609 0.0422794
1 0.378662 0.368107 0.0249023 0.0431985
1 0.205811 0.315257 0.0249023 0.0477941
1 0.415283 0.457721 0.0249023 0.0441176
1 0.373047 0.540441 0.0244141 0.0441176
1 0.570801 0.0969669 0.0234375 0.046875
1 0.409668 0.340533 0.0244141 0.0431985
1 0.41626 0.932445 0.0249023 0.046875
1 0.398926 0.539982 0.0244141 0.0431985
1 0.311523 0.245864 0.0273438 0.0450368
