1 0.613037 0.0124081 0.0258789 0.0248162
1 0.876465 0.721507 0.0283203 0.0477941
1 0.804688 0.988051 0.0292969 0.0238971
1 0.835205 0.863051 0.019043 0.0386029
1 0.889648 0.0965074 0.0234375 0.0459559
1 0.682861 0.0909926 0.0219727 0.0349265
0 0.566406 0.598346 0.0292969 0.0514706
0 0.91333 0.982996 0.027832 0.0340074
0 0.876465 0.723805 0.0263672 0.046875
1 0.566895 0.600643 0.0273438 0.046875
1 0.85791 0.253676 0.0234375 0.0404412
1 0.826416 0.799173 0.0249023 0.0505515
1 0.787354 0.592371 0.0249023 0.046875
1 0.917969 0.492188 0.0234375 0.046875
1 0.774902 0.71921 0.0244141 0.0450368
1 0.553955 0.88511 0.0258789 0.0422794
1 0.828857 0.622702 0.0219727 0.046875
1 0.755615 0.789522 0.0249023 0.0422794
1 0.879883 0.825827 0.0234375 0.0450368
1 0.759033 0.926471 0.0288086 0.0496324
1 0.93042 0.5625 0.0268555 0.0459559
1 0.172363 0.0202206 0.0283203 0.0404412
1 0.13208 0.606158 0.0200195 0.0431985
1 0.838379 0.125 0.0234375 0.0441176
1 0.690674 0.386029 0.0268555 0.0459559
1 0.207764 0.0785846 0.0249023 0.0487132
1 0.257568 0.84375 0.0258789 0.0441176
1 0.0148926 0.981618 0.0268555 0.0367647
1 0.0913086 0.0294118 0.0332031 0.0477941
1 0.196533 0.94761 0.027832 0.0496324
1 0.0195312 0.195772 0.0253906 0.0514706
1 0.571533 0.102941 0.0229492 0.0441176
1 0.85791 0.862592 0.0234375 0.0450368
1 0.740967 0.153952 0.0209961 0.0395221
1 0.988281 0.174173 0.0214844 0.0487132
1 0.825928 0.955882 0.0297852 0.0496324
1 0.23584 0.716452 0.0224609 0.0413603
1 0.400146 0.214154 0.0249023 0.0496324
1 0.928223 0.858915 0.0234375 0.046875
1 0.143066 0.590533 0.0205078 0.0450368
1 0.98291 0.915441 0.0263672 0.0533088
1 0.859375 0.0840993 0.0205078 0.0431985
1 0.897705 0.106618 0.0219727 0.0441176
1 0.524658 0.268382 0.0249023 0.0477941
1 0.439697 0.886029 0.0258789 0.0441176
1 0.588623 0.256434 0.0219727 0.0349265
1 0.53125 0.066636 0.0253906 0.0450368
1 0.810303 0.119026 0.0219727 0.0431985
1 0.0852051 0.236673 0.0297852 0.0542279
1 0.730713 0.117188 0.0209961 0.0413603
1 0.883545 0.0873162 0.0200195 0.0422794
1 0.507812 0.186121 0.0244141 0.0450368
1 0.0993652 0.526195 0.027832 0.0487132
1 0.591064 0.285846 0.0219727 0.0386029
1 0.23291 0.757812 0.0224609 0.0413603
1 0.371338 0.539062 0.0258789 0.0450368
1 0.391846 0.873621 0.0229492 0.0487132
1 0.118164 0.818934 0.0224609 0.0459559
1 0.196777 0.529871 0.0234375 0.0450368
1 0.186523 0.484375 0.0224609 0.0459559
1 0.0944824 0.600184 0.0239258 0.0441176
1 0.414551 0.457261 0.0244141 0.0431985
1 0.811768 0.300551 0.0249023 0.0441176
1 0.786133 0.271599 0.0234375 0.046875
1 0.162354 0.483915 0.0239258 0.0450368
1 0.164307 0.77068 0.0268555 0.0505515
1 0.378174 0.368107 0.0249023 0.0431985
1 0.416748 0.942096 0.0258789 0.0496324
1 0.409668 0.340533 0.0253906 0.0450368
1 0.0969238 0.814798 0.0258789 0.046875
1 0.311523 0.245864 0.0273438 0.0487132
1 0.147949 0.235754 0.0244141 0.0413603
1 0.098877 0.363971 0.0268555 0.0459559
1 0.23877 0.34421 0.0283203 0.0505515
1 0.205322 0.314798 0.0249023 0.046875
1 0.154541 0.271599 0.0239258 0.0431985
1 0.404541 0.538603 0.0239258 0.0441176
