1 0.141846 0.590533 0.019043 0.0413603
1 0.235352 0.726103 0.0214844 0.0330882
1 0.805176 0.988051 0.0302734 0.0238971
1 0.857666 0.252298 0.0219727 0.0358456
1 0.876709 0.722426 0.0297852 0.0477941
1 0.883545 0.235294 0.0249023 0.0404412
1 0.835205 0.862592 0.0200195 0.0376838
1 0.533203 0.323989 0.0214844 0.0450368
0 0.914062 0.982077 0.0283203 0.0340074
0 0.566406 0.598346 0.0292969 0.0533088
0 0.876465 0.724265 0.0283203 0.0477941
1 0.787842 0.592831 0.0258789 0.0459559
1 0.13208 0.60386 0.0200195 0.0404412
1 0.917236 0.493107 0.027832 0.046875
1 0.773438 0.721048 0.0244141 0.0450368
1 0.553467 0.887408 0.0268555 0.0431985
1 0.566895 0.600643 0.0273438 0.0487132
1 0.399658 0.215993 0.0249023 0.0459559
1 0.828857 0.622702 0.0219727 0.046875
1 0.690918 0.386029 0.0263672 0.0496324
1 0.826416 0.796875 0.0249023 0.0496324
1 0.0151367 0.981618 0.0273438 0.0367647
1 0.206787 0.0776654 0.0249023 0.046875
1 0.233643 0.757812 0.0209961 0.0395221
1 0.257568 0.84375 0.0249023 0.0441176
1 0.0195312 0.195772 0.0253906 0.0514706
1 0.196289 0.948529 0.0302734 0.0496324
1 0.755615 0.789522 0.0249023 0.0441176
1 0.896729 0.107537 0.0219727 0.0422794
1 0.172607 0.0202206 0.0297852 0.0404412
1 0.93042 0.5625 0.0268555 0.0459559
1 0.732178 0.121324 0.0219727 0.0404412
1 0.880371 0.825827 0.0234375 0.046875
1 0.838379 0.12454 0.0234375 0.0450368
1 0.740479 0.151195 0.0209961 0.0395221
1 0.0983887 0.814798 0.0258789 0.0431985
1 0.571289 0.103401 0.0234375 0.046875
1 0.0915527 0.0298713 0.0336914 0.046875
1 0.76001 0.926471 0.0288086 0.0551471
1 0.988281 0.175092 0.0234375 0.0487132
1 0.859375 0.0840993 0.0214844 0.0431985
1 0.440186 0.884651 0.0258789 0.046875
1 0.858398 0.862592 0.0234375 0.0487132
1 0.533203 0.0611213 0.0253906 0.0413603
1 0.117188 0.816176 0.0224609 0.0422794
1 0.80957 0.119485 0.0234375 0.0441176
1 0.98291 0.914522 0.0283203 0.0533088
1 0.884277 0.0886949 0.0205078 0.0413603
1 0.0854492 0.237592 0.0292969 0.0523897
1 0.525146 0.268842 0.0249023 0.046875
1 0.164551 0.77068 0.0263672 0.0505515
1 0.371826 0.539062 0.0268555 0.0450368
1 0.825928 0.955882 0.0297852 0.0496324
1 0.391846 0.873621 0.0229492 0.0487132
1 0.928955 0.860294 0.0249023 0.0477941
1 0.785645 0.272059 0.0234375 0.0477941
1 0.508545 0.18704 0.0249023 0.046875
1 0.098877 0.526654 0.027832 0.0496324
1 0.196777 0.529871 0.0234375 0.0450368
1 0.186279 0.485294 0.0219727 0.0441176
1 0.0993652 0.365349 0.0249023 0.0450368
1 0.810791 0.300551 0.0249023 0.0441176
1 0.0947266 0.597426 0.0234375 0.0441176
1 0.414795 0.457721 0.0249023 0.0441176
1 0.164307 0.483456 0.0219727 0.0441176
1 0.378174 0.367647 0.0249023 0.0441176
1 0.148193 0.235754 0.0229492 0.0395221
1 0.41626 0.939798 0.0258789 0.0505515
1 0.311035 0.245864 0.0273438 0.0487132
1 0.409668 0.340074 0.0253906 0.0441176
1 0.403809 0.539062 0.0234375 0.0450368
1 0.205322 0.314798 0.0249023 0.046875
1 0.238525 0.34375 0.027832 0.0496324
1 0.154541 0.267463 0.0219727 0.0404412
