0 0.824951 0.782629 0.027832 0.0487132
0 0.859375 0.0854779 0.0253906 0.0459559
1 0.858643 0.0836397 0.0219727 0.0459559
0 0.919678 0.981158 0.0297852 0.0376838
1 0.882812 0.241728 0.0205078 0.0459559
0 0.810791 0.118566 0.0219727 0.0459559
0 0.234375 0.340533 0.0273438 0.0542279
1 0.548096 0.898438 0.0268555 0.0450368
0 0.791748 0.590533 0.0258789 0.046875
1 0.835938 0.866728 0.0205078 0.0386029
0 0.567627 0.596507 0.0288086 0.0533088
1 0.917236 0.492188 0.027832 0.046875
1 0.207275 0.314798 0.0268555 0.0505515
1 0.0935059 0.0275735 0.0327148 0.0477941
0 0.199219 0.0680147 0.0253906 0.0459559
1 0.234375 0.340074 0.0263672 0.0477941
1 0.792236 0.589614 0.0249023 0.046875
1 0.824951 0.78171 0.027832 0.0505515
1 0.825928 0.955882 0.0297852 0.0496324
1 0.770264 0.751379 0.0239258 0.046875
1 0.858643 0.254136 0.0219727 0.0413603
0 0.197998 0.95864 0.0317383 0.0533088
1 0.811035 0.116728 0.0205078 0.0441176
0 0.690186 0.387408 0.027832 0.0560662
1 0.828857 0.623162 0.0219727 0.0477941
1 0.199707 0.0675551 0.0263672 0.046875
1 0.439941 0.883732 0.0244141 0.0487132
1 0.83667 0.125 0.0219727 0.0422794
0 0.756592 0.79136 0.0239258 0.0459559
0 0.0852051 0.238971 0.0307617 0.0533088
1 0.690186 0.387868 0.0288086 0.0551471
1 0.785156 0.272059 0.0234375 0.0459559
1 0.807861 0.300551 0.0229492 0.0422794
0 0.769775 0.751379 0.0249023 0.0450368
0 0.0219727 0.193934 0.0263672 0.0514706
1 0.568359 0.598805 0.0263672 0.046875
1 0.933594 0.565717 0.0253906 0.046875
0 0.932129 0.877298 0.0263672 0.046875
1 0.989014 0.172794 0.0219727 0.0496324
1 0.171631 0.0215993 0.0268555 0.0395221
1 0.258545 0.845129 0.0258789 0.046875
0 0.872803 0.737592 0.0249023 0.046875
1 0.756348 0.789522 0.0244141 0.0441176
0 0.828857 0.622243 0.0249023 0.0496324
1 0.517578 0.198529 0.0214844 0.0404412
1 0.19458 0.538143 0.0297852 0.0579044
1 0.872559 0.737132 0.0263672 0.0496324
0 0.207275 0.316636 0.0268555 0.0542279
1 0.198242 0.959559 0.0292969 0.0496324
0 0.102295 0.378676 0.0268555 0.0514706
1 0.52417 0.268842 0.0219727 0.0413603
0 0.82666 0.954963 0.0283203 0.0514706
1 0.527588 0.309743 0.0209961 0.0404412
1 0.864014 0.861673 0.0249023 0.046875
1 0.542969 0.0574449 0.0253906 0.0450368
0 0.164551 0.770221 0.0292969 0.0514706
1 0.394531 0.22932 0.0253906 0.0431985
1 0.770508 0.925551 0.0273438 0.0496324
1 0.880371 0.826287 0.0234375 0.0459559
1 0.979736 0.904412 0.0268555 0.0514706
1 0.567627 0.0854779 0.0239258 0.0441176
1 0.391357 0.871324 0.0229492 0.0496324
1 0.411621 0.91636 0.0234375 0.0441176
1 0.415283 0.457721 0.0258789 0.0477941
1 0.311768 0.246324 0.0288086 0.0459559
1 0.378662 0.368566 0.0249023 0.0441176
1 0.40918 0.340074 0.0244141 0.0441176
