0 0.80542 0.111213 0.0219727 0.0441176
0 0.619385 0.983915 0.0327148 0.0266544
1 0.98999 0.819853 0.0170898 0.0422794
0 0.893799 0.118566 0.0219727 0.0441176
1 0.855469 0.078125 0.0205078 0.0404412
1 0.985107 0.762408 0.0200195 0.0358456
0 0.690674 0.727482 0.0239258 0.0505515
1 0.380859 0.785386 0.0234375 0.0450368
1 0.564453 0.609375 0.0283203 0.0477941
1 0.828857 0.825368 0.0200195 0.0514706
0 0.75708 0.789062 0.027832 0.0450368
1 0.893799 0.119945 0.0219727 0.0395221
0 0.196533 0.532629 0.0239258 0.0450368
1 0.767578 0.0868566 0.0205078 0.0395221
1 0.414062 0.459559 0.0263672 0.0459559
0 0.736328 0.178309 0.0224609 0.0477941
0 0.780518 0.692096 0.0249023 0.0459559
0 0.521484 0.0684743 0.0244141 0.0431985
0 0.746094 0.921875 0.0263672 0.0441176
1 0.736328 0.178309 0.0244141 0.0441176
1 0.833496 0.863971 0.0185547 0.0404412
0 0.855469 0.0785846 0.0205078 0.0395221
1 0.910889 0.49954 0.0249023 0.0431985
1 0.759766 0.0569853 0.0214844 0.0367647
0 0.381104 0.787224 0.0258789 0.0487132
1 0.856445 0.866268 0.0234375 0.0487132
0 0.440918 0.88557 0.0283203 0.046875
0 0.408936 0.341912 0.0268555 0.0459559
1 0.0769043 0.245404 0.0307617 0.0533088
0 0.729736 0.10432 0.0239258 0.0450368
0 0.829102 0.821691 0.0234375 0.0441176
0 0.856201 0.866728 0.0268555 0.0459559
1 0.690674 0.730239 0.0229492 0.046875
0 0.608887 0.0137868 0.0224609 0.0275735
1 0.72998 0.102941 0.0234375 0.0459559
1 0.440674 0.886949 0.0288086 0.0496324
1 0.377441 0.369945 0.0253906 0.0431985
1 0.710449 0.649357 0.0224609 0.0413603
1 0.755859 0.79136 0.0263672 0.0459559
1 0.805664 0.111673 0.0234375 0.0450368
1 0.886719 0.235754 0.0253906 0.0431985
1 0.259521 0.846967 0.0288086 0.046875
1 0.409668 0.341452 0.0263672 0.0450368
1 0.196045 0.53171 0.0239258 0.0450368
1 0.677734 0.0592831 0.0224609 0.0395221
1 0.520996 0.0689338 0.0234375 0.0422794
1 0.746094 0.920956 0.0253906 0.0441176
0 0.55957 0.877298 0.0273438 0.0450368
0 0.710449 0.649357 0.0224609 0.0395221
1 0.372314 0.538143 0.0268555 0.0487132
0 0.535889 0.495864 0.0249023 0.0431985
0 0.392334 0.65671 0.0249023 0.046875
0 0.236084 0.711397 0.0249023 0.0441176
1 0.0141602 0.202206 0.0253906 0.0551471
1 0.780029 0.693015 0.0249023 0.0477941
1 0.694336 0.445772 0.0234375 0.0422794
0 0.0761719 0.246324 0.0322266 0.0551471
1 0.648926 0.391544 0.0224609 0.0441176
1 0.724854 0.634191 0.0219727 0.0404412
1 0.835938 0.12546 0.0253906 0.0431985
1 0.879883 0.823529 0.0234375 0.0459559
1 0.571045 0.105699 0.0229492 0.0422794
1 0.22583 0.784467 0.027832 0.046875
1 0.588867 0.363511 0.0234375 0.0450368
1 0.679688 0.130515 0.0273438 0.0441176
0 0.258057 0.846507 0.0258789 0.0422794
0 0.879883 0.082261 0.0234375 0.0395221
0 0.672607 0.714154 0.0229492 0.0422794
1 0.991699 0.76057 0.0166016 0.0395221
1 0.156738 0.501838 0.0234375 0.0477941
1 0.799072 0.409007 0.0219727 0.0367647
1 0.186279 0.471507 0.0249023 0.0459559
1 0.196289 0.931066 0.0263672 0.0441176
1 0.393311 0.875919 0.0268555 0.0533088
1 0.876465 0.715533 0.0234375 0.0431985
1 0.0942383 0.351103 0.0273438 0.0477941
0 0.269531 0.984375 0.0273438 0.03125
1 0.310791 0.130974 0.0258789 0.0487132
1 0.360107 0.181985 0.019043 0.0441176
0 0.315674 0.882812 0.0249023 0.046875
1 0.921875 0.845588 0.0234375 0.0404412
1 0.813232 0.442096 0.0249023 0.0422794
1 0.534424 0.338235 0.0229492 0.0441176
1 0.462158 0.110754 0.0209961 0.0450368
1 0.71167 0.476103 0.0239258 0.0386029
1 0.828857 0.62454 0.0219727 0.046875
0 0.533691 0.462776 0.0234375 0.0413603
0 0.366943 0.690257 0.0239258 0.0477941
1 0.851562 0.261489 0.0253906 0.0413603
1 0.992188 0.539982 0.015625 0.046875
1 0.0302734 0.886029 0.0244141 0.0404412
0 0.564209 0.608456 0.0249023 0.0477941
1 0.20459 0.852941 0.0263672 0.0422794
0 0.466064 0.670037 0.0249023 0.0477941
1 0.783691 0.59421 0.0263672 0.0431985
1 0.921875 0.560202 0.0253906 0.0413603
1 0.990234 0.175551 0.0195312 0.0459559
1 0.803223 0.171415 0.0234375 0.0431985
1 0.611816 0.25046 0.0195312 0.0376838
1 0.965576 0.745404 0.0219727 0.0422794
1 0.151367 0.230699 0.0273438 0.0496324
1 0.0144043 0.980699 0.0239258 0.0386029
1 0.145508 0.587316 0.0244141 0.0459559
0 0.324219 0.633732 0.0234375 0.0431985
1 0.163574 0.772518 0.0253906 0.0487132
0 0.299072 0.668658 0.0268555 0.046875
1 0.668701 0.392004 0.0219727 0.0413603
0 0.50708 0.680147 0.0258789 0.0477941
1 0.407715 0.203585 0.0263672 0.046875
1 0.824951 0.954963 0.0297852 0.0459559
1 0.234863 0.347426 0.0263672 0.0514706
1 0.0180664 0.457721 0.0244141 0.0477941
1 0.171631 0.0179228 0.027832 0.0358456
1 0.177246 0.831342 0.0234375 0.0413603
1 0.0314941 0.409926 0.0258789 0.0441176
1 0.127686 0.828125 0.0258789 0.0496324
1 0.106934 0.530331 0.0253906 0.0459559
1 0.570312 0.388327 0.0234375 0.0413603
1 0.395508 0.128676 0.0214844 0.0404412
1 0.5979 0.300092 0.0249023 0.0431985
1 0.0910645 0.599724 0.0249023 0.0505515
1 0.0917969 0.0326287 0.0332031 0.0542279
1 0.691406 0.384651 0.0234375 0.0450368
1 0.147217 0.301471 0.0288086 0.0477941
1 0.578857 0.248621 0.0219727 0.0431985
1 0.036377 0.91636 0.0239258 0.0386029
1 0.418701 0.954963 0.027832 0.0496324
1 0.597656 0.230239 0.0205078 0.0413603
1 0.245605 0.0234375 0.0263672 0.0450368
1 0.804688 0.224724 0.0234375 0.0431985
1 0.216309 0.0776654 0.0253906 0.0487132
1 0.501709 0.174632 0.0249023 0.0459559
1 0.0922852 0.8125 0.0253906 0.0477941
1 0.482422 0.131893 0.0224609 0.0450368
1 0.333984 0.192096 0.0253906 0.0477941
1 0.132568 0.621783 0.0249023 0.0450368
1 0.402588 0.160846 0.0209961 0.0422794
1 0.810303 0.300092 0.0249023 0.0395221
1 0.783203 0.27114 0.0253906 0.0441176
1 0.315186 0.249081 0.0268555 0.0477941
1 0.984375 0.928309 0.0263672 0.0514706
1 0.527832 0.270221 0.0244141 0.0477941
1 0.206299 0.313419 0.0258789 0.0477941
1 0.980469 0.733915 0.0205078 0.0395221
