0 0.189453 0.542279 0.0351562 0.0735294
0 0.525146 0.207721 0.0249023 0.0477941
1 0.102295 0.0243566 0.0336914 0.0487132
0 0.101807 0.0234375 0.0356445 0.046875
1 0.30957 0.238051 0.0292969 0.0606618
0 0.800049 0.59421 0.027832 0.0523897
0 0.859375 0.0827206 0.0234375 0.0477941
1 0.795654 0.926471 0.0229492 0.0477941
1 0.438965 0.880055 0.0302734 0.0597426
0 0.203125 0.957261 0.03125 0.0542279
0 0.259277 0.847886 0.0302734 0.0542279
0 0.569824 0.597886 0.0322266 0.0560662
1 0.258789 0.847886 0.0292969 0.0523897
1 0.41626 0.454504 0.0297852 0.0597426
1 0.840576 0.765625 0.0249023 0.0441176
1 0.308105 0.90579 0.0322266 0.0560662
1 0.987549 0.173254 0.0249023 0.0560662
1 0.828857 0.625 0.0219727 0.0477941
0 0.439453 0.881434 0.0341797 0.0588235
1 0.800781 0.59421 0.0253906 0.0487132
1 0.95459 0.556526 0.0263672 0.0505515
0 0.308594 0.238051 0.03125 0.0588235
1 0.93457 0.882353 0.0234375 0.0404412
0 0.0852051 0.238971 0.034668 0.0625
0 0.164551 0.772518 0.0283203 0.0560662
1 0.203613 0.957261 0.03125 0.0560662
1 0.924316 0.975184 0.0283203 0.0422794
1 0.872559 0.745404 0.0263672 0.0459559
1 0.825684 0.952665 0.0263672 0.046875
1 0.91626 0.495864 0.0249023 0.046875
0 0.109131 0.388327 0.0297852 0.0615809
0 0.0224609 0.193015 0.0332031 0.0661765
1 0.689941 0.389246 0.03125 0.0652574
1 0.95459 0.86489 0.0234375 0.0441176
1 0.189209 0.54136 0.034668 0.0680147
