0 0.0998535 0.0229779 0.034668 0.0459559
1 0.535889 0.91682 0.0249023 0.0487132
0 0.310791 0.242188 0.0297852 0.0505515
1 0.0849609 0.238971 0.0332031 0.0625
1 0.858643 0.0840993 0.0219727 0.046875
0 0.189453 0.54136 0.0332031 0.0661765
1 0.523193 0.20864 0.0180664 0.0404412
0 0.311035 0.897059 0.0302734 0.0533088
0 0.567871 0.596507 0.0302734 0.0551471
1 0.108643 0.386949 0.0297852 0.0625
0 0.535889 0.915441 0.0288086 0.0496324
0 0.79834 0.595588 0.0283203 0.0477941
0 0.921875 0.977941 0.03125 0.0422794
1 0.934326 0.880055 0.0249023 0.0450368
1 0.568848 0.596967 0.0273438 0.0487132
1 0.921875 0.977482 0.0332031 0.0450368
0 0.439453 0.881893 0.0253906 0.046875
1 0.798828 0.59421 0.0273438 0.046875
1 0.202148 0.95818 0.03125 0.0542279
0 0.828857 0.623162 0.0249023 0.0477941
0 0.201172 0.959099 0.0322266 0.0542279
1 0.825928 0.954963 0.0297852 0.0514706
1 0.811035 0.119945 0.0234375 0.0487132
0 0.828857 0.772059 0.0297852 0.0551471
1 0.829102 0.624081 0.0234375 0.0477941
1 0.917236 0.493566 0.0249023 0.0496324
0 0.0852051 0.238971 0.0336914 0.0606618
1 0.528564 0.309743 0.0209961 0.0404412
1 0.943604 0.563419 0.0297852 0.0496324
1 0.98877 0.172335 0.0224609 0.0505515
0 0.780762 0.922335 0.03125 0.0487132
1 0.835938 0.124081 0.0234375 0.0459559
0 0.934326 0.883272 0.0249023 0.0441176
0 0.872559 0.746324 0.0263672 0.0477941
1 0.5271 0.27068 0.0219727 0.0395221
1 0.399902 0.33364 0.0263672 0.0441176
1 0.415283 0.455882 0.0239258 0.0441176
0 0.258789 0.847886 0.0263672 0.0505515
0 0.108398 0.388787 0.0292969 0.0606618
0 0.165039 0.772978 0.0283203 0.0496324
1 0.310791 0.242647 0.0297852 0.0496324
0 0.0219727 0.193015 0.0332031 0.0643382
0 0.826416 0.954504 0.0297852 0.0523897
1 0.969482 0.879136 0.0249023 0.0487132
1 0.388184 0.25 0.0263672 0.0477941
1 0.377686 0.367647 0.0239258 0.0459559
1 0.189209 0.54182 0.0336914 0.0634191
1 0.689453 0.389706 0.03125 0.0643382
