1 0.00634766 0.914522 0.0126953 0.0441176
1 0.0664062 0.720129 0.0214844 0.0413603
0 0.304688 0.119026 0.0253906 0.0450368
1 0.814941 0.487132 0.0185547 0.03125
0 0.356201 0.0422794 0.0307617 0.0330882
0 0.762451 0.890165 0.0239258 0.0395221
1 0.83667 0.686581 0.0200195 0.0441176
0 0.601562 0.0151654 0.0253906 0.0303309
1 0.431396 0.790901 0.0219727 0.0413603
0 0.661133 0.0133272 0.0195312 0.0266544
0 0.172363 0.787684 0.0205078 0.0349265
1 0.210938 0.637868 0.0224609 0.0404412
1 0.733154 0.0965074 0.0219727 0.0386029
1 0.553467 0.310202 0.0209961 0.0376838
1 0.175293 0.830423 0.0224609 0.0395221
1 0.657471 0.308364 0.0200195 0.0413603
1 0.798828 0.102941 0.0214844 0.0349265
0 0.0449219 0.930607 0.0214844 0.0395221
1 0.601074 0.0142463 0.0234375 0.0284926
0 0.0581055 0.877757 0.0244141 0.0422794
1 0.0959473 0.345129 0.0249023 0.0413603
1 0.259277 0.845129 0.0283203 0.046875
1 0.365479 0.841912 0.0209961 0.0386029
0 0.69458 0.746783 0.0200195 0.0413603
1 0.784424 0.681066 0.0258789 0.0477941
0 0.432373 0.792739 0.0200195 0.0413603
1 0.672119 0.051011 0.0209961 0.0413603
1 0.762695 0.892004 0.0234375 0.0413603
0 0.525391 0.469669 0.0185547 0.0386029
1 0.981201 0.447151 0.0200195 0.0413603
1 0.234375 0.70864 0.0224609 0.0422794
0 0.662842 0.983915 0.027832 0.0321691
1 0.0827637 0.600184 0.0258789 0.0477941
1 0.425293 0.882812 0.0234375 0.0413603
0 0.35376 0.84421 0.0200195 0.0376838
0 0.557861 0.610754 0.0239258 0.0413603
1 0.490723 0.942096 0.0205078 0.0349265
1 0.878906 0.700368 0.0205078 0.0404412
1 0.3396 0.498162 0.0258789 0.0477941
0 0.599609 0.450827 0.0205078 0.0376838
1 0.765137 0.0873162 0.0195312 0.0386029
1 0.0727539 0.255515 0.0263672 0.0533088
1 0.0939941 0.811581 0.0229492 0.0441176
1 0.194824 0.915441 0.0253906 0.0422794
1 0.855469 0.678309 0.0214844 0.0441176
0 0.83667 0.6875 0.0200195 0.0422794
1 0.207031 0.85432 0.0253906 0.0450368
0 0.354492 0.681066 0.0195312 0.0386029
0 0.0065918 0.101562 0.0131836 0.046875
0 0.09375 0.814338 0.0234375 0.0441176
0 0.126709 0.504136 0.0239258 0.0431985
0 0.083252 0.601103 0.027832 0.0514706
0 0.509277 0.0170037 0.0195312 0.0340074
0 0.20752 0.610294 0.0224609 0.0386029
0 0.395264 0.113511 0.0239258 0.046875
1 0.39624 0.867647 0.0219727 0.0404412
0 0.537354 0.438419 0.0209961 0.0349265
1 0.458984 0.675092 0.0283203 0.0487132
1 0.560059 0.302849 0.0185547 0.0376838
1 0.851562 0.0813419 0.0214844 0.0395221
0 0.419922 0.963235 0.0273438 0.0477941
0 0.209961 0.638327 0.0195312 0.0395221
0 0.728516 0.634651 0.0214844 0.0450368
1 0.7854 0.0500919 0.0170898 0.0395221
0 0.424805 0.882812 0.0234375 0.0413603
1 0.68457 0.444853 0.0234375 0.0404412
1 0.488281 0.360754 0.0244141 0.0395221
1 0.665283 0.392923 0.0200195 0.0413603
0 0.464111 0.881434 0.0229492 0.0422794
0 0.459229 0.674173 0.0258789 0.0450368
0 0.0654297 0.90579 0.0234375 0.0431985
1 0.563721 0.375919 0.0229492 0.0441176
0 0.755127 0.790441 0.0249023 0.0441176
1 0.0830078 0.712316 0.0224609 0.0404412
1 0.83667 0.944853 0.027832 0.0459559
1 0.76709 0.19761 0.0195312 0.03125
1 0.108887 0.53079 0.0273438 0.046875
1 0.69873 0.378217 0.0224609 0.0395221
0 0.616455 0.887868 0.0229492 0.0441176
1 0.729736 0.188419 0.0209961 0.0441176
1 0.87793 0.0790441 0.0234375 0.0422794
0 0.65625 0.308824 0.0214844 0.0386029
1 0.168701 0.0165441 0.0288086 0.0330882
0 0.617676 0.980699 0.0244141 0.0386029
0 0.641113 0.88557 0.0244141 0.046875
1 0.765137 0.042739 0.0205078 0.0376838
1 0.394287 0.113971 0.0229492 0.0441176
0 0.606689 0.485294 0.0219727 0.0386029
1 0.547363 0.315717 0.0224609 0.0376838
0 0.0727539 0.255515 0.0244141 0.0514706
1 0.0581055 0.877757 0.0224609 0.0386029
1 0.907715 0.508732 0.0234375 0.0376838
1 0.514893 0.684283 0.0268555 0.046875
1 0.755371 0.788603 0.0244141 0.0441176
0 0.327148 0.623162 0.0224609 0.0441176
0 0.367676 0.794577 0.0214844 0.0413603
1 0.132324 0.136489 0.0244141 0.0431985
0 0.108887 0.532629 0.0244141 0.0431985
1 0.48291 0.884651 0.0224609 0.0431985
1 0.802246 0.0473346 0.0185547 0.0376838
0 0.784424 0.681066 0.0239258 0.0477941
0 0.703613 0.650276 0.0244141 0.0431985
1 0.419922 0.963235 0.0273438 0.0459559
1 0.235107 0.0266544 0.0239258 0.0441176
1 0.199951 0.360754 0.0239258 0.0413603
0 0.017334 0.467371 0.0258789 0.0487132
0 0.191406 0.755974 0.0195312 0.0431985
1 0.645264 0.387408 0.0209961 0.0413603
1 0.0432129 0.931526 0.0229492 0.0395221
1 0.851562 0.264246 0.0234375 0.0376838
0 0.536133 0.503217 0.0234375 0.0413603
1 0.305908 0.118107 0.0239258 0.046875
1 0.828125 0.626379 0.0205078 0.0450368
1 0.0517578 0.813419 0.0263672 0.0441176
1 0.776367 0.863511 0.0234375 0.0395221
1 0.359863 0.161305 0.0234375 0.0431985
1 0.0925293 0.0363051 0.0327148 0.0542279
1 0.0698242 0.799173 0.0234375 0.0431985
0 0.12793 0.828125 0.0224609 0.0459559
1 0.496826 0.34375 0.0200195 0.0367647
0 0.0136719 0.981158 0.0234375 0.0376838
0 0.296143 0.676011 0.0219727 0.0505515
0 0.673584 0.70864 0.0209961 0.0459559
0 0.73584 0.911305 0.0244141 0.046875
0 0.0356445 0.40625 0.0244141 0.0477941
0 0.296875 0.805147 0.0214844 0.0404412
1 0.146484 0.589154 0.0234375 0.0459559
1 0.833496 0.546875 0.0205078 0.0330882
1 0.991455 0.761489 0.0170898 0.0395221
1 0.939697 0.693015 0.0219727 0.0404412
1 0.371094 0.538143 0.0234375 0.046875
1 0.223389 0.795496 0.0249023 0.0431985
1 0.118164 0.159926 0.0244141 0.0441176
1 0.881104 0.825827 0.0219727 0.046875
1 0.0292969 0.889706 0.0253906 0.0459559
1 0.5979 0.300092 0.0209961 0.0413603
1 0.872559 0.261029 0.0234375 0.0367647
1 0.582764 0.202206 0.0219727 0.0349265
1 0.184326 0.460018 0.0239258 0.0450368
1 0.592285 0.368107 0.0224609 0.0413603
1 0.572754 0.215993 0.0224609 0.0386029
1 0.2229 0.0767463 0.0239258 0.046875
1 0.161377 0.495864 0.0239258 0.046875
1 0.914062 0.548254 0.0234375 0.0395221
1 0.445312 0.15579 0.0205078 0.0413603
1 0.802246 0.168199 0.0234375 0.0386029
1 0.782959 0.588235 0.0258789 0.0404412
1 0.703125 0.192096 0.0205078 0.0404412
0 0.348389 0.800551 0.0209961 0.0441176
0 0.286865 0.77068 0.0209961 0.0431985
1 0.713867 0.481158 0.0234375 0.0413603
1 0.330566 0.201746 0.0244141 0.0413603
1 0.211182 0.307445 0.0249023 0.0450368
1 0.403076 0.160846 0.0229492 0.0422794
1 0.145508 0.303768 0.0263672 0.0431985
1 0.40625 0.346967 0.0253906 0.0450368
1 0.133057 0.630974 0.0249023 0.0450368
1 0.229004 0.34421 0.0224609 0.0431985
1 0.154541 0.228401 0.0258789 0.0487132
0 0.258789 0.846048 0.0253906 0.0413603
1 0.678955 0.141085 0.0219727 0.0413603
1 0.197998 0.535386 0.0258789 0.046875
1 0.759033 0.21829 0.0180664 0.0358456
1 0.929688 0.331801 0.0214844 0.0386029
1 0.282227 0.186581 0.0253906 0.0441176
1 0.410645 0.205882 0.0244141 0.0422794
1 0.612549 0.251838 0.0219727 0.0386029
0 0.319092 0.87454 0.0249023 0.046875
0 0.122314 0.471967 0.0239258 0.0413603
1 0.688721 0.179688 0.0209961 0.0358456
1 0.596436 0.230239 0.019043 0.0395221
1 0.94458 0.732537 0.0219727 0.0386029
1 0.855469 0.868566 0.0253906 0.0441176
1 0.461426 0.5 0.0244141 0.0404412
1 0.910156 0.590533 0.0214844 0.0358456
1 0.415283 0.778493 0.0209961 0.0422794
1 0.919434 0.837316 0.0234375 0.0459559
1 0.99292 0.556066 0.0141602 0.0459559
1 0.990479 0.18704 0.0170898 0.0431985
1 0.889648 0.238511 0.0234375 0.0413603
1 0.460938 0.174173 0.0214844 0.0413603
1 0.366943 0.204504 0.0209961 0.0413603
1 0.572266 0.105699 0.0234375 0.0422794
1 0.832031 0.129596 0.0253906 0.0422794
1 0.376221 0.367188 0.0268555 0.0487132
1 0.989746 0.129596 0.0185547 0.0422794
1 0.829834 0.517923 0.0219727 0.0395221
1 0.458984 0.106158 0.0244141 0.0413603
1 0.575928 0.250919 0.0209961 0.0386029
1 0.517822 0.823989 0.0219727 0.0413603
1 0.80542 0.241268 0.0239258 0.0395221
1 0.406982 0.538143 0.0239258 0.0431985
1 0.520264 0.0730699 0.0229492 0.0431985
1 0.497803 0.175092 0.0249023 0.0487132
1 0.316162 0.252298 0.0258789 0.0487132
1 0.182373 0.383732 0.0229492 0.0413603
1 0.794922 0.400735 0.0224609 0.0404412
1 0.964844 0.755055 0.0214844 0.0431985
1 0.919434 0.616728 0.0234375 0.0386029
1 0.802979 0.294118 0.0239258 0.0404412
0 0.268555 0.983915 0.0263672 0.0321691
1 0.981201 0.73943 0.0200195 0.0376838
1 0.779785 0.274816 0.0224609 0.0404412
1 0.94751 0.316636 0.0249023 0.0450368
1 0.53125 0.339614 0.0214844 0.0413603
1 0.960938 0.222886 0.0253906 0.0395221
1 0.413086 0.463695 0.0263672 0.0487132
0 0.0102539 0.212316 0.0205078 0.0496324
1 0.813965 0.447151 0.0234375 0.0413603
1 0.483887 0.13511 0.0244141 0.0441176
1 0.267578 0.215533 0.0253906 0.0431985
1 0.972656 0.185202 0.0234375 0.0413603
1 0.531982 0.271599 0.0258789 0.0431985
1 0.532227 0.803768 0.0234375 0.0431985
1 0.441895 0.472426 0.0224609 0.0441176
1 0.987061 0.93796 0.0258789 0.0487132
