1 0.679199 0.0629596 0.0195312 0.0340074
1 0.805664 0.988051 0.03125 0.0238971
1 0.613037 0.0128676 0.0249023 0.0257353
1 0.889648 0.097886 0.0234375 0.0450368
1 0.835205 0.863051 0.019043 0.0386029
1 0.876465 0.723805 0.0263672 0.0431985
0 0.566406 0.598346 0.0292969 0.0514706
1 0.682373 0.0909926 0.0219727 0.0349265
0 0.91333 0.982077 0.027832 0.0340074
0 0.876465 0.723805 0.0263672 0.046875
1 0.916992 0.492188 0.0234375 0.046875
1 0.85791 0.253676 0.0234375 0.0404412
1 0.826416 0.799173 0.0249023 0.0505515
1 0.566895 0.600643 0.0273438 0.046875
1 0.787109 0.592831 0.0253906 0.0459559
1 0.553955 0.88511 0.0249023 0.0422794
1 0.828857 0.622243 0.0219727 0.0459559
1 0.775146 0.71875 0.0249023 0.0441176
1 0.759033 0.926471 0.0288086 0.0496324
1 0.879883 0.825827 0.0234375 0.0450368
1 0.755615 0.789522 0.0249023 0.0422794
1 0.257568 0.84375 0.0249023 0.0441176
1 0.172363 0.0202206 0.0283203 0.0404412
1 0.13208 0.606158 0.0200195 0.0431985
1 0.93042 0.56296 0.0268555 0.0450368
1 0.0913086 0.0303309 0.0341797 0.0477941
1 0.838379 0.12454 0.0234375 0.0431985
1 0.0148926 0.981618 0.0258789 0.0367647
1 0.196533 0.94807 0.027832 0.0487132
1 0.0195312 0.195772 0.0253906 0.0514706
1 0.143066 0.589614 0.0205078 0.0450368
1 0.690674 0.386489 0.0258789 0.046875
1 0.207764 0.0785846 0.0249023 0.0487132
1 0.23584 0.716452 0.0224609 0.0413603
1 0.571533 0.103401 0.0229492 0.0431985
1 0.85791 0.862592 0.0234375 0.0450368
1 0.988281 0.175092 0.0234375 0.0487132
1 0.740967 0.154412 0.0209961 0.0404412
1 0.399902 0.213695 0.0253906 0.0487132
1 0.825928 0.955882 0.0297852 0.0496324
1 0.928223 0.858915 0.0234375 0.046875
1 0.98291 0.915441 0.0283203 0.0514706
1 0.897705 0.106618 0.0219727 0.0441176
1 0.858643 0.0840993 0.0200195 0.0431985
1 0.0852051 0.236673 0.0297852 0.0542279
1 0.439697 0.88511 0.0258789 0.0441176
1 0.809326 0.119026 0.0219727 0.0431985
1 0.524658 0.267923 0.0249023 0.046875
1 0.23291 0.757812 0.0224609 0.0413603
1 0.588623 0.256893 0.0219727 0.0340074
1 0.53125 0.066636 0.0253906 0.0450368
1 0.730713 0.117188 0.0209961 0.0413603
1 0.883545 0.0873162 0.0200195 0.0422794
1 0.507812 0.186121 0.0244141 0.0450368
1 0.0996094 0.526195 0.0273438 0.0487132
1 0.591064 0.286305 0.0219727 0.0376838
1 0.371582 0.539062 0.0263672 0.0450368
1 0.391846 0.873621 0.0229492 0.0487132
1 0.11792 0.819393 0.0229492 0.046875
1 0.196777 0.529871 0.0234375 0.0450368
1 0.0947266 0.600184 0.0234375 0.0441176
1 0.187012 0.484835 0.0224609 0.0450368
1 0.414551 0.457261 0.0244141 0.0431985
1 0.162109 0.483915 0.0244141 0.0450368
1 0.785645 0.271599 0.0234375 0.046875
1 0.811768 0.301011 0.0249023 0.0431985
1 0.164307 0.77068 0.0268555 0.0505515
1 0.37793 0.368107 0.0253906 0.0431985
1 0.417236 0.942096 0.0258789 0.0496324
1 0.409668 0.340533 0.0253906 0.0450368
1 0.0969238 0.814798 0.0258789 0.0487132
1 0.147949 0.235754 0.0244141 0.0413603
1 0.311035 0.245864 0.0273438 0.0487132
1 0.23877 0.34375 0.0283203 0.0514706
1 0.0991211 0.36443 0.0263672 0.046875
1 0.205078 0.314798 0.0244141 0.046875
1 0.154297 0.271599 0.0244141 0.0431985
1 0.404541 0.538603 0.0239258 0.0441176
