0 0.56665 0.597886 0.0288086 0.0542279
1 0.0976562 0.570772 0.0263672 0.0753676
1 0.876709 0.722886 0.0297852 0.0487132
1 0.804932 0.988051 0.0307617 0.0238971
1 0.897705 0.108456 0.019043 0.0367647
1 0.731934 0.12454 0.0205078 0.0376838
0 0.825928 0.953585 0.0297852 0.0487132
1 0.015625 0.982537 0.0273438 0.0349265
0 0.0146484 0.983915 0.0292969 0.0321691
1 0.738281 0.144761 0.0214844 0.0395221
1 0.0197754 0.194853 0.027832 0.0551471
1 0.101562 0.368566 0.0253906 0.0459559
1 0.205078 0.0776654 0.0253906 0.046875
0 0.0205078 0.195312 0.0263672 0.0505515
1 0.83667 0.865349 0.0219727 0.0413603
0 0.828857 0.622243 0.0249023 0.0496324
1 0.78833 0.592831 0.0249023 0.0459559
1 0.196777 0.953585 0.0283203 0.0487132
1 0.917236 0.492188 0.027832 0.046875
0 0.914795 0.981618 0.027832 0.0330882
0 0.875732 0.725184 0.0268555 0.0459559
1 0.771484 0.727941 0.0224609 0.0477941
1 0.172607 0.0206801 0.0297852 0.0413603
0 0.196533 0.953125 0.0307617 0.0514706
1 0.0854492 0.237592 0.0302734 0.0542279
1 0.828857 0.623162 0.0219727 0.0477941
1 0.552979 0.892463 0.0258789 0.0441176
1 0.931152 0.5625 0.0263672 0.0459559
1 0.257812 0.84421 0.0253906 0.046875
1 0.0917969 0.0284926 0.0332031 0.0477941
1 0.858398 0.253217 0.0234375 0.0413603
1 0.690918 0.386949 0.0263672 0.0477941
1 0.838379 0.125 0.0234375 0.0459559
1 0.928955 0.86443 0.0249023 0.046875
1 0.885986 0.0909926 0.019043 0.0404412
1 0.164551 0.77068 0.0292969 0.0523897
0 0.205566 0.0762868 0.0253906 0.0477941
1 0.987793 0.174632 0.0244141 0.0514706
1 0.567383 0.600184 0.0273438 0.0477941
1 0.825928 0.955882 0.0297852 0.0496324
1 0.879639 0.825827 0.0249023 0.046875
1 0.859375 0.0836397 0.0214844 0.0459559
1 0.859375 0.862592 0.0253906 0.0505515
1 0.82666 0.794118 0.0263672 0.0496324
1 0.76416 0.924173 0.0283203 0.0560662
1 0.511475 0.191636 0.0249023 0.0431985
1 0.884521 0.23989 0.0249023 0.0459559
1 0.755859 0.789062 0.0253906 0.0450368
1 0.440674 0.884651 0.0249023 0.0487132
1 0.810303 0.119026 0.0229492 0.0450368
1 0.785889 0.271599 0.0229492 0.0487132
1 0.530029 0.316636 0.0219727 0.0431985
1 0.167236 0.482537 0.0219727 0.0422794
1 0.810303 0.299173 0.0249023 0.046875
1 0.98291 0.913143 0.0283203 0.0523897
1 0.524902 0.268382 0.0244141 0.0441176
1 0.391846 0.872702 0.0229492 0.0487132
1 0.397949 0.220129 0.0224609 0.0450368
1 0.184814 0.486673 0.0219727 0.0431985
1 0.197021 0.530331 0.0239258 0.0459559
1 0.0974121 0.529412 0.027832 0.0477941
1 0.095459 0.592831 0.0249023 0.0459559
1 0.372803 0.540441 0.0258789 0.0459559
1 0.416748 0.934283 0.0258789 0.046875
1 0.5354 0.0574449 0.0258789 0.0413603
1 0.571289 0.0992647 0.0234375 0.0459559
1 0.378174 0.368107 0.0249023 0.0431985
1 0.238281 0.342831 0.0283203 0.0496324
1 0.415283 0.457261 0.0249023 0.0450368
1 0.409912 0.340533 0.0249023 0.0431985
1 0.205566 0.315257 0.0244141 0.0477941
1 0.311035 0.246324 0.0273438 0.0459559
1 0.400391 0.540441 0.0253906 0.0441176
