1 0.882812 0.241268 0.0205078 0.046875
1 0.835938 0.867647 0.0185547 0.0367647
1 0.387695 0.783088 0.0244141 0.0441176
0 0.858643 0.0845588 0.0200195 0.0459559
0 0.805664 0.304228 0.0214844 0.0459559
1 0.92041 0.97886 0.03125 0.0422794
1 0.312256 0.892004 0.027832 0.0505515
0 0.990967 0.415441 0.0180664 0.0367647
0 0.917236 0.493566 0.0249023 0.0441176
1 0.858643 0.254596 0.0200195 0.0404412
1 0.811035 0.116268 0.0205078 0.0450368
1 0.197754 0.0634191 0.0253906 0.0459559
0 0.92041 0.979779 0.03125 0.0404412
0 0.171875 0.0225184 0.0273438 0.0413603
1 0.0942383 0.0266544 0.0322266 0.0477941
1 0.439453 0.882812 0.0244141 0.0487132
0 0.810791 0.118566 0.0219727 0.0459559
0 0.439453 0.884651 0.0244141 0.0487132
0 0.232422 0.340074 0.0244141 0.0496324
0 0.19873 0.95864 0.03125 0.0533088
0 0.824951 0.780331 0.0268555 0.0459559
1 0.543213 0.0579044 0.0249023 0.0441176
1 0.917236 0.492647 0.0297852 0.0477941
0 0.771484 0.924173 0.0263672 0.0505515
0 0.567627 0.596967 0.0297852 0.0523897
0 0.19751 0.0634191 0.0249023 0.0459559
1 0.566895 0.0836397 0.0234375 0.0422794
0 0.793457 0.591912 0.0273438 0.0477941
1 0.828857 0.623621 0.0219727 0.046875
0 0.566895 0.0845588 0.0224609 0.0422794
0 0.785156 0.272518 0.0234375 0.0487132
1 0.83667 0.125 0.0219727 0.0422794
1 0.568848 0.597886 0.0273438 0.0487132
1 0.989014 0.173254 0.0219727 0.0487132
1 0.690186 0.386949 0.0297852 0.0588235
0 0.689697 0.387868 0.0288086 0.0588235
1 0.546143 0.903493 0.0268555 0.0459559
1 0.770996 0.924173 0.0273438 0.0505515
0 0.933594 0.880515 0.0234375 0.0441176
1 0.806152 0.30193 0.0224609 0.0450368
0 0.0224609 0.193015 0.0283203 0.0533088
1 0.824219 0.779412 0.0263672 0.0477941
0 0.0852051 0.238511 0.0307617 0.0542279
1 0.524658 0.268842 0.0229492 0.0413603
1 0.259033 0.845588 0.0258789 0.0496324
1 0.171387 0.0215993 0.0273438 0.0395221
0 0.871826 0.742647 0.0249023 0.0459559
1 0.935059 0.565257 0.0263672 0.0459559
1 0.865723 0.859835 0.0234375 0.046875
1 0.528076 0.310662 0.0219727 0.0404412
1 0.872559 0.73943 0.0263672 0.0487132
0 0.756592 0.790901 0.0239258 0.0413603
0 0.208252 0.316636 0.0268555 0.0505515
0 0.103271 0.380974 0.0297852 0.0542279
1 0.879883 0.826287 0.0234375 0.0459559
0 0.828857 0.622702 0.0249023 0.0487132
1 0.19873 0.95864 0.0292969 0.0496324
0 0.769531 0.757353 0.0253906 0.0404412
0 0.826416 0.954504 0.0297852 0.0505515
0 0.164551 0.770221 0.0302734 0.0514706
1 0.393311 0.232537 0.0249023 0.0441176
1 0.391113 0.871324 0.0234375 0.0496324
1 0.4104 0.913143 0.0219727 0.0431985
1 0.978271 0.899357 0.0249023 0.0487132
1 0.415283 0.457261 0.0249023 0.0487132
1 0.311035 0.245864 0.0283203 0.046875
1 0.378662 0.368107 0.0258789 0.0450368
1 0.408691 0.340074 0.0244141 0.0441176
1 0.191162 0.540901 0.0297852 0.0542279
