1 0.858643 0.0845588 0.0219727 0.0459559
1 0.108887 0.387408 0.0302734 0.0634191
0 0.310547 0.898438 0.03125 0.0542279
0 0.811035 0.117647 0.0234375 0.0496324
0 0.799072 0.595588 0.0288086 0.0477941
0 0.100586 0.0225184 0.0341797 0.0450368
0 0.567871 0.596967 0.0302734 0.0560662
1 0.921875 0.977022 0.03125 0.0459559
0 0.534424 0.91682 0.0297852 0.0505515
0 0.189697 0.54182 0.034668 0.0689338
0 0.921875 0.976562 0.03125 0.0431985
1 0.810791 0.119485 0.0219727 0.0477941
1 0.569092 0.596507 0.027832 0.0496324
0 0.310547 0.241268 0.03125 0.0523897
1 0.397461 0.335938 0.0244141 0.0395221
1 0.202148 0.95818 0.03125 0.0560662
0 0.828857 0.623621 0.0249023 0.0487132
1 0.799805 0.594669 0.0273438 0.0477941
1 0.310547 0.241728 0.03125 0.0533088
1 0.943848 0.56204 0.0283203 0.0487132
0 0.829834 0.772059 0.0297852 0.0533088
0 0.20166 0.95818 0.0283203 0.0487132
1 0.835938 0.124081 0.0234375 0.0459559
1 0.917236 0.494026 0.0249023 0.0505515
1 0.988281 0.172335 0.0234375 0.0505515
0 0.783203 0.922794 0.0322266 0.0496324
1 0.415283 0.455423 0.0239258 0.0450368
0 0.438232 0.882812 0.0317383 0.0560662
1 0.528564 0.308824 0.0209961 0.0422794
1 0.967773 0.878217 0.0234375 0.046875
0 0.872559 0.746324 0.0283203 0.0477941
1 0.829102 0.625 0.0234375 0.0477941
1 0.527344 0.27114 0.0214844 0.0386029
1 0.377686 0.367647 0.0249023 0.0441176
1 0.387207 0.251838 0.0273438 0.0496324
0 0.934326 0.883272 0.0249023 0.0441176
0 0.0852051 0.23943 0.034668 0.0615809
0 0.826416 0.953585 0.0297852 0.0523897
0 0.258789 0.847426 0.0273438 0.0514706
0 0.165283 0.772978 0.0288086 0.0514706
0 0.108643 0.388787 0.0297852 0.0625
0 0.0219727 0.193015 0.0332031 0.0661765
1 0.189209 0.54182 0.0356445 0.0670956
1 0.825928 0.954044 0.0297852 0.0514706
1 0.689453 0.389706 0.03125 0.0661765
