1 0.382324 0.480239 0.0185547 0.0321691
1 0.612061 0.0128676 0.0258789 0.0257353
1 0.7771 0.716912 0.0249023 0.0422794
0 0.82666 0.801471 0.0263672 0.0514706
1 0.786865 0.59375 0.0258789 0.0477941
0 0.776367 0.715993 0.0234375 0.0441176
1 0.755859 0.79136 0.0263672 0.0441176
1 0.825928 0.80239 0.0249023 0.0514706
0 0.75708 0.924173 0.0297852 0.0487132
0 0.828857 0.621783 0.0249023 0.0505515
0 0.876465 0.723346 0.0263672 0.0459559
0 0.755615 0.789522 0.0258789 0.0422794
1 0.533447 0.328585 0.0219727 0.0450368
0 0.912598 0.982537 0.03125 0.0349265
1 0.825928 0.955882 0.0297852 0.0496324
0 0.566406 0.601103 0.0273438 0.0477941
1 0.879883 0.825827 0.0234375 0.0450368
1 0.758301 0.926471 0.03125 0.0514706
1 0.916992 0.492188 0.0234375 0.046875
1 0.828857 0.622702 0.0219727 0.046875
0 0.825684 0.954963 0.0283203 0.0496324
1 0.740967 0.159467 0.0219727 0.0395221
1 0.85791 0.862592 0.0234375 0.0450368
1 0.857178 0.254136 0.0249023 0.0413603
1 0.555908 0.883272 0.0268555 0.0422794
1 0.679443 0.0611213 0.0219727 0.0376838
1 0.681152 0.0988051 0.0234375 0.0395221
1 0.25708 0.84375 0.0249023 0.0441176
1 0.92749 0.857077 0.0249023 0.046875
1 0.93042 0.5625 0.0249023 0.0441176
1 0.083252 0.235294 0.027832 0.0514706
1 0.439941 0.88511 0.0263672 0.0459559
1 0.838379 0.125 0.0234375 0.0441176
1 0.691162 0.38557 0.0258789 0.046875
1 0.019043 0.195772 0.0253906 0.0514706
1 0.0905762 0.0307904 0.0336914 0.0505515
1 0.527344 0.0670956 0.0244141 0.0441176
1 0.237305 0.715533 0.0244141 0.0431985
1 0.334229 0.182445 0.0200195 0.0450368
1 0.571533 0.103401 0.0229492 0.0431985
1 0.0146484 0.981618 0.0253906 0.0367647
1 0.100586 0.524357 0.0253906 0.0487132
1 0.989014 0.174632 0.0219727 0.0496324
1 0.882812 0.0868566 0.0205078 0.0413603
1 0.731201 0.116728 0.0219727 0.0422794
1 0.172363 0.019761 0.0292969 0.0395221
1 0.858643 0.0840993 0.0200195 0.0431985
1 0.320312 0.165901 0.0195312 0.0450368
1 0.37085 0.539062 0.0249023 0.0450368
1 0.809082 0.119026 0.0224609 0.0431985
1 0.524658 0.268382 0.0249023 0.0477941
1 0.806396 0.209559 0.0219727 0.0367647
1 0.14502 0.589154 0.0205078 0.0441176
1 0.401123 0.213235 0.0239258 0.0459559
1 0.196777 0.946232 0.0273438 0.0487132
1 0.0939941 0.601562 0.0239258 0.0450368
1 0.391846 0.873621 0.0229492 0.0487132
1 0.897705 0.106618 0.0219727 0.0441176
1 0.98291 0.91682 0.0283203 0.0542279
1 0.0986328 0.362132 0.0263672 0.0477941
1 0.196777 0.529871 0.0234375 0.0431985
1 0.13208 0.607996 0.0200195 0.0413603
1 0.506592 0.183364 0.0249023 0.046875
1 0.208984 0.0799632 0.0253906 0.0477941
1 0.414551 0.457721 0.0244141 0.0441176
1 0.592529 0.29136 0.0229492 0.0441176
1 0.584961 0.255055 0.0234375 0.0395221
1 0.811768 0.301471 0.0249023 0.0422794
1 0.785645 0.271599 0.0234375 0.0450368
1 0.405762 0.538143 0.0234375 0.0431985
1 0.1875 0.482996 0.0234375 0.0450368
1 0.37793 0.368107 0.0253906 0.0431985
1 0.409912 0.340074 0.0249023 0.0441176
1 0.160645 0.486213 0.0244141 0.0441176
1 0.417969 0.942555 0.0253906 0.0505515
1 0.147949 0.234835 0.0253906 0.0431985
1 0.164307 0.77068 0.0268555 0.0487132
1 0.095459 0.814798 0.0268555 0.0505515
1 0.230713 0.76011 0.0239258 0.0441176
1 0.153564 0.275735 0.0258789 0.0422794
1 0.23877 0.344669 0.0283203 0.0514706
1 0.119629 0.820312 0.0244141 0.046875
1 0.312012 0.246324 0.0253906 0.0459559
1 0.205078 0.314338 0.0244141 0.0477941
