0 0.189697 0.54182 0.034668 0.0726103
0 0.102295 0.0234375 0.0356445 0.046875
0 0.859375 0.0827206 0.0234375 0.0477941
1 0.30957 0.238051 0.0292969 0.0606618
0 0.525146 0.207261 0.0258789 0.046875
1 0.438965 0.880515 0.0302734 0.0588235
1 0.795898 0.92693 0.0234375 0.046875
0 0.800049 0.59421 0.027832 0.0523897
1 0.102539 0.0248162 0.0341797 0.0496324
0 0.258301 0.846967 0.0302734 0.0523897
0 0.829102 0.623621 0.0234375 0.0487132
0 0.203125 0.957261 0.03125 0.0523897
1 0.258545 0.847886 0.0297852 0.0523897
1 0.828857 0.62454 0.0219727 0.046875
1 0.840576 0.765625 0.0268555 0.0459559
0 0.56958 0.597886 0.0317383 0.0560662
0 0.164551 0.772518 0.0283203 0.0560662
1 0.416016 0.454504 0.0283203 0.0560662
0 0.438965 0.881434 0.0341797 0.0569853
1 0.800781 0.59421 0.0253906 0.0505515
1 0.987061 0.173254 0.0258789 0.0560662
1 0.307373 0.90579 0.0317383 0.0560662
0 0.0854492 0.238051 0.0361328 0.0606618
0 0.308594 0.237592 0.03125 0.0597426
1 0.955566 0.556985 0.0283203 0.0514706
1 0.203369 0.957261 0.0307617 0.0560662
1 0.93457 0.882353 0.0234375 0.0404412
1 0.924316 0.975184 0.0283203 0.0422794
1 0.825684 0.952665 0.0263672 0.046875
1 0.872559 0.745864 0.0263672 0.046875
1 0.91626 0.496324 0.0249023 0.0477941
1 0.689941 0.389246 0.0302734 0.0652574
0 0.109375 0.388327 0.0302734 0.0615809
0 0.0224609 0.193474 0.0332031 0.0670956
1 0.95459 0.865809 0.0234375 0.0441176
1 0.189209 0.542279 0.0336914 0.0661765
