0 0.819336 0.127757 0.0234375 0.0422794
0 0.791016 0.926471 0.0253906 0.0477941
1 0.308838 0.901654 0.027832 0.0496324
0 0.189697 0.54182 0.034668 0.0707721
0 0.101807 0.0225184 0.034668 0.0450368
1 0.950195 0.556985 0.03125 0.0477941
1 0.102051 0.0238971 0.0332031 0.0477941
1 0.310303 0.240349 0.0297852 0.0579044
1 0.923584 0.975643 0.0297852 0.0431985
1 0.56958 0.596048 0.027832 0.0505515
0 0.799316 0.595129 0.0283203 0.0523897
0 0.569336 0.597886 0.03125 0.0542279
0 0.922607 0.977022 0.0297852 0.0441176
1 0.835938 0.764706 0.0253906 0.0477941
1 0.790283 0.924173 0.0239258 0.0487132
0 0.872559 0.746324 0.0283203 0.0477941
1 0.828857 0.625 0.0219727 0.0477941
1 0.38501 0.257353 0.0288086 0.0496324
0 0.309082 0.238511 0.0302734 0.0560662
1 0.959229 0.869026 0.0249023 0.0413603
0 0.828857 0.623162 0.0249023 0.0496324
0 0.93457 0.882353 0.0234375 0.0404412
1 0.203125 0.95818 0.03125 0.0542279
1 0.801025 0.594669 0.0258789 0.0496324
1 0.987549 0.173254 0.0249023 0.0560662
0 0.258789 0.846967 0.0283203 0.0505515
1 0.872559 0.744485 0.0283203 0.0459559
0 0.438965 0.881434 0.0341797 0.0569853
1 0.91626 0.495864 0.0249023 0.046875
0 0.0849609 0.238051 0.0361328 0.0588235
0 0.202637 0.957261 0.0283203 0.0505515
1 0.377441 0.367647 0.0214844 0.0422794
1 0.416016 0.455423 0.0253906 0.0487132
0 0.164795 0.772518 0.0288086 0.0560662
1 0.391846 0.34421 0.0229492 0.0431985
1 0.689941 0.389706 0.0302734 0.0661765
0 0.108887 0.388327 0.0292969 0.0615809
0 0.0222168 0.193015 0.0327148 0.0661765
1 0.825684 0.953585 0.0283203 0.0487132
1 0.189209 0.54136 0.034668 0.0661765
