0 0.838867 0.764706 0.0234375 0.0477941
1 0.384521 0.259651 0.0297852 0.0487132
0 0.101807 0.0229779 0.0356445 0.0459559
1 0.30957 0.238051 0.0283203 0.0588235
1 0.839844 0.764706 0.0253906 0.0441176
0 0.189453 0.542279 0.0351562 0.0716912
1 0.933594 0.880974 0.0234375 0.0395221
1 0.109619 0.386949 0.0297852 0.0643382
1 0.570068 0.596048 0.0288086 0.0523897
1 0.102051 0.0243566 0.0341797 0.0487132
0 0.799561 0.594669 0.027832 0.0514706
0 0.825684 0.953585 0.0263672 0.0505515
0 0.922607 0.975643 0.027832 0.0431985
0 0.793701 0.925092 0.0239258 0.0505515
1 0.308838 0.903952 0.0288086 0.0542279
0 0.858398 0.0836397 0.0234375 0.0496324
0 0.93457 0.882812 0.0234375 0.0395221
0 0.525879 0.20864 0.0244141 0.0477941
0 0.56958 0.597886 0.0317383 0.0560662
1 0.924072 0.975643 0.0297852 0.0431985
1 0.416016 0.454504 0.0263672 0.0523897
1 0.828857 0.62454 0.0219727 0.046875
0 0.202881 0.957261 0.0317383 0.0542279
0 0.872559 0.745404 0.0263672 0.0477941
0 0.828857 0.623621 0.0249023 0.0487132
1 0.872559 0.744485 0.0263672 0.0459559
1 0.801025 0.594669 0.0258789 0.0496324
0 0.258301 0.846967 0.0302734 0.0542279
1 0.956299 0.865809 0.0249023 0.0441176
1 0.987549 0.173254 0.0249023 0.0560662
0 0.309082 0.238511 0.0302734 0.0579044
0 0.164795 0.772518 0.0288086 0.0560662
0 0.0849609 0.238051 0.0361328 0.0606618
1 0.203125 0.95818 0.03125 0.0560662
0 0.439453 0.881434 0.0341797 0.0588235
1 0.953857 0.558364 0.0268555 0.0487132
1 0.91626 0.495864 0.0249023 0.046875
1 0.825684 0.952665 0.0263672 0.0487132
0 0.108887 0.387868 0.0302734 0.0625
0 0.0224609 0.193474 0.0332031 0.0670956
1 0.689941 0.389706 0.03125 0.0661765
1 0.189209 0.54182 0.034668 0.0670956
