0 0.858643 0.0840993 0.0219727 0.0450368
0 0.835938 0.122243 0.0214844 0.0459559
1 0.101318 0.0234375 0.0336914 0.046875
0 0.533691 0.919118 0.03125 0.0496324
1 0.963379 0.872702 0.0234375 0.0450368
1 0.810791 0.119945 0.0219727 0.046875
0 0.101318 0.0225184 0.0336914 0.0450368
1 0.785645 0.926471 0.0263672 0.0477941
0 0.189697 0.540901 0.0336914 0.0689338
0 0.964844 0.872243 0.0234375 0.0459559
1 0.109375 0.387408 0.0292969 0.0634191
1 0.835938 0.12454 0.0214844 0.0450368
0 0.921875 0.977022 0.0292969 0.0441176
0 0.832031 0.769761 0.0292969 0.0560662
0 0.811035 0.117647 0.0234375 0.0477941
0 0.569092 0.597886 0.0288086 0.0505515
1 0.569092 0.596507 0.027832 0.0496324
1 0.922607 0.976562 0.0297852 0.0431985
0 0.798584 0.595129 0.027832 0.0487132
0 0.826416 0.953585 0.0297852 0.0523897
1 0.831299 0.771599 0.0297852 0.0560662
1 0.202881 0.957261 0.0307617 0.0523897
1 0.528076 0.273897 0.0209961 0.0386029
1 0.872559 0.745864 0.0283203 0.046875
1 0.946045 0.559743 0.0297852 0.0477941
0 0.872559 0.746324 0.0283203 0.0477941
1 0.799316 0.594669 0.0263672 0.0496324
1 0.91626 0.494945 0.0249023 0.046875
0 0.828857 0.623162 0.0249023 0.0477941
1 0.98877 0.172335 0.0224609 0.0505515
0 0.30957 0.240809 0.03125 0.0551471
1 0.385254 0.254136 0.0283203 0.046875
0 0.439209 0.882353 0.0336914 0.0551471
1 0.529297 0.306526 0.0214844 0.0431985
1 0.828857 0.62454 0.0219727 0.046875
1 0.415527 0.455423 0.0234375 0.0450368
0 0.201904 0.957261 0.0288086 0.046875
0 0.258789 0.847426 0.0263672 0.0514706
0 0.0849609 0.23943 0.0341797 0.0615809
0 0.934326 0.883732 0.0249023 0.0413603
0 0.165283 0.773897 0.0268555 0.0514706
1 0.377686 0.367188 0.0239258 0.0431985
0 0.109131 0.389246 0.0288086 0.0615809
0 0.0219727 0.193015 0.0332031 0.0661765
1 0.39502 0.340074 0.0244141 0.0422794
1 0.689941 0.390165 0.0302734 0.0652574
1 0.189209 0.542279 0.0336914 0.0661765
1 0.826416 0.954504 0.0297852 0.0505515
