0 0.195557 0.92739 0.0249023 0.0441176
0 0.619629 0.982996 0.03125 0.0266544
1 0.125244 0.490349 0.0219727 0.0487132
1 0.98999 0.820772 0.0170898 0.0459559
0 0.55957 0.877757 0.0273438 0.0459559
0 0.440186 0.884651 0.0297852 0.0505515
0 0.535889 0.5 0.0258789 0.0441176
1 0.533203 0.461857 0.0214844 0.0413603
1 0.985107 0.764706 0.0200195 0.0367647
0 0.564209 0.610754 0.0249023 0.046875
1 0.12207 0.152114 0.0302734 0.0505515
1 0.673828 0.712776 0.0214844 0.0450368
1 0.19043 0.377298 0.0244141 0.0395221
0 0.197021 0.533088 0.0249023 0.0477941
1 0.854004 0.0772059 0.0205078 0.0404412
1 0.0766602 0.246324 0.0302734 0.0514706
1 0.833496 0.86443 0.0205078 0.0395221
0 0.673096 0.713235 0.0229492 0.0422794
1 0.510254 0.679228 0.0263672 0.0459559
1 0.920166 0.556985 0.0249023 0.0404412
1 0.53833 0.49954 0.0229492 0.0431985
0 0.509766 0.680147 0.0292969 0.0496324
0 0.392822 0.657169 0.0239258 0.0459559
0 0.744141 0.919118 0.0263672 0.0459559
0 0.35791 0.797794 0.0244141 0.0404412
0 0.828857 0.823529 0.0219727 0.0459559
1 0.828125 0.822151 0.0214844 0.046875
0 0.532715 0.461857 0.0244141 0.0431985
1 0.608643 0.015625 0.0249023 0.03125
1 0.846191 0.685202 0.0283203 0.0376838
1 0.879639 0.0790441 0.0200195 0.0386029
1 0.708496 0.650735 0.0224609 0.0404412
1 0.259521 0.846967 0.0288086 0.046875
1 0.381348 0.786765 0.0263672 0.0477941
1 0.7771 0.872702 0.0209961 0.0376838
1 0.455322 0.494485 0.0219727 0.0404412
1 0.943604 0.320772 0.0219727 0.0404412
1 0.933594 0.332261 0.0205078 0.0358456
0 0.464844 0.670956 0.0253906 0.0477941
1 0.970947 0.199908 0.0219727 0.0395221
1 0.743896 0.918199 0.0249023 0.0441176
1 0.910889 0.499081 0.0268555 0.0441176
1 0.978271 0.4375 0.0249023 0.0441176
0 0.364746 0.688879 0.0244141 0.0487132
0 0.235352 0.710938 0.0244141 0.046875
1 0.855469 0.867647 0.0263672 0.0459559
0 0.0761719 0.246783 0.03125 0.0542279
1 0.410889 0.537684 0.0258789 0.0441176
1 0.234131 0.348346 0.0239258 0.0477941
1 0.372559 0.536765 0.0273438 0.0477941
1 0.377686 0.370404 0.0258789 0.0459559
0 0.324951 0.631434 0.0239258 0.0441176
1 0.877441 0.713695 0.0234375 0.0431985
1 0.886719 0.236673 0.0263672 0.0450368
1 0.991699 0.761029 0.0166016 0.0404412
1 0.196533 0.533548 0.0258789 0.0450368
1 0.780029 0.691176 0.0258789 0.0477941
1 0.195557 0.930147 0.0258789 0.0441176
1 0.735352 0.180607 0.0234375 0.046875
1 0.755859 0.789062 0.0253906 0.0450368
1 0.879883 0.823989 0.0234375 0.046875
1 0.440186 0.884651 0.027832 0.0487132
1 0.647217 0.390165 0.0229492 0.0450368
1 0.0917969 0.0344669 0.0332031 0.0542279
1 0.588867 0.362132 0.0234375 0.0422794
1 0.393311 0.870864 0.027832 0.0560662
1 0.691406 0.445312 0.0234375 0.0450368
1 0.0183105 0.460018 0.0268555 0.0505515
1 0.76709 0.0859375 0.0205078 0.0395221
1 0.72998 0.101562 0.0234375 0.046875
1 0.677246 0.0588235 0.0224609 0.0404412
1 0.0895996 0.599724 0.0249023 0.0487132
1 0.726562 0.63511 0.0214844 0.0422794
0 0.0134277 0.202665 0.0258789 0.0597426
1 0.0944824 0.350643 0.0288086 0.0487132
1 0.359619 0.170956 0.0219727 0.0404412
1 0.187988 0.46829 0.0273438 0.046875
0 0.269531 0.984375 0.0273438 0.03125
1 0.679688 0.131434 0.0253906 0.0422794
1 0.176025 0.829963 0.0249023 0.0422794
1 0.712646 0.476103 0.0249023 0.0386029
0 0.258301 0.846507 0.0263672 0.0422794
1 0.157227 0.500919 0.0234375 0.0477941
1 0.834473 0.125919 0.0234375 0.0422794
0 0.315918 0.880974 0.0253906 0.0487132
1 0.992188 0.543199 0.015625 0.0477941
1 0.694092 0.733915 0.0209961 0.0450368
1 0.572266 0.104779 0.0234375 0.0404412
1 0.414551 0.460938 0.0263672 0.0487132
1 0.92041 0.842831 0.0263672 0.0441176
1 0.828857 0.62454 0.0249023 0.0523897
1 0.851562 0.261949 0.0263672 0.0422794
0 0.29834 0.670956 0.0292969 0.0477941
1 0.171631 0.0170037 0.0268555 0.0340074
1 0.783447 0.59421 0.0258789 0.0431985
1 0.205566 0.854779 0.0273438 0.0441176
1 0.145508 0.587776 0.0253906 0.046875
1 0.797607 0.407629 0.0219727 0.0395221
1 0.520752 0.0698529 0.0229492 0.0422794
1 0.964844 0.75 0.0234375 0.0441176
1 0.759766 0.0556066 0.0214844 0.0395221
1 0.1521 0.22932 0.0288086 0.0523897
1 0.0925293 0.811121 0.0268555 0.046875
1 0.0317383 0.410386 0.0253906 0.0450368
1 0.146484 0.302849 0.0273438 0.0487132
1 0.80249 0.170496 0.0229492 0.0450368
1 0.445312 0.475643 0.0214844 0.0395221
1 0.41748 0.95818 0.0273438 0.0505515
1 0.360352 0.199449 0.0205078 0.0422794
1 0.395508 0.125 0.0234375 0.0404412
1 0.30957 0.130515 0.0283203 0.0514706
1 0.224609 0.786305 0.0273438 0.0487132
1 0.990967 0.176471 0.0180664 0.0459559
1 0.0141602 0.981158 0.0244141 0.0376838
1 0.128418 0.828585 0.0263672 0.0505515
1 0.163818 0.772518 0.0258789 0.0487132
1 0.534424 0.338695 0.0229492 0.0450368
1 0.612549 0.251379 0.0200195 0.0395221
1 0.826416 0.953585 0.0297852 0.0450368
1 0.407959 0.204504 0.0258789 0.0450368
1 0.803711 0.108456 0.0234375 0.0441176
1 0.668701 0.391544 0.0229492 0.0422794
1 0.569336 0.387408 0.0234375 0.0431985
1 0.813232 0.442096 0.0249023 0.0422794
1 0.0373535 0.919118 0.0258789 0.0441176
1 0.80835 0.298713 0.0239258 0.0404412
1 0.500732 0.174173 0.0258789 0.0450368
1 0.692139 0.384191 0.0239258 0.0441176
1 0.598145 0.300551 0.0244141 0.0441176
1 0.459717 0.109835 0.0229492 0.0487132
1 0.597168 0.229779 0.0205078 0.0422794
1 0.782471 0.272518 0.0258789 0.0450368
1 0.408691 0.342831 0.0263672 0.0459559
1 0.0307617 0.884651 0.0253906 0.0413603
1 0.80542 0.22886 0.0249023 0.0441176
1 0.217529 0.0762868 0.0258789 0.0477941
1 0.132568 0.623162 0.0258789 0.0477941
1 0.578125 0.25 0.0214844 0.0459559
1 0.108154 0.528493 0.0268555 0.0496324
1 0.315918 0.24954 0.0263672 0.046875
1 0.402588 0.159926 0.0219727 0.0441176
1 0.333496 0.193934 0.0253906 0.0459559
1 0.483398 0.131893 0.0234375 0.046875
1 0.207031 0.31296 0.0253906 0.0487132
1 0.980469 0.734375 0.0214844 0.0386029
1 0.528564 0.270221 0.0239258 0.0459559
1 0.985107 0.930147 0.0268555 0.0533088
1 0.245117 0.0252757 0.0253906 0.0450368
