1 0.547852 0.897978 0.0273438 0.0441176
0 0.990967 0.415441 0.0180664 0.0367647
0 0.199951 0.0670956 0.0288086 0.0496324
1 0.858643 0.0836397 0.0219727 0.0459559
1 0.381348 0.539522 0.0253906 0.0294118
0 0.859375 0.0850184 0.0253906 0.046875
1 0.882812 0.241268 0.0205078 0.046875
0 0.917236 0.492647 0.0249023 0.0441176
1 0.0854492 0.238051 0.0292969 0.0514706
1 0.858643 0.255055 0.0200195 0.0413603
0 0.7854 0.273438 0.0249023 0.0450368
1 0.917236 0.492188 0.0297852 0.046875
0 0.918945 0.981158 0.03125 0.0376838
0 0.0964355 0.576746 0.0239258 0.0395221
0 0.567139 0.596507 0.0288086 0.0533088
0 0.756592 0.790901 0.0239258 0.046875
0 0.0852051 0.238971 0.0307617 0.0533088
0 0.810791 0.118566 0.0219727 0.0459559
1 0.791748 0.589614 0.0258789 0.046875
0 0.770264 0.748621 0.0239258 0.046875
0 0.770264 0.925092 0.0268555 0.0523897
1 0.690186 0.386489 0.027832 0.0542279
1 0.810059 0.116728 0.0205078 0.0441176
1 0.807861 0.300092 0.0229492 0.0413603
1 0.785156 0.272059 0.0234375 0.0477941
1 0.439941 0.883732 0.0244141 0.0487132
0 0.791504 0.590533 0.0263672 0.046875
1 0.835938 0.866268 0.0205078 0.0395221
1 0.0935059 0.027114 0.0327148 0.046875
0 0.690186 0.387408 0.027832 0.0560662
1 0.836914 0.12454 0.0234375 0.0431985
1 0.933594 0.564798 0.0253906 0.046875
1 0.824951 0.782169 0.027832 0.0496324
1 0.828857 0.623621 0.0219727 0.046875
0 0.0219727 0.193934 0.0263672 0.0514706
0 0.09375 0.548254 0.0253906 0.0431985
1 0.207275 0.315257 0.0268555 0.0496324
1 0.234375 0.340074 0.0263672 0.0477941
0 0.207275 0.316636 0.0268555 0.0523897
0 0.198242 0.95864 0.03125 0.0514706
1 0.825928 0.955882 0.0297852 0.0514706
1 0.568359 0.599265 0.0263672 0.0477941
1 0.989014 0.172794 0.0219727 0.0496324
1 0.195068 0.537684 0.0297852 0.0569853
1 0.199707 0.0680147 0.0263672 0.0459559
1 0.198242 0.959559 0.0283203 0.0496324
0 0.102295 0.378676 0.0268555 0.0496324
1 0.770752 0.748621 0.0239258 0.0487132
1 0.258789 0.845588 0.0253906 0.0477941
1 0.171631 0.0215993 0.0268555 0.0395221
0 0.828857 0.622702 0.0249023 0.0487132
0 0.826416 0.954044 0.0297852 0.0514706
1 0.872559 0.736213 0.0263672 0.0496324
0 0.932129 0.875 0.0283203 0.0459559
0 0.872803 0.736213 0.0249023 0.0477941
1 0.756348 0.789522 0.0244141 0.0441176
1 0.517334 0.199449 0.0219727 0.0441176
1 0.524902 0.269301 0.0234375 0.0404412
1 0.979736 0.905331 0.027832 0.0514706
1 0.527588 0.309743 0.0209961 0.0404412
1 0.542969 0.0574449 0.0253906 0.0450368
1 0.567627 0.0863971 0.0239258 0.0441176
1 0.394775 0.22886 0.0249023 0.0441176
1 0.770508 0.925551 0.0273438 0.0514706
1 0.864014 0.861673 0.0249023 0.0487132
1 0.880615 0.826746 0.0249023 0.046875
0 0.164307 0.77068 0.0288086 0.0505515
1 0.391357 0.871324 0.0239258 0.0496324
1 0.411621 0.917279 0.0234375 0.0441176
1 0.415283 0.457721 0.0258789 0.0459559
1 0.378662 0.368107 0.0249023 0.0431985
1 0.311768 0.245404 0.0288086 0.0459559
1 0.40918 0.340074 0.0244141 0.0441176
