1 0.837402 0.86443 0.0234375 0.0395221
0 0.755859 0.790441 0.0292969 0.0477941
1 0.806396 0.988051 0.0307617 0.0238971
1 0.876465 0.721048 0.0283203 0.0487132
0 0.825928 0.953585 0.0297852 0.0487132
0 0.566406 0.597886 0.0292969 0.0505515
0 0.876465 0.722886 0.0263672 0.046875
0 0.912598 0.982537 0.0283203 0.0349265
1 0.826416 0.800092 0.0249023 0.0505515
1 0.787109 0.59329 0.0253906 0.046875
1 0.917236 0.493566 0.027832 0.0459559
1 0.85791 0.253676 0.0234375 0.0404412
1 0.566406 0.600643 0.0273438 0.046875
1 0.759277 0.92739 0.03125 0.0514706
1 0.755615 0.789522 0.0249023 0.0422794
1 0.776123 0.717831 0.0249023 0.0441176
1 0.679443 0.0615809 0.0209961 0.0367647
1 0.681641 0.0932904 0.0214844 0.0376838
1 0.828857 0.622243 0.0219727 0.0459559
1 0.554443 0.884651 0.0258789 0.0431985
1 0.741455 0.15625 0.0209961 0.0404412
1 0.879883 0.825827 0.0234375 0.0450368
1 0.172119 0.019761 0.027832 0.0395221
1 0.0913086 0.0298713 0.0332031 0.046875
1 0.0192871 0.195772 0.0258789 0.0514706
1 0.838135 0.12454 0.0219727 0.0431985
1 0.825928 0.955882 0.0297852 0.0496324
1 0.93042 0.5625 0.0268555 0.0441176
1 0.85791 0.862592 0.0234375 0.0450368
1 0.927979 0.857996 0.0249023 0.0487132
1 0.25708 0.84329 0.0249023 0.0450368
1 0.13208 0.607537 0.0200195 0.0422794
1 0.0148926 0.981618 0.0258789 0.0367647
1 0.208496 0.0790441 0.0253906 0.0477941
1 0.529785 0.0661765 0.0244141 0.0422794
1 0.690674 0.38557 0.0258789 0.046875
1 0.144287 0.590074 0.0209961 0.0441176
1 0.0847168 0.236673 0.0297852 0.0542279
1 0.236328 0.715993 0.0234375 0.0422794
1 0.571533 0.103401 0.0229492 0.0431985
1 0.809326 0.119026 0.0219727 0.0431985
1 0.196533 0.947151 0.027832 0.0505515
1 0.858643 0.0836397 0.0200195 0.0422794
1 0.524658 0.267923 0.0239258 0.046875
1 0.988281 0.175092 0.0234375 0.0487132
1 0.439697 0.886029 0.0258789 0.0459559
1 0.507324 0.185202 0.0244141 0.0450368
1 0.400391 0.213695 0.0244141 0.0487132
1 0.98291 0.915901 0.0283203 0.0542279
1 0.882812 0.0873162 0.0185547 0.0422794
1 0.0998535 0.525735 0.0268555 0.0477941
1 0.897705 0.106618 0.0200195 0.0441176
1 0.591064 0.287684 0.0229492 0.0404412
1 0.587402 0.256893 0.0224609 0.0358456
1 0.371094 0.539062 0.0253906 0.0450368
1 0.731201 0.116728 0.0209961 0.0422794
1 0.391846 0.873621 0.0229492 0.0487132
1 0.0942383 0.600643 0.0234375 0.0450368
1 0.196777 0.529412 0.0234375 0.0441176
1 0.232422 0.759651 0.0234375 0.0431985
1 0.187256 0.483915 0.0229492 0.0450368
1 0.161621 0.484375 0.0244141 0.0459559
1 0.118652 0.820772 0.0234375 0.0459559
1 0.414551 0.457721 0.0244141 0.0441176
1 0.811768 0.301011 0.0249023 0.0431985
1 0.37793 0.368107 0.0253906 0.0431985
1 0.409668 0.340074 0.0253906 0.0441176
1 0.786133 0.272059 0.0234375 0.0459559
1 0.164307 0.77068 0.0268555 0.0505515
1 0.311523 0.245864 0.0273438 0.0487132
1 0.147949 0.235754 0.0244141 0.0413603
1 0.417725 0.942096 0.0258789 0.0496324
1 0.0986328 0.363511 0.0273438 0.046875
1 0.0964355 0.814798 0.0268555 0.0487132
1 0.154053 0.272518 0.0249023 0.0431985
1 0.23877 0.34421 0.0283203 0.0505515
1 0.205078 0.314798 0.0244141 0.046875
1 0.405029 0.538143 0.0239258 0.0431985
