0 0.838867 0.764706 0.0234375 0.0477941
1 0.30957 0.238051 0.0283203 0.0588235
0 0.924072 0.976562 0.0297852 0.046875
0 0.935059 0.882812 0.0234375 0.0395221
1 0.439209 0.880515 0.0297852 0.0588235
1 0.839844 0.764706 0.0253906 0.0459559
0 0.101807 0.0234375 0.0356445 0.046875
0 0.525391 0.20818 0.0244141 0.046875
1 0.102051 0.0248162 0.0341797 0.0496324
0 0.189697 0.54136 0.034668 0.0716912
1 0.793945 0.925092 0.0244141 0.0505515
0 0.799805 0.59421 0.0273438 0.0523897
0 0.858643 0.0836397 0.0249023 0.0496324
1 0.41626 0.454504 0.0288086 0.0579044
1 0.828857 0.625 0.0219727 0.0477941
0 0.872559 0.745864 0.0263672 0.046875
1 0.93457 0.880974 0.0234375 0.0395221
0 0.258545 0.846967 0.0297852 0.0542279
0 0.56958 0.597886 0.0317383 0.0560662
0 0.828857 0.623621 0.0249023 0.0487132
1 0.308838 0.904412 0.0297852 0.0551471
0 0.202637 0.957261 0.0292969 0.0505515
1 0.800781 0.594669 0.0253906 0.0496324
1 0.924072 0.975643 0.0297852 0.0431985
1 0.872559 0.744945 0.0263672 0.0450368
1 0.987549 0.173254 0.0249023 0.0560662
0 0.439453 0.881434 0.0341797 0.0588235
0 0.308594 0.238051 0.0302734 0.0569853
1 0.203613 0.95818 0.03125 0.0542279
0 0.164551 0.772518 0.0283203 0.0560662
1 0.953857 0.557445 0.0268555 0.0505515
0 0.0852051 0.238971 0.034668 0.0625
1 0.956299 0.865809 0.0249023 0.0441176
1 0.825684 0.952665 0.0263672 0.0487132
1 0.916504 0.495864 0.0263672 0.046875
0 0.109131 0.388327 0.0297852 0.0615809
1 0.689941 0.389706 0.0302734 0.0661765
0 0.0222168 0.193015 0.0327148 0.0661765
1 0.189209 0.54136 0.0336914 0.0661765
