1 0.098877 0.0229779 0.034668 0.0459559
0 0.393311 0.872702 0.0229492 0.0505515
0 0.537354 0.913143 0.0288086 0.0505515
1 0.522217 0.207721 0.019043 0.0404412
1 0.88208 0.242188 0.0219727 0.046875
1 0.858643 0.0840993 0.0219727 0.0450368
1 0.311523 0.89568 0.0273438 0.0487132
1 0.857666 0.24954 0.0219727 0.0395221
1 0.778076 0.921415 0.0297852 0.0505515
0 0.797852 0.595129 0.0273438 0.046875
0 0.567871 0.596967 0.0302734 0.0542279
1 0.934326 0.880055 0.0249023 0.0431985
1 0.797852 0.59329 0.0263672 0.0450368
1 0.568848 0.596507 0.0273438 0.0477941
1 0.40625 0.889706 0.0224609 0.0441176
1 0.920898 0.978401 0.03125 0.0431985
0 0.920898 0.97886 0.03125 0.0422794
1 0.537842 0.914062 0.0258789 0.046875
1 0.200684 0.95864 0.0283203 0.0496324
0 0.439209 0.882812 0.0249023 0.046875
0 0.201172 0.95864 0.03125 0.0533088
1 0.810791 0.119945 0.0219727 0.046875
1 0.391357 0.871324 0.0200195 0.0441176
1 0.828857 0.624081 0.0219727 0.0459559
0 0.258301 0.847426 0.0263672 0.0514706
0 0.933594 0.882353 0.0253906 0.0422794
0 0.82666 0.773438 0.0263672 0.0487132
1 0.916992 0.493566 0.0234375 0.0477941
0 0.828857 0.623162 0.0249023 0.0477941
1 0.989014 0.172335 0.0219727 0.0487132
1 0.835938 0.125 0.0234375 0.0441176
1 0.943848 0.56296 0.0263672 0.046875
1 0.525635 0.269761 0.0209961 0.0395221
1 0.528564 0.309283 0.0209961 0.0413603
0 0.0849609 0.238971 0.0332031 0.0588235
0 0.165283 0.772059 0.027832 0.0496324
0 0.872559 0.744945 0.0263672 0.0487132
0 0.10791 0.388327 0.0283203 0.0579044
0 0.777832 0.922335 0.0283203 0.0487132
1 0.785889 0.272978 0.0229492 0.0422794
0 0.0222168 0.193474 0.0327148 0.0634191
1 0.415039 0.455423 0.0234375 0.0431985
1 0.970947 0.884191 0.0249023 0.0441176
1 0.388672 0.246324 0.0253906 0.0533088
1 0.798096 0.295956 0.0239258 0.0422794
0 0.826416 0.954504 0.0297852 0.0523897
1 0.311035 0.243566 0.0283203 0.0477941
1 0.377686 0.369026 0.0249023 0.0450368
1 0.689941 0.389246 0.0302734 0.0634191
1 0.189209 0.542279 0.0327148 0.0625
1 0.405029 0.337316 0.0239258 0.0422794
