1 0.0280762 0.424173 0.0249023 0.0597426
1 0.401123 0.350184 0.0405273 0.0477941
1 0.138672 0.602482 0.0244141 0.0487132
0 0.654297 0.011489 0.0283203 0.0229779
1 0.170166 0.799173 0.0219727 0.0450368
1 0.731934 0.11489 0.0224609 0.0441176
1 0.388428 0.699908 0.0180664 0.0376838
0 0.376953 0.692096 0.0224609 0.0459559
1 0.681152 0.10386 0.0234375 0.0404412
0 0.404297 0.20818 0.0263672 0.0523897
0 0.740234 0.16682 0.0244141 0.0450368
0 0.834473 0.862592 0.0205078 0.0395221
1 0.557373 0.881434 0.0268555 0.0441176
1 0.740234 0.16682 0.0253906 0.0450368
0 0.911865 0.983915 0.0297852 0.0321691
0 0.572754 0.392463 0.0195312 0.0349265
1 0.404785 0.207721 0.0244141 0.0496324
0 0.680664 0.107996 0.0234375 0.0395221
1 0.408447 0.538603 0.0229492 0.0404412
0 0.776367 0.710478 0.0234375 0.0459559
1 0.475098 0.669577 0.0205078 0.0431985
1 0.857178 0.86443 0.0249023 0.046875
0 0.678467 0.0592831 0.0209961 0.0413603
1 0.879883 0.824449 0.0234375 0.0459559
0 0.880371 0.824908 0.0234375 0.0505515
0 0.732422 0.115349 0.0244141 0.0450368
1 0.37793 0.691176 0.0234375 0.0441176
0 0.44043 0.884651 0.0273438 0.046875
1 0.856445 0.251838 0.0234375 0.0441176
1 0.317383 0.647518 0.0234375 0.0431985
0 0.828125 0.621783 0.0253906 0.0505515
0 0.877441 0.720588 0.0263672 0.0477941
1 0.439453 0.88557 0.0273438 0.046875
1 0.574463 0.391085 0.0209961 0.0358456
0 0.826416 0.806526 0.0249023 0.0523897
0 0.825684 0.954963 0.0283203 0.0496324
1 0.825928 0.955882 0.0297852 0.0477941
0 0.786133 0.59421 0.0292969 0.046875
1 0.806152 0.184743 0.0234375 0.0404412
0 0.587891 0.36443 0.0224609 0.0376838
1 0.300781 0.66682 0.0224609 0.0431985
1 0.829102 0.621783 0.0234375 0.046875
1 0.678711 0.0606618 0.0234375 0.0404412
1 0.414062 0.456801 0.0253906 0.0459559
1 0.410156 0.340074 0.0263672 0.0459559
1 0.534912 0.331342 0.0258789 0.0505515
1 0.916504 0.494485 0.0283203 0.0477941
1 0.381104 0.786765 0.0219727 0.0422794
0 0.753418 0.923713 0.0283203 0.0496324
1 0.256836 0.84421 0.0253906 0.0450368
1 0.390137 0.661305 0.0224609 0.0431985
0 0.557861 0.883732 0.0268555 0.0450368
1 0.371582 0.539522 0.0263672 0.0459559
1 0.237305 0.712776 0.0234375 0.046875
1 0.572021 0.102482 0.0258789 0.046875
1 0.494873 0.670956 0.0229492 0.0441176
1 0.522949 0.0684743 0.0244141 0.046875
1 0.838379 0.125 0.0234375 0.0441176
1 0.196045 0.941176 0.027832 0.0477941
1 0.929688 0.563879 0.0253906 0.0450368
1 0.88208 0.0863971 0.0200195 0.0422794
0 0.755615 0.788603 0.0258789 0.0441176
1 0.926514 0.855239 0.0268555 0.046875
1 0.690918 0.386029 0.0263672 0.0459559
1 0.75293 0.923713 0.0273438 0.0533088
1 0.0183105 0.196232 0.0258789 0.0505515
0 0.565918 0.602022 0.0263672 0.0459559
1 0.391602 0.874081 0.0234375 0.0496324
1 0.0905762 0.0326287 0.0327148 0.0487132
1 0.858643 0.0836397 0.0200195 0.0441176
1 0.0144043 0.982077 0.0249023 0.0358456
1 0.31543 0.154871 0.0224609 0.0450368
1 0.0932617 0.601562 0.0214844 0.0431985
1 0.525391 0.268382 0.0253906 0.0477941
1 0.0778809 0.238511 0.0258789 0.0487132
1 0.809326 0.117647 0.0219727 0.0441176
1 0.0966797 0.357996 0.0244141 0.0450368
1 0.811768 0.301471 0.0249023 0.0441176
1 0.172119 0.0193015 0.0288086 0.0386029
1 0.988281 0.175092 0.0214844 0.0505515
1 0.596191 0.295037 0.0244141 0.0441176
1 0.210693 0.0790441 0.0258789 0.0514706
1 0.897705 0.106158 0.0219727 0.0450368
1 0.101807 0.523438 0.0239258 0.046875
1 0.785156 0.272059 0.0244141 0.0459559
1 0.196533 0.530331 0.0229492 0.0422794
1 0.37793 0.368566 0.0253906 0.0441176
1 0.14624 0.585938 0.0200195 0.0413603
1 0.419189 0.944853 0.0258789 0.0477941
1 0.506104 0.178309 0.0258789 0.0459559
1 0.805664 0.210018 0.0234375 0.0413603
1 0.335449 0.183364 0.0244141 0.0450368
1 0.03125 0.409467 0.0224609 0.0413603
1 0.148193 0.234375 0.0258789 0.0441176
1 0.582764 0.246324 0.0239258 0.0441176
1 0.1875 0.482077 0.0244141 0.0450368
1 0.132324 0.609375 0.0214844 0.0422794
1 0.0234375 0.438879 0.0234375 0.0413603
1 0.122803 0.821691 0.0258789 0.0441176
1 0.158447 0.490809 0.0219727 0.0404412
1 0.0944824 0.815257 0.027832 0.0496324
1 0.23877 0.345588 0.0273438 0.0514706
1 0.98291 0.919118 0.0283203 0.0551471
1 0.164062 0.77114 0.0263672 0.0459559
1 0.228271 0.767463 0.0249023 0.0441176
1 0.205322 0.313879 0.0239258 0.046875
1 0.313477 0.247243 0.0253906 0.0441176
1 0.1521 0.284926 0.0249023 0.0422794
