1 0.308594 0.243566 0.03125 0.0551471
0 0.858643 0.0836397 0.0219727 0.0459559
1 0.101318 0.0229779 0.0336914 0.0459559
1 0.523682 0.210018 0.0170898 0.0413603
1 0.785645 0.926011 0.0273438 0.0487132
0 0.534424 0.919118 0.0307617 0.0496324
0 0.101074 0.0220588 0.0341797 0.0441176
1 0.438721 0.880974 0.0288086 0.0560662
1 0.0847168 0.238511 0.0336914 0.0634191
1 0.810791 0.119945 0.0219727 0.046875
1 0.963867 0.873621 0.0234375 0.0487132
1 0.922852 0.976562 0.03125 0.0431985
0 0.569336 0.597886 0.03125 0.0523897
0 0.810791 0.117647 0.0239258 0.0477941
0 0.798584 0.595588 0.027832 0.0496324
0 0.189697 0.540901 0.0336914 0.0689338
0 0.922852 0.976562 0.03125 0.046875
1 0.835938 0.12454 0.0214844 0.0450368
1 0.569092 0.596507 0.027832 0.0496324
1 0.830322 0.771599 0.0297852 0.0560662
0 0.964844 0.872702 0.0234375 0.0523897
1 0.872559 0.745864 0.0283203 0.046875
0 0.831299 0.77068 0.0297852 0.0560662
1 0.202637 0.957261 0.0302734 0.0523897
0 0.826416 0.953585 0.0297852 0.0523897
0 0.828857 0.623162 0.0249023 0.0477941
0 0.438721 0.882353 0.0327148 0.0551471
0 0.872559 0.746324 0.0283203 0.0477941
1 0.799316 0.595129 0.0263672 0.0487132
1 0.946045 0.560662 0.0297852 0.0477941
0 0.310059 0.240809 0.03125 0.0551471
1 0.528076 0.272978 0.0209961 0.0386029
1 0.988281 0.172335 0.0234375 0.0505515
1 0.529297 0.306985 0.0224609 0.0441176
0 0.0849609 0.238051 0.0361328 0.0588235
1 0.91626 0.495404 0.0249023 0.0477941
0 0.201904 0.957261 0.027832 0.046875
1 0.828857 0.62454 0.0219727 0.046875
1 0.385986 0.255515 0.0258789 0.0477941
1 0.415527 0.455423 0.0234375 0.0450368
0 0.258789 0.847426 0.0273438 0.0514706
0 0.934326 0.883272 0.0249023 0.0422794
0 0.164551 0.772518 0.0283203 0.0542279
1 0.377686 0.367188 0.0239258 0.0431985
0 0.108887 0.389246 0.0292969 0.0597426
0 0.0219727 0.193015 0.0332031 0.0661765
1 0.189209 0.542279 0.034668 0.0661765
1 0.395264 0.340074 0.0239258 0.0422794
1 0.825928 0.954044 0.0297852 0.0514706
1 0.689941 0.390165 0.03125 0.0652574
