1 0.770996 0.737592 0.0205078 0.0431985
0 0.205078 0.317555 0.0273438 0.0542279
0 0.101807 0.37454 0.0249023 0.0450368
1 0.873291 0.727482 0.0249023 0.046875
0 0.0964355 0.587776 0.0288086 0.0505515
1 0.197998 0.959099 0.027832 0.046875
0 0.828857 0.622243 0.0249023 0.0496324
1 0.91626 0.982077 0.0297852 0.0358456
0 0.825684 0.954963 0.0283203 0.0496324
0 0.873535 0.72932 0.0234375 0.0450368
1 0.172363 0.0206801 0.0283203 0.0395221
1 0.835938 0.866268 0.0205078 0.0395221
1 0.929688 0.870404 0.0253906 0.0441176
1 0.932861 0.56296 0.0268555 0.0431985
0 0.929688 0.869945 0.0253906 0.046875
0 0.0209961 0.194853 0.0244141 0.0533088
1 0.203857 0.0735294 0.0258789 0.0441176
1 0.882812 0.242188 0.0214844 0.046875
1 0.917236 0.492188 0.0297852 0.046875
1 0.789307 0.590993 0.0249023 0.0441176
0 0.197998 0.957261 0.027832 0.0450368
1 0.258301 0.84421 0.0244141 0.0450368
0 0.0852051 0.238051 0.0307617 0.0533088
1 0.858643 0.0836397 0.0219727 0.0477941
1 0.836914 0.125 0.0234375 0.0441176
1 0.98877 0.173713 0.0224609 0.0496324
1 0.44043 0.884651 0.0234375 0.046875
1 0.825684 0.955882 0.0283203 0.0477941
1 0.0932617 0.0266544 0.0322266 0.0441176
1 0.828857 0.623162 0.0219727 0.0477941
1 0.859375 0.254596 0.0214844 0.0422794
1 0.810547 0.116728 0.0214844 0.0441176
0 0.0957031 0.534926 0.0283203 0.0514706
1 0.809082 0.300092 0.0253906 0.0431985
1 0.0952148 0.585938 0.0283203 0.0487132
1 0.552002 0.89568 0.0258789 0.0431985
1 0.786133 0.27114 0.0234375 0.0477941
1 0.861816 0.862592 0.0234375 0.0487132
0 0.203369 0.0712316 0.0249023 0.046875
1 0.690674 0.387408 0.0268555 0.0487132
1 0.567627 0.600184 0.0258789 0.0459559
1 0.826416 0.787224 0.0249023 0.0487132
1 0.880371 0.826746 0.0234375 0.046875
1 0.767334 0.924173 0.0258789 0.0523897
1 0.23584 0.340993 0.0263672 0.0459559
1 0.514648 0.193015 0.0234375 0.0459559
1 0.206299 0.314798 0.0249023 0.046875
1 0.196533 0.532169 0.0268555 0.0496324
1 0.52417 0.269301 0.0229492 0.0404412
0 0.164551 0.77068 0.0292969 0.0523897
1 0.537842 0.0565257 0.0268555 0.0413603
1 0.391357 0.871783 0.0219727 0.0487132
1 0.981934 0.910846 0.0283203 0.0514706
1 0.755859 0.788603 0.0244141 0.0441176
1 0.568848 0.09375 0.0224609 0.0441176
1 0.528564 0.310662 0.0229492 0.0404412
1 0.415283 0.925551 0.0239258 0.0459559
1 0.39624 0.222886 0.0229492 0.0450368
1 0.415283 0.457721 0.0249023 0.0441176
1 0.397217 0.538603 0.0209961 0.0404412
1 0.374756 0.539522 0.0239258 0.0422794
1 0.378418 0.368107 0.0244141 0.0431985
1 0.409668 0.340074 0.0244141 0.0441176
1 0.311523 0.245864 0.0273438 0.0431985
