1 0.834229 0.12546 0.0249023 0.0450368
0 0.858643 0.0836397 0.0219727 0.0477941
1 0.102051 0.0238971 0.0332031 0.0477941
0 0.835938 0.122243 0.0214844 0.0477941
0 0.834229 0.77068 0.0297852 0.0487132
0 0.189697 0.54182 0.034668 0.0707721
1 0.833496 0.767463 0.0283203 0.0496324
0 0.101562 0.0225184 0.0341797 0.0450368
0 0.960938 0.868566 0.0253906 0.0422794
0 0.569092 0.597886 0.0317383 0.0542279
1 0.817383 0.120404 0.0234375 0.0459559
0 0.789795 0.925551 0.0268555 0.0496324
1 0.109619 0.387408 0.0288086 0.0634191
1 0.923584 0.975643 0.0297852 0.0431985
1 0.310303 0.23943 0.0307617 0.0542279
0 0.799072 0.595588 0.0288086 0.0514706
0 0.82666 0.954044 0.0283203 0.0514706
1 0.960938 0.870864 0.0253906 0.0413603
1 0.56958 0.596967 0.027832 0.0505515
0 0.922607 0.977022 0.027832 0.0441176
1 0.948486 0.561121 0.0249023 0.046875
0 0.872559 0.745864 0.0283203 0.0487132
0 0.30957 0.238971 0.0302734 0.0551471
1 0.385254 0.255974 0.0283203 0.0487132
1 0.202881 0.957261 0.0307617 0.0542279
1 0.828857 0.62454 0.0219727 0.0487132
0 0.817383 0.118566 0.0234375 0.0459559
0 0.828857 0.623621 0.0249023 0.0505515
1 0.800049 0.594669 0.0268555 0.0496324
0 0.93457 0.882353 0.0234375 0.0404412
1 0.988281 0.172335 0.0234375 0.0505515
0 0.259033 0.847426 0.027832 0.0514706
1 0.872559 0.745404 0.0283203 0.0477941
1 0.91626 0.495864 0.0249023 0.046875
0 0.164551 0.772518 0.0283203 0.0542279
0 0.0852051 0.238051 0.0356445 0.0588235
0 0.438965 0.881434 0.0341797 0.0569853
0 0.202393 0.957261 0.027832 0.0505515
1 0.415771 0.454963 0.0249023 0.0477941
0 0.109131 0.389706 0.0288086 0.0625
1 0.377197 0.367647 0.0219727 0.0422794
1 0.825684 0.954504 0.0283203 0.0487132
0 0.0222168 0.193474 0.0336914 0.0670956
1 0.392822 0.34329 0.0258789 0.0413603
1 0.689941 0.389706 0.0302734 0.0661765
1 0.189453 0.54136 0.0341797 0.0661765
