1 0.383545 0.359835 0.0258789 0.0450368
0 0.189697 0.54136 0.034668 0.0716912
0 0.788574 0.92739 0.0273438 0.0496324
0 0.101562 0.0229779 0.0341797 0.0459559
0 0.83374 0.77114 0.0297852 0.0496324
0 0.814941 0.118566 0.0234375 0.0459559
1 0.439209 0.880515 0.0297852 0.0588235
0 0.960938 0.868566 0.0253906 0.0441176
1 0.0849609 0.238511 0.0341797 0.0634191
0 0.569336 0.597886 0.03125 0.0542279
1 0.101807 0.0238971 0.0336914 0.0477941
0 0.799316 0.595588 0.0283203 0.0514706
1 0.109375 0.387868 0.0292969 0.0643382
1 0.788086 0.925092 0.0273438 0.0505515
1 0.834473 0.125919 0.0234375 0.0459559
1 0.96167 0.870864 0.0249023 0.0413603
1 0.832764 0.769301 0.0297852 0.0514706
1 0.923584 0.975643 0.0297852 0.0431985
0 0.922607 0.977022 0.0297852 0.0441176
1 0.56958 0.596048 0.027832 0.0505515
0 0.828857 0.623162 0.0249023 0.0496324
0 0.872559 0.746324 0.0283203 0.0477941
1 0.94751 0.561121 0.0249023 0.046875
1 0.310547 0.23989 0.03125 0.0551471
0 0.309814 0.23943 0.0307617 0.0560662
0 0.259033 0.846967 0.027832 0.0505515
1 0.814209 0.119485 0.0219727 0.0477941
1 0.203125 0.957261 0.03125 0.0542279
0 0.202393 0.957261 0.0288086 0.0505515
1 0.800049 0.594669 0.0268555 0.0496324
0 0.0849609 0.238051 0.0361328 0.0588235
0 0.934326 0.882812 0.0249023 0.0395221
1 0.829102 0.62454 0.0234375 0.0487132
0 0.439453 0.881434 0.0332031 0.0569853
0 0.164551 0.772518 0.0283203 0.0560662
1 0.38501 0.255055 0.0288086 0.0487132
1 0.872559 0.744945 0.0283203 0.046875
1 0.988281 0.172335 0.0234375 0.0505515
1 0.91626 0.495404 0.0249023 0.0477941
0 0.108887 0.387868 0.0302734 0.0625
1 0.415771 0.454963 0.0249023 0.0477941
0 0.0222168 0.193474 0.0336914 0.0670956
1 0.377197 0.367647 0.0219727 0.0422794
1 0.689941 0.389706 0.03125 0.0661765
1 0.825928 0.954504 0.0297852 0.0505515
1 0.393799 0.342831 0.0258789 0.0422794
1 0.189209 0.54136 0.034668 0.0661765
