1 0.80542 0.196232 0.027832 0.0505515
1 0.879883 0.824449 0.0234375 0.0441176
1 0.807861 0.988051 0.0297852 0.0238971
0 0.877441 0.71875 0.0283203 0.0496324
1 0.410889 0.539062 0.0268555 0.0431985
0 0.678467 0.0597426 0.0219727 0.0404412
0 0.0922852 0.599265 0.0234375 0.0477941
1 0.564453 0.605239 0.0292969 0.046875
1 0.992188 0.757812 0.015625 0.0413603
0 0.314941 0.886029 0.0253906 0.0441176
0 0.824951 0.955882 0.0268555 0.0477941
0 0.0942383 0.814798 0.0283203 0.0523897
1 0.163574 0.772059 0.0253906 0.0459559
1 0.811035 0.438419 0.0283203 0.0459559
1 0.414795 0.459099 0.0268555 0.0450368
0 0.812012 0.438879 0.0244141 0.0395221
1 0.0195312 0.446691 0.0234375 0.0459559
1 0.248535 0.0206801 0.0224609 0.0413603
1 0.410156 0.340074 0.0273438 0.0477941
1 0.739502 0.175092 0.0239258 0.0487132
0 0.834473 0.863511 0.0205078 0.0413603
0 0.162842 0.772059 0.0258789 0.0477941
0 0.75 0.922335 0.0253906 0.046875
1 0.853271 0.257353 0.0249023 0.0422794
1 0.259277 0.846507 0.0283203 0.0459559
0 0.739502 0.173254 0.0219727 0.0487132
0 0.828857 0.622243 0.0268555 0.0514706
1 0.313965 0.140625 0.0273438 0.0441176
1 0.380859 0.786765 0.0234375 0.0459559
0 0.440674 0.884191 0.0297852 0.0514706
1 0.801758 0.409926 0.0234375 0.0367647
0 0.536133 0.471048 0.0234375 0.046875
1 0.570801 0.105699 0.0263672 0.0514706
0 0.731201 0.106158 0.0249023 0.0450368
1 0.371826 0.539062 0.0258789 0.0487132
1 0.146484 0.585478 0.0214844 0.0459559
1 0.377686 0.368566 0.0249023 0.0459559
0 0.090332 0.0340074 0.0341797 0.0514706
1 0.521484 0.0689338 0.0244141 0.0441176
0 0.0146484 0.981158 0.0253906 0.0376838
0 0.609375 0.0142463 0.0253906 0.0284926
0 0.470703 0.672335 0.0253906 0.0487132
1 0.534668 0.332261 0.0244141 0.0505515
1 0.0949707 0.35432 0.0268555 0.046875
1 0.877441 0.717831 0.0263672 0.0459559
0 0.187744 0.476562 0.0249023 0.046875
0 0.0314941 0.410386 0.0249023 0.0431985
1 0.914062 0.497702 0.0283203 0.0487132
1 0.679932 0.119026 0.0249023 0.0450368
0 0.196777 0.53125 0.0234375 0.0441176
0 0.521973 0.0689338 0.0244141 0.0459559
1 0.824951 0.955882 0.027832 0.0477941
0 0.268555 0.984835 0.0263672 0.0303309
1 0.924072 0.849724 0.0249023 0.0413603
0 0.146484 0.585938 0.0205078 0.0431985
0 0.784424 0.592831 0.0288086 0.0477941
0 0.501465 0.673713 0.0244141 0.0533088
1 0.651855 0.397518 0.0224609 0.0431985
1 0.131836 0.611213 0.0224609 0.0422794
0 0.371094 0.693015 0.0234375 0.0441176
0 0.410156 0.339614 0.0253906 0.0450368
1 0.588867 0.363051 0.0234375 0.0422794
1 0.202393 0.850643 0.0249023 0.0431985
1 0.829102 0.622243 0.0234375 0.0477941
1 0.927246 0.564338 0.0263672 0.0441176
1 0.440674 0.886949 0.0297852 0.0496324
0 0.39209 0.658088 0.0244141 0.0459559
1 0.148682 0.234375 0.0268555 0.0422794
0 0.880371 0.823989 0.0234375 0.0487132
0 0.406006 0.202665 0.0258789 0.0505515
1 0.471191 0.671875 0.0263672 0.0496324
1 0.0935059 0.815257 0.027832 0.0514706
1 0.183594 0.836857 0.0244141 0.0450368
1 0.104004 0.525735 0.0253906 0.0477941
0 0.0192871 0.447151 0.0258789 0.0450368
1 0.678467 0.0602022 0.0239258 0.0413603
0 0.237305 0.710938 0.0253906 0.0413603
1 0.837646 0.12454 0.0249023 0.0450368
0 0.0766602 0.244026 0.03125 0.0505515
1 0.212891 0.0795037 0.0253906 0.0523897
0 0.25708 0.845588 0.0258789 0.0441176
1 0.858643 0.0827206 0.0200195 0.0422794
0 0.156738 0.495864 0.0234375 0.0450368
0 0.197021 0.931526 0.0258789 0.0431985
0 0.755615 0.789062 0.0258789 0.0431985
1 0.335693 0.186121 0.0258789 0.046875
1 0.0913086 0.0326287 0.0332031 0.0542279
1 0.125977 0.824908 0.0263672 0.0487132
1 0.881348 0.0840993 0.0205078 0.0413603
0 0.827393 0.813879 0.0249023 0.0487132
1 0.171875 0.0183824 0.0302734 0.0367647
0 0.559814 0.880974 0.0268555 0.0450368
1 0.804199 0.174173 0.0244141 0.0431985
0 0.857178 0.866268 0.0249023 0.0450368
0 0.32251 0.637868 0.0239258 0.0422794
1 0.571045 0.389706 0.0229492 0.0404412
1 0.226318 0.774816 0.0258789 0.0459559
0 0.300293 0.66682 0.0244141 0.046875
1 0.500732 0.674173 0.0258789 0.0523897
1 0.668213 0.392923 0.0219727 0.0431985
0 0.56543 0.605239 0.0273438 0.0450368
1 0.0925293 0.601562 0.0249023 0.0487132
0 0.0161133 0.198529 0.0263672 0.0533088
1 0.598389 0.230699 0.0200195 0.0404412
1 0.238281 0.345588 0.0283203 0.0514706
1 0.808594 0.117188 0.0234375 0.0431985
1 0.391602 0.875919 0.0244141 0.0514706
1 0.151367 0.294577 0.0283203 0.0431985
1 0.610596 0.248162 0.0200195 0.0404412
1 0.526611 0.269761 0.0258789 0.0487132
1 0.989014 0.175092 0.0219727 0.0487132
1 0.581055 0.247243 0.0234375 0.0422794
1 0.896973 0.106158 0.0234375 0.0431985
1 0.59668 0.297794 0.0234375 0.0441176
1 0.811768 0.300551 0.0268555 0.0422794
1 0.691162 0.38557 0.0249023 0.046875
1 0.205566 0.313879 0.0253906 0.0487132
1 0.80542 0.211857 0.0249023 0.0413603
1 0.503174 0.175551 0.0249023 0.0477941
1 0.314453 0.248162 0.0263672 0.0459559
1 0.983643 0.921415 0.0268555 0.0542279
1 0.784912 0.27114 0.0258789 0.0477941
1 0.419922 0.948529 0.0263672 0.0496324
