0 0.259277 0.84421 0.0224609 0.0303309
0 0.036377 0.580882 0.0180664 0.0404412
0 0.212402 0.908088 0.0175781 0.0330882
0 0.938965 0.392463 0.015625 0.03125
0 0.468018 0.271599 0.0161133 0.0303309
0 0.581299 0.192555 0.0170898 0.0340074
0 0.616943 0.97932 0.0219727 0.0376838
0 0.534912 0.802849 0.0180664 0.0376838
0 0.367188 0.84421 0.0175781 0.0413603
0 0.617188 0.254596 0.0175781 0.03125
0 0.0385742 0.405331 0.0195312 0.0386029
0 0.512939 0.478401 0.0229492 0.0321691
0 0.765625 0.897059 0.0205078 0.0404412
0 0.453125 0.349724 0.0175781 0.0321691
0 0.541748 0.157629 0.019043 0.0340074
0 0.161377 0.303309 0.0209961 0.03125
0 0.368164 0.796875 0.015625 0.0349265
0 0.593018 0.372702 0.0170898 0.0358456
0 0.0939941 0.0349265 0.0239258 0.0367647
0 0.00805664 0.985754 0.0161133 0.0284926
0 0.353027 0.840533 0.0185547 0.0358456
0 0.786377 0.677849 0.019043 0.0376838
0 0.0473633 0.798254 0.0195312 0.0395221
0 0.918701 0.835938 0.0200195 0.0358456
0 0.830566 0.518382 0.0185547 0.0367647
0 0.536133 0.673713 0.0234375 0.0275735
0 0.533203 0.274357 0.0214844 0.0358456
0 0.488037 0.354779 0.0170898 0.0349265
0 0.501221 0.341452 0.0170898 0.0340074
0 0.168213 0.015625 0.0249023 0.03125
0 0.616211 0.890625 0.0195312 0.0422794
0 0.108643 0.53171 0.0200195 0.0358456
0 0.546387 0.318015 0.0195312 0.0330882
0 0.958496 0.226562 0.0205078 0.0358456
0 0.572266 0.107537 0.0175781 0.0330882
0 0.991455 0.133272 0.0170898 0.0404412
0 0.379639 0.0280331 0.0219727 0.0358456
0 0.71167 0.65625 0.0209961 0.0330882
0 0.529297 0.339614 0.0205078 0.0358456
0 0.754883 0.787684 0.0234375 0.0386029
0 0.234863 0.965993 0.0195312 0.0386029
0 0.548096 0.580882 0.0161133 0.0367647
0 0.4021 0.160846 0.019043 0.0349265
0 0.781494 0.581801 0.0209961 0.0422794
0 0.9375 0.245864 0.0214844 0.0303309
0 0.606934 0.490809 0.0185547 0.0367647
0 0.320068 0.872702 0.0209961 0.0413603
0 0.48999 0.578125 0.0209961 0.03125
0 0.0158691 0.471048 0.0219727 0.0395221
0 0.69165 0.637408 0.0209961 0.0340074
0 0.413086 0.205882 0.0195312 0.0404412
0 0.195557 0.247702 0.019043 0.0395221
0 0.0415039 0.121783 0.0205078 0.0376838
0 0.361328 0.161305 0.0205078 0.0340074
0 0.949219 0.314798 0.0205078 0.0358456
0 0.206787 0.85432 0.0200195 0.0413603
0 0.0705566 0.810202 0.019043 0.0376838
0 0.727051 0.629596 0.0224609 0.0367647
0 0.0554199 0.11443 0.0200195 0.0340074
0 0.548096 0.515165 0.0209961 0.0340074
0 0.776367 0.858456 0.0195312 0.0367647
0 0.348389 0.800551 0.0180664 0.0386029
0 0.828857 0.626379 0.0200195 0.0395221
0 0.5979 0.300551 0.0180664 0.0367647
0 0.269287 0.983456 0.0239258 0.0330882
0 0.575195 0.252757 0.0195312 0.0349265
0 0.571777 0.213235 0.0195312 0.0349265
0 0.12793 0.826287 0.0195312 0.0422794
0 0.988281 0.943015 0.0234375 0.0367647
0 0.395508 0.112592 0.0224609 0.0413603
