1 0.4021 0.348805 0.0405273 0.0487132
0 0.313965 0.887868 0.0263672 0.0441176
0 0.654785 0.011489 0.0283203 0.0229779
1 0.871826 0.117647 0.019043 0.0386029
0 0.911621 0.983456 0.03125 0.0330882
1 0.376709 0.692096 0.0249023 0.0441176
1 0.807861 0.988051 0.0297852 0.0238971
0 0.405762 0.204963 0.0263672 0.0533088
0 0.267334 0.985294 0.0297852 0.0257353
0 0.678467 0.0592831 0.0209961 0.0413603
0 0.237305 0.711397 0.0253906 0.0422794
0 0.610596 0.0128676 0.0249023 0.0257353
1 0.681396 0.108915 0.0249023 0.0413603
1 0.879883 0.824908 0.0234375 0.0450368
1 0.238281 0.712316 0.0234375 0.0477941
1 0.0151367 0.198529 0.0263672 0.0533088
1 0.588623 0.36489 0.0239258 0.0422794
1 0.391357 0.659926 0.0239258 0.0422794
0 0.522705 0.0684743 0.0249023 0.046875
0 0.778809 0.70818 0.0263672 0.0431985
0 0.440674 0.884191 0.0288086 0.0514706
0 0.258545 0.844669 0.0249023 0.0441176
0 0.587891 0.36443 0.0244141 0.0395221
0 0.834473 0.863511 0.0205078 0.0413603
0 0.375244 0.692555 0.0229492 0.0431985
1 0.606445 0.244026 0.0195312 0.0376838
1 0.854492 0.256434 0.0234375 0.0422794
0 0.196533 0.93796 0.0268555 0.0413603
1 0.0769043 0.240809 0.027832 0.0496324
0 0.828125 0.621783 0.0253906 0.0505515
1 0.825928 0.955882 0.0297852 0.0477941
0 0.300781 0.66636 0.0244141 0.0459559
1 0.564941 0.60432 0.0273438 0.0431985
1 0.406006 0.204963 0.0258789 0.0496324
0 0.499268 0.672335 0.0229492 0.0505515
1 0.473145 0.670496 0.0224609 0.046875
1 0.829102 0.622243 0.0234375 0.0477941
1 0.600586 0.232077 0.0195312 0.0376838
0 0.473389 0.670496 0.0219727 0.046875
0 0.825684 0.955882 0.0283203 0.0477941
1 0.202148 0.851562 0.0234375 0.0395221
1 0.731201 0.107537 0.0239258 0.0477941
1 0.259277 0.845588 0.0283203 0.0459559
0 0.877441 0.720129 0.0283203 0.0487132
1 0.414795 0.45864 0.0258789 0.0441176
0 0.0168457 0.197151 0.0258789 0.0505515
1 0.572266 0.102482 0.0253906 0.046875
1 0.534912 0.331342 0.0249023 0.0505515
0 0.751953 0.921875 0.0273438 0.0496324
1 0.196533 0.938419 0.0268555 0.0441176
1 0.928955 0.563879 0.0268555 0.0450368
1 0.371582 0.539522 0.0263672 0.0477941
1 0.740234 0.170956 0.0244141 0.0477941
1 0.652344 0.397059 0.0224609 0.0422794
1 0.0148926 0.981158 0.0258789 0.0376838
1 0.187988 0.47886 0.0244141 0.0459559
1 0.521729 0.0693934 0.0249023 0.0450368
1 0.410645 0.340074 0.0263672 0.0459559
1 0.678711 0.0606618 0.0234375 0.0404412
1 0.439697 0.88557 0.0288086 0.046875
1 0.381104 0.786765 0.0229492 0.0441176
0 0.880371 0.824908 0.0234375 0.0505515
1 0.163574 0.77114 0.0263672 0.0459559
1 0.498535 0.673254 0.0244141 0.0505515
1 0.915771 0.495864 0.0297852 0.0487132
1 0.572754 0.390625 0.0224609 0.0386029
1 0.751465 0.921875 0.0263672 0.0496324
0 0.558838 0.882353 0.0258789 0.0459559
1 0.314941 0.147059 0.0234375 0.0477941
0 0.320312 0.642923 0.0234375 0.0431985
0 0.857178 0.86443 0.0249023 0.046875
1 0.838135 0.125 0.0249023 0.0441176
1 0.925781 0.852941 0.0283203 0.0459559
1 0.211426 0.0795037 0.0263672 0.0523897
0 0.785156 0.595129 0.0292969 0.0450368
0 0.56543 0.603401 0.0273438 0.0450368
0 0.826416 0.809743 0.0249023 0.0514706
0 0.755615 0.788603 0.0258789 0.0441176
1 0.124512 0.823529 0.0273438 0.0477941
1 0.196533 0.53079 0.0239258 0.0431985
1 0.157227 0.493566 0.0244141 0.0422794
1 0.88208 0.0854779 0.0219727 0.0422794
1 0.0913086 0.0317096 0.0332031 0.0523897
1 0.172119 0.0188419 0.0297852 0.0376838
1 0.0961914 0.355699 0.0263672 0.0459559
1 0.596436 0.296415 0.0229492 0.0431985
1 0.667236 0.393842 0.0209961 0.0413603
1 0.391602 0.875 0.0234375 0.0496324
1 0.858643 0.0831801 0.0200195 0.0431985
1 0.151367 0.290441 0.0263672 0.0441176
1 0.146729 0.585018 0.0209961 0.0431985
1 0.0930176 0.602022 0.0239258 0.0459559
1 0.805176 0.177849 0.0224609 0.0413603
1 0.132812 0.610294 0.0214844 0.0422794
1 0.020752 0.444393 0.0239258 0.0431985
1 0.102539 0.523897 0.0244141 0.0477941
1 0.80835 0.118107 0.0219727 0.0450368
1 0.03125 0.410846 0.0234375 0.0422794
1 0.37793 0.369026 0.0253906 0.0450368
1 0.812012 0.30193 0.0263672 0.0431985
1 0.147705 0.234835 0.0268555 0.0431985
1 0.525635 0.269301 0.0258789 0.0477941
1 0.989014 0.174632 0.0219727 0.0496324
1 0.691162 0.38557 0.0258789 0.046875
1 0.897461 0.106618 0.0234375 0.0441176
1 0.0939941 0.815257 0.0288086 0.0533088
1 0.335449 0.184283 0.0253906 0.046875
1 0.582031 0.246324 0.0224609 0.0422794
1 0.80542 0.211397 0.0249023 0.0422794
1 0.238525 0.346507 0.027832 0.0514706
1 0.50415 0.176011 0.0258789 0.0487132
1 0.227295 0.770221 0.0249023 0.0441176
1 0.419678 0.946232 0.0258789 0.0487132
1 0.785156 0.27114 0.0253906 0.0459559
1 0.205322 0.314338 0.0249023 0.0477941
1 0.98291 0.919577 0.0283203 0.0560662
1 0.313965 0.246783 0.0253906 0.0450368
