0 0.171875 0.0206801 0.0292969 0.0413603
1 0.0209961 0.193934 0.0273438 0.0551471
0 0.810059 0.118566 0.0224609 0.0459559
1 0.0939941 0.54136 0.0258789 0.0551471
1 0.882812 0.241268 0.0214844 0.046875
0 0.567139 0.596967 0.0288086 0.0523897
0 0.0959473 0.582261 0.027832 0.046875
0 0.439941 0.88511 0.0244141 0.0459559
1 0.91626 0.982537 0.0297852 0.0349265
1 0.771729 0.741728 0.0209961 0.0459559
0 0.789795 0.592371 0.0249023 0.0450368
1 0.858643 0.254596 0.0219727 0.0404412
1 0.197998 0.959559 0.027832 0.0477941
0 0.101807 0.375919 0.0249023 0.0496324
1 0.789795 0.590533 0.0249023 0.0450368
0 0.0217285 0.194393 0.0268555 0.0505515
1 0.933594 0.563419 0.0263672 0.0422794
0 0.872559 0.730699 0.0234375 0.0441176
1 0.858643 0.0840993 0.0219727 0.046875
1 0.873291 0.730239 0.0249023 0.046875
1 0.202881 0.0726103 0.0258789 0.0459559
1 0.835938 0.865349 0.0205078 0.0395221
1 0.440186 0.883732 0.0239258 0.046875
0 0.206787 0.316636 0.0258789 0.0523897
1 0.172119 0.0211397 0.027832 0.0386029
1 0.929688 0.871324 0.0263672 0.0459559
0 0.0852051 0.238511 0.0307617 0.0523897
1 0.917969 0.492647 0.0292969 0.0477941
1 0.825684 0.955882 0.0283203 0.0496324
1 0.808594 0.299632 0.0234375 0.0404412
0 0.828857 0.622243 0.0249023 0.0496324
1 0.810059 0.116728 0.0205078 0.0441176
0 0.82666 0.954963 0.0283203 0.0496324
1 0.828857 0.623162 0.0219727 0.0477941
1 0.258545 0.84421 0.0249023 0.0450368
1 0.836914 0.125 0.0234375 0.0441176
1 0.568115 0.599724 0.0258789 0.046875
1 0.690674 0.387868 0.0268555 0.0477941
0 0.197998 0.95818 0.027832 0.046875
1 0.785156 0.272059 0.0244141 0.0477941
1 0.98877 0.173713 0.0224609 0.0496324
1 0.09375 0.0261949 0.0322266 0.0431985
0 0.93042 0.870864 0.0268555 0.046875
1 0.0952148 0.582261 0.0273438 0.046875
1 0.825684 0.786305 0.0263672 0.0487132
1 0.551025 0.89614 0.0258789 0.0441176
1 0.862305 0.861673 0.0234375 0.046875
1 0.206543 0.315257 0.0253906 0.0477941
0 0.202393 0.0703125 0.0249023 0.046875
0 0.0947266 0.538143 0.0273438 0.0487132
1 0.235352 0.340533 0.0273438 0.046875
1 0.196289 0.532629 0.0273438 0.0523897
1 0.768311 0.924632 0.0268555 0.0514706
1 0.524414 0.269301 0.0234375 0.0404412
1 0.514893 0.195312 0.0219727 0.0450368
1 0.880371 0.826746 0.0234375 0.046875
1 0.391602 0.871783 0.0224609 0.0487132
1 0.528076 0.310202 0.0219727 0.0413603
1 0.414795 0.921875 0.0229492 0.0441176
1 0.755859 0.789062 0.0244141 0.0450368
1 0.539551 0.0574449 0.0263672 0.0450368
0 0.164551 0.769761 0.0292969 0.0542279
1 0.395508 0.223805 0.0234375 0.0450368
1 0.395996 0.539982 0.0205078 0.0376838
1 0.568359 0.0919118 0.0234375 0.0441176
1 0.375732 0.539982 0.0229492 0.0413603
1 0.981934 0.909926 0.0283203 0.0514706
1 0.415283 0.457721 0.0258789 0.0441176
1 0.378662 0.368107 0.0249023 0.0431985
1 0.409668 0.340074 0.0244141 0.0441176
1 0.311768 0.245864 0.027832 0.0450368
