0 0.858643 0.0845588 0.0200195 0.0441176
0 0.227295 0.335478 0.0209961 0.0441176
0 0.917236 0.494026 0.0249023 0.046875
1 0.558594 0.0749081 0.0214844 0.0413603
1 0.164062 0.772059 0.0292969 0.0551471
0 0.542236 0.90671 0.0307617 0.046875
1 0.858643 0.254136 0.0200195 0.0395221
1 0.0852051 0.238971 0.0317383 0.0588235
0 0.776367 0.920956 0.0273438 0.0514706
0 0.543457 0.0592831 0.0185547 0.0395221
0 0.258789 0.846507 0.0263672 0.0514706
0 0.214111 0.320312 0.0229492 0.0450368
0 0.409668 0.90625 0.0224609 0.0441176
0 0.920898 0.979779 0.03125 0.0404412
1 0.568848 0.597886 0.0273438 0.0487132
1 0.0966797 0.0248162 0.0322266 0.0496324
0 0.199951 0.95864 0.0317383 0.0533088
1 0.258789 0.846507 0.0263672 0.0496324
0 0.391357 0.870864 0.0209961 0.0487132
0 0.568115 0.597426 0.0297852 0.0533088
1 0.828857 0.623621 0.0219727 0.046875
1 0.810791 0.119945 0.0219727 0.0450368
1 0.93457 0.879596 0.0234375 0.0422794
1 0.171631 0.0220588 0.0288086 0.0441176
0 0.0849609 0.238971 0.0332031 0.0569853
1 0.54248 0.908548 0.0283203 0.046875
1 0.92041 0.97886 0.03125 0.0422794
1 0.520264 0.203125 0.0209961 0.0422794
0 0.796875 0.59375 0.0253906 0.0477941
1 0.916992 0.492647 0.0234375 0.0477941
1 0.824951 0.775276 0.0249023 0.0487132
1 0.826416 0.955882 0.0297852 0.0514706
1 0.776855 0.921415 0.0273438 0.0523897
0 0.871826 0.744026 0.0268555 0.046875
1 0.83667 0.12454 0.0219727 0.0413603
1 0.10498 0.383272 0.0292969 0.0606618
1 0.989014 0.172335 0.0219727 0.0487132
1 0.525146 0.270221 0.0219727 0.0404412
0 0.826416 0.954044 0.0297852 0.0514706
1 0.785156 0.272978 0.0224609 0.0459559
0 0.0219727 0.193934 0.03125 0.0606618
0 0.105713 0.383272 0.0297852 0.0569853
1 0.391602 0.871783 0.0234375 0.0487132
1 0.939697 0.563879 0.0297852 0.0505515
1 0.528564 0.309743 0.0219727 0.0404412
1 0.199707 0.95864 0.0292969 0.0514706
0 0.171875 0.0225184 0.0283203 0.0431985
0 0.438965 0.884651 0.0234375 0.046875
0 0.828857 0.622702 0.0249023 0.0487132
0 0.559082 0.0721507 0.0205078 0.0395221
1 0.871826 0.742188 0.0249023 0.0505515
0 0.164795 0.77114 0.0297852 0.0514706
1 0.879883 0.827206 0.0234375 0.0422794
1 0.803467 0.300551 0.0229492 0.0441176
0 0.191162 0.0542279 0.027832 0.0551471
1 0.311279 0.244485 0.0268555 0.0459559
1 0.868164 0.853401 0.0234375 0.046875
1 0.415527 0.454963 0.0244141 0.0459559
1 0.689697 0.386949 0.0297852 0.0606618
1 0.974121 0.890165 0.0263672 0.0413603
1 0.40918 0.340533 0.0234375 0.046875
1 0.392334 0.237592 0.0268555 0.0523897
1 0.37793 0.368566 0.0253906 0.0459559
1 0.189453 0.54182 0.0322266 0.0597426
