1 0.882812 0.241728 0.0214844 0.0477941
1 0.398926 0.350184 0.0361328 0.0496324
1 0.858643 0.0840993 0.0219727 0.0450368
0 0.0969238 0.0248162 0.0297852 0.0459559
1 0.165039 0.772059 0.0283203 0.0551471
0 0.409912 0.900735 0.0209961 0.0477941
1 0.0974121 0.0238971 0.0327148 0.0477941
0 0.179932 0.035386 0.0356445 0.0542279
1 0.858643 0.252757 0.0219727 0.0404412
0 0.391602 0.870864 0.0214844 0.046875
0 0.797607 0.59421 0.0268555 0.0487132
1 0.410156 0.901654 0.0214844 0.0441176
1 0.797607 0.592371 0.0268555 0.046875
0 0.567627 0.596967 0.0307617 0.0542279
1 0.171875 0.0215993 0.0292969 0.0431985
0 0.258789 0.846507 0.0263672 0.0533088
0 0.920898 0.97886 0.03125 0.0422794
1 0.824951 0.774816 0.0268555 0.0496324
0 0.82666 0.775735 0.0283203 0.0477941
1 0.258789 0.847426 0.0273438 0.0514706
1 0.568848 0.597426 0.0273438 0.0477941
0 0.200439 0.95864 0.0317383 0.0533088
1 0.810791 0.119485 0.0219727 0.0477941
1 0.825928 0.954963 0.0297852 0.0533088
0 0.776855 0.921875 0.0273438 0.0514706
0 0.438965 0.884651 0.0234375 0.046875
0 0.871826 0.742647 0.0268555 0.0514706
1 0.777344 0.921415 0.0292969 0.0542279
1 0.98877 0.172335 0.0224609 0.0505515
1 0.828857 0.62454 0.0219727 0.0487132
1 0.934326 0.879596 0.0249023 0.0441176
1 0.917236 0.493107 0.0249023 0.0487132
1 0.520264 0.204963 0.0219727 0.0441176
1 0.921143 0.978401 0.0327148 0.0431985
1 0.540771 0.909467 0.0258789 0.0450368
0 0.828857 0.623162 0.0249023 0.0514706
1 0.835938 0.12454 0.0234375 0.0431985
1 0.871826 0.742647 0.0268555 0.0514706
0 0.165039 0.77114 0.0292969 0.0514706
0 0.826416 0.954504 0.0297852 0.0523897
1 0.525146 0.270221 0.0219727 0.0404412
0 0.0849609 0.238511 0.0322266 0.0560662
1 0.199951 0.95864 0.0297852 0.0514706
1 0.528076 0.310202 0.0219727 0.0413603
0 0.172363 0.0225184 0.0283203 0.0431985
1 0.940674 0.563419 0.0297852 0.0514706
0 0.105957 0.383732 0.0283203 0.0542279
0 0.0219727 0.193934 0.03125 0.0606618
1 0.878906 0.827206 0.0234375 0.0422794
1 0.785645 0.272978 0.0234375 0.0459559
1 0.312012 0.244026 0.0283203 0.0450368
1 0.391602 0.871783 0.0234375 0.046875
0 0.19043 0.0496324 0.0283203 0.0514706
1 0.415527 0.454504 0.0244141 0.046875
1 0.868652 0.848346 0.0234375 0.0441176
1 0.802002 0.300092 0.0239258 0.0450368
1 0.973389 0.888327 0.0249023 0.0413603
1 0.689941 0.388787 0.03125 0.0625
1 0.390869 0.241268 0.027832 0.0523897
1 0.37793 0.369026 0.0253906 0.0450368
1 0.408203 0.339154 0.0234375 0.0459559
1 0.189209 0.54182 0.0317383 0.0597426
