1 0.822021 0.616728 0.0375977 0.0533088
1 0.30957 0.238971 0.0292969 0.0569853
0 0.858643 0.0840993 0.0219727 0.046875
0 0.568359 0.596967 0.03125 0.0560662
0 0.789795 0.925092 0.0268555 0.0505515
1 0.102051 0.0238971 0.0341797 0.0477941
1 0.833496 0.767004 0.0283203 0.0505515
0 0.189453 0.54136 0.0341797 0.0698529
0 0.101807 0.0229779 0.034668 0.0459559
0 0.799316 0.595129 0.0283203 0.0505515
0 0.922607 0.977022 0.0297852 0.0441176
1 0.789062 0.925092 0.0263672 0.0487132
1 0.948486 0.560662 0.0249023 0.0477941
0 0.872559 0.746324 0.0283203 0.0477941
1 0.56958 0.596507 0.027832 0.0496324
0 0.828857 0.623621 0.0249023 0.0487132
0 0.818115 0.123621 0.0249023 0.0487132
1 0.923584 0.975643 0.0297852 0.0431985
1 0.38501 0.255974 0.0288086 0.0487132
1 0.828857 0.625 0.0219727 0.0477941
0 0.93457 0.882353 0.0234375 0.0404412
1 0.203125 0.957261 0.0302734 0.0542279
0 0.310059 0.23943 0.0302734 0.0560662
1 0.800049 0.594669 0.0268555 0.0496324
1 0.960938 0.869945 0.0253906 0.0413603
1 0.988281 0.172335 0.0234375 0.0523897
0 0.202393 0.957261 0.0288086 0.0487132
1 0.872559 0.745864 0.0283203 0.046875
1 0.416016 0.455423 0.0253906 0.0487132
0 0.258545 0.847426 0.027832 0.0514706
0 0.0852051 0.23943 0.034668 0.0634191
1 0.91626 0.495864 0.0249023 0.046875
0 0.439209 0.881434 0.0336914 0.0569853
0 0.165039 0.772518 0.0283203 0.0560662
1 0.377197 0.367188 0.0219727 0.0413603
0 0.108887 0.388327 0.0292969 0.0597426
1 0.392578 0.342371 0.0234375 0.0431985
0 0.0219727 0.193474 0.0332031 0.0670956
1 0.825684 0.954504 0.0283203 0.0487132
1 0.689941 0.389706 0.0302734 0.0661765
1 0.189209 0.54182 0.0336914 0.0652574
