1 0.30957 0.238511 0.0292969 0.0579044
0 0.959229 0.867647 0.0249023 0.0404412
1 0.950684 0.556985 0.03125 0.0477941
1 0.102051 0.0238971 0.0332031 0.0477941
1 0.308838 0.901654 0.027832 0.0496324
0 0.525391 0.209559 0.0224609 0.0459559
0 0.101807 0.0229779 0.034668 0.0459559
1 0.923584 0.975643 0.0297852 0.0431985
1 0.959229 0.869026 0.0249023 0.0395221
0 0.189697 0.54182 0.034668 0.0707721
0 0.790771 0.925092 0.0249023 0.0487132
1 0.83667 0.764706 0.0268555 0.0459559
0 0.799805 0.594669 0.0283203 0.0514706
0 0.825684 0.953585 0.0283203 0.0505515
0 0.922607 0.977022 0.027832 0.0441176
1 0.828857 0.62454 0.0219727 0.046875
1 0.38501 0.257353 0.0288086 0.0496324
0 0.56958 0.597886 0.0317383 0.0542279
1 0.801025 0.594669 0.0258789 0.0496324
0 0.439209 0.882353 0.0336914 0.0551471
0 0.93457 0.882353 0.0234375 0.0386029
0 0.872559 0.746324 0.0283203 0.0477941
1 0.987793 0.172794 0.0244141 0.0551471
0 0.310059 0.23989 0.0302734 0.0569853
1 0.203125 0.95818 0.0302734 0.0542279
0 0.829102 0.623162 0.0234375 0.0477941
0 0.258789 0.846967 0.0273438 0.0505515
0 0.202637 0.95818 0.0283203 0.0487132
1 0.416016 0.454963 0.0253906 0.0496324
1 0.377197 0.367647 0.0219727 0.0422794
1 0.872559 0.744485 0.0263672 0.0459559
1 0.91626 0.495404 0.0249023 0.0459559
0 0.0849609 0.238051 0.0361328 0.0588235
0 0.164551 0.772518 0.0283203 0.0542279
1 0.391846 0.344669 0.0229492 0.0422794
1 0.825684 0.953585 0.0283203 0.0487132
1 0.689941 0.389706 0.0302734 0.0661765
0 0.109131 0.389706 0.0288086 0.0625
0 0.0224609 0.193015 0.0332031 0.0661765
1 0.189209 0.54182 0.034668 0.0670956
