0 0.835205 0.769301 0.0297852 0.0496324
0 0.82666 0.954504 0.0283203 0.0523897
0 0.858643 0.0836397 0.0219727 0.0459559
1 0.102051 0.0238971 0.0332031 0.0477941
0 0.189697 0.54182 0.034668 0.0707721
0 0.101562 0.0229779 0.0341797 0.0459559
1 0.835205 0.766085 0.0249023 0.0487132
1 0.789307 0.924173 0.0258789 0.0487132
0 0.789795 0.925092 0.0268555 0.0505515
1 0.109375 0.387868 0.0292969 0.0643382
1 0.948486 0.560202 0.0249023 0.0487132
1 0.310303 0.23943 0.0307617 0.0542279
1 0.56958 0.596048 0.027832 0.0505515
0 0.922607 0.977022 0.0297852 0.0441176
0 0.799316 0.595588 0.0283203 0.0514706
0 0.569336 0.598346 0.03125 0.0533088
1 0.923584 0.975643 0.0297852 0.0431985
1 0.385254 0.255974 0.0283203 0.0487132
0 0.872559 0.745864 0.0283203 0.0487132
0 0.818848 0.12454 0.0234375 0.0487132
0 0.309814 0.238511 0.0307617 0.0542279
1 0.203369 0.957261 0.0307617 0.0560662
1 0.828857 0.62454 0.0219727 0.0487132
1 0.960938 0.869945 0.0253906 0.0413603
0 0.258789 0.847426 0.0283203 0.0514706
1 0.800049 0.594669 0.0268555 0.0496324
0 0.828857 0.623621 0.0249023 0.0487132
0 0.93457 0.882812 0.0234375 0.0395221
1 0.988281 0.172335 0.0234375 0.0505515
1 0.872559 0.745864 0.0283203 0.046875
0 0.438965 0.881434 0.0341797 0.0569853
1 0.91626 0.495864 0.0249023 0.046875
0 0.202637 0.957261 0.0283203 0.0505515
0 0.0852051 0.238971 0.034668 0.0625
1 0.415771 0.454963 0.0249023 0.0496324
0 0.164551 0.772518 0.0283203 0.0560662
1 0.377197 0.367647 0.0219727 0.0422794
0 0.108887 0.388327 0.0302734 0.0615809
1 0.689697 0.389246 0.0297852 0.0652574
1 0.392334 0.342371 0.0229492 0.0431985
1 0.825684 0.953585 0.0283203 0.0487132
0 0.0219727 0.193474 0.0332031 0.0670956
1 0.189209 0.542279 0.034668 0.0661765
