1 0.807861 0.988051 0.0297852 0.0238971
1 0.4104 0.539522 0.0258789 0.0422794
1 0.197021 0.932445 0.027832 0.0450368
1 0.170898 0.813879 0.0205078 0.0358456
1 0.0146484 0.97886 0.0292969 0.0422794
1 0.879883 0.824449 0.0234375 0.0441176
1 0.749756 0.922335 0.0249023 0.0487132
1 0.564453 0.60432 0.0283203 0.046875
0 0.877441 0.71921 0.0283203 0.0505515
1 0.811279 0.436581 0.027832 0.0441176
0 0.677979 0.0592831 0.0219727 0.0413603
0 0.739502 0.172794 0.0219727 0.0496324
0 0.163086 0.772059 0.0253906 0.0477941
0 0.314697 0.886949 0.0258789 0.0441176
1 0.163818 0.77114 0.0258789 0.0459559
1 0.80249 0.410386 0.0229492 0.0358456
0 0.834473 0.863511 0.0205078 0.0413603
0 0.730713 0.106618 0.0249023 0.0441176
0 0.609375 0.0137868 0.0253906 0.0275735
0 0.440674 0.884191 0.0297852 0.0514706
0 0.811035 0.43796 0.0234375 0.0395221
0 0.750732 0.921415 0.0268555 0.046875
1 0.730713 0.10386 0.0249023 0.0477941
0 0.521729 0.0680147 0.0249023 0.0441176
1 0.0195312 0.446232 0.0234375 0.046875
0 0.0314941 0.410386 0.0249023 0.0431985
1 0.992188 0.759651 0.015625 0.0431985
0 0.0148926 0.980239 0.0288086 0.0395221
1 0.572021 0.10386 0.0258789 0.0441176
0 0.828125 0.621783 0.0253906 0.0505515
1 0.414795 0.459099 0.0268555 0.0450368
1 0.259521 0.846507 0.027832 0.0459559
0 0.500977 0.673713 0.0234375 0.0533088
1 0.410156 0.340533 0.0273438 0.046875
1 0.381104 0.786765 0.0239258 0.0459559
1 0.371826 0.539062 0.0258789 0.0487132
1 0.534668 0.332261 0.0244141 0.0505515
1 0.588867 0.363051 0.0234375 0.0422794
1 0.739502 0.174632 0.0239258 0.0496324
1 0.85376 0.256893 0.0249023 0.0413603
0 0.268311 0.984835 0.0268555 0.0303309
1 0.146484 0.585478 0.0214844 0.0459559
0 0.406006 0.202665 0.0258789 0.0505515
1 0.521973 0.0689338 0.0244141 0.0441176
0 0.196777 0.53125 0.0234375 0.0441176
0 0.371094 0.693474 0.0234375 0.0431985
0 0.471436 0.672794 0.0249023 0.0477941
1 0.924072 0.850643 0.0249023 0.0431985
0 0.410156 0.339614 0.0253906 0.0450368
0 0.784424 0.59329 0.027832 0.046875
1 0.13208 0.611213 0.0229492 0.0422794
1 0.914062 0.498162 0.0283203 0.0477941
1 0.0952148 0.35432 0.0273438 0.0487132
1 0.824951 0.955882 0.027832 0.0459559
1 0.877197 0.71829 0.0249023 0.0450368
0 0.0192871 0.446232 0.0258789 0.0450368
1 0.440186 0.88557 0.0288086 0.046875
1 0.314209 0.141085 0.0268555 0.0450368
0 0.090332 0.0340074 0.0351562 0.0514706
0 0.187744 0.476562 0.0249023 0.046875
0 0.392334 0.658088 0.0239258 0.0441176
1 0.828857 0.622243 0.0219727 0.0459559
0 0.146484 0.585938 0.0205078 0.0431985
0 0.0766602 0.243566 0.03125 0.0514706
1 0.68042 0.117647 0.0249023 0.0459559
1 0.183594 0.837316 0.0224609 0.0459559
0 0.25708 0.845588 0.0258789 0.0441176
1 0.148438 0.233915 0.0263672 0.0431985
1 0.927246 0.564338 0.0263672 0.0441176
1 0.377686 0.369026 0.0249023 0.0450368
1 0.212891 0.0795037 0.0253906 0.0523897
1 0.651855 0.397518 0.0224609 0.0431985
0 0.237305 0.710938 0.0253906 0.0413603
1 0.0913086 0.0326287 0.0341797 0.0542279
0 0.197021 0.932445 0.0258789 0.0431985
1 0.103516 0.525276 0.0253906 0.046875
0 0.880371 0.823989 0.0234375 0.0487132
1 0.678711 0.0602022 0.0234375 0.0413603
1 0.837646 0.12454 0.0249023 0.0450368
1 0.0935059 0.815257 0.027832 0.0514706
0 0.755615 0.788603 0.0258789 0.0441176
1 0.471436 0.671875 0.0249023 0.0477941
1 0.125977 0.824908 0.0263672 0.0487132
0 0.156738 0.495404 0.0244141 0.0459559
1 0.858643 0.0831801 0.0200195 0.0413603
1 0.571045 0.389706 0.0229492 0.0404412
0 0.827393 0.81296 0.0249023 0.0487132
1 0.202637 0.850643 0.0244141 0.0431985
1 0.171875 0.0183824 0.0302734 0.0367647
0 0.857178 0.865349 0.0249023 0.0450368
1 0.881348 0.0840993 0.0205078 0.0413603
0 0.300049 0.66682 0.0239258 0.046875
0 0.565186 0.604779 0.0268555 0.0441176
0 0.322021 0.638787 0.0239258 0.0422794
1 0.803711 0.174632 0.0234375 0.0422794
0 0.0161133 0.198989 0.0263672 0.0523897
0 0.559814 0.880974 0.0258789 0.0450368
1 0.598633 0.231158 0.0195312 0.0395221
1 0.335449 0.186121 0.0253906 0.046875
1 0.500244 0.673713 0.0258789 0.0514706
1 0.80835 0.117188 0.0219727 0.0431985
1 0.226562 0.774357 0.0253906 0.0450368
1 0.238281 0.346048 0.0283203 0.0523897
1 0.0925293 0.601103 0.0249023 0.0477941
1 0.391602 0.875 0.0244141 0.0514706
1 0.668213 0.392923 0.0219727 0.0413603
1 0.610596 0.248162 0.0200195 0.0404412
1 0.151611 0.293658 0.027832 0.0431985
1 0.596924 0.297794 0.0229492 0.0441176
1 0.581543 0.247702 0.0234375 0.0413603
1 0.526611 0.269301 0.0258789 0.0496324
1 0.896973 0.106158 0.0234375 0.0431985
1 0.989014 0.175092 0.0219727 0.0487132
1 0.811768 0.300551 0.0268555 0.0422794
1 0.205566 0.313879 0.0253906 0.0487132
1 0.805664 0.210478 0.0244141 0.0422794
1 0.691162 0.38557 0.0249023 0.046875
1 0.503662 0.176011 0.0249023 0.0487132
1 0.314453 0.248162 0.0263672 0.0459559
1 0.784912 0.27114 0.0258789 0.0459559
1 0.983643 0.921415 0.0268555 0.0542279
1 0.419922 0.948529 0.0263672 0.0496324
