1 0.611328 0.0128676 0.0253906 0.0257353
1 0.400635 0.351103 0.0405273 0.0477941
1 0.139404 0.602941 0.0239258 0.0496324
0 0.834473 0.862592 0.0185547 0.0395221
0 0.440186 0.883732 0.0288086 0.0505515
1 0.170654 0.802849 0.0219727 0.0450368
1 0.587891 0.36443 0.0224609 0.0358456
0 0.91626 0.494026 0.0249023 0.0450368
0 0.587891 0.36443 0.0224609 0.0358456
0 0.68042 0.106618 0.0219727 0.0386029
0 0.678467 0.0592831 0.0209961 0.0413603
1 0.731689 0.115349 0.0229492 0.0431985
1 0.740723 0.164982 0.0244141 0.0431985
0 0.731934 0.115809 0.0244141 0.0441176
0 0.776367 0.712316 0.0234375 0.0459559
1 0.65918 0.394761 0.03125 0.0505515
1 0.857666 0.863971 0.0249023 0.0477941
0 0.826416 0.805147 0.0249023 0.0533088
1 0.879883 0.824449 0.0234375 0.0459559
0 0.877441 0.721507 0.0263672 0.0459559
1 0.557129 0.881434 0.0263672 0.0441176
0 0.912354 0.983456 0.0297852 0.0330882
0 0.786621 0.59421 0.0283203 0.046875
1 0.825928 0.955882 0.0297852 0.0496324
1 0.917236 0.494485 0.027832 0.0477941
0 0.880371 0.824908 0.0234375 0.0487132
1 0.475586 0.668199 0.0195312 0.0422794
1 0.807129 0.186581 0.0234375 0.0404412
1 0.408203 0.537224 0.0234375 0.0395221
1 0.381348 0.786765 0.0214844 0.0404412
1 0.856201 0.252298 0.0249023 0.0431985
0 0.75415 0.923713 0.0288086 0.0496324
0 0.557373 0.884191 0.0268555 0.0441176
0 0.825684 0.954963 0.0283203 0.0496324
1 0.828857 0.622702 0.0219727 0.046875
1 0.439453 0.88557 0.0273438 0.046875
0 0.828857 0.621783 0.0249023 0.0505515
1 0.575928 0.391544 0.0209961 0.0349265
1 0.0185547 0.196232 0.0253906 0.0505515
1 0.678711 0.0606618 0.0234375 0.0404412
1 0.403809 0.20864 0.0234375 0.0496324
1 0.534912 0.330882 0.0249023 0.0496324
1 0.49292 0.671415 0.0219727 0.0431985
1 0.929688 0.563419 0.0253906 0.0441176
1 0.300781 0.66636 0.0224609 0.0422794
1 0.237305 0.712776 0.0234375 0.046875
1 0.0913086 0.03125 0.0332031 0.0514706
1 0.256836 0.84375 0.0253906 0.0441176
1 0.838379 0.12454 0.0234375 0.0431985
0 0.755615 0.789522 0.0258789 0.0422794
1 0.88208 0.0863971 0.0200195 0.0422794
1 0.414062 0.457261 0.0253906 0.0450368
1 0.572021 0.102482 0.0249023 0.0450368
1 0.378174 0.690717 0.0229492 0.0450368
0 0.565918 0.602022 0.0273438 0.0459559
1 0.31665 0.646599 0.0209961 0.0413603
1 0.196045 0.941636 0.0268555 0.0487132
1 0.37085 0.539062 0.0249023 0.046875
1 0.210449 0.0790441 0.0263672 0.0496324
1 0.317139 0.15671 0.0229492 0.0450368
1 0.0966797 0.359375 0.0253906 0.0459559
1 0.926514 0.855239 0.0268555 0.046875
1 0.523438 0.0684743 0.0244141 0.0450368
1 0.691162 0.386029 0.0249023 0.0459559
1 0.172119 0.0193015 0.0297852 0.0386029
1 0.389648 0.662684 0.0224609 0.0422794
1 0.858643 0.0836397 0.0200195 0.0441176
1 0.812012 0.301471 0.0244141 0.0422794
1 0.0935059 0.601103 0.0219727 0.0441176
1 0.0146484 0.981618 0.0253906 0.0367647
1 0.525146 0.268382 0.0249023 0.0477941
1 0.391357 0.87454 0.0229492 0.0487132
1 0.753906 0.923713 0.0283203 0.0533088
1 0.078125 0.238051 0.0263672 0.0496324
1 0.809326 0.118107 0.0219727 0.0431985
1 0.410156 0.339614 0.0253906 0.0450368
1 0.145996 0.586857 0.0195312 0.0431985
1 0.988281 0.174632 0.0234375 0.0496324
1 0.03125 0.410386 0.0214844 0.0395221
1 0.595703 0.296875 0.0244141 0.0404412
1 0.897705 0.106158 0.0219727 0.0450368
1 0.101807 0.523438 0.0239258 0.046875
1 0.196533 0.530331 0.0229492 0.0422794
1 0.785645 0.272059 0.0234375 0.0459559
1 0.37793 0.368107 0.0253906 0.0431985
1 0.583496 0.247702 0.0234375 0.0431985
1 0.805664 0.210018 0.0234375 0.0413603
1 0.419189 0.943934 0.0258789 0.0496324
1 0.506104 0.179688 0.0258789 0.046875
1 0.132324 0.609375 0.0214844 0.0422794
1 0.147949 0.235294 0.0253906 0.0441176
1 0.121826 0.822151 0.0258789 0.046875
1 0.187012 0.482537 0.0244141 0.0459559
1 0.0239258 0.43704 0.0234375 0.0413603
1 0.0944824 0.815257 0.027832 0.0514706
1 0.98291 0.918658 0.0283203 0.0542279
1 0.159424 0.488971 0.0219727 0.0404412
1 0.335449 0.183364 0.0234375 0.046875
1 0.239014 0.345588 0.027832 0.0514706
1 0.164062 0.77068 0.0263672 0.0450368
1 0.152588 0.283088 0.0249023 0.0422794
1 0.313232 0.247243 0.0249023 0.0441176
1 0.205322 0.313879 0.0239258 0.046875
1 0.22876 0.765625 0.0249023 0.0441176
