1 0.518799 0.200827 0.0200195 0.0358456
1 0.439209 0.88511 0.0258789 0.0533088
0 0.916992 0.493566 0.0234375 0.0422794
0 0.805664 0.304688 0.0214844 0.0450368
1 0.92041 0.97886 0.03125 0.0422794
1 0.882812 0.242188 0.0214844 0.046875
0 0.859375 0.0845588 0.0205078 0.0459559
1 0.0942383 0.0261949 0.0322266 0.046875
1 0.16333 0.771599 0.0297852 0.0542279
1 0.858643 0.254596 0.0200195 0.0404412
1 0.3125 0.892004 0.0273438 0.0505515
0 0.810791 0.118566 0.0219727 0.0459559
0 0.92041 0.980699 0.03125 0.0386029
0 0.171875 0.0220588 0.0273438 0.0404412
1 0.810547 0.119485 0.0214844 0.0441176
1 0.917236 0.492188 0.027832 0.046875
1 0.566895 0.0836397 0.0234375 0.0422794
1 0.543457 0.0574449 0.0244141 0.0431985
0 0.785156 0.272059 0.0224609 0.0477941
0 0.439453 0.884651 0.0253906 0.0487132
0 0.567627 0.596967 0.0297852 0.0523897
0 0.825684 0.779412 0.0263672 0.0459559
0 0.793701 0.591912 0.0268555 0.0477941
1 0.828857 0.623621 0.0219727 0.046875
0 0.197266 0.0634191 0.0244141 0.0459559
0 0.771484 0.924173 0.0263672 0.0505515
0 0.19873 0.95864 0.03125 0.0533088
0 0.566895 0.0845588 0.0224609 0.0422794
1 0.568359 0.597886 0.0273438 0.046875
1 0.83667 0.124081 0.0219727 0.0422794
1 0.824219 0.779412 0.0253906 0.0477941
0 0.933594 0.880515 0.0234375 0.0441176
0 0.689453 0.387868 0.0283203 0.0588235
1 0.690186 0.386949 0.0288086 0.0588235
1 0.989014 0.173254 0.0219727 0.0487132
0 0.232178 0.340533 0.0239258 0.0505515
1 0.770996 0.924173 0.0273438 0.0505515
1 0.258789 0.845588 0.0263672 0.0477941
1 0.524658 0.268842 0.0229492 0.0413603
0 0.0222168 0.193934 0.027832 0.0533088
1 0.171631 0.0215993 0.0268555 0.0395221
1 0.546143 0.904412 0.0258789 0.0477941
1 0.806152 0.30193 0.0224609 0.0450368
1 0.872803 0.73943 0.0249023 0.0487132
1 0.865479 0.859375 0.0219727 0.0459559
0 0.75708 0.790901 0.0239258 0.0413603
1 0.528076 0.310662 0.0219727 0.0404412
1 0.935303 0.565257 0.0249023 0.0459559
0 0.164551 0.77068 0.0302734 0.0505515
1 0.198486 0.95864 0.0288086 0.0496324
1 0.879883 0.827206 0.0234375 0.0459559
0 0.0852051 0.238971 0.0307617 0.0533088
0 0.871826 0.742647 0.0249023 0.0441176
0 0.769531 0.757353 0.0253906 0.0404412
0 0.103027 0.381434 0.0292969 0.0533088
0 0.828857 0.622702 0.0249023 0.0487132
0 0.826416 0.954963 0.0297852 0.0496324
0 0.208252 0.316636 0.0258789 0.0523897
1 0.393555 0.232537 0.0244141 0.0441176
1 0.4104 0.913143 0.0219727 0.0431985
1 0.978271 0.899357 0.0249023 0.0487132
1 0.391357 0.871783 0.0229492 0.0487132
1 0.415283 0.457721 0.0249023 0.0477941
1 0.311279 0.245864 0.027832 0.0450368
1 0.190918 0.540901 0.0302734 0.0560662
1 0.378662 0.368107 0.0249023 0.0450368
1 0.408691 0.340074 0.0244141 0.0441176
