1 0.882812 0.241728 0.0214844 0.0459559
0 0.858643 0.0840993 0.0200195 0.0450368
0 0.0966797 0.0252757 0.0302734 0.046875
1 0.398438 0.352022 0.0361328 0.0496324
1 0.312012 0.894761 0.0283203 0.0487132
1 0.858643 0.254136 0.0200195 0.0395221
0 0.776367 0.921875 0.0273438 0.0514706
0 0.258789 0.846507 0.0263672 0.0514706
1 0.164062 0.772518 0.0292969 0.0542279
1 0.0969238 0.0243566 0.0327148 0.0487132
0 0.797119 0.59375 0.0258789 0.0477941
1 0.797119 0.591912 0.0258789 0.0459559
1 0.105469 0.383732 0.0292969 0.0597426
1 0.409912 0.904412 0.0219727 0.0441176
0 0.557861 0.0707721 0.0200195 0.0386029
0 0.200195 0.959099 0.03125 0.0542279
1 0.171875 0.0220588 0.0292969 0.0441176
0 0.567627 0.596967 0.0307617 0.0542279
1 0.810791 0.119485 0.0219727 0.0459559
0 0.826416 0.954504 0.0297852 0.0523897
1 0.934326 0.879596 0.0249023 0.0422794
0 0.871826 0.744026 0.0268555 0.046875
1 0.258789 0.846507 0.0273438 0.0496324
1 0.989014 0.172794 0.0219727 0.0496324
1 0.824951 0.775276 0.0249023 0.0487132
1 0.568848 0.597426 0.0273438 0.0477941
1 0.83667 0.124081 0.0219727 0.0422794
1 0.776855 0.921415 0.0283203 0.0523897
1 0.828857 0.623162 0.0219727 0.0477941
1 0.92041 0.977941 0.03125 0.0441176
0 0.164062 0.77114 0.0292969 0.0533088
0 0.438965 0.884651 0.0234375 0.046875
1 0.520264 0.204044 0.0219727 0.0441176
0 0.0849609 0.238971 0.0322266 0.0569853
1 0.525146 0.270221 0.0219727 0.0404412
1 0.826416 0.955882 0.0297852 0.0514706
0 0.828857 0.622702 0.0249023 0.0505515
1 0.917236 0.493107 0.0249023 0.0487132
1 0.528564 0.309743 0.0219727 0.0404412
1 0.541504 0.908548 0.0263672 0.046875
1 0.786133 0.272978 0.0234375 0.0459559
0 0.0219727 0.193934 0.03125 0.0606618
0 0.105713 0.384191 0.0297852 0.0569853
1 0.871826 0.742188 0.0249023 0.0505515
0 0.172119 0.0225184 0.0288086 0.0431985
1 0.199951 0.95864 0.0297852 0.0514706
1 0.939941 0.563419 0.0283203 0.0514706
1 0.879883 0.827206 0.0234375 0.0422794
1 0.803223 0.300092 0.0234375 0.0450368
1 0.312012 0.244485 0.0283203 0.0459559
0 0.190918 0.0528493 0.0283203 0.0542279
1 0.391602 0.871783 0.0234375 0.046875
1 0.415527 0.454963 0.0244141 0.0459559
1 0.86792 0.851562 0.0249023 0.0450368
1 0.974365 0.889246 0.0249023 0.0413603
1 0.689941 0.389246 0.0302734 0.0615809
1 0.391357 0.23943 0.027832 0.0542279
1 0.37793 0.369026 0.0253906 0.0450368
1 0.408203 0.339614 0.0234375 0.046875
1 0.189453 0.54182 0.0322266 0.0597426
