0 0.838867 0.764706 0.0234375 0.0477941
0 0.102051 0.0234375 0.0361328 0.046875
1 0.102295 0.0243566 0.034668 0.0487132
1 0.839844 0.764706 0.0253906 0.0459559
0 0.799561 0.595129 0.027832 0.0523897
0 0.858643 0.0831801 0.0249023 0.0487132
1 0.310303 0.23989 0.0307617 0.0606618
1 0.794189 0.925092 0.0229492 0.0487132
0 0.872559 0.746324 0.0263672 0.0477941
1 0.109619 0.386949 0.0307617 0.0643382
0 0.258301 0.846967 0.0302734 0.0542279
0 0.524658 0.20864 0.0229492 0.0477941
1 0.258789 0.847886 0.0292969 0.0523897
0 0.828857 0.623621 0.0249023 0.0505515
0 0.202881 0.957261 0.0317383 0.0542279
1 0.41626 0.454504 0.0297852 0.0579044
1 0.933594 0.881893 0.0234375 0.0395221
0 0.56958 0.597886 0.0327148 0.0560662
1 0.309082 0.904412 0.0302734 0.0551471
1 0.828857 0.625 0.0219727 0.0477941
1 0.872559 0.744945 0.0263672 0.0450368
1 0.801025 0.594669 0.0258789 0.0496324
0 0.0849609 0.238051 0.0361328 0.0606618
0 0.439453 0.881434 0.0341797 0.0588235
1 0.987549 0.173254 0.0249023 0.0560662
1 0.92334 0.975184 0.0283203 0.0422794
1 0.953857 0.557445 0.0268555 0.0487132
0 0.308838 0.238051 0.0307617 0.0588235
0 0.164795 0.772978 0.0288086 0.0569853
1 0.203613 0.95818 0.03125 0.0542279
1 0.91626 0.495864 0.0249023 0.046875
0 0.109131 0.387868 0.0307617 0.0625
1 0.825684 0.952665 0.0263672 0.0487132
1 0.956299 0.865349 0.0249023 0.0431985
0 0.0222168 0.193474 0.0336914 0.0670956
1 0.689941 0.389706 0.03125 0.0661765
1 0.189209 0.54136 0.034668 0.0680147
