0 0.0969238 0.0243566 0.0288086 0.0450368
1 0.0976562 0.0238971 0.0322266 0.0477941
1 0.858643 0.0840993 0.0200195 0.0450368
1 0.82666 0.953585 0.03125 0.0487132
0 0.179199 0.0335478 0.0351562 0.0505515
1 0.165039 0.772059 0.0283203 0.0551471
1 0.882812 0.241728 0.0214844 0.0477941
1 0.311768 0.894761 0.027832 0.0487132
1 0.858643 0.252757 0.0219727 0.0404412
0 0.920898 0.97886 0.03125 0.0422794
0 0.82666 0.775276 0.0283203 0.046875
1 0.824951 0.774357 0.0268555 0.0487132
0 0.391357 0.870404 0.0209961 0.0459559
1 0.797119 0.592831 0.0258789 0.0459559
0 0.567627 0.597426 0.0307617 0.0551471
1 0.521484 0.205423 0.0205078 0.0431985
1 0.568848 0.597426 0.0273438 0.0477941
1 0.409912 0.899816 0.0219727 0.0441176
0 0.258545 0.847426 0.0268555 0.0514706
1 0.172119 0.0215993 0.0288086 0.0413603
0 0.200439 0.95864 0.0317383 0.0533088
0 0.438477 0.884651 0.0234375 0.046875
1 0.7771 0.920956 0.0288086 0.0514706
1 0.810791 0.119945 0.0219727 0.046875
0 0.871826 0.743566 0.0268555 0.0514706
1 0.828857 0.624081 0.0219727 0.0477941
1 0.87793 0.827206 0.0234375 0.0422794
1 0.934326 0.879596 0.0249023 0.0441176
1 0.200195 0.95864 0.0292969 0.0496324
1 0.921143 0.978401 0.0327148 0.0431985
1 0.917236 0.493107 0.0249023 0.0487132
0 0.776855 0.921875 0.0273438 0.0496324
0 0.828857 0.623162 0.0249023 0.0496324
1 0.98877 0.172335 0.0224609 0.0487132
1 0.540283 0.910386 0.0258789 0.0450368
1 0.525391 0.270221 0.0214844 0.0404412
1 0.836914 0.124081 0.0234375 0.0441176
1 0.871826 0.743566 0.0249023 0.0496324
0 0.189209 0.0487132 0.027832 0.0477941
1 0.528564 0.310202 0.0219727 0.0413603
0 0.0852051 0.238971 0.0327148 0.0569853
1 0.870117 0.846507 0.0234375 0.0441176
0 0.172363 0.0229779 0.0283203 0.0422794
0 0.165039 0.772059 0.0292969 0.0496324
1 0.941406 0.563879 0.0292969 0.0523897
0 0.826416 0.954504 0.0297852 0.0523897
1 0.39209 0.872243 0.0224609 0.0459559
0 0.0222168 0.193934 0.0307617 0.0606618
0 0.105957 0.386489 0.0273438 0.0542279
1 0.311768 0.244026 0.027832 0.0450368
1 0.415527 0.454963 0.0244141 0.0459559
1 0.785889 0.272518 0.0239258 0.0450368
1 0.973389 0.886489 0.0268555 0.0413603
1 0.801758 0.300551 0.0244141 0.0441176
1 0.390625 0.242188 0.0263672 0.0523897
1 0.37793 0.369026 0.0253906 0.0450368
1 0.689941 0.389246 0.03125 0.0634191
1 0.407959 0.339154 0.0239258 0.0459559
1 0.189209 0.54182 0.0317383 0.0597426
