1 0.577393 0.391544 0.0200195 0.0330882
1 0.612061 0.0128676 0.0249023 0.0257353
1 0.140625 0.599265 0.0234375 0.0496324
0 0.834473 0.863051 0.0185547 0.0386029
1 0.323975 0.171875 0.0239258 0.0441176
1 0.314453 0.652574 0.0195312 0.0367647
1 0.871094 0.117188 0.0185547 0.0376838
0 0.776367 0.715074 0.0234375 0.0441176
1 0.381836 0.786765 0.0214844 0.0404412
1 0.825928 0.802849 0.0249023 0.0505515
0 0.880371 0.825827 0.0234375 0.046875
1 0.680908 0.10432 0.0229492 0.0395221
1 0.302246 0.664062 0.0214844 0.0413603
0 0.877441 0.721967 0.0263672 0.0450368
1 0.389404 0.667739 0.019043 0.0450368
0 0.787354 0.59329 0.0268555 0.0450368
0 0.556641 0.88511 0.0263672 0.0422794
1 0.879883 0.824449 0.0234375 0.0441176
1 0.806152 0.1875 0.0205078 0.0367647
1 0.825928 0.955882 0.0297852 0.0477941
0 0.828125 0.621783 0.0253906 0.0487132
0 0.82666 0.802849 0.0263672 0.0505515
1 0.756836 0.924632 0.03125 0.0514706
1 0.857666 0.863051 0.0249023 0.0459559
1 0.03125 0.411305 0.0195312 0.0376838
0 0.912354 0.982996 0.0297852 0.0340074
1 0.0800781 0.234835 0.0273438 0.046875
1 0.534424 0.330423 0.0239258 0.0487132
1 0.556641 0.882353 0.0263672 0.0441176
1 0.828857 0.622702 0.0219727 0.0450368
1 0.740967 0.161765 0.0229492 0.0404412
0 0.755859 0.924173 0.0292969 0.0487132
1 0.916992 0.492647 0.0234375 0.0459559
1 0.439941 0.88511 0.0263672 0.0459559
0 0.825684 0.955423 0.0283203 0.0487132
1 0.0241699 0.4375 0.0219727 0.0367647
1 0.731689 0.116728 0.0219727 0.0422794
1 0.856934 0.253676 0.0234375 0.0422794
0 0.755371 0.789522 0.0244141 0.0422794
1 0.679443 0.0606618 0.0219727 0.0386029
1 0.5271 0.0680147 0.0258789 0.0441176
1 0.25708 0.84375 0.0258789 0.0441176
1 0.0187988 0.195772 0.0258789 0.0514706
0 0.565918 0.601103 0.0263672 0.0459559
1 0.838379 0.12454 0.0234375 0.0431985
1 0.0905762 0.0317096 0.0336914 0.0487132
1 0.406738 0.538143 0.0234375 0.0413603
1 0.929688 0.563419 0.0253906 0.0441176
1 0.237793 0.714614 0.0244141 0.0450368
1 0.92749 0.856618 0.0249023 0.0477941
1 0.318848 0.162224 0.0195312 0.0450368
1 0.172119 0.0193015 0.0297852 0.0386029
1 0.690918 0.384651 0.0263672 0.046875
1 0.571289 0.10386 0.0234375 0.0441176
1 0.37915 0.688879 0.0209961 0.0431985
1 0.0144043 0.981618 0.0258789 0.0367647
1 0.88208 0.0863971 0.0200195 0.0422794
1 0.401855 0.213235 0.0234375 0.0459559
1 0.145264 0.588235 0.0200195 0.0422794
1 0.524902 0.268382 0.0244141 0.0477941
1 0.197021 0.944853 0.027832 0.0477941
1 0.391846 0.874081 0.0229492 0.0496324
1 0.10083 0.523897 0.0249023 0.0477941
1 0.0939941 0.601562 0.0239258 0.0450368
1 0.0974121 0.361673 0.0268555 0.0487132
1 0.414062 0.457261 0.0253906 0.0450368
1 0.59375 0.295496 0.0234375 0.0395221
1 0.209717 0.0795037 0.0258789 0.0487132
1 0.858643 0.0836397 0.0200195 0.0422794
1 0.371094 0.539522 0.0253906 0.0459559
1 0.809082 0.118566 0.0224609 0.0422794
1 0.988281 0.174632 0.0234375 0.0496324
1 0.196777 0.530331 0.0234375 0.0422794
1 0.583984 0.252757 0.0224609 0.0404412
1 0.811523 0.30193 0.0234375 0.0413603
1 0.897705 0.106618 0.0219727 0.0441176
1 0.13208 0.608915 0.0209961 0.0413603
1 0.786133 0.272059 0.0234375 0.0441176
1 0.410156 0.339614 0.0253906 0.0450368
1 0.98291 0.917739 0.0283203 0.0542279
1 0.506592 0.181526 0.0258789 0.046875
1 0.37793 0.368107 0.0253906 0.0431985
1 0.334961 0.182445 0.0214844 0.046875
1 0.80542 0.209559 0.0219727 0.0386029
1 0.15332 0.278952 0.0253906 0.0413603
1 0.119873 0.822151 0.0249023 0.0487132
1 0.418213 0.943474 0.0258789 0.0505515
1 0.187256 0.483915 0.0239258 0.0450368
1 0.164307 0.77068 0.0268555 0.0487132
1 0.1604 0.486673 0.0239258 0.0413603
1 0.147949 0.235294 0.0244141 0.0441176
1 0.0952148 0.814338 0.0273438 0.0514706
1 0.23877 0.345129 0.0283203 0.0505515
1 0.3125 0.247243 0.0253906 0.0459559
1 0.205078 0.314798 0.0244141 0.046875
1 0.230225 0.762408 0.0249023 0.046875
