1 0.098877 0.0229779 0.034668 0.0459559
0 0.189697 0.54136 0.0327148 0.0643382
1 0.858643 0.0845588 0.0219727 0.0459559
1 0.858643 0.252298 0.0219727 0.0395221
0 0.392334 0.871783 0.0219727 0.0487132
1 0.522217 0.207721 0.019043 0.0404412
1 0.798096 0.59329 0.0268555 0.0450368
1 0.777588 0.921415 0.0288086 0.0505515
1 0.568848 0.596967 0.0273438 0.0487132
0 0.539062 0.914062 0.0253906 0.0487132
1 0.406982 0.890625 0.0219727 0.0441176
1 0.53833 0.914062 0.0258789 0.046875
0 0.797852 0.594669 0.0273438 0.0459559
0 0.567871 0.596967 0.0302734 0.0542279
0 0.438965 0.883272 0.0244141 0.0459559
1 0.921143 0.978401 0.0327148 0.0431985
0 0.920898 0.97886 0.03125 0.0422794
1 0.934326 0.880515 0.0249023 0.0441176
1 0.201416 0.95818 0.0307617 0.0523897
1 0.828857 0.623621 0.0219727 0.046875
1 0.811279 0.119945 0.0229492 0.046875
1 0.391846 0.871324 0.0200195 0.0459559
0 0.934326 0.882353 0.0249023 0.0422794
0 0.201172 0.95818 0.0273438 0.0487132
1 0.916992 0.493107 0.0234375 0.0487132
1 0.989014 0.172335 0.0219727 0.0487132
0 0.826416 0.773438 0.0297852 0.0523897
0 0.258545 0.847426 0.0268555 0.0514706
0 0.0849609 0.238971 0.0332031 0.0588235
1 0.836914 0.12454 0.0234375 0.0450368
1 0.943115 0.564338 0.0297852 0.0514706
0 0.165039 0.772059 0.0283203 0.0496324
0 0.828857 0.622702 0.0249023 0.0487132
1 0.525635 0.269761 0.0209961 0.0395221
1 0.528564 0.309743 0.0209961 0.0404412
0 0.872559 0.744026 0.0263672 0.0487132
1 0.785889 0.272978 0.0229492 0.0422794
0 0.777832 0.921875 0.0273438 0.0496324
0 0.10791 0.388327 0.0283203 0.0579044
1 0.388672 0.246324 0.0253906 0.0514706
1 0.971924 0.884191 0.0268555 0.0441176
0 0.0219727 0.193015 0.0322266 0.0643382
1 0.415039 0.454963 0.0234375 0.0422794
1 0.799316 0.296875 0.0234375 0.0422794
1 0.311035 0.244026 0.0283203 0.046875
0 0.826416 0.954504 0.0297852 0.0523897
1 0.377686 0.369026 0.0249023 0.0450368
1 0.689941 0.389706 0.03125 0.0643382
1 0.189453 0.542279 0.0332031 0.0606618
1 0.405273 0.337316 0.0234375 0.0422794
