0 0.536377 0.914522 0.0288086 0.0496324
0 0.310791 0.242188 0.0297852 0.0505515
1 0.858643 0.0845588 0.0219727 0.0459559
1 0.786621 0.270221 0.0224609 0.0367647
0 0.567871 0.597426 0.0302734 0.0551471
1 0.934326 0.880515 0.0249023 0.0441176
1 0.108643 0.386949 0.0297852 0.0625
1 0.522949 0.20864 0.0185547 0.0404412
1 0.921875 0.977941 0.0332031 0.0441176
0 0.189697 0.542279 0.0327148 0.0643382
0 0.79834 0.595588 0.0283203 0.0477941
1 0.536377 0.915901 0.0249023 0.0487132
1 0.798584 0.594669 0.0258789 0.0477941
1 0.568848 0.596507 0.0273438 0.0477941
0 0.439209 0.881434 0.0249023 0.0459559
0 0.920898 0.977941 0.03125 0.0422794
1 0.20166 0.95864 0.0302734 0.0533088
0 0.20166 0.959099 0.0273438 0.0487132
1 0.811035 0.119945 0.0234375 0.0487132
1 0.828857 0.624081 0.0219727 0.0477941
1 0.988281 0.172335 0.0234375 0.0505515
0 0.828857 0.623162 0.0249023 0.0496324
0 0.259033 0.846048 0.0268555 0.0487132
1 0.917236 0.494026 0.0249023 0.0487132
0 0.828125 0.772059 0.03125 0.0551471
1 0.528564 0.309743 0.0209961 0.0404412
1 0.943115 0.56296 0.0297852 0.0505515
1 0.835938 0.124081 0.0234375 0.0459559
1 0.526611 0.270221 0.0219727 0.0386029
0 0.872559 0.745864 0.0263672 0.0487132
0 0.0849609 0.238971 0.0341797 0.0606618
0 0.934326 0.883272 0.0249023 0.0422794
0 0.780518 0.921875 0.0317383 0.0496324
1 0.415283 0.455882 0.0239258 0.0441176
0 0.165283 0.772059 0.027832 0.0496324
1 0.310791 0.242647 0.0297852 0.0496324
0 0.108398 0.388327 0.0292969 0.0597426
1 0.969482 0.880974 0.0249023 0.046875
1 0.400635 0.33364 0.0239258 0.0441176
1 0.189453 0.54182 0.0332031 0.0634191
0 0.0219727 0.192555 0.0332031 0.0652574
0 0.826416 0.954504 0.0297852 0.0523897
1 0.37793 0.368107 0.0244141 0.0450368
1 0.388672 0.248621 0.0263672 0.0487132
1 0.689941 0.389706 0.03125 0.0643382
