0 0.780518 0.275276 0.0229492 0.0358456
0 0.174072 0.831801 0.0209961 0.0367647
0 0.00585938 0.835478 0.0117188 0.0496324
0 0.878906 0.0772059 0.0205078 0.0404412
0 0.597168 0.230699 0.0195312 0.0386029
0 0.829834 0.132812 0.0249023 0.0340074
1 0.0712891 0.255515 0.0273438 0.0496324
1 0.99292 0.303768 0.0141602 0.046875
1 0.482666 0.884651 0.0219727 0.0413603
1 0.715332 0.483915 0.0263672 0.0450368
0 0.139648 0.987592 0.0244141 0.0248162
0 0.351807 0.51057 0.019043 0.0376838
0 0.195801 0.914522 0.0205078 0.0386029
1 0.832764 0.532629 0.0200195 0.0505515
1 0.462891 0.883272 0.0224609 0.0386029
0 0.585449 0.837316 0.0224609 0.0386029
0 0.463379 0.882353 0.0224609 0.0386029
1 0.0280762 0.891085 0.0219727 0.0376838
1 0.980469 0.446691 0.0205078 0.0404412
0 0.00708008 0.923713 0.0141602 0.0349265
1 0.978271 0.891085 0.0219727 0.0358456
0 0.920166 0.522059 0.0219727 0.0330882
0 0.665283 0.392463 0.019043 0.0367647
1 0.0375977 0.404871 0.0253906 0.0431985
0 0.991455 0.121783 0.0141602 0.0505515
1 0.489746 0.942096 0.0195312 0.0386029
0 0.518066 0.606618 0.015625 0.0367647
1 0.365967 0.84375 0.0209961 0.0367647
0 0.146973 0.592831 0.0205078 0.0386029
0 0.980469 0.446691 0.0205078 0.0404412
1 0.191895 0.43796 0.0205078 0.0376838
0 0.728516 0.189338 0.0175781 0.0386029
1 0.593018 0.370864 0.0200195 0.0395221
0 0.704102 0.194393 0.0195312 0.0376838
1 0.406738 0.538603 0.0205078 0.0404412
0 0.839111 0.686581 0.0170898 0.0404412
0 0.224365 0.0772059 0.0239258 0.0422794
0 0.0373535 0.405331 0.0239258 0.0441176
0 0.372314 0.0381434 0.0229492 0.0266544
0 0.329102 0.204044 0.0224609 0.0404412
0 0.00512695 0.528493 0.0102539 0.0459559
0 0.253174 0.941176 0.0219727 0.0330882
0 0.109619 0.888327 0.0180664 0.0340074
0 0.0993652 0.866268 0.019043 0.0340074
0 0.660889 0.0137868 0.019043 0.0275735
1 0.755859 0.217831 0.0195312 0.0349265
0 0.352783 0.84375 0.0200195 0.0367647
1 0.802979 0.294577 0.0219727 0.0395221
1 0.572266 0.106618 0.0205078 0.0367647
0 0.99292 0.309743 0.0141602 0.0441176
0 0.394775 0.861673 0.019043 0.0450368
0 0.416504 0.778033 0.0195312 0.0413603
0 0.100342 0.275276 0.0209961 0.0413603
0 0.407715 0.537684 0.0205078 0.0422794
0 0.592285 0.370864 0.0185547 0.0395221
1 0.785645 0.0514706 0.0166016 0.0349265
1 0.39502 0.113051 0.0214844 0.0422794
0 0.855469 0.868107 0.0253906 0.0395221
1 0.154785 0.228401 0.0234375 0.0431985
0 0.520264 0.0744485 0.0219727 0.0386029
0 0.652344 0.337316 0.0185547 0.0349265
0 0.727783 0.126838 0.019043 0.0386029
1 0.19873 0.358456 0.0214844 0.0386029
0 0.173584 0.797794 0.0180664 0.0349265
1 0.85083 0.0827206 0.0200195 0.0404412
1 0.598389 0.299632 0.0200195 0.0367647
0 0.55542 0.611213 0.0229492 0.0386029
0 0.207031 0.606618 0.0205078 0.0404412
1 0.965576 0.869026 0.0219727 0.0321691
0 0.154785 0.228401 0.0234375 0.0413603
1 0.0522461 0.813879 0.0224609 0.0376838
1 0.233643 0.0298713 0.0239258 0.0413603
1 0.890625 0.237592 0.0214844 0.0376838
0 0.306396 0.121324 0.0239258 0.0404412
1 0.406006 0.346967 0.0219727 0.0413603
1 0.360107 0.160846 0.0209961 0.0386029
1 0.441406 0.473346 0.0214844 0.0386029
0 0.934326 0.490349 0.0219727 0.0358456
1 0.416748 0.775735 0.0200195 0.0459559
0 0.684326 0.444853 0.0219727 0.0330882
1 0.779785 0.273438 0.0224609 0.0358456
1 0.419922 0.963235 0.0253906 0.0404412
0 0.563721 0.375 0.0200195 0.0404412
0 0.367676 0.795496 0.0205078 0.0395221
1 0.612793 0.25046 0.0195312 0.0358456
0 0.914062 0.550092 0.0214844 0.0340074
0 0.802246 0.296415 0.0234375 0.0376838
1 0.210693 0.303768 0.0219727 0.0431985
0 0.716064 0.483456 0.0219727 0.0404412
1 0.519531 0.0730699 0.0214844 0.0376838
0 0.72876 0.631434 0.0219727 0.0441176
0 0.617432 0.97886 0.0209961 0.0386029
0 0.052002 0.814798 0.0200195 0.0376838
1 0.147217 0.59421 0.0219727 0.0450368
1 0.224121 0.0767463 0.0224609 0.0395221
0 0.688721 0.180147 0.0180664 0.0294118
0 0.0959473 0.347426 0.0239258 0.0404412
1 0.729248 0.633272 0.0229492 0.0422794
0 0.37085 0.540441 0.019043 0.0422794
0 0.510742 0.0160846 0.0195312 0.0321691
0 0.0583496 0.873621 0.0219727 0.0395221
0 0.763672 0.894761 0.0224609 0.0376838
0 0.94458 0.733915 0.0219727 0.0376838
0 0.108643 0.53171 0.0219727 0.0395221
1 0.328857 0.202665 0.0219727 0.0431985
1 0.881104 0.825827 0.0219727 0.0450368
0 0.0285645 0.892923 0.0219727 0.0413603
0 0.981934 0.741728 0.0205078 0.0386029
1 0.895996 0.341452 0.0185547 0.0376838
1 0.992188 0.76057 0.015625 0.0395221
0 0.601562 0.0151654 0.0214844 0.0303309
0 0.204102 0.786305 0.0166016 0.0321691
0 0.828125 0.626379 0.0205078 0.0413603
0 0.598389 0.300092 0.0200195 0.0376838
0 0.234131 0.0303309 0.0239258 0.0422794
0 0.746582 0.717831 0.0205078 0.0349265
1 0.832031 0.129596 0.0253906 0.0349265
1 0.228271 0.34329 0.0229492 0.0395221
1 0.369141 0.20864 0.0195312 0.0386029
0 0.51416 0.685202 0.0283203 0.0340074
0 0.536865 0.505974 0.0249023 0.0358456
0 0.221191 0.797794 0.0224609 0.0349265
0 0.118896 0.160846 0.0229492 0.0404412
1 0.927246 0.332721 0.0205078 0.0404412
1 0.308105 0.120404 0.0205078 0.0386029
0 0.125488 0.504596 0.0205078 0.0367647
1 0.839111 0.942555 0.027832 0.0450368
1 0.402832 0.160386 0.0214844 0.0376838
1 0.498779 0.341452 0.019043 0.0358456
0 0.616455 0.888787 0.0219727 0.0422794
1 0.198486 0.537224 0.0229492 0.0431985
0 0.0725098 0.256434 0.0249023 0.0477941
1 0.48999 0.359375 0.0219727 0.0386029
1 0.5625 0.301471 0.0185547 0.0367647
0 0.207031 0.85432 0.0224609 0.0431985
0 0.0454102 0.930147 0.0205078 0.0349265
0 0.0656738 0.905331 0.019043 0.0367647
1 0.98291 0.744945 0.0205078 0.0431985
0 0.421631 0.877757 0.0209961 0.0441176
1 0.459473 0.106158 0.0224609 0.0340074
1 0.781738 0.584559 0.0244141 0.0441176
0 0.942871 0.692096 0.0205078 0.0367647
0 0.0114746 0.154871 0.0180664 0.0450368
1 0.80249 0.0473346 0.0200195 0.0376838
1 0.94458 0.732996 0.0200195 0.0395221
0 0.0812988 0.601562 0.0219727 0.0450368
0 0.785889 0.677849 0.0249023 0.0487132
1 0.835205 0.550092 0.0219727 0.0340074
1 0.411377 0.465533 0.0219727 0.0431985
1 0.464111 0.176471 0.019043 0.0386029
1 0.31543 0.252757 0.0224609 0.0422794
0 0.645264 0.391085 0.0200195 0.0376838
0 0.133545 0.134191 0.0219727 0.0404412
1 0.133301 0.630974 0.0224609 0.0413603
0 0.0100098 0.21875 0.019043 0.0441176
1 0.829834 0.516544 0.0219727 0.0404412
0 0.856201 0.679688 0.0170898 0.0376838
0 0.39502 0.113051 0.0224609 0.0422794
0 0.601074 0.450368 0.0195312 0.0367647
0 0.0407715 0.120404 0.0219727 0.0367647
0 0.642822 0.889246 0.0209961 0.0413603
0 0.348145 0.801011 0.0205078 0.0413603
1 0.53418 0.802849 0.0234375 0.0413603
1 0.856445 0.867647 0.0234375 0.0404412
1 0.516357 0.822151 0.0219727 0.0431985
0 0.910156 0.590074 0.0205078 0.0349265
0 0.0554199 0.112592 0.0209961 0.0376838
1 0.570312 0.211857 0.0205078 0.0358456
0 0.754883 0.789062 0.0234375 0.0431985
1 0.181885 0.386489 0.0219727 0.0395221
0 0.0163574 0.46921 0.0229492 0.0450368
1 0.374023 0.363051 0.0244141 0.0422794
0 0.269287 0.984375 0.0258789 0.03125
0 0.881348 0.826746 0.0205078 0.046875
0 0.776367 0.860754 0.0234375 0.0395221
1 0.596436 0.231618 0.019043 0.0367647
0 0.168701 0.0160846 0.0239258 0.0321691
1 0.445801 0.155331 0.0224609 0.0367647
1 0.963867 0.755515 0.0234375 0.0441176
1 0.546875 0.316176 0.0214844 0.0349265
1 0.990723 0.18704 0.0185547 0.0413603
1 0.267578 0.216912 0.0234375 0.0422794
1 0.919434 0.836397 0.0234375 0.0441176
0 0.657227 0.303309 0.0195312 0.0367647
0 0.360596 0.162224 0.0209961 0.0395221
1 0.583252 0.200368 0.0209961 0.0330882
1 0.814697 0.450827 0.0219727 0.0395221
0 0.127441 0.827206 0.0205078 0.0422794
0 0.922607 0.619485 0.019043 0.0367647
0 0.0700684 0.797794 0.0200195 0.0386029
0 0.606689 0.488051 0.0200195 0.0349265
0 0.259033 0.846048 0.0239258 0.0395221
0 0.146973 0.299173 0.0253906 0.0358456
0 0.319336 0.87454 0.0234375 0.046875
0 0.09375 0.813879 0.0185547 0.0395221
1 0.530029 0.340074 0.0200195 0.0367647
1 0.575928 0.252757 0.0209961 0.0367647
1 0.98999 0.130515 0.0170898 0.0404412
1 0.411621 0.205423 0.0224609 0.0413603
1 0.283447 0.183824 0.0229492 0.0441176
1 0.793213 0.401654 0.0229492 0.0404412
1 0.497559 0.176011 0.0224609 0.0395221
1 0.971924 0.180147 0.0219727 0.0386029
1 0.987793 0.940717 0.0244141 0.0413603
1 0.532715 0.272518 0.0234375 0.0413603
1 0.960938 0.223346 0.0234375 0.0404412
1 0.946777 0.316176 0.0234375 0.0441176
0 0.0925293 0.0358456 0.0288086 0.0459559
1 0.483643 0.136489 0.0219727 0.0395221
