0 0.990967 0.415441 0.0180664 0.0367647
1 0.882812 0.241728 0.0205078 0.0459559
0 0.195801 0.538143 0.0283203 0.0542279
0 0.916992 0.492647 0.0234375 0.0422794
0 0.858643 0.0845588 0.0200195 0.0459559
1 0.858643 0.255055 0.0200195 0.0413603
1 0.835938 0.866728 0.0205078 0.0367647
0 0.234375 0.340533 0.0273438 0.0542279
1 0.917236 0.491728 0.027832 0.0459559
0 0.824951 0.782629 0.027832 0.0487132
1 0.770508 0.752298 0.0234375 0.046875
0 0.919434 0.980699 0.03125 0.0386029
1 0.811035 0.116728 0.0205078 0.0441176
1 0.548096 0.898438 0.0268555 0.0450368
1 0.825684 0.78171 0.0263672 0.0505515
0 0.786133 0.27114 0.0234375 0.0459559
1 0.786133 0.27114 0.0234375 0.0459559
0 0.567139 0.596507 0.0288086 0.0533088
1 0.207275 0.314798 0.0268555 0.0505515
0 0.198242 0.95864 0.03125 0.0514706
0 0.198975 0.0680147 0.0249023 0.0459559
1 0.807617 0.300092 0.0224609 0.0413603
1 0.836914 0.12454 0.0234375 0.0431985
1 0.09375 0.0275735 0.0332031 0.0477941
0 0.770264 0.924632 0.0268555 0.0514706
0 0.810791 0.118566 0.0219727 0.0459559
1 0.199463 0.0670956 0.0258789 0.0459559
1 0.690186 0.386029 0.027832 0.0551471
1 0.234863 0.340074 0.0273438 0.0477941
1 0.756348 0.789522 0.0244141 0.0441176
1 0.828857 0.623621 0.0219727 0.046875
0 0.79248 0.590993 0.0263672 0.0459559
1 0.933594 0.565717 0.0234375 0.046875
0 0.690186 0.387408 0.027832 0.0560662
1 0.439941 0.883732 0.0244141 0.0487132
0 0.0222168 0.193934 0.0268555 0.0514706
1 0.568359 0.598346 0.0273438 0.0477941
1 0.989014 0.172794 0.0219727 0.0496324
1 0.19458 0.538143 0.0297852 0.0579044
0 0.932129 0.877298 0.0263672 0.046875
1 0.171631 0.0211397 0.0268555 0.0386029
1 0.872559 0.736673 0.0263672 0.0487132
0 0.0852051 0.238511 0.0307617 0.0542279
1 0.517578 0.198989 0.0214844 0.0395221
1 0.258545 0.845129 0.0258789 0.046875
0 0.207764 0.316636 0.0268555 0.0542279
0 0.828857 0.622702 0.0249023 0.0487132
0 0.75708 0.79136 0.0239258 0.0441176
0 0.77002 0.751379 0.0244141 0.0450368
1 0.52417 0.268842 0.0219727 0.0413603
0 0.102539 0.379136 0.0273438 0.0505515
0 0.872803 0.737592 0.0249023 0.046875
1 0.198486 0.959559 0.0288086 0.0477941
1 0.770508 0.925551 0.0273438 0.0496324
1 0.527588 0.310662 0.0209961 0.0404412
1 0.864014 0.860754 0.0249023 0.046875
1 0.394287 0.22932 0.0249023 0.0431985
1 0.979736 0.904412 0.027832 0.0514706
0 0.82666 0.954504 0.0283203 0.0505515
1 0.543457 0.0569853 0.0244141 0.0441176
1 0.880371 0.827206 0.0234375 0.0459559
1 0.567139 0.0850184 0.0239258 0.0431985
0 0.164307 0.77068 0.0288086 0.0523897
1 0.391357 0.871324 0.0229492 0.0496324
1 0.411621 0.91636 0.0234375 0.0441176
1 0.415283 0.457721 0.0258789 0.0477941
1 0.40918 0.340074 0.0244141 0.0441176
1 0.378906 0.368566 0.0253906 0.0441176
1 0.311768 0.245404 0.0288086 0.0459559
