1 0.165527 0.772518 0.0292969 0.0542279
0 0.960938 0.868566 0.0253906 0.0441176
1 0.858643 0.0836397 0.0219727 0.0459559
1 0.52417 0.210018 0.019043 0.0413603
0 0.101562 0.0225184 0.0341797 0.0450368
1 0.102051 0.0234375 0.0332031 0.046875
1 0.258545 0.845588 0.0297852 0.0514706
1 0.438721 0.880515 0.0288086 0.0588235
1 0.0849609 0.238511 0.0332031 0.0615809
0 0.799316 0.595129 0.0283203 0.0505515
1 0.786865 0.925092 0.0258789 0.0487132
1 0.527588 0.305147 0.0219727 0.0367647
0 0.828857 0.622702 0.0249023 0.0487132
0 0.922607 0.976562 0.0297852 0.0431985
0 0.30957 0.23943 0.0302734 0.0542279
0 0.872559 0.745864 0.0283203 0.0487132
1 0.960938 0.870864 0.0234375 0.0413603
1 0.8125 0.120404 0.0214844 0.0496324
1 0.923584 0.976562 0.0297852 0.0431985
0 0.258789 0.846967 0.0273438 0.0505515
1 0.835205 0.12546 0.0219727 0.0450368
1 0.109375 0.387408 0.0292969 0.0634191
1 0.94751 0.561581 0.0249023 0.0477941
0 0.164795 0.772518 0.0288086 0.0542279
0 0.439209 0.881434 0.0336914 0.0569853
1 0.832764 0.769761 0.0297852 0.0542279
1 0.569092 0.597426 0.0288086 0.0514706
1 0.203125 0.957261 0.0302734 0.0523897
0 0.202393 0.957261 0.027832 0.0487132
0 0.0849609 0.238051 0.0351562 0.0569853
1 0.988281 0.172335 0.0234375 0.0505515
0 0.934326 0.882812 0.0249023 0.0395221
1 0.829102 0.62454 0.0234375 0.046875
1 0.310303 0.23943 0.0307617 0.0523897
1 0.91626 0.495404 0.0249023 0.0477941
1 0.800049 0.594669 0.0268555 0.0496324
0 0.109131 0.389246 0.0288086 0.0615809
1 0.385742 0.256434 0.0253906 0.0477941
1 0.872559 0.744945 0.0283203 0.046875
1 0.415527 0.454963 0.0234375 0.0459559
0 0.0222168 0.193015 0.0336914 0.0661765
1 0.377197 0.367188 0.0219727 0.0413603
1 0.689941 0.389246 0.0302734 0.0634191
1 0.825928 0.954504 0.0297852 0.0505515
1 0.394287 0.342831 0.0249023 0.0422794
1 0.189209 0.54182 0.0336914 0.0652574
