1 0.491699 0.668658 0.0195312 0.0376838
1 0.871094 0.116728 0.0185547 0.0386029
1 0.139648 0.601103 0.0234375 0.0496324
1 0.611572 0.0128676 0.0249023 0.0257353
0 0.775879 0.713695 0.0234375 0.0450368
0 0.574707 0.392463 0.0185547 0.0349265
0 0.834473 0.862592 0.0185547 0.0395221
1 0.476562 0.667279 0.0195312 0.0404412
0 0.678467 0.0592831 0.0209961 0.0413603
0 0.91626 0.493566 0.0249023 0.0459559
0 0.587646 0.36443 0.0209961 0.0340074
0 0.68042 0.105239 0.0219727 0.0395221
0 0.440186 0.884651 0.0268555 0.0450368
0 0.877441 0.721967 0.0263672 0.046875
1 0.879639 0.824449 0.0249023 0.0441176
1 0.740723 0.163143 0.0234375 0.0413603
1 0.857666 0.863051 0.0249023 0.0459559
1 0.731689 0.115809 0.0229492 0.0422794
0 0.827393 0.803309 0.0268555 0.0514706
1 0.806885 0.186581 0.0219727 0.0386029
0 0.786621 0.59421 0.0283203 0.046875
0 0.912354 0.982996 0.0297852 0.0340074
0 0.880371 0.824908 0.0234375 0.0487132
1 0.576172 0.391085 0.0214844 0.0340074
0 0.557129 0.884651 0.0263672 0.0431985
1 0.828857 0.622702 0.0219727 0.046875
1 0.916992 0.493107 0.0234375 0.046875
1 0.825928 0.955882 0.0297852 0.0496324
1 0.381592 0.786765 0.0209961 0.0404412
1 0.534668 0.330423 0.0234375 0.0487132
1 0.439453 0.88511 0.0263672 0.0459559
1 0.857178 0.252757 0.0249023 0.0422794
1 0.557129 0.882353 0.0273438 0.0441176
0 0.828857 0.621783 0.0249023 0.0505515
1 0.0185547 0.196232 0.0253906 0.0505515
0 0.825684 0.954963 0.0283203 0.0496324
0 0.755127 0.924173 0.0297852 0.0505515
1 0.0913086 0.03125 0.0332031 0.0496324
1 0.407471 0.537684 0.0229492 0.0386029
1 0.678955 0.0611213 0.0229492 0.0395221
1 0.30127 0.665901 0.0224609 0.0413603
1 0.257324 0.84375 0.0253906 0.0441176
1 0.402832 0.210938 0.0224609 0.046875
1 0.754639 0.924173 0.0288086 0.0523897
1 0.237305 0.713235 0.0234375 0.0459559
1 0.69043 0.384191 0.0273438 0.0477941
1 0.929688 0.56296 0.0253906 0.0450368
1 0.838379 0.12454 0.0234375 0.0431985
1 0.389404 0.664062 0.0219727 0.0431985
1 0.52417 0.0680147 0.0239258 0.0441176
1 0.315918 0.647978 0.0205078 0.0386029
1 0.0783691 0.238051 0.0268555 0.0477941
0 0.565918 0.601562 0.0263672 0.046875
0 0.755127 0.789062 0.0239258 0.0431985
1 0.88208 0.0863971 0.0200195 0.0422794
1 0.172119 0.0193015 0.0288086 0.0386029
1 0.926514 0.856158 0.0249023 0.046875
1 0.196777 0.944393 0.0273438 0.0487132
1 0.571289 0.10432 0.0234375 0.0450368
1 0.414062 0.457721 0.0244141 0.0441176
1 0.209961 0.0795037 0.0253906 0.0487132
1 0.37085 0.539522 0.0249023 0.0459559
1 0.0146484 0.981618 0.0253906 0.0367647
1 0.524902 0.268382 0.0244141 0.0459559
1 0.145508 0.587316 0.0195312 0.0422794
1 0.03125 0.410846 0.0214844 0.0386029
1 0.391357 0.87454 0.0229492 0.0487132
1 0.858643 0.0840993 0.0200195 0.0431985
1 0.809326 0.118107 0.0219727 0.0431985
1 0.09375 0.601562 0.0234375 0.0450368
1 0.0969238 0.359835 0.0258789 0.046875
1 0.318359 0.159926 0.0214844 0.0477941
1 0.594727 0.295956 0.0234375 0.0404412
1 0.101074 0.523897 0.0244141 0.0477941
1 0.988281 0.174632 0.0214844 0.0496324
1 0.378174 0.690257 0.0219727 0.0441176
1 0.410156 0.340074 0.0253906 0.0441176
1 0.812012 0.301471 0.0244141 0.0422794
1 0.897705 0.106158 0.0219727 0.0450368
1 0.0246582 0.4375 0.0229492 0.0404412
1 0.196533 0.530331 0.0229492 0.0422794
1 0.785645 0.272059 0.0234375 0.0459559
1 0.12085 0.822151 0.0258789 0.046875
1 0.153076 0.28125 0.0249023 0.0404412
1 0.132324 0.608915 0.0214844 0.0413603
1 0.418701 0.943474 0.0258789 0.0505515
1 0.377686 0.368107 0.0249023 0.0431985
1 0.506592 0.180607 0.0258789 0.046875
1 0.805176 0.210018 0.0224609 0.0395221
1 0.98291 0.918658 0.0283203 0.0542279
1 0.1875 0.482996 0.0244141 0.0450368
1 0.0947266 0.814338 0.0273438 0.0514706
1 0.159912 0.487592 0.0229492 0.0395221
1 0.148193 0.235294 0.0249023 0.0422794
1 0.164062 0.77068 0.0263672 0.046875
1 0.335205 0.182904 0.0219727 0.0477941
1 0.583984 0.25 0.0234375 0.0422794
1 0.23877 0.345129 0.0273438 0.0505515
1 0.312988 0.247243 0.0253906 0.0441176
1 0.205322 0.314338 0.0239258 0.0459559
1 0.229004 0.763787 0.0244141 0.0459559
