1 0.109619 0.387408 0.0297852 0.0634191
0 0.79126 0.926471 0.0249023 0.0477941
1 0.309082 0.901654 0.0273438 0.0496324
0 0.101562 0.0225184 0.0341797 0.0450368
1 0.102295 0.0238971 0.0336914 0.0477941
0 0.189453 0.54136 0.0341797 0.0698529
1 0.923584 0.975643 0.0297852 0.0431985
0 0.525879 0.209099 0.0234375 0.046875
0 0.825684 0.953585 0.0283203 0.0505515
1 0.79126 0.925092 0.0249023 0.0505515
0 0.799805 0.594669 0.0283203 0.0514706
1 0.83667 0.765165 0.0268555 0.046875
0 0.922607 0.977022 0.027832 0.0441176
1 0.38501 0.258272 0.0288086 0.0496324
1 0.959229 0.868107 0.0249023 0.0395221
1 0.828857 0.625 0.0219727 0.0477941
1 0.203369 0.957261 0.0307617 0.0542279
1 0.801025 0.594669 0.0258789 0.0496324
0 0.872559 0.745404 0.0263672 0.0477941
0 0.56958 0.596967 0.0288086 0.0542279
0 0.93457 0.883272 0.0234375 0.0386029
1 0.91626 0.495404 0.0249023 0.0459559
1 0.987549 0.173254 0.0249023 0.0560662
1 0.377197 0.367647 0.0219727 0.0422794
0 0.439453 0.881434 0.0332031 0.0569853
1 0.872559 0.744485 0.0263672 0.0459559
1 0.416016 0.454963 0.0253906 0.0496324
0 0.259033 0.847426 0.027832 0.0514706
0 0.828857 0.623162 0.0249023 0.0477941
0 0.310059 0.23989 0.0302734 0.0569853
0 0.202393 0.957261 0.0288086 0.0505515
0 0.0852051 0.238971 0.034668 0.0625
1 0.391602 0.344669 0.0224609 0.0422794
0 0.164795 0.772518 0.0288086 0.0560662
1 0.689941 0.389246 0.0302734 0.0652574
0 0.108887 0.388327 0.0292969 0.0615809
1 0.825684 0.953585 0.0283203 0.046875
0 0.0222168 0.193474 0.0327148 0.0652574
1 0.189453 0.54182 0.0341797 0.0652574
