1 0.379883 0.686581 0.0195312 0.0386029
0 0.834473 0.863051 0.0185547 0.0386029
1 0.805176 0.189338 0.0175781 0.0367647
1 0.612549 0.0124081 0.0258789 0.0248162
1 0.38208 0.481158 0.0180664 0.0321691
1 0.825928 0.80239 0.0249023 0.0496324
1 0.0249023 0.4375 0.0205078 0.0330882
0 0.787598 0.59329 0.0263672 0.0450368
0 0.880371 0.824908 0.0234375 0.046875
0 0.756104 0.924173 0.0297852 0.0487132
1 0.879883 0.824449 0.0234375 0.0441176
0 0.776367 0.715533 0.0234375 0.0431985
0 0.828125 0.621783 0.0253906 0.0487132
0 0.826416 0.80239 0.0249023 0.0496324
0 0.876465 0.722886 0.0263672 0.0450368
0 0.912354 0.982537 0.0297852 0.0349265
1 0.85791 0.862132 0.0234375 0.0441176
1 0.916992 0.492188 0.0234375 0.0450368
1 0.740967 0.160386 0.0219727 0.0395221
1 0.757324 0.925551 0.03125 0.0514706
1 0.828857 0.622243 0.0219727 0.0459559
0 0.755615 0.789522 0.0249023 0.0422794
0 0.566406 0.601103 0.0273438 0.0477941
1 0.53418 0.330423 0.0234375 0.0431985
1 0.681152 0.0992647 0.0244141 0.0404412
1 0.556152 0.883272 0.0273438 0.0441176
1 0.857178 0.253676 0.0249023 0.0422794
1 0.439941 0.88511 0.0263672 0.0459559
1 0.92749 0.856618 0.0249023 0.0477941
1 0.929688 0.56296 0.0253906 0.0450368
1 0.679443 0.0606618 0.0219727 0.0386029
0 0.825684 0.955423 0.0283203 0.0487132
1 0.731689 0.116728 0.0219727 0.0422794
1 0.838379 0.12454 0.0234375 0.0431985
1 0.0817871 0.234835 0.0268555 0.0487132
1 0.25708 0.84375 0.0249023 0.0441176
1 0.690674 0.384651 0.0268555 0.046875
1 0.237305 0.714614 0.0253906 0.0431985
1 0.882812 0.0868566 0.0205078 0.0413603
1 0.858643 0.0836397 0.0200195 0.0422794
1 0.526855 0.0670956 0.0244141 0.0441176
1 0.0192871 0.196232 0.0258789 0.0505515
1 0.0148926 0.981618 0.0249023 0.0367647
1 0.0905762 0.03125 0.0336914 0.0496324
1 0.10083 0.524357 0.0249023 0.0487132
1 0.172119 0.019761 0.0288086 0.0395221
1 0.571289 0.10386 0.0234375 0.0441176
1 0.988281 0.175092 0.0214844 0.0487132
1 0.809082 0.119026 0.0224609 0.0431985
1 0.391846 0.873621 0.0229492 0.0487132
1 0.524658 0.267923 0.0249023 0.046875
1 0.37085 0.539062 0.0249023 0.0450368
1 0.320312 0.164982 0.0195312 0.0450368
1 0.334717 0.182445 0.0200195 0.046875
1 0.0983887 0.361673 0.0258789 0.046875
1 0.14502 0.588695 0.0205078 0.0431985
1 0.0942383 0.601562 0.0234375 0.0450368
1 0.897705 0.106158 0.0219727 0.0431985
1 0.196777 0.945312 0.0283203 0.0487132
1 0.401367 0.213235 0.0234375 0.0441176
1 0.806641 0.209559 0.0214844 0.0367647
1 0.98291 0.91682 0.0283203 0.0542279
1 0.196777 0.529871 0.0234375 0.0431985
1 0.414062 0.457721 0.0244141 0.0441176
1 0.209229 0.0799632 0.0249023 0.0477941
1 0.40625 0.538143 0.0234375 0.0413603
1 0.593018 0.292279 0.0229492 0.0441176
1 0.812012 0.301471 0.0244141 0.0422794
1 0.506592 0.182904 0.0249023 0.0459559
1 0.786133 0.272059 0.0234375 0.0441176
1 0.13208 0.608456 0.0209961 0.0422794
1 0.584717 0.254596 0.0229492 0.0386029
1 0.37793 0.368107 0.0253906 0.0431985
1 0.187256 0.484375 0.0239258 0.0459559
1 0.409668 0.340074 0.0253906 0.0441176
1 0.417969 0.943474 0.0253906 0.0505515
1 0.160889 0.485754 0.0239258 0.0431985
1 0.095459 0.814338 0.0268555 0.0514706
1 0.148193 0.235294 0.0249023 0.0422794
1 0.164307 0.77068 0.0268555 0.0487132
1 0.15332 0.277574 0.0253906 0.0422794
1 0.119629 0.821232 0.0244141 0.0487132
1 0.239014 0.344669 0.027832 0.0496324
1 0.312012 0.246783 0.0253906 0.046875
1 0.230957 0.761949 0.0244141 0.0459559
1 0.205322 0.314798 0.0249023 0.046875
