0 0.525391 0.209559 0.0224609 0.0459559
0 0.189697 0.54136 0.034668 0.0698529
1 0.102051 0.0243566 0.0341797 0.0487132
1 0.308838 0.901654 0.027832 0.0496324
1 0.95166 0.556526 0.03125 0.0505515
1 0.109619 0.387408 0.0288086 0.0634191
1 0.95874 0.868566 0.0249023 0.0386029
0 0.101807 0.0229779 0.034668 0.0459559
1 0.923584 0.975643 0.0297852 0.0413603
0 0.569336 0.597886 0.03125 0.0542279
0 0.825684 0.953585 0.0283203 0.0505515
0 0.799561 0.594669 0.0288086 0.0514706
1 0.310303 0.23989 0.0297852 0.0588235
0 0.922607 0.977022 0.027832 0.0422794
1 0.38501 0.258272 0.0288086 0.0496324
1 0.791748 0.925551 0.0239258 0.0496324
1 0.837402 0.764706 0.0263672 0.0459559
1 0.56958 0.596507 0.0288086 0.0514706
1 0.828857 0.625 0.0219727 0.0477941
0 0.828857 0.623162 0.0249023 0.0496324
0 0.93457 0.883272 0.0234375 0.0386029
0 0.258545 0.846967 0.0297852 0.0523897
1 0.800781 0.59421 0.0263672 0.0505515
0 0.872559 0.746324 0.0263672 0.0477941
0 0.309082 0.238511 0.0302734 0.0560662
1 0.377197 0.367647 0.0219727 0.0422794
1 0.203369 0.957261 0.0307617 0.0542279
1 0.987549 0.173254 0.0249023 0.0560662
0 0.439453 0.881434 0.0332031 0.0569853
0 0.202393 0.957261 0.0288086 0.0505515
1 0.872559 0.744485 0.0263672 0.0459559
0 0.0849609 0.238051 0.0361328 0.0588235
1 0.91626 0.494945 0.0249023 0.046875
1 0.416016 0.454963 0.0253906 0.0496324
0 0.164795 0.772518 0.027832 0.0560662
0 0.109375 0.389706 0.0292969 0.0625
1 0.391113 0.345129 0.0224609 0.0431985
1 0.825684 0.953585 0.0283203 0.0487132
0 0.0222168 0.193474 0.0336914 0.0670956
1 0.689941 0.389706 0.0302734 0.0661765
1 0.189209 0.54136 0.034668 0.0661765
