0 0.677979 0.0592831 0.0219727 0.0376838
1 0.806152 0.113051 0.0234375 0.0422794
0 0.760498 0.0615809 0.0200195 0.0330882
0 0.856201 0.0785846 0.019043 0.0376838
1 0.856934 0.866268 0.0234375 0.046875
1 0.911621 0.49954 0.0263672 0.0431985
0 0.0148926 0.200368 0.027832 0.0606618
0 0.726562 0.633732 0.0205078 0.0413603
1 0.0300293 0.886029 0.0239258 0.0367647
1 0.564453 0.607077 0.0283203 0.0487132
0 0.835205 0.128217 0.0249023 0.0395221
1 0.735596 0.178768 0.0249023 0.046875
1 0.989014 0.819853 0.019043 0.0404412
0 0.746826 0.921875 0.0258789 0.0441176
1 0.99292 0.538603 0.0141602 0.0441176
0 0.780518 0.693474 0.0239258 0.0450368
1 0.377441 0.369945 0.0263672 0.0450368
1 0.886719 0.235754 0.0253906 0.0431985
0 0.803955 0.172335 0.0249023 0.0450368
0 0.196777 0.532629 0.0244141 0.046875
1 0.0351562 0.911765 0.0224609 0.0330882
0 0.834473 0.862592 0.0205078 0.0395221
0 0.395752 0.131893 0.0219727 0.0376838
0 0.377686 0.369485 0.0249023 0.0441176
1 0.710938 0.649357 0.0224609 0.0395221
1 0.312256 0.133272 0.0268555 0.0477941
0 0.736816 0.17693 0.0244141 0.0450368
1 0.730469 0.10386 0.0234375 0.0459559
0 0.483154 0.133272 0.0219727 0.0422794
0 0.689209 0.72932 0.0209961 0.0450368
1 0.780518 0.693474 0.0239258 0.046875
1 0.835938 0.12546 0.0253906 0.0431985
1 0.381104 0.787224 0.0249023 0.046875
1 0.409912 0.341452 0.0268555 0.0450368
1 0.879883 0.824449 0.0234375 0.0459559
1 0.746826 0.921415 0.0239258 0.0431985
0 0.4646 0.111673 0.0209961 0.0431985
1 0.0766602 0.244485 0.03125 0.0533088
0 0.755859 0.789062 0.0244141 0.0431985
0 0.805908 0.112132 0.0239258 0.0441176
1 0.521484 0.0689338 0.0234375 0.0422794
0 0.729492 0.10432 0.0234375 0.0450368
0 0.880371 0.823529 0.0234375 0.0477941
1 0.72583 0.633272 0.0219727 0.0422794
1 0.463379 0.111673 0.0205078 0.0431985
1 0.196289 0.532169 0.0244141 0.0459559
1 0.678223 0.0602022 0.0234375 0.0395221
0 0.311523 0.131893 0.0292969 0.046875
1 0.650391 0.394761 0.0224609 0.0431985
0 0.236572 0.710938 0.0249023 0.0431985
0 0.409424 0.340993 0.0268555 0.0441176
1 0.37207 0.538143 0.0273438 0.0487132
1 0.013916 0.201746 0.0258789 0.0597426
0 0.521484 0.0684743 0.0253906 0.0431985
0 0.828125 0.820772 0.0234375 0.0422794
1 0.570801 0.105699 0.0234375 0.0422794
1 0.259521 0.846967 0.0288086 0.046875
1 0.679688 0.129596 0.0263672 0.0441176
0 0.39209 0.657169 0.0244141 0.0459559
1 0.440918 0.88557 0.0273438 0.046875
0 0.258301 0.846507 0.0263672 0.0422794
1 0.588867 0.363511 0.0234375 0.0450368
0 0.559814 0.877757 0.0268555 0.0459559
0 0.609375 0.0137868 0.0224609 0.0275735
0 0.315918 0.882812 0.0244141 0.046875
1 0.696777 0.448529 0.0224609 0.0386029
0 0.269531 0.984375 0.0273438 0.03125
1 0.407227 0.203585 0.0273438 0.0487132
0 0.535889 0.493107 0.0239258 0.0431985
1 0.992188 0.759651 0.015625 0.0395221
1 0.53418 0.337316 0.0234375 0.0459559
0 0.076416 0.245404 0.0327148 0.0551471
0 0.710938 0.649816 0.0234375 0.0386029
0 0.672363 0.714614 0.0224609 0.0413603
0 0.36792 0.691636 0.0249023 0.046875
0 0.856201 0.866728 0.0249023 0.0459559
1 0.225342 0.78079 0.0258789 0.0487132
1 0.921875 0.845588 0.0234375 0.0404412
1 0.196533 0.931985 0.0268555 0.0441176
1 0.852295 0.261029 0.0249023 0.0422794
1 0.710449 0.474724 0.0244141 0.0413603
1 0.813232 0.442096 0.0249023 0.0422794
1 0.799072 0.409926 0.0219727 0.0367647
1 0.187012 0.471967 0.0244141 0.046875
1 0.803223 0.171875 0.0234375 0.0441176
1 0.156494 0.501838 0.0239258 0.0477941
1 0.828857 0.624081 0.0219727 0.0459559
0 0.879883 0.0831801 0.0234375 0.0395221
1 0.876709 0.715993 0.0249023 0.0441176
1 0.0944824 0.351562 0.027832 0.0487132
1 0.395264 0.129136 0.0209961 0.0395221
0 0.466797 0.670037 0.0253906 0.0477941
1 0.0146484 0.980699 0.0244141 0.0386029
1 0.402588 0.159926 0.0209961 0.0422794
1 0.824951 0.954963 0.0297852 0.0459559
1 0.78418 0.59375 0.0273438 0.0441176
1 0.246338 0.0229779 0.0268555 0.0441176
0 0.564453 0.607537 0.0263672 0.0496324
1 0.966553 0.744945 0.0219727 0.0431985
1 0.171875 0.0174632 0.0302734 0.0349265
1 0.392578 0.875919 0.0263672 0.0514706
1 0.611328 0.25 0.0195312 0.0386029
1 0.989746 0.175551 0.0205078 0.0459559
1 0.668701 0.392463 0.0219727 0.0422794
1 0.922607 0.561581 0.0249023 0.0422794
1 0.482422 0.131893 0.0214844 0.0431985
1 0.333984 0.191176 0.0253906 0.0477941
1 0.204102 0.852941 0.0263672 0.0441176
0 0.53418 0.463235 0.0234375 0.0404412
1 0.570312 0.388787 0.0234375 0.0422794
1 0.0917969 0.0326287 0.0332031 0.0542279
0 0.299316 0.668658 0.0263672 0.046875
0 0.32373 0.634191 0.0234375 0.0422794
1 0.150391 0.232077 0.0273438 0.046875
1 0.0178223 0.455882 0.0239258 0.0496324
0 0.505859 0.678768 0.0263672 0.0487132
1 0.23584 0.346507 0.0273438 0.0533088
1 0.5979 0.299632 0.0249023 0.0441176
1 0.16333 0.772518 0.0258789 0.0487132
1 0.145752 0.586857 0.0239258 0.046875
1 0.0314941 0.409926 0.0258789 0.0441176
1 0.127197 0.828125 0.0258789 0.0496324
1 0.106201 0.530331 0.0258789 0.0459559
1 0.147705 0.301011 0.0297852 0.046875
1 0.21582 0.0776654 0.0253906 0.0487132
1 0.57959 0.248621 0.0224609 0.0431985
1 0.803711 0.221967 0.0224609 0.0431985
1 0.597656 0.230239 0.0205078 0.0413603
1 0.0915527 0.600184 0.0249023 0.0496324
1 0.0925293 0.8125 0.0268555 0.0496324
1 0.691406 0.384651 0.0244141 0.0450368
1 0.178467 0.83318 0.0258789 0.0450368
1 0.502197 0.175092 0.0249023 0.046875
1 0.314941 0.249081 0.0263672 0.0477941
1 0.810059 0.300551 0.0253906 0.0404412
1 0.527344 0.270221 0.0244141 0.0477941
1 0.132568 0.620404 0.0249023 0.0459559
1 0.419189 0.954504 0.027832 0.0505515
1 0.783691 0.27114 0.0263672 0.0459559
1 0.981201 0.734375 0.0200195 0.0404412
1 0.206055 0.313419 0.0263672 0.0496324
1 0.983643 0.92739 0.0268555 0.0514706
