1 0.330322 0.167739 0.0288086 0.0505515
1 0.806885 0.988051 0.0297852 0.0238971
0 0.911865 0.982996 0.0327148 0.0340074
0 0.681641 0.109375 0.0244141 0.0404412
1 0.0153809 0.19807 0.0258789 0.0523897
0 0.654541 0.011489 0.0288086 0.0229779
0 0.610596 0.0128676 0.0249023 0.0257353
1 0.588623 0.36443 0.0239258 0.0431985
1 0.855469 0.254136 0.0234375 0.0431985
1 0.681152 0.107077 0.0244141 0.0413603
0 0.196533 0.939798 0.0268555 0.0413603
1 0.564941 0.603401 0.0263672 0.0431985
0 0.0908203 0.0330882 0.0351562 0.0533088
1 0.238037 0.712316 0.0229492 0.0477941
0 0.834473 0.862592 0.0205078 0.0413603
1 0.879639 0.824449 0.0249023 0.0459559
0 0.731445 0.109835 0.0234375 0.046875
0 0.256836 0.844669 0.0253906 0.0441176
0 0.391113 0.659926 0.0244141 0.0422794
0 0.498047 0.672794 0.0224609 0.0477941
0 0.522705 0.0684743 0.0249023 0.046875
0 0.440674 0.884191 0.0297852 0.0514706
0 0.678467 0.0597426 0.0219727 0.0422794
0 0.405518 0.204504 0.0258789 0.0505515
0 0.779053 0.70818 0.0258789 0.0431985
1 0.0773926 0.23989 0.027832 0.0496324
0 0.587891 0.36443 0.0234375 0.0395221
1 0.414795 0.45818 0.0268555 0.0450368
1 0.49707 0.673254 0.0234375 0.0487132
0 0.410156 0.340074 0.0263672 0.0459559
0 0.375977 0.693015 0.0234375 0.0441176
1 0.825928 0.955423 0.0297852 0.0487132
1 0.371826 0.539062 0.0258789 0.046875
0 0.828125 0.621324 0.0263672 0.0514706
1 0.829102 0.622243 0.0234375 0.0477941
0 0.300781 0.66636 0.0234375 0.0459559
0 0.825684 0.955423 0.0283203 0.0487132
1 0.572021 0.102022 0.0258789 0.0477941
1 0.4104 0.340533 0.027832 0.046875
1 0.440186 0.886949 0.0288086 0.0496324
1 0.740234 0.169577 0.0253906 0.046875
1 0.258789 0.845588 0.0283203 0.0459559
0 0.752441 0.922794 0.0283203 0.0496324
1 0.188477 0.479779 0.0244141 0.0477941
1 0.678955 0.0602022 0.0239258 0.0413603
1 0.196777 0.939338 0.0263672 0.0441176
1 0.381104 0.786765 0.0229492 0.0422794
0 0.880371 0.824908 0.0234375 0.0505515
1 0.521729 0.0689338 0.0249023 0.0459559
1 0.534912 0.331342 0.0258789 0.0505515
0 0.857178 0.86443 0.0249023 0.046875
0 0.877441 0.720129 0.0283203 0.0487132
1 0.314697 0.148438 0.0239258 0.0450368
1 0.928955 0.563879 0.0268555 0.0450368
1 0.211426 0.0795037 0.0263672 0.0523897
0 0.0175781 0.196691 0.0253906 0.0514706
1 0.572998 0.390625 0.0229492 0.0386029
1 0.915771 0.495864 0.0297852 0.0487132
0 0.473877 0.670496 0.0219727 0.0450368
0 0.558594 0.882353 0.0253906 0.0459559
1 0.652344 0.397518 0.0224609 0.0431985
1 0.0148926 0.981618 0.0258789 0.0367647
1 0.838135 0.12454 0.0249023 0.0450368
1 0.163818 0.77114 0.0268555 0.0459559
1 0.925781 0.853401 0.0263672 0.046875
1 0.751953 0.922794 0.0263672 0.0496324
1 0.0961914 0.355699 0.0253906 0.0459559
1 0.0915527 0.0317096 0.0336914 0.0523897
1 0.196777 0.53079 0.0244141 0.0431985
1 0.157471 0.493107 0.0239258 0.0413603
0 0.826416 0.808824 0.0249023 0.0533088
1 0.171875 0.0188419 0.0292969 0.0376838
1 0.88208 0.0859375 0.0219727 0.0431985
0 0.785156 0.594669 0.0292969 0.0459559
0 0.31958 0.644301 0.0239258 0.0441176
1 0.66626 0.394761 0.0209961 0.0413603
0 0.755615 0.788603 0.0258789 0.0441176
1 0.596436 0.295496 0.0229492 0.0431985
0 0.56543 0.602941 0.0273438 0.0459559
1 0.0932617 0.601103 0.0224609 0.0441176
1 0.151367 0.289062 0.0263672 0.0431985
1 0.391602 0.875 0.0234375 0.0496324
1 0.858643 0.0836397 0.0219727 0.0441176
1 0.37793 0.368107 0.0253906 0.0450368
1 0.146484 0.585018 0.0205078 0.0431985
1 0.812012 0.30193 0.0263672 0.0431985
1 0.132812 0.609835 0.0214844 0.0431985
1 0.102295 0.523438 0.0239258 0.046875
1 0.805176 0.178768 0.0224609 0.0413603
1 0.03125 0.410386 0.0234375 0.0413603
1 0.808594 0.118107 0.0214844 0.0450368
1 0.124268 0.82307 0.0268555 0.046875
1 0.525635 0.268842 0.0258789 0.0487132
1 0.0222168 0.444393 0.0229492 0.0413603
1 0.147705 0.234375 0.0268555 0.0441176
1 0.335449 0.184283 0.0253906 0.0450368
1 0.989014 0.175092 0.0219727 0.0505515
1 0.897461 0.106618 0.0234375 0.0459559
1 0.691162 0.38557 0.0258789 0.046875
1 0.238525 0.346048 0.027832 0.0505515
1 0.58252 0.245864 0.0234375 0.0431985
1 0.785156 0.271599 0.0253906 0.046875
1 0.805664 0.210478 0.0244141 0.0422794
1 0.504639 0.176471 0.0268555 0.0496324
1 0.0939941 0.815257 0.0288086 0.0533088
1 0.205322 0.314338 0.0249023 0.0477941
1 0.419434 0.945312 0.0263672 0.0487132
1 0.227539 0.769761 0.0253906 0.0450368
1 0.982666 0.920037 0.0297852 0.0569853
1 0.314209 0.247243 0.0258789 0.0459559
