1 0.806152 0.988051 0.0302734 0.0238971
1 0.611328 0.0124081 0.0253906 0.0248162
1 0.139404 0.602941 0.0239258 0.0496324
0 0.834473 0.862592 0.0185547 0.0395221
0 0.915771 0.494485 0.0249023 0.0441176
0 0.440186 0.884651 0.0288086 0.0505515
0 0.678467 0.0592831 0.0209961 0.0413603
1 0.740723 0.164522 0.0234375 0.0441176
1 0.731445 0.115349 0.0234375 0.0431985
0 0.587402 0.36443 0.0224609 0.0358456
0 0.68042 0.106158 0.0229492 0.0395221
0 0.731934 0.115809 0.0244141 0.0441176
0 0.776367 0.712316 0.0234375 0.0459559
0 0.912598 0.983456 0.0283203 0.0330882
0 0.786621 0.59421 0.0283203 0.046875
1 0.857666 0.863971 0.0249023 0.0477941
1 0.65918 0.39568 0.03125 0.0487132
1 0.879883 0.824449 0.0234375 0.0441176
0 0.880371 0.824908 0.0234375 0.0487132
0 0.826416 0.806066 0.0249023 0.0533088
1 0.557373 0.881434 0.0268555 0.0441176
0 0.877441 0.721048 0.0263672 0.046875
1 0.806152 0.186581 0.0234375 0.0404412
1 0.475342 0.668199 0.0200195 0.0422794
0 0.828125 0.622243 0.0253906 0.0496324
0 0.825684 0.954963 0.0283203 0.0496324
1 0.856201 0.252298 0.0249023 0.0450368
1 0.916504 0.493107 0.0234375 0.046875
0 0.75415 0.923254 0.0288086 0.0487132
1 0.408691 0.537684 0.0234375 0.0404412
1 0.439453 0.88557 0.0273438 0.046875
1 0.575928 0.391544 0.0209961 0.0349265
1 0.381592 0.786765 0.0219727 0.0404412
0 0.557373 0.884191 0.0268555 0.0441176
1 0.825928 0.955882 0.0297852 0.0496324
1 0.828857 0.622702 0.0219727 0.046875
1 0.534668 0.331342 0.0244141 0.0487132
1 0.678711 0.0606618 0.0234375 0.0404412
1 0.403809 0.209099 0.0234375 0.0487132
1 0.0185547 0.195772 0.0253906 0.0496324
1 0.301025 0.66636 0.0219727 0.0422794
1 0.49292 0.670956 0.0219727 0.0422794
1 0.25708 0.84375 0.0249023 0.0441176
1 0.237061 0.713235 0.0239258 0.0441176
1 0.31665 0.646599 0.0209961 0.0413603
0 0.755615 0.789522 0.0249023 0.0422794
1 0.378418 0.691176 0.0224609 0.0441176
1 0.196045 0.941636 0.027832 0.0487132
1 0.838379 0.12454 0.0234375 0.0450368
1 0.37085 0.539062 0.0249023 0.046875
1 0.929688 0.564338 0.0253906 0.0441176
1 0.414062 0.457261 0.0253906 0.0450368
1 0.88208 0.0863971 0.0200195 0.0422794
1 0.0908203 0.0321691 0.0332031 0.0496324
0 0.565918 0.601562 0.0263672 0.046875
1 0.389893 0.662684 0.0229492 0.0422794
1 0.523438 0.0684743 0.0244141 0.0450368
1 0.926514 0.855239 0.0268555 0.046875
1 0.571533 0.102941 0.0239258 0.0441176
1 0.753906 0.923713 0.0283203 0.0533088
1 0.0146484 0.981618 0.0253906 0.0367647
1 0.858643 0.0836397 0.0200195 0.0441176
1 0.210205 0.0799632 0.0258789 0.0496324
1 0.317139 0.15625 0.0229492 0.0459559
1 0.0966797 0.358915 0.0253906 0.046875
1 0.391602 0.87454 0.0234375 0.0487132
1 0.172363 0.0193015 0.0292969 0.0386029
1 0.0935059 0.601103 0.0219727 0.0441176
1 0.525146 0.268382 0.0249023 0.0477941
1 0.410156 0.339614 0.0253906 0.0450368
1 0.809326 0.118107 0.0219727 0.0431985
1 0.078125 0.238051 0.0263672 0.0496324
1 0.595703 0.296875 0.0244141 0.0404412
1 0.691162 0.38557 0.0249023 0.046875
1 0.812012 0.301471 0.0244141 0.0441176
1 0.145996 0.586857 0.0195312 0.0431985
1 0.989014 0.174632 0.0219727 0.0496324
1 0.101562 0.523438 0.0234375 0.046875
1 0.897705 0.106618 0.0219727 0.0441176
1 0.03125 0.409926 0.0224609 0.0404412
1 0.785645 0.271599 0.0234375 0.0450368
1 0.196533 0.530331 0.0229492 0.0422794
1 0.37793 0.368107 0.0253906 0.0431985
1 0.419189 0.943934 0.0258789 0.0496324
1 0.132324 0.609375 0.0214844 0.0422794
1 0.583252 0.247702 0.0239258 0.0431985
1 0.805664 0.210018 0.0234375 0.0413603
1 0.506104 0.179228 0.0258789 0.0459559
1 0.1875 0.482077 0.0244141 0.0450368
1 0.121582 0.822151 0.0263672 0.0450368
1 0.147949 0.235294 0.0253906 0.0441176
1 0.159424 0.488511 0.0219727 0.0395221
1 0.0944824 0.815257 0.027832 0.0514706
1 0.0241699 0.4375 0.0239258 0.0422794
1 0.335449 0.182904 0.0234375 0.0459559
1 0.98291 0.918658 0.0283203 0.0542279
1 0.238525 0.346048 0.027832 0.0505515
1 0.164062 0.77114 0.0263672 0.0459559
1 0.205322 0.314338 0.0239258 0.0477941
1 0.152588 0.283548 0.0249023 0.0431985
1 0.313232 0.247243 0.0249023 0.0441176
1 0.22876 0.765625 0.0249023 0.0441176
