1 0.395752 0.354779 0.0366211 0.0496324
1 0.882812 0.241728 0.0214844 0.0459559
0 0.0966797 0.0248162 0.0302734 0.0459559
0 0.859375 0.0845588 0.0205078 0.0441176
0 0.541504 0.90671 0.0302734 0.0487132
0 0.543457 0.0592831 0.0185547 0.0395221
1 0.858643 0.254136 0.0200195 0.0395221
1 0.164062 0.772059 0.0292969 0.0551471
1 0.0969238 0.0243566 0.0327148 0.0487132
0 0.776367 0.921875 0.0273438 0.0514706
0 0.920898 0.979779 0.03125 0.0404412
1 0.171875 0.0220588 0.0283203 0.0441176
0 0.258789 0.846507 0.0263672 0.0514706
0 0.409668 0.90625 0.0224609 0.0441176
0 0.567627 0.597426 0.0307617 0.0551471
1 0.258789 0.846507 0.0273438 0.0496324
1 0.810791 0.119485 0.0219727 0.0459559
0 0.797363 0.59375 0.0253906 0.0477941
1 0.934326 0.879596 0.0249023 0.0422794
0 0.199951 0.959099 0.0317383 0.0542279
0 0.391357 0.870864 0.0209961 0.046875
1 0.520264 0.203125 0.0209961 0.0422794
1 0.828857 0.623621 0.0219727 0.046875
1 0.568848 0.597886 0.0273438 0.0487132
1 0.92041 0.978401 0.03125 0.0431985
0 0.558594 0.0716912 0.0205078 0.0386029
1 0.105225 0.383732 0.0297852 0.0597426
1 0.989014 0.172794 0.0219727 0.0496324
0 0.871826 0.744026 0.0268555 0.046875
0 0.0849609 0.23943 0.0332031 0.0579044
0 0.826416 0.954044 0.0297852 0.0514706
1 0.541748 0.908548 0.027832 0.0487132
1 0.824951 0.775276 0.0249023 0.0487132
1 0.776855 0.921415 0.0283203 0.0523897
1 0.83667 0.12454 0.0219727 0.0431985
1 0.525146 0.269761 0.0219727 0.0395221
0 0.105469 0.383732 0.0302734 0.0579044
1 0.786133 0.272518 0.0234375 0.0450368
1 0.917236 0.492647 0.0249023 0.0477941
1 0.826416 0.954963 0.0297852 0.0514706
0 0.164795 0.77114 0.0297852 0.0496324
1 0.528564 0.309743 0.0209961 0.0404412
1 0.199707 0.95864 0.0292969 0.0514706
0 0.828857 0.622702 0.0249023 0.0487132
0 0.0224609 0.193474 0.03125 0.0615809
0 0.438965 0.884651 0.0234375 0.0487132
1 0.391602 0.871783 0.0234375 0.0487132
1 0.939941 0.564338 0.0263672 0.0496324
0 0.172119 0.0229779 0.0288086 0.0422794
1 0.871826 0.742647 0.0249023 0.0514706
1 0.803223 0.300551 0.0234375 0.0441176
1 0.879883 0.827206 0.0234375 0.0422794
1 0.311279 0.244485 0.0268555 0.0459559
0 0.191162 0.0533088 0.027832 0.0551471
1 0.415527 0.454963 0.0244141 0.0459559
1 0.86792 0.852941 0.0249023 0.0477941
1 0.974121 0.889706 0.0263672 0.0422794
1 0.689697 0.387408 0.0297852 0.0615809
1 0.408691 0.340074 0.0234375 0.0459559
1 0.391602 0.238511 0.0273438 0.0523897
1 0.37793 0.368566 0.0253906 0.0459559
1 0.189453 0.542279 0.0322266 0.0606618
