1 0.801514 0.59329 0.0249023 0.0505515
0 0.102295 0.0238971 0.0356445 0.0477941
0 0.189697 0.542279 0.034668 0.0716912
0 0.524414 0.205882 0.0234375 0.0477941
0 0.859375 0.082261 0.0234375 0.046875
1 0.309326 0.237592 0.027832 0.0579044
1 0.439209 0.880974 0.0297852 0.0597426
1 0.103027 0.0248162 0.0361328 0.0496324
0 0.381104 0.267463 0.0297852 0.0514706
0 0.80249 0.930147 0.0249023 0.0459559
1 0.258301 0.847886 0.0302734 0.0523897
0 0.203613 0.957261 0.03125 0.0542279
1 0.381592 0.267923 0.0268555 0.0505515
1 0.872559 0.745864 0.0263672 0.0487132
0 0.259033 0.847886 0.0317383 0.0523897
0 0.825928 0.953585 0.0249023 0.0450368
1 0.958496 0.555607 0.0283203 0.0505515
0 0.84375 0.766085 0.0283203 0.046875
0 0.924805 0.975643 0.03125 0.0487132
1 0.416016 0.454504 0.0273438 0.0542279
0 0.800781 0.59375 0.0263672 0.0496324
1 0.987549 0.172794 0.0249023 0.0569853
0 0.438965 0.881434 0.0341797 0.0569853
0 0.308594 0.237132 0.0302734 0.0588235
0 0.570068 0.596967 0.0297852 0.0560662
1 0.916504 0.496324 0.0263672 0.0477941
0 0.0852051 0.238971 0.034668 0.0625
1 0.204102 0.957261 0.03125 0.0560662
0 0.828857 0.623621 0.0249023 0.0505515
0 0.164551 0.772978 0.0292969 0.0569853
1 0.303955 0.90625 0.0288086 0.0588235
1 0.689941 0.389706 0.03125 0.0661765
0 0.872559 0.746324 0.0263672 0.0496324
0 0.0224609 0.193015 0.0322266 0.0661765
0 0.109375 0.387868 0.0302734 0.0625
1 0.189209 0.542279 0.0336914 0.0661765
