1 0.401367 0.348805 0.0400391 0.046875
1 0.870361 0.116268 0.0170898 0.0376838
1 0.140137 0.600184 0.0234375 0.0496324
0 0.575439 0.392463 0.019043 0.0349265
0 0.587646 0.36489 0.0209961 0.03125
1 0.587402 0.365349 0.0205078 0.0321691
0 0.85791 0.863051 0.0263672 0.0459559
1 0.806152 0.987592 0.0302734 0.0248162
0 0.834473 0.863051 0.0185547 0.0386029
0 0.775879 0.714614 0.0234375 0.0450368
1 0.576904 0.391544 0.0200195 0.0330882
1 0.381592 0.786765 0.0209961 0.0404412
1 0.857666 0.863051 0.0249023 0.0459559
1 0.879883 0.824449 0.0234375 0.0441176
1 0.680908 0.104779 0.0229492 0.0404412
1 0.806152 0.18704 0.0205078 0.0376838
1 0.755615 0.924632 0.0288086 0.0514706
0 0.556641 0.88511 0.0263672 0.0422794
1 0.828857 0.622243 0.0219727 0.0459559
1 0.917236 0.494026 0.027832 0.046875
0 0.877197 0.722426 0.0249023 0.0441176
0 0.880371 0.824908 0.0234375 0.046875
1 0.389648 0.667279 0.0195312 0.0441176
0 0.787109 0.59375 0.0273438 0.0459559
1 0.741211 0.162224 0.0234375 0.0413603
1 0.302002 0.664982 0.0219727 0.0413603
0 0.827393 0.802849 0.0268555 0.0505515
1 0.315186 0.650276 0.0200195 0.0376838
1 0.439453 0.88511 0.0273438 0.0459559
1 0.534424 0.331801 0.0239258 0.0441176
1 0.556641 0.882353 0.0263672 0.0441176
0 0.912354 0.982996 0.0297852 0.0340074
1 0.731689 0.116728 0.0229492 0.0422794
0 0.828857 0.622243 0.0249023 0.0496324
0 0.755859 0.924173 0.0292969 0.0487132
1 0.857178 0.253676 0.0249023 0.0422794
1 0.0795898 0.235754 0.0273438 0.0487132
1 0.0310059 0.411305 0.0200195 0.0376838
0 0.565918 0.601103 0.0263672 0.0459559
1 0.929688 0.563419 0.0253906 0.0441176
1 0.407227 0.538143 0.0234375 0.0395221
1 0.679443 0.0611213 0.0219727 0.0395221
1 0.526611 0.0680147 0.0258789 0.0441176
0 0.825684 0.955423 0.0283203 0.0487132
0 0.755615 0.789062 0.0249023 0.0431985
1 0.25708 0.84421 0.0258789 0.0450368
1 0.0187988 0.195772 0.0258789 0.0514706
1 0.838379 0.12454 0.0234375 0.0431985
1 0.690674 0.384651 0.0268555 0.046875
1 0.92749 0.856158 0.0249023 0.046875
1 0.237793 0.714614 0.0244141 0.0450368
1 0.318604 0.162684 0.0200195 0.0459559
1 0.571289 0.10386 0.0234375 0.0441176
1 0.0241699 0.4375 0.0219727 0.0386029
1 0.0146484 0.981158 0.0253906 0.0376838
1 0.88208 0.0863971 0.0200195 0.0422794
1 0.0908203 0.0317096 0.0332031 0.0487132
1 0.371094 0.539062 0.0253906 0.046875
1 0.145264 0.587776 0.0200195 0.0431985
1 0.172363 0.019761 0.0292969 0.0395221
1 0.401855 0.212316 0.0234375 0.0459559
1 0.197021 0.944853 0.027832 0.0477941
1 0.524902 0.268382 0.0244141 0.0477941
1 0.391602 0.873621 0.0234375 0.0505515
1 0.37915 0.688879 0.0209961 0.0431985
1 0.09375 0.601562 0.0234375 0.0450368
1 0.858643 0.0836397 0.0200195 0.0422794
1 0.414062 0.457261 0.0244141 0.0450368
1 0.594238 0.295496 0.0234375 0.0395221
1 0.988281 0.175092 0.0234375 0.0487132
1 0.097168 0.361213 0.0263672 0.0477941
1 0.10083 0.524357 0.0249023 0.046875
1 0.809326 0.119026 0.0219727 0.0431985
1 0.209473 0.0804228 0.0253906 0.0487132
1 0.811523 0.30193 0.0234375 0.0413603
1 0.196777 0.529871 0.0234375 0.0431985
1 0.897705 0.105699 0.0219727 0.0441176
1 0.410156 0.339614 0.0253906 0.0450368
1 0.506592 0.181526 0.0258789 0.046875
1 0.13208 0.608915 0.0209961 0.0413603
1 0.98291 0.917739 0.0283203 0.0560662
1 0.786133 0.271599 0.0234375 0.0450368
1 0.377686 0.368107 0.0249023 0.0431985
1 0.153564 0.279412 0.0249023 0.0404412
1 0.583984 0.252298 0.0224609 0.0413603
1 0.418213 0.943474 0.0258789 0.0487132
1 0.80542 0.209559 0.0219727 0.0386029
1 0.334961 0.182445 0.0214844 0.046875
1 0.1875 0.483456 0.0244141 0.0459559
1 0.119873 0.822151 0.0249023 0.0487132
1 0.1604 0.486673 0.0239258 0.0413603
1 0.164307 0.77068 0.0268555 0.0487132
1 0.0949707 0.814338 0.027832 0.0514706
1 0.147949 0.235294 0.0253906 0.0441176
1 0.239014 0.345129 0.027832 0.0505515
1 0.312744 0.247243 0.0258789 0.0459559
1 0.205078 0.314338 0.0244141 0.0477941
1 0.229736 0.763327 0.0249023 0.046875
