0 0.82666 0.954044 0.0263672 0.0514706
0 0.525391 0.210018 0.0224609 0.0450368
0 0.791016 0.926471 0.0253906 0.0477941
1 0.309326 0.900735 0.027832 0.0496324
1 0.102051 0.0238971 0.0332031 0.0477941
1 0.109863 0.386949 0.0292969 0.0643382
1 0.438721 0.880515 0.0297852 0.0588235
0 0.101807 0.0229779 0.034668 0.0459559
1 0.950195 0.556985 0.03125 0.0477941
0 0.819336 0.126838 0.0234375 0.0441176
0 0.189453 0.54182 0.0351562 0.0707721
1 0.56958 0.596507 0.0288086 0.0514706
0 0.799316 0.595588 0.0283203 0.0514706
1 0.310303 0.240809 0.0297852 0.0588235
0 0.922607 0.976562 0.027832 0.0431985
1 0.835205 0.764706 0.0249023 0.0477941
1 0.790527 0.925092 0.0263672 0.0505515
1 0.923584 0.975643 0.0297852 0.0431985
0 0.56958 0.596967 0.0288086 0.0542279
1 0.960205 0.869026 0.0249023 0.0413603
0 0.872559 0.746324 0.0283203 0.0477941
1 0.38501 0.257353 0.0288086 0.0496324
1 0.203125 0.95818 0.03125 0.0542279
0 0.93457 0.882353 0.0234375 0.0386029
0 0.309814 0.238971 0.0307617 0.0569853
1 0.828857 0.62454 0.0219727 0.0487132
1 0.800781 0.594669 0.0263672 0.0496324
0 0.828857 0.623162 0.0249023 0.0496324
1 0.987793 0.173254 0.0244141 0.0560662
0 0.439209 0.881434 0.0336914 0.0588235
1 0.416016 0.454504 0.0253906 0.0487132
0 0.259033 0.847426 0.0288086 0.0514706
1 0.872559 0.744485 0.0283203 0.0459559
1 0.377197 0.367647 0.0219727 0.0422794
1 0.91626 0.495864 0.0249023 0.046875
0 0.202393 0.957261 0.0288086 0.0505515
0 0.0852051 0.238971 0.034668 0.0625
0 0.164795 0.772518 0.0288086 0.0560662
0 0.108887 0.388327 0.0302734 0.0615809
1 0.39209 0.34421 0.0224609 0.0431985
0 0.0219727 0.193474 0.0332031 0.0670956
1 0.825684 0.953585 0.0283203 0.0487132
1 0.689941 0.389706 0.0302734 0.0661765
1 0.189209 0.542279 0.034668 0.0661765
