0 0.310791 0.242188 0.0297852 0.0505515
1 0.390381 0.869945 0.0200195 0.0413603
1 0.311035 0.896599 0.0283203 0.0487132
0 0.798584 0.595588 0.027832 0.0477941
0 0.567871 0.596967 0.0302734 0.0542279
0 0.189453 0.54136 0.0322266 0.0643382
1 0.858643 0.0840993 0.0219727 0.046875
0 0.920898 0.977941 0.03125 0.0422794
1 0.825928 0.954963 0.0297852 0.0533088
0 0.439209 0.881434 0.0249023 0.0441176
1 0.568848 0.596507 0.0273438 0.0477941
1 0.799072 0.59421 0.0268555 0.046875
1 0.522949 0.20864 0.0185547 0.0404412
1 0.934326 0.880515 0.0249023 0.0441176
1 0.921875 0.977941 0.0332031 0.0441176
1 0.786621 0.27068 0.0234375 0.0376838
0 0.201172 0.959099 0.03125 0.0542279
1 0.201416 0.95818 0.0307617 0.0542279
1 0.536377 0.915901 0.0258789 0.0487132
0 0.933594 0.883272 0.0253906 0.0422794
0 0.259033 0.846967 0.0268555 0.0487132
0 0.828857 0.623162 0.0249023 0.0496324
1 0.917236 0.494026 0.0249023 0.0487132
1 0.829102 0.624081 0.0234375 0.0477941
1 0.811279 0.119945 0.0229492 0.0487132
1 0.98877 0.172794 0.0224609 0.0496324
0 0.828125 0.772059 0.03125 0.0551471
1 0.943848 0.563419 0.0263672 0.0459559
0 0.779785 0.921875 0.0322266 0.0496324
0 0.872559 0.745864 0.0283203 0.0487132
1 0.528564 0.309743 0.0209961 0.0404412
0 0.0849609 0.238971 0.0341797 0.0606618
0 0.165283 0.773438 0.0268555 0.0505515
1 0.526611 0.270221 0.0209961 0.0386029
1 0.836914 0.124081 0.0234375 0.0459559
1 0.415039 0.455882 0.0234375 0.0441176
1 0.311279 0.242647 0.0297852 0.0496324
0 0.108398 0.389246 0.0292969 0.0597426
0 0.0219727 0.193015 0.0332031 0.0661765
0 0.826416 0.953585 0.0297852 0.0542279
1 0.400879 0.33364 0.0234375 0.0422794
1 0.969482 0.880974 0.0249023 0.0487132
1 0.388672 0.248621 0.0263672 0.0487132
1 0.37793 0.368107 0.0244141 0.0450368
1 0.189209 0.54182 0.0327148 0.0615809
1 0.689941 0.389246 0.03125 0.0634191
