0 0.681641 0.109375 0.0244141 0.0404412
0 0.267822 0.986213 0.027832 0.0275735
1 0.60083 0.233456 0.0200195 0.0386029
0 0.911621 0.982996 0.03125 0.0340074
1 0.588135 0.36489 0.0249023 0.0422794
1 0.871826 0.117647 0.019043 0.0386029
0 0.654541 0.011489 0.0288086 0.0229779
1 0.807861 0.988051 0.0297852 0.0238971
0 0.610596 0.0128676 0.0249023 0.0257353
1 0.0153809 0.198529 0.0258789 0.0514706
1 0.681152 0.107537 0.0244141 0.0404412
1 0.564941 0.603401 0.0273438 0.0431985
0 0.196533 0.939798 0.0268555 0.0431985
1 0.854492 0.254596 0.0234375 0.0422794
0 0.258545 0.844669 0.0249023 0.0441176
0 0.834473 0.861673 0.0205078 0.0413603
1 0.879639 0.824449 0.0249023 0.0459559
0 0.0908203 0.0330882 0.0351562 0.0533088
1 0.497559 0.673254 0.0234375 0.0487132
0 0.731445 0.108915 0.0234375 0.046875
0 0.678467 0.0597426 0.0219727 0.0422794
0 0.522705 0.0684743 0.0249023 0.046875
1 0.238037 0.712316 0.0229492 0.0477941
0 0.391113 0.659926 0.0244141 0.0422794
0 0.778809 0.70818 0.0263672 0.0431985
0 0.571777 0.391085 0.0205078 0.0376838
0 0.440674 0.884651 0.0288086 0.0505515
0 0.828857 0.621324 0.0268555 0.0514706
1 0.825928 0.955882 0.0297852 0.0477941
1 0.414795 0.45818 0.0268555 0.0450368
0 0.375977 0.693015 0.0234375 0.0441176
1 0.534912 0.331342 0.0258789 0.0505515
0 0.410156 0.339614 0.0263672 0.0450368
0 0.405762 0.204963 0.0263672 0.0496324
0 0.498047 0.672794 0.0224609 0.0477941
1 0.0773926 0.240349 0.027832 0.0505515
1 0.572998 0.390625 0.0229492 0.0386029
0 0.301025 0.66682 0.0239258 0.0450368
1 0.928955 0.564338 0.0268555 0.0441176
1 0.829102 0.622702 0.0234375 0.0487132
0 0.877441 0.720129 0.0283203 0.0487132
0 0.825684 0.955882 0.0283203 0.0477941
1 0.371826 0.539522 0.0258789 0.0477941
1 0.410156 0.340533 0.0273438 0.046875
1 0.572021 0.102482 0.0258789 0.046875
1 0.652344 0.397518 0.0224609 0.0431985
1 0.259033 0.845588 0.027832 0.0459559
0 0.017334 0.197151 0.0258789 0.0505515
1 0.740234 0.170037 0.0253906 0.0459559
0 0.587891 0.36443 0.0234375 0.0395221
1 0.439697 0.88557 0.0288086 0.046875
1 0.521729 0.0689338 0.0249023 0.0459559
0 0.880371 0.824908 0.0234375 0.0505515
1 0.314941 0.148438 0.0244141 0.0450368
0 0.752441 0.922794 0.0283203 0.0477941
1 0.678955 0.0602022 0.0239258 0.0413603
1 0.915771 0.495404 0.0297852 0.0477941
1 0.381104 0.786765 0.0229492 0.0422794
1 0.196533 0.939338 0.0268555 0.0441176
0 0.857178 0.86443 0.0249023 0.0487132
1 0.188477 0.479779 0.0244141 0.0477941
1 0.211426 0.0795037 0.0263672 0.0523897
0 0.473877 0.670496 0.0219727 0.046875
0 0.558594 0.883272 0.0253906 0.0459559
1 0.751953 0.922794 0.0273438 0.0496324
1 0.838135 0.12454 0.0249023 0.0450368
0 0.826416 0.808824 0.0249023 0.0533088
1 0.925781 0.85386 0.0263672 0.0459559
1 0.0148926 0.981618 0.0258789 0.0367647
0 0.7854 0.594669 0.0288086 0.0459559
1 0.0913086 0.0317096 0.0332031 0.0523897
1 0.666748 0.394761 0.0209961 0.0413603
1 0.596436 0.295496 0.0229492 0.0431985
0 0.755615 0.788603 0.0258789 0.0441176
1 0.157471 0.492647 0.0239258 0.0441176
1 0.172119 0.0188419 0.0297852 0.0376838
1 0.391602 0.875 0.0234375 0.0496324
0 0.320068 0.644301 0.0239258 0.0441176
1 0.0964355 0.356158 0.0258789 0.0450368
1 0.881104 0.0863971 0.0219727 0.0422794
1 0.163574 0.77114 0.0263672 0.0459559
1 0.196777 0.529871 0.0234375 0.0431985
1 0.525635 0.268842 0.0258789 0.0487132
0 0.56543 0.602941 0.0273438 0.0459559
1 0.151367 0.289062 0.0263672 0.0431985
1 0.37793 0.369026 0.0253906 0.0450368
1 0.0930176 0.602022 0.0239258 0.0459559
1 0.858643 0.0836397 0.0219727 0.0441176
1 0.811523 0.301471 0.0253906 0.0441176
1 0.805176 0.178309 0.0224609 0.0422794
1 0.146484 0.585018 0.0205078 0.0431985
1 0.102295 0.523897 0.0239258 0.0459559
1 0.124268 0.82307 0.0268555 0.046875
1 0.335693 0.184743 0.0258789 0.0459559
1 0.0222168 0.444393 0.0229492 0.0413603
1 0.80835 0.118107 0.0219727 0.0450368
1 0.691162 0.38557 0.0258789 0.046875
1 0.03125 0.410846 0.0234375 0.0422794
1 0.132812 0.609835 0.0214844 0.0413603
1 0.147705 0.234375 0.0268555 0.0441176
1 0.988281 0.175092 0.0214844 0.0505515
1 0.58252 0.246324 0.0234375 0.0422794
1 0.897461 0.107077 0.0234375 0.0450368
1 0.805664 0.210478 0.0244141 0.0422794
1 0.504639 0.176471 0.0268555 0.0496324
1 0.238525 0.345588 0.027832 0.0514706
1 0.0942383 0.815257 0.0292969 0.0514706
1 0.419189 0.946232 0.0268555 0.0487132
1 0.785156 0.271599 0.0253906 0.046875
1 0.227539 0.769761 0.0253906 0.0450368
1 0.205322 0.314338 0.0249023 0.0477941
1 0.313721 0.247243 0.0258789 0.0459559
1 0.98291 0.919577 0.0283203 0.0560662
