0 0.858643 0.0836397 0.0219727 0.0459559
0 0.834229 0.769761 0.0297852 0.0505515
1 0.109375 0.387408 0.0292969 0.0634191
0 0.101562 0.0225184 0.0341797 0.0450368
0 0.189697 0.54182 0.034668 0.0707721
1 0.101807 0.0238971 0.0336914 0.0477941
1 0.788574 0.924173 0.0263672 0.0487132
0 0.789795 0.925092 0.0268555 0.0505515
0 0.922607 0.976103 0.027832 0.0441176
1 0.56958 0.596048 0.027832 0.0505515
1 0.833496 0.767463 0.0283203 0.0514706
0 0.569336 0.597886 0.03125 0.0542279
0 0.799316 0.595588 0.0283203 0.0514706
0 0.872559 0.745864 0.0283203 0.0487132
1 0.923584 0.976103 0.0297852 0.0441176
1 0.310303 0.23943 0.0307617 0.0560662
0 0.309814 0.238511 0.0307617 0.0560662
1 0.948486 0.560662 0.0249023 0.0477941
1 0.38501 0.255515 0.0288086 0.0477941
1 0.960938 0.870404 0.0253906 0.0422794
0 0.828857 0.623162 0.0249023 0.0496324
1 0.203125 0.957261 0.0302734 0.0542279
1 0.829102 0.62454 0.0234375 0.0487132
1 0.800049 0.595129 0.0268555 0.0505515
1 0.988281 0.172335 0.0234375 0.0505515
0 0.259033 0.847426 0.027832 0.0514706
0 0.93457 0.882812 0.0234375 0.0395221
0 0.818604 0.120864 0.0249023 0.0487132
0 0.202393 0.957261 0.027832 0.0505515
0 0.439453 0.881434 0.0332031 0.0588235
0 0.0852051 0.238051 0.0356445 0.0588235
1 0.872559 0.745864 0.0283203 0.046875
1 0.91626 0.495864 0.0249023 0.046875
0 0.164795 0.772518 0.0288086 0.0560662
1 0.415771 0.454963 0.0249023 0.0477941
1 0.377197 0.367647 0.0219727 0.0422794
0 0.109131 0.388327 0.0297852 0.0615809
0 0.0222168 0.193015 0.0336914 0.0661765
1 0.825684 0.954504 0.0283203 0.0505515
1 0.392822 0.341912 0.0239258 0.0422794
1 0.689453 0.390165 0.0302734 0.0652574
1 0.189209 0.54182 0.034668 0.0670956
