0 0.536865 0.913603 0.0288086 0.0514706
1 0.88208 0.241728 0.0219727 0.0477941
1 0.857666 0.249081 0.0219727 0.0386029
1 0.858643 0.0840993 0.0200195 0.0450368
1 0.798584 0.594669 0.0249023 0.0459559
1 0.920898 0.978401 0.03125 0.0431985
1 0.522705 0.20864 0.019043 0.0404412
0 0.189697 0.540901 0.0327148 0.0652574
0 0.567871 0.597426 0.0302734 0.0533088
1 0.569336 0.597426 0.0273438 0.0477941
1 0.536865 0.914982 0.0249023 0.046875
1 0.390869 0.870404 0.0200195 0.0441176
1 0.828857 0.62454 0.0219727 0.046875
1 0.405029 0.887868 0.0229492 0.0441176
0 0.797852 0.595588 0.0273438 0.0459559
0 0.438965 0.882353 0.0244141 0.0459559
1 0.201416 0.95818 0.0307617 0.0523897
1 0.811279 0.119485 0.0229492 0.0477941
1 0.916992 0.494026 0.0234375 0.0487132
0 0.201416 0.95818 0.027832 0.0487132
1 0.942871 0.563879 0.0283203 0.0505515
1 0.989014 0.172335 0.0219727 0.0487132
0 0.258789 0.846967 0.0263672 0.0505515
0 0.920898 0.97886 0.03125 0.0422794
1 0.528564 0.309743 0.0209961 0.0404412
1 0.836914 0.124081 0.0234375 0.0441176
1 0.526123 0.269761 0.0209961 0.0395221
0 0.827148 0.773438 0.03125 0.0523897
1 0.970459 0.883272 0.0249023 0.0459559
0 0.0849609 0.238511 0.0341797 0.0597426
1 0.786377 0.272059 0.0229492 0.0404412
0 0.872559 0.744485 0.0263672 0.0477941
0 0.933594 0.882812 0.0253906 0.0413603
0 0.828857 0.623621 0.0249023 0.0487132
0 0.165283 0.772059 0.027832 0.0496324
0 0.778564 0.922794 0.0297852 0.0496324
1 0.415039 0.454963 0.0234375 0.0422794
0 0.108398 0.388327 0.0283203 0.0579044
1 0.797607 0.293658 0.0239258 0.0413603
1 0.310791 0.243107 0.0288086 0.0487132
1 0.388184 0.245864 0.0263672 0.0523897
0 0.0222168 0.192555 0.0327148 0.0652574
1 0.37793 0.368107 0.0253906 0.046875
1 0.689941 0.389706 0.0302734 0.0643382
1 0.189453 0.54182 0.0332031 0.0615809
0 0.826416 0.953585 0.0297852 0.0523897
1 0.403076 0.335018 0.0229492 0.0431985
