0 0.990723 0.415441 0.0185547 0.0367647
0 0.234131 0.340533 0.0268555 0.0542279
1 0.882812 0.241728 0.0205078 0.0459559
0 0.199707 0.0680147 0.0283203 0.0496324
1 0.103516 0.379596 0.0302734 0.0569853
0 0.859375 0.0845588 0.0205078 0.0459559
1 0.835938 0.866728 0.0185547 0.0367647
0 0.824951 0.782629 0.027832 0.046875
1 0.858643 0.254596 0.0200195 0.0404412
1 0.77002 0.752298 0.0273438 0.046875
1 0.919434 0.980699 0.03125 0.0386029
1 0.811035 0.116728 0.0205078 0.0441176
1 0.547363 0.901654 0.0263672 0.0441176
1 0.917236 0.491728 0.027832 0.0459559
0 0.770752 0.925092 0.0268555 0.0505515
0 0.567627 0.596967 0.0288086 0.0523897
0 0.198242 0.95864 0.03125 0.0533088
1 0.806885 0.300551 0.0219727 0.0422794
0 0.810791 0.118566 0.0219727 0.0459559
1 0.825928 0.955882 0.0297852 0.0496324
0 0.785889 0.27114 0.0229492 0.0459559
1 0.828857 0.623621 0.0219727 0.046875
1 0.824951 0.78079 0.0268555 0.0487132
1 0.0935059 0.0275735 0.0327148 0.0477941
1 0.836914 0.125 0.0234375 0.0422794
1 0.989014 0.172794 0.0219727 0.0477941
1 0.756348 0.789522 0.0244141 0.0441176
0 0.0219727 0.193934 0.0273438 0.0514706
1 0.20752 0.315257 0.0263672 0.0496324
0 0.689941 0.387408 0.0283203 0.0560662
1 0.198975 0.066636 0.0258789 0.046875
1 0.234375 0.339614 0.0273438 0.0487132
1 0.690186 0.386489 0.027832 0.0560662
0 0.79248 0.590533 0.0263672 0.046875
0 0.0852051 0.238511 0.0307617 0.0542279
1 0.518066 0.198989 0.0205078 0.0376838
1 0.439453 0.883732 0.0244141 0.0487132
1 0.933594 0.565717 0.0234375 0.046875
0 0.207764 0.316636 0.0268555 0.0523897
0 0.102539 0.379596 0.0292969 0.0533088
1 0.568359 0.598346 0.0263672 0.0477941
0 0.932129 0.877757 0.0263672 0.0459559
0 0.756836 0.79136 0.0234375 0.0441176
1 0.258789 0.845129 0.0253906 0.046875
0 0.872803 0.73989 0.0249023 0.0459559
1 0.171631 0.0215993 0.0268555 0.0395221
0 0.769775 0.752757 0.0249023 0.0441176
1 0.194092 0.538603 0.0297852 0.0569853
1 0.872803 0.738051 0.0249023 0.0496324
1 0.543213 0.0579044 0.0249023 0.0441176
1 0.524658 0.269761 0.0229492 0.0395221
0 0.828857 0.622702 0.0249023 0.0487132
1 0.198242 0.959559 0.0292969 0.0496324
0 0.164307 0.770221 0.0297852 0.0514706
1 0.527588 0.310662 0.0209961 0.0404412
0 0.82666 0.954504 0.0283203 0.0505515
1 0.394287 0.229779 0.0249023 0.0422794
1 0.770508 0.925551 0.0273438 0.0496324
1 0.567383 0.0850184 0.0234375 0.0431985
1 0.864258 0.861213 0.0234375 0.0459559
1 0.880371 0.827206 0.0234375 0.0459559
1 0.979736 0.902574 0.0268555 0.0514706
1 0.391357 0.871324 0.0229492 0.0496324
1 0.411621 0.915441 0.0234375 0.0441176
1 0.415283 0.457721 0.0258789 0.0477941
1 0.311768 0.245404 0.0288086 0.0459559
1 0.378906 0.368566 0.0253906 0.0441176
1 0.409424 0.340074 0.0239258 0.0441176
