1 0.406982 0.204504 0.027832 0.0523897
1 0.80542 0.195772 0.027832 0.0496324
1 0.0148926 0.97932 0.0288086 0.0413603
1 0.807861 0.988051 0.0297852 0.0238971
1 0.076416 0.243566 0.0288086 0.0477941
0 0.927246 0.850184 0.0283203 0.0459559
1 0.879883 0.825368 0.0234375 0.0441176
1 0.4104 0.539522 0.0249023 0.0422794
1 0.564453 0.60432 0.0283203 0.0450368
1 0.992676 0.759191 0.0146484 0.0441176
1 0.162109 0.767463 0.0263672 0.0496324
0 0.314453 0.886949 0.0253906 0.0441176
0 0.0942383 0.815257 0.0283203 0.0533088
0 0.739502 0.172335 0.0219727 0.0505515
0 0.678467 0.0597426 0.0219727 0.0404412
1 0.68042 0.116268 0.0258789 0.0450368
0 0.778076 0.703585 0.0229492 0.0431985
0 0.610596 0.0128676 0.0239258 0.0257353
1 0.750244 0.921875 0.0249023 0.0496324
0 0.0148926 0.981158 0.0258789 0.0376838
0 0.825684 0.955882 0.0263672 0.0477941
0 0.877441 0.71875 0.0263672 0.0459559
1 0.877197 0.717831 0.0249023 0.0459559
0 0.730713 0.106618 0.0249023 0.0441176
1 0.730713 0.10432 0.0249023 0.046875
0 0.440674 0.884191 0.0297852 0.0514706
0 0.522217 0.0684743 0.0249023 0.0450368
1 0.03125 0.410386 0.0244141 0.0431985
0 0.0197754 0.446232 0.0258789 0.0450368
1 0.259521 0.846507 0.027832 0.0459559
0 0.163086 0.772059 0.0253906 0.0459559
0 0.090332 0.0340074 0.0341797 0.0514706
0 0.828857 0.621783 0.0249023 0.0505515
1 0.85376 0.256434 0.0249023 0.0422794
1 0.588623 0.36443 0.0239258 0.0431985
1 0.571289 0.105699 0.0273438 0.0514706
0 0.834473 0.862592 0.0205078 0.0395221
1 0.410156 0.340533 0.0273438 0.046875
0 0.40625 0.203125 0.0253906 0.0496324
1 0.824951 0.955423 0.027832 0.046875
0 0.80957 0.436581 0.0234375 0.0386029
0 0.39209 0.658088 0.0224609 0.0441176
1 0.534668 0.332261 0.0244141 0.0505515
0 0.268311 0.985294 0.0268555 0.0294118
1 0.371826 0.538603 0.0258789 0.0477941
0 0.410156 0.339614 0.0253906 0.0450368
1 0.414795 0.459559 0.0268555 0.0441176
0 0.750488 0.920496 0.0244141 0.0505515
1 0.928223 0.564338 0.0263672 0.0441176
1 0.925049 0.851103 0.0249023 0.0441176
0 0.196777 0.53125 0.0234375 0.0441176
0 0.37207 0.693934 0.0234375 0.0422794
1 0.146484 0.585018 0.0214844 0.0450368
1 0.739746 0.173254 0.0234375 0.0487132
0 0.471924 0.672335 0.0239258 0.046875
1 0.132324 0.610754 0.0224609 0.0413603
0 0.187988 0.477022 0.0253906 0.0459559
0 0.0766602 0.243107 0.03125 0.0505515
1 0.914795 0.497243 0.027832 0.0477941
1 0.521973 0.0689338 0.0244141 0.0441176
1 0.678467 0.0602022 0.0239258 0.0413603
0 0.146729 0.585478 0.0209961 0.0422794
1 0.828857 0.622702 0.0219727 0.046875
1 0.0197754 0.445772 0.0229492 0.0459559
0 0.500977 0.673713 0.0234375 0.0533088
1 0.440186 0.88557 0.0288086 0.046875
1 0.381104 0.786765 0.0239258 0.0459559
0 0.25708 0.844669 0.0258789 0.0441176
1 0.0957031 0.354779 0.0273438 0.0477941
0 0.237305 0.711397 0.0253906 0.0404412
1 0.651855 0.397978 0.0224609 0.0422794
1 0.471436 0.672335 0.0239258 0.046875
0 0.156738 0.494945 0.0244141 0.0450368
1 0.125732 0.824908 0.0268555 0.0487132
0 0.785156 0.59421 0.0292969 0.0450368
0 0.196777 0.933824 0.0244141 0.0422794
1 0.184326 0.837316 0.0229492 0.0441176
1 0.212402 0.0795037 0.0263672 0.0523897
1 0.838379 0.125 0.0234375 0.0441176
1 0.314453 0.142463 0.0263672 0.0459559
1 0.0935059 0.815257 0.027832 0.0514706
0 0.880371 0.823989 0.0234375 0.0487132
1 0.571533 0.390165 0.0229492 0.0395221
1 0.103271 0.524357 0.0249023 0.046875
1 0.377686 0.369026 0.0249023 0.0450368
1 0.202393 0.850643 0.0229492 0.0413603
0 0.755615 0.788603 0.0249023 0.0441176
1 0.148193 0.234375 0.0268555 0.0422794
1 0.171875 0.0183824 0.0302734 0.0367647
1 0.5 0.673713 0.0253906 0.0514706
1 0.0913086 0.0326287 0.0332031 0.0542279
0 0.827148 0.8125 0.0234375 0.0477941
0 0.0163574 0.19807 0.0258789 0.0523897
1 0.858643 0.0827206 0.0200195 0.0422794
0 0.300537 0.66636 0.0239258 0.0459559
1 0.881348 0.0850184 0.0205078 0.0413603
1 0.598877 0.230699 0.0200195 0.0386029
0 0.56543 0.60432 0.0273438 0.0450368
0 0.559326 0.881434 0.0258789 0.0441176
1 0.803711 0.175551 0.0234375 0.0422794
0 0.321289 0.640165 0.0234375 0.0413603
0 0.857178 0.865349 0.0249023 0.0450368
1 0.610107 0.247243 0.0200195 0.0404412
1 0.667969 0.392923 0.0214844 0.0431985
1 0.0927734 0.601562 0.0244141 0.046875
1 0.391602 0.875 0.0234375 0.0496324
1 0.80835 0.117188 0.0219727 0.0431985
1 0.226562 0.773438 0.0253906 0.0450368
1 0.335938 0.185662 0.0253906 0.0459559
1 0.238281 0.346048 0.0283203 0.0523897
1 0.151611 0.293199 0.027832 0.0422794
1 0.526123 0.269301 0.0258789 0.0496324
1 0.596924 0.297335 0.0229492 0.0431985
1 0.582031 0.247243 0.0234375 0.0422794
1 0.811523 0.301471 0.0253906 0.0422794
1 0.691406 0.38511 0.0253906 0.0459559
1 0.989014 0.175092 0.0219727 0.0487132
1 0.896973 0.106618 0.0234375 0.0441176
1 0.205322 0.313879 0.0249023 0.0487132
1 0.80542 0.211397 0.0249023 0.0422794
1 0.503906 0.176011 0.0253906 0.0487132
1 0.784912 0.27114 0.0249023 0.0459559
1 0.314209 0.247702 0.0258789 0.0450368
1 0.983643 0.920496 0.027832 0.0542279
1 0.419678 0.94761 0.0258789 0.0496324
