1 0.805176 0.988051 0.0302734 0.0238971
1 0.85791 0.252757 0.0234375 0.0367647
1 0.83667 0.865349 0.0219727 0.0395221
1 0.883545 0.235294 0.0249023 0.0404412
1 0.876465 0.723805 0.0263672 0.0431985
1 0.235352 0.726562 0.0214844 0.0340074
1 0.533203 0.32307 0.0214844 0.0450368
0 0.566406 0.597886 0.0292969 0.0523897
0 0.876465 0.724265 0.0283203 0.0477941
0 0.914062 0.982077 0.0283203 0.0340074
1 0.553955 0.888327 0.0268555 0.0431985
1 0.132324 0.603401 0.0195312 0.0395221
1 0.787109 0.592831 0.0253906 0.0477941
1 0.917236 0.493107 0.027832 0.046875
1 0.773438 0.721507 0.0244141 0.0459559
1 0.566895 0.600184 0.0273438 0.0477941
1 0.828857 0.622702 0.0219727 0.046875
1 0.39917 0.216452 0.0249023 0.046875
1 0.827393 0.796875 0.0268555 0.0496324
1 0.0148926 0.982077 0.0268555 0.0358456
1 0.690918 0.386489 0.0273438 0.0487132
1 0.755615 0.789522 0.0249023 0.0441176
1 0.0197754 0.195772 0.0249023 0.0496324
1 0.206787 0.078125 0.0249023 0.0459559
1 0.196289 0.949449 0.0302734 0.0496324
1 0.896729 0.107537 0.0219727 0.0422794
1 0.233643 0.757812 0.0209961 0.0395221
1 0.172852 0.0202206 0.0292969 0.0404412
1 0.731201 0.119485 0.0219727 0.0441176
1 0.838379 0.12454 0.0234375 0.0450368
1 0.880615 0.825827 0.0249023 0.046875
1 0.740479 0.151195 0.0219727 0.0395221
1 0.257568 0.84375 0.0249023 0.0441176
1 0.93042 0.5625 0.0268555 0.0459559
1 0.571289 0.102482 0.0234375 0.046875
1 0.760498 0.926471 0.0288086 0.0533088
1 0.0913086 0.0298713 0.0332031 0.046875
1 0.533203 0.0606618 0.0253906 0.0404412
1 0.988281 0.175092 0.0234375 0.0487132
1 0.858398 0.861673 0.0234375 0.0487132
1 0.0986328 0.814798 0.0253906 0.0431985
1 0.825928 0.955882 0.0297852 0.0496324
1 0.859375 0.0840993 0.0214844 0.0431985
1 0.0849609 0.237132 0.0292969 0.0533088
1 0.525146 0.268382 0.0249023 0.0459559
1 0.440186 0.884651 0.0258789 0.046875
1 0.98291 0.914522 0.0283203 0.0533088
1 0.117188 0.816176 0.0224609 0.0422794
1 0.809082 0.119026 0.0224609 0.0431985
1 0.885254 0.0886949 0.0205078 0.0413603
1 0.371582 0.539982 0.0263672 0.0450368
1 0.164551 0.77068 0.0273438 0.0505515
1 0.928955 0.860294 0.0249023 0.0477941
1 0.391846 0.872702 0.0229492 0.0487132
1 0.509033 0.1875 0.0249023 0.0477941
1 0.196777 0.530331 0.0234375 0.0441176
1 0.811768 0.300092 0.0249023 0.0450368
1 0.786133 0.271599 0.0234375 0.0487132
1 0.186279 0.485294 0.0219727 0.0441176
1 0.0993652 0.36443 0.0249023 0.0450368
1 0.414795 0.457721 0.0249023 0.0441176
1 0.0947266 0.597886 0.0234375 0.0431985
1 0.098877 0.527114 0.027832 0.0487132
1 0.41626 0.939798 0.0258789 0.0505515
1 0.378174 0.367647 0.0249023 0.0441176
1 0.164062 0.483456 0.0214844 0.0441176
1 0.148193 0.235754 0.0229492 0.0395221
1 0.310791 0.245404 0.0268555 0.0496324
1 0.410156 0.340533 0.0253906 0.0450368
1 0.403809 0.539062 0.0234375 0.0450368
1 0.238525 0.34375 0.027832 0.0496324
1 0.205322 0.314798 0.0249023 0.046875
1 0.154785 0.267463 0.0214844 0.0404412
