1 0.138916 0.603401 0.0229492 0.0487132
1 0.387695 0.698529 0.0175781 0.0386029
1 0.169922 0.799173 0.0214844 0.0450368
1 0.858398 0.86443 0.0234375 0.0487132
1 0.611328 0.0128676 0.0253906 0.0257353
0 0.915771 0.494485 0.0249023 0.0441176
1 0.740234 0.165441 0.0244141 0.0441176
1 0.731689 0.115349 0.0229492 0.0431985
0 0.834473 0.861673 0.0185547 0.0395221
1 0.557373 0.881434 0.0268555 0.0441176
0 0.776123 0.711397 0.0229492 0.0459559
0 0.68042 0.107077 0.0229492 0.0395221
0 0.440186 0.884651 0.0268555 0.0450368
0 0.678467 0.0592831 0.0209961 0.0413603
1 0.879883 0.824449 0.0234375 0.0441176
0 0.877441 0.721048 0.0263672 0.046875
0 0.857178 0.863971 0.0249023 0.0477941
0 0.731934 0.115809 0.0244141 0.0441176
1 0.408691 0.537684 0.0224609 0.0386029
0 0.587891 0.36443 0.0224609 0.0358456
0 0.912598 0.983915 0.0283203 0.0321691
1 0.856201 0.252298 0.0249023 0.0431985
1 0.825928 0.955882 0.0297852 0.0477941
0 0.880371 0.824908 0.0234375 0.0487132
0 0.826416 0.806066 0.0249023 0.0533088
0 0.786621 0.59375 0.0283203 0.0459559
1 0.806152 0.186121 0.0234375 0.0395221
1 0.917236 0.494485 0.027832 0.0477941
1 0.439453 0.88511 0.0263672 0.0459559
0 0.753906 0.923254 0.0283203 0.0487132
0 0.828125 0.622702 0.0253906 0.0505515
1 0.575439 0.391544 0.0209961 0.0349265
0 0.825684 0.955423 0.0283203 0.0487132
1 0.828857 0.622243 0.0219727 0.0459559
1 0.475586 0.668658 0.0195312 0.0413603
1 0.678711 0.0606618 0.0234375 0.0404412
1 0.403809 0.20864 0.0234375 0.0496324
1 0.534912 0.330882 0.0249023 0.0496324
1 0.300781 0.66682 0.0224609 0.0413603
1 0.381592 0.786765 0.0219727 0.0404412
0 0.557373 0.884191 0.0268555 0.0441176
1 0.25708 0.84375 0.0249023 0.0441176
1 0.236572 0.713235 0.0239258 0.0422794
1 0.378174 0.691176 0.0229492 0.0441176
1 0.0185547 0.196232 0.0253906 0.0505515
1 0.316895 0.647978 0.0224609 0.0422794
1 0.929688 0.564338 0.0263672 0.0441176
1 0.49292 0.671875 0.0219727 0.0422794
1 0.0905762 0.0317096 0.0327148 0.0487132
0 0.755615 0.789522 0.0258789 0.0422794
1 0.838379 0.125 0.0234375 0.0441176
1 0.37085 0.539062 0.0249023 0.0450368
1 0.414062 0.457261 0.0253906 0.0450368
1 0.88208 0.0863971 0.0200195 0.0422794
1 0.196045 0.941636 0.0268555 0.0487132
1 0.523438 0.0684743 0.0244141 0.0450368
1 0.691162 0.386029 0.0258789 0.0459559
0 0.565918 0.602022 0.0263672 0.0459559
1 0.571533 0.102941 0.0249023 0.0441176
1 0.926514 0.855239 0.0268555 0.046875
1 0.389893 0.661765 0.0219727 0.0422794
1 0.391357 0.87454 0.0229492 0.0487132
1 0.210693 0.0785846 0.0258789 0.0505515
1 0.753418 0.923713 0.0273438 0.0533088
1 0.525146 0.268382 0.0249023 0.0477941
1 0.172119 0.0188419 0.0288086 0.0376838
1 0.858643 0.0836397 0.0200195 0.0441176
1 0.0146484 0.982077 0.0253906 0.0358456
1 0.809326 0.118107 0.0219727 0.0431985
1 0.0932617 0.601103 0.0214844 0.0422794
1 0.410156 0.339614 0.0253906 0.0450368
1 0.316406 0.155331 0.0224609 0.0441176
1 0.078125 0.238971 0.0263672 0.0477941
1 0.595703 0.295037 0.0234375 0.0441176
1 0.812012 0.301471 0.0244141 0.0422794
1 0.0964355 0.358915 0.0249023 0.0450368
1 0.988281 0.175092 0.0234375 0.0505515
1 0.145996 0.586857 0.0195312 0.0413603
1 0.897705 0.106158 0.0219727 0.0450368
1 0.101562 0.523438 0.0234375 0.046875
1 0.196777 0.530331 0.0224609 0.0422794
1 0.785645 0.272059 0.0244141 0.0459559
1 0.0310059 0.409926 0.0219727 0.0404412
1 0.37793 0.368107 0.0253906 0.0431985
1 0.805664 0.210018 0.0234375 0.0413603
1 0.419189 0.944393 0.0258789 0.0487132
1 0.583252 0.246783 0.0239258 0.0431985
1 0.506104 0.179228 0.0258789 0.0459559
1 0.187012 0.482537 0.0244141 0.0441176
1 0.12207 0.821691 0.0253906 0.0441176
1 0.132568 0.608915 0.0209961 0.0413603
1 0.148193 0.234835 0.0249023 0.0431985
1 0.15918 0.48943 0.0214844 0.0395221
1 0.0944824 0.814798 0.027832 0.0505515
1 0.335693 0.183364 0.0239258 0.0450368
1 0.0239258 0.4375 0.0234375 0.0422794
1 0.98291 0.918658 0.0283203 0.0542279
1 0.163818 0.77114 0.0258789 0.0441176
1 0.238525 0.345588 0.0268555 0.0496324
1 0.313477 0.247243 0.0253906 0.0441176
1 0.152344 0.284007 0.0244141 0.0422794
1 0.228271 0.766085 0.0249023 0.0431985
1 0.205322 0.314338 0.0239258 0.0459559
