1 0.309082 0.900735 0.0273438 0.0496324
0 0.858643 0.0840993 0.0219727 0.0450368
0 0.790771 0.926471 0.0258789 0.0477941
0 0.101807 0.0229779 0.034668 0.0459559
1 0.109375 0.387868 0.0292969 0.0643382
0 0.189697 0.54182 0.034668 0.0707721
1 0.102051 0.0238971 0.0341797 0.0477941
1 0.835205 0.765165 0.0249023 0.046875
0 0.923584 0.976562 0.0297852 0.046875
1 0.310303 0.240809 0.0297852 0.0569853
1 0.950195 0.556985 0.03125 0.0477941
0 0.799316 0.594669 0.0283203 0.0514706
0 0.56958 0.597886 0.0317383 0.0542279
1 0.56958 0.596048 0.0288086 0.0505515
0 0.819336 0.126379 0.0234375 0.0450368
1 0.789551 0.924173 0.0253906 0.0487132
0 0.872559 0.746324 0.0283203 0.0477941
1 0.923584 0.975643 0.0297852 0.0431985
1 0.38501 0.256893 0.0288086 0.0487132
1 0.828857 0.62454 0.0219727 0.0487132
0 0.93457 0.882353 0.0234375 0.0404412
0 0.309814 0.238971 0.0307617 0.0551471
1 0.800293 0.594669 0.0263672 0.0496324
1 0.203125 0.95818 0.0302734 0.0542279
1 0.987549 0.173713 0.0249023 0.0551471
0 0.828857 0.623162 0.0249023 0.0496324
0 0.202393 0.957261 0.027832 0.0505515
0 0.259033 0.846967 0.0288086 0.0505515
1 0.91626 0.495404 0.0249023 0.0459559
0 0.0852051 0.238971 0.0356445 0.0625
1 0.960205 0.869945 0.0249023 0.0413603
1 0.416016 0.454963 0.0253906 0.0496324
1 0.377197 0.367188 0.0219727 0.0413603
0 0.164795 0.772518 0.0288086 0.0560662
0 0.439209 0.881893 0.0336914 0.0560662
1 0.872559 0.744945 0.0283203 0.046875
1 0.392334 0.34329 0.0229492 0.0431985
0 0.0219727 0.193474 0.0332031 0.0670956
0 0.109131 0.388327 0.0297852 0.0615809
1 0.689941 0.390165 0.0302734 0.0652574
1 0.825684 0.953585 0.0283203 0.0487132
1 0.189453 0.54182 0.0341797 0.0670956
