1 0.309082 0.902114 0.0273438 0.0505515
0 0.101807 0.0229779 0.034668 0.0459559
1 0.95874 0.868566 0.0249023 0.0386029
1 0.438721 0.880515 0.0297852 0.0588235
0 0.189697 0.542279 0.034668 0.0698529
1 0.95166 0.556526 0.03125 0.0505515
0 0.825684 0.953585 0.0283203 0.0505515
0 0.799561 0.595129 0.027832 0.0523897
0 0.525391 0.209099 0.0234375 0.046875
0 0.56958 0.596967 0.0297852 0.0542279
1 0.102295 0.0243566 0.0336914 0.0487132
1 0.923584 0.975643 0.0297852 0.0431985
1 0.837402 0.764706 0.0263672 0.0459559
1 0.258789 0.847426 0.0283203 0.0514706
1 0.310547 0.240809 0.0292969 0.0551471
0 0.922607 0.977022 0.027832 0.0441176
1 0.791748 0.925092 0.0239258 0.0505515
0 0.258789 0.847426 0.0273438 0.0514706
1 0.56958 0.596507 0.0288086 0.0514706
1 0.38501 0.259191 0.0288086 0.0496324
1 0.828857 0.625 0.0219727 0.0477941
0 0.308838 0.238971 0.0297852 0.0551471
0 0.872559 0.746324 0.0263672 0.0477941
0 0.93457 0.883272 0.0234375 0.0386029
1 0.987549 0.172794 0.0249023 0.0551471
0 0.202393 0.95818 0.0288086 0.0505515
0 0.828857 0.623621 0.0249023 0.0487132
1 0.872559 0.744945 0.0263672 0.0450368
1 0.801025 0.594669 0.0258789 0.0496324
0 0.438965 0.881434 0.0341797 0.0569853
1 0.377197 0.367647 0.0219727 0.0422794
0 0.164795 0.772518 0.027832 0.0560662
0 0.0852051 0.238051 0.0356445 0.0588235
1 0.203125 0.95818 0.03125 0.0542279
1 0.416016 0.454963 0.0253906 0.0496324
1 0.91626 0.495404 0.0249023 0.0459559
1 0.390869 0.345588 0.0219727 0.0422794
0 0.108887 0.388327 0.0292969 0.0597426
1 0.689941 0.389706 0.0302734 0.0661765
0 0.0222168 0.193015 0.0327148 0.0661765
1 0.825684 0.953585 0.0283203 0.0487132
1 0.189453 0.54182 0.0341797 0.0652574
