1 0.406006 0.175551 0.0239258 0.0533088
0 0.0720215 0.717831 0.0258789 0.0386029
1 0.853271 0.0795037 0.0219727 0.0395221
0 0.195068 0.922335 0.0249023 0.0395221
0 0.366699 0.792739 0.0224609 0.0395221
1 0.464111 0.880974 0.0200195 0.0395221
1 0.360107 0.684743 0.0258789 0.0496324
1 0.129395 0.137408 0.0234375 0.0413603
1 0.519775 0.828125 0.0209961 0.0349265
0 0.535889 0.501838 0.0239258 0.0441176
1 0.449219 0.514246 0.0214844 0.0395221
0 0.0334473 0.410386 0.0249023 0.0487132
0 0.560303 0.875919 0.0249023 0.0459559
0 0.510498 0.0174632 0.0200195 0.0349265
1 0.979492 0.443474 0.0234375 0.0431985
1 0.448486 0.159926 0.0170898 0.0386029
1 0.537842 0.501838 0.0239258 0.0441176
0 0.123779 0.476103 0.0229492 0.0441176
1 0.195068 0.922794 0.0249023 0.0441176
1 0.914062 0.589154 0.0234375 0.0330882
0 0.0175781 0.463695 0.0273438 0.0560662
0 0.116699 0.161765 0.0234375 0.0459559
1 0.393066 0.657169 0.0244141 0.0459559
1 0.092041 0.0349265 0.0336914 0.0551471
0 0.15918 0.498621 0.0224609 0.0431985
0 0.325928 0.626838 0.0249023 0.0441176
0 0.560059 0.609375 0.0224609 0.0459559
0 0.560059 0.516544 0.0205078 0.0404412
0 0.0854492 0.600184 0.0244141 0.0496324
0 0.619141 0.983915 0.0273438 0.0321691
1 0.117188 0.162224 0.0234375 0.0431985
1 0.460449 0.153493 0.0205078 0.0367647
1 0.123535 0.474265 0.0234375 0.0422794
0 0.829102 0.824908 0.0234375 0.046875
1 0.0183105 0.465074 0.0258789 0.0514706
1 0.530029 0.461397 0.0249023 0.0441176
0 0.531006 0.460938 0.0249023 0.0450368
1 0.382568 0.787224 0.0209961 0.0395221
0 0.293945 0.801471 0.0234375 0.0367647
1 0.6604 0.0124081 0.0209961 0.0248162
0 0.418213 0.962776 0.0288086 0.0487132
1 0.704346 0.653952 0.0249023 0.046875
1 0.530029 0.808824 0.0229492 0.0386029
1 0.259277 0.846048 0.0283203 0.0487132
0 0.360596 0.683824 0.0268555 0.0477941
0 0.73291 0.186121 0.0234375 0.0450368
1 0.0856934 0.599724 0.0239258 0.046875
1 0.604248 0.0147059 0.0239258 0.0294118
0 0.878906 0.0799632 0.0234375 0.0422794
1 0.617188 0.886029 0.0214844 0.0422794
1 0.0327148 0.409467 0.0244141 0.0450368
1 0.727051 0.63557 0.0224609 0.0431985
1 0.0664062 0.798254 0.0234375 0.0395221
1 0.0947266 0.349265 0.0263672 0.0459559
1 0.269287 0.215074 0.0229492 0.0367647
1 0.175537 0.827665 0.0268555 0.046875
1 0.170898 0.0160846 0.0283203 0.0321691
1 0.46167 0.672794 0.0258789 0.0477941
0 0.197266 0.532629 0.0234375 0.046875
1 0.740234 0.915441 0.0292969 0.0477941
1 0.197266 0.533548 0.0253906 0.0450368
0 0.351074 0.80239 0.0224609 0.0459559
1 0.696045 0.380974 0.0239258 0.0413603
1 0.372803 0.536305 0.027832 0.046875
1 0.158936 0.49954 0.0239258 0.0450368
0 0.290039 0.775735 0.0214844 0.0404412
1 0.989014 0.817555 0.0200195 0.0431985
1 0.128662 0.828585 0.0258789 0.0505515
1 0.520508 0.0703125 0.0234375 0.0431985
1 0.731689 0.0983456 0.0249023 0.0459559
1 0.512939 0.681985 0.0288086 0.0477941
1 0.78125 0.685662 0.0263672 0.0477941
1 0.910156 0.503676 0.0253906 0.0422794
1 0.635498 0.881893 0.0229492 0.0413603
1 0.126709 0.502298 0.0209961 0.0450368
1 0.667236 0.392463 0.0229492 0.0459559
1 0.67334 0.709559 0.0244141 0.0477941
1 0.80249 0.168199 0.0249023 0.0459559
0 0.0744629 0.251379 0.0258789 0.0505515
1 0.83374 0.127298 0.0249023 0.0431985
1 0.417969 0.784007 0.0234375 0.0422794
0 0.297607 0.672335 0.0268555 0.046875
1 0.146484 0.588235 0.0234375 0.0477941
1 0.839844 0.683824 0.0234375 0.0441176
1 0.827148 0.825827 0.0234375 0.046875
1 0.705811 0.0257353 0.0219727 0.0404412
0 0.0925293 0.0367647 0.0336914 0.0514706
1 0.64624 0.389706 0.0249023 0.0441176
1 0.165527 0.772518 0.0244141 0.0487132
0 0.317139 0.880055 0.0249023 0.0450368
1 0.766357 0.0845588 0.0209961 0.0404412
1 0.307861 0.124081 0.0268555 0.0496324
1 0.434326 0.883732 0.0249023 0.046875
1 0.783203 0.592831 0.0253906 0.0441176
1 0.0141602 0.980699 0.0253906 0.0386029
1 0.206299 0.856158 0.0288086 0.046875
1 0.377686 0.371324 0.0258789 0.0514706
1 0.851562 0.262408 0.0263672 0.0413603
1 0.0930176 0.8125 0.0268555 0.0496324
1 0.689453 0.444853 0.0244141 0.0404412
1 0.15332 0.228401 0.0273438 0.0505515
1 0.885986 0.236673 0.034668 0.0487132
1 0.406982 0.345588 0.0268555 0.0459559
1 0.39502 0.870404 0.0263672 0.0514706
1 0.186279 0.464154 0.0258789 0.0459559
0 0.258301 0.846507 0.0253906 0.0422794
1 0.27832 0.194393 0.0214844 0.0376838
1 0.992676 0.549632 0.0146484 0.0477941
1 0.185059 0.380974 0.0224609 0.0413603
1 0.940674 0.694393 0.0219727 0.0395221
1 0.590088 0.363511 0.0249023 0.0450368
1 0.565918 0.382353 0.0244141 0.0441176
1 0.802246 0.10386 0.0234375 0.0422794
1 0.713135 0.477941 0.0249023 0.0441176
1 0.990967 0.761489 0.0180664 0.0413603
1 0.611572 0.252757 0.0209961 0.0422794
1 0.533936 0.339154 0.0249023 0.0477941
1 0.231689 0.346967 0.0239258 0.0487132
1 0.755859 0.789062 0.0253906 0.0450368
0 0.269531 0.984375 0.0273438 0.03125
1 0.7771 0.869945 0.0219727 0.0413603
1 0.458252 0.497702 0.0249023 0.0413603
1 0.598145 0.300551 0.0234375 0.0441176
1 0.879639 0.823989 0.0249023 0.0487132
1 0.940674 0.724265 0.0219727 0.0404412
1 0.695557 0.742647 0.0219727 0.0441176
1 0.577393 0.249081 0.0219727 0.0477941
1 0.597656 0.227941 0.0214844 0.0422794
1 0.828125 0.624081 0.0234375 0.0514706
1 0.458252 0.107077 0.0258789 0.046875
0 0.0112305 0.20818 0.0214844 0.0523897
1 0.674561 0.0574449 0.0249023 0.0431985
1 0.109131 0.529871 0.0258789 0.0487132
1 0.360352 0.16636 0.0263672 0.0441176
1 0.854736 0.680607 0.0200195 0.0413603
1 0.762695 0.884651 0.0234375 0.0395221
1 0.198242 0.36443 0.0234375 0.0395221
1 0.813232 0.443474 0.0268555 0.0413603
1 0.805176 0.234375 0.0253906 0.0459559
0 0.234619 0.710478 0.0249023 0.0459559
1 0.408447 0.204963 0.0258789 0.0477941
1 0.806396 0.297335 0.0249023 0.0431985
1 0.408936 0.537684 0.0258789 0.0459559
1 0.762451 0.046875 0.0219727 0.0404412
1 0.855469 0.867647 0.0253906 0.0477941
1 0.960938 0.217831 0.0234375 0.0367647
1 0.796875 0.405331 0.0234375 0.0422794
1 0.224121 0.790901 0.0263672 0.046875
1 0.972656 0.192555 0.0253906 0.0395221
1 0.418457 0.960938 0.0273438 0.046875
1 0.678955 0.136489 0.027832 0.0487132
1 0.394043 0.115809 0.0224609 0.0441176
1 0.78125 0.274357 0.0253906 0.0450368
1 0.919434 0.840533 0.0263672 0.0487132
1 0.946045 0.317096 0.0268555 0.0441176
1 0.0297852 0.886029 0.0263672 0.0459559
1 0.146484 0.304228 0.0263672 0.0496324
1 0.991455 0.177849 0.0170898 0.0431985
1 0.933594 0.332721 0.0214844 0.0422794
1 0.499268 0.175092 0.0258789 0.046875
1 0.132812 0.626838 0.0253906 0.0477941
1 0.572266 0.104779 0.0244141 0.0422794
1 0.221924 0.0758272 0.0268555 0.0487132
1 0.403076 0.159467 0.0229492 0.046875
1 0.877441 0.70818 0.0234375 0.0431985
1 0.915527 0.55239 0.0234375 0.0422794
1 0.442627 0.471967 0.0219727 0.0431985
1 0.530518 0.269301 0.0239258 0.0459559
1 0.332275 0.199449 0.0249023 0.0441176
1 0.0412598 0.926471 0.0239258 0.0459559
1 0.316406 0.24954 0.0253906 0.0431985
1 0.414062 0.463235 0.0263672 0.0496324
1 0.981201 0.733915 0.0219727 0.0395221
1 0.207764 0.308824 0.0239258 0.0459559
1 0.483154 0.134191 0.0249023 0.0477941
1 0.364258 0.202665 0.0224609 0.0413603
1 0.240967 0.0275735 0.0249023 0.0477941
1 0.830566 0.951746 0.0263672 0.046875
1 0.963867 0.753676 0.0234375 0.0441176
1 0.98584 0.934743 0.0263672 0.0514706
