0 0.0839844 0.600184 0.0273438 0.0533088
0 0.638672 0.880974 0.0244141 0.0450368
1 0.559814 0.876838 0.0258789 0.0441176
1 0.355957 0.801471 0.0283203 0.0422794
1 0.801514 0.104779 0.0239258 0.0386029
1 0.703125 0.186581 0.0214844 0.0422794
0 0.602295 0.0160846 0.0268555 0.0321691
1 0.654785 0.314798 0.0205078 0.046875
0 0.561035 0.517004 0.0205078 0.0395221
0 0.756348 0.790441 0.0273438 0.0533088
1 0.081543 0.715533 0.0224609 0.0413603
0 0.616699 0.887408 0.0224609 0.0431985
0 0.19458 0.917739 0.0258789 0.0431985
1 0.0612793 0.807904 0.0288086 0.0459559
1 0.358887 0.682445 0.0283203 0.0505515
0 0.0336914 0.410386 0.0253906 0.0487132
1 0.050293 0.917739 0.03125 0.0505515
1 0.96875 0.678309 0.0185547 0.0330882
0 0.979736 0.443474 0.0200195 0.0431985
1 0.617188 0.886949 0.0214844 0.0422794
1 0.731689 0.190717 0.0258789 0.0560662
0 0.496094 0.933824 0.0214844 0.0404412
0 0.560303 0.875919 0.0258789 0.0459559
1 0.490967 0.357077 0.0229492 0.0450368
0 0.296875 0.673713 0.0292969 0.0496324
0 0.696533 0.744026 0.0209961 0.046875
1 0.652344 0.339614 0.0234375 0.0376838
1 0.588135 0.214154 0.0219727 0.0404412
1 0.766357 0.0854779 0.0200195 0.0404412
0 0.828125 0.825827 0.0234375 0.046875
1 0.601807 0.0147059 0.0258789 0.0294118
1 0.367432 0.794118 0.0229492 0.0404412
1 0.393555 0.65579 0.0253906 0.046875
1 0.463135 0.881434 0.0209961 0.0422794
0 0.010498 0.210018 0.0209961 0.0505515
1 0.697266 0.379136 0.0253906 0.0413603
1 0.19458 0.919118 0.0268555 0.0459559
0 0.730469 0.189798 0.0263672 0.046875
0 0.619141 0.982537 0.0253906 0.0349265
1 0.638672 0.880974 0.0224609 0.0450368
0 0.673096 0.709099 0.0239258 0.046875
1 0.703125 0.0372243 0.0205078 0.0340074
1 0.0112305 0.210478 0.0205078 0.0533088
1 0.82666 0.827206 0.0234375 0.0477941
1 0.052002 0.811121 0.0239258 0.0431985
1 0.363281 0.841452 0.0224609 0.0395221
1 0.174316 0.827206 0.0273438 0.0496324
0 0.782471 0.682904 0.0268555 0.0477941
0 0.289062 0.773438 0.0234375 0.0431985
0 0.419189 0.963695 0.027832 0.046875
1 0.696289 0.743566 0.0234375 0.0459559
1 0.738525 0.914062 0.0288086 0.0487132
1 0.686768 0.445772 0.0239258 0.0422794
0 0.535156 0.503217 0.0253906 0.0413603
0 0.510498 0.0174632 0.019043 0.0349265
1 0.571533 0.216912 0.0219727 0.0404412
1 0.327148 0.624081 0.0253906 0.0441176
1 0.383545 0.787224 0.0209961 0.0395221
1 0.259277 0.845588 0.0283203 0.0477941
0 0.559326 0.610294 0.0229492 0.0441176
0 0.738281 0.912224 0.0273438 0.0487132
1 0.66626 0.392463 0.0219727 0.0441176
1 0.479736 0.883732 0.0200195 0.0395221
0 0.703857 0.652574 0.0258789 0.0496324
0 0.878906 0.0776654 0.0234375 0.0431985
1 0.0839844 0.601562 0.0244141 0.0505515
1 0.673096 0.70818 0.0249023 0.046875
1 0.76416 0.0450368 0.0224609 0.0404412
0 0.29541 0.803309 0.0224609 0.0441176
1 0.0583496 0.880974 0.0239258 0.0413603
0 0.234375 0.709099 0.0253906 0.0450368
1 0.989746 0.817555 0.0205078 0.0395221
1 0.580078 0.20864 0.0205078 0.0386029
1 0.295898 0.802849 0.0234375 0.0431985
1 0.297119 0.673713 0.027832 0.0496324
1 0.781494 0.684283 0.0288086 0.046875
1 0.0178223 0.465993 0.0258789 0.0496324
1 0.689453 0.181066 0.0205078 0.0386029
1 0.430664 0.88511 0.0273438 0.0441176
1 0.838867 0.685202 0.0234375 0.046875
1 0.013916 0.97932 0.0268555 0.0413603
1 0.908447 0.506434 0.0249023 0.0422794
1 0.802246 0.167279 0.0253906 0.0459559
1 0.128174 0.828585 0.0258789 0.0505515
1 0.0336914 0.409007 0.0253906 0.0459559
0 0.728516 0.636029 0.0224609 0.0459559
1 0.373047 0.536305 0.0273438 0.046875
0 0.359131 0.682445 0.0258789 0.0450368
1 0.832031 0.127757 0.0253906 0.0422794
1 0.660156 0.0119485 0.0214844 0.0238971
1 0.123291 0.475184 0.0249023 0.0422794
1 0.16748 0.772978 0.0253906 0.0496324
1 0.520508 0.0721507 0.0234375 0.0431985
1 0.0957031 0.347886 0.0263672 0.046875
0 0.349121 0.80239 0.0224609 0.0459559
0 0.655518 0.311581 0.0219727 0.0386029
1 0.782715 0.590074 0.0263672 0.0441176
1 0.828125 0.625919 0.0214844 0.0477941
0 0.529785 0.460018 0.0234375 0.0450368
1 0.732666 0.0969669 0.0258789 0.046875
1 0.432129 0.789062 0.0224609 0.0431985
1 0.990723 0.125 0.0185547 0.0441176
1 0.446533 0.15579 0.0200195 0.0413603
1 0.419434 0.962316 0.0273438 0.0441176
1 0.198975 0.361673 0.0239258 0.0413603
1 0.206543 0.855699 0.0283203 0.0496324
1 0.513916 0.682904 0.0288086 0.0496324
1 0.762451 0.886489 0.0249023 0.0395221
0 0.258057 0.847426 0.0258789 0.0441176
1 0.130371 0.137408 0.0244141 0.0450368
1 0.755615 0.789062 0.0258789 0.046875
1 0.169434 0.0160846 0.0273438 0.0321691
1 0.39502 0.870864 0.0244141 0.0487132
1 0.852295 0.262868 0.0268555 0.0422794
1 0.0734863 0.253676 0.0268555 0.0533088
0 0.318359 0.876379 0.0253906 0.0487132
1 0.460449 0.673254 0.0263672 0.0487132
1 0.645264 0.387408 0.0239258 0.0450368
1 0.990967 0.762408 0.0180664 0.0413603
1 0.145996 0.588695 0.0263672 0.0487132
1 0.0651855 0.905331 0.0249023 0.0459559
1 0.598633 0.300551 0.0234375 0.0441176
1 0.911621 0.590993 0.0234375 0.0349265
1 0.886719 0.237592 0.03125 0.0487132
1 0.596436 0.22886 0.0200195 0.0441176
1 0.117676 0.159467 0.0244141 0.0450368
1 0.377197 0.371324 0.0268555 0.0514706
1 0.519531 0.826746 0.0214844 0.0395221
1 0.672119 0.0556066 0.0249023 0.0431985
1 0.879883 0.823989 0.0234375 0.0487132
1 0.564453 0.378676 0.0234375 0.0459559
1 0.197266 0.534926 0.0253906 0.0477941
1 0.991455 0.181526 0.0170898 0.0413603
1 0.855469 0.679228 0.0234375 0.0422794
1 0.0419922 0.930147 0.0244141 0.0441176
1 0.394531 0.115349 0.0253906 0.046875
1 0.159912 0.498162 0.0258789 0.0477941
1 0.416016 0.78079 0.0224609 0.0450368
1 0.813232 0.444853 0.0249023 0.0441176
1 0.230469 0.345129 0.0244141 0.046875
1 0.612549 0.252757 0.0229492 0.0422794
1 0.126465 0.503217 0.0214844 0.0450368
1 0.804688 0.238511 0.0263672 0.046875
1 0.222656 0.0767463 0.0253906 0.0487132
1 0.0681152 0.799632 0.0229492 0.0441176
1 0.457764 0.106618 0.0249023 0.0441176
1 0.408936 0.205423 0.0258789 0.046875
1 0.992188 0.553768 0.015625 0.0487132
1 0.406738 0.346967 0.0263672 0.046875
1 0.457764 0.172335 0.0200195 0.0413603
1 0.590576 0.365349 0.0239258 0.0450368
1 0.776855 0.866268 0.0224609 0.0413603
1 0.877441 0.705423 0.0234375 0.0450368
1 0.941406 0.693015 0.0234375 0.0422794
1 0.832031 0.949908 0.0253906 0.0450368
1 0.0925293 0.035386 0.0317383 0.0523897
1 0.185547 0.461397 0.0263672 0.0477941
1 0.946777 0.316636 0.0263672 0.0450368
0 0.269531 0.984375 0.0273438 0.03125
1 0.919434 0.838695 0.0263672 0.0487132
1 0.0935059 0.813419 0.027832 0.0496324
1 0.914062 0.550551 0.0253906 0.0422794
1 0.796631 0.403033 0.0239258 0.0431985
1 0.40332 0.159467 0.0224609 0.046875
1 0.145264 0.303768 0.027832 0.0505515
1 0.572266 0.105239 0.0244141 0.0413603
1 0.714111 0.47932 0.0258789 0.046875
1 0.943115 0.728401 0.0219727 0.0413603
1 0.531738 0.806066 0.0244141 0.0422794
1 0.532959 0.339614 0.0258789 0.046875
1 0.223877 0.793658 0.0268555 0.046875
1 0.459229 0.499081 0.0249023 0.0422794
1 0.23877 0.0289522 0.0253906 0.0450368
1 0.153809 0.227941 0.0263672 0.0496324
1 0.981201 0.735754 0.0219727 0.0395221
1 0.407715 0.537684 0.0263672 0.0459559
1 0.029541 0.886489 0.027832 0.046875
1 0.280518 0.190257 0.0239258 0.0422794
1 0.931885 0.332721 0.0219727 0.0422794
1 0.960938 0.221048 0.0253906 0.0376838
1 0.183594 0.380515 0.0234375 0.0441176
1 0.576416 0.24954 0.0219727 0.0413603
1 0.531006 0.269761 0.0258789 0.0450368
1 0.109131 0.53079 0.0268555 0.0487132
1 0.855469 0.867647 0.0263672 0.0477941
1 0.498779 0.175551 0.0249023 0.0477941
1 0.132324 0.629596 0.0263672 0.0496324
1 0.804932 0.295496 0.0258789 0.0450368
1 0.972656 0.189338 0.0253906 0.0422794
1 0.361328 0.164982 0.0244141 0.0450368
1 0.678467 0.137408 0.027832 0.0505515
1 0.306396 0.118566 0.0258789 0.0459559
1 0.332031 0.200827 0.0253906 0.0450368
1 0.780518 0.274357 0.0258789 0.0450368
1 0.483643 0.134191 0.0249023 0.0477941
1 0.963867 0.754136 0.0234375 0.0450368
1 0.31665 0.25 0.0268555 0.0459559
1 0.917969 0.616728 0.0234375 0.0422794
1 0.209229 0.308364 0.0258789 0.0487132
1 0.414062 0.464154 0.0263672 0.0496324
1 0.365967 0.204504 0.0229492 0.0450368
1 0.986816 0.935662 0.0263672 0.0514706
1 0.268555 0.215993 0.0253906 0.0459559
1 0.44165 0.471967 0.0219727 0.0450368
