0 0.0964355 0.589154 0.0288086 0.0514706
0 0.101807 0.373162 0.0249023 0.0441176
0 0.205078 0.317555 0.0273438 0.0542279
0 0.825928 0.954504 0.0297852 0.0487132
0 0.873291 0.728401 0.0249023 0.0450368
0 0.91626 0.981618 0.0297852 0.0367647
1 0.875 0.727941 0.0253906 0.0441176
0 0.0930176 0.0294118 0.0336914 0.0477941
1 0.172363 0.0206801 0.0283203 0.0395221
1 0.197998 0.95818 0.027832 0.046875
0 0.929688 0.869026 0.0253906 0.046875
1 0.204102 0.0744485 0.0263672 0.0459559
1 0.835938 0.865349 0.0205078 0.0395221
1 0.882812 0.241728 0.0234375 0.0459559
1 0.0930176 0.027114 0.0327148 0.0450368
0 0.197754 0.956801 0.0283203 0.0459559
1 0.929688 0.869485 0.0253906 0.0441176
0 0.0959473 0.533088 0.0288086 0.0514706
0 0.0209961 0.195312 0.0244141 0.0523897
1 0.258301 0.84375 0.0244141 0.0441176
1 0.932861 0.563419 0.0268555 0.0422794
1 0.858643 0.254136 0.0219727 0.0413603
1 0.917236 0.492647 0.0297852 0.0477941
0 0.0852051 0.238051 0.0307617 0.0533088
1 0.98877 0.173254 0.0224609 0.0505515
1 0.838379 0.125 0.0234375 0.0496324
1 0.55249 0.894761 0.0249023 0.0431985
1 0.771484 0.734375 0.0214844 0.0459559
1 0.828857 0.623162 0.0219727 0.0477941
1 0.858398 0.0836397 0.0234375 0.0477941
1 0.44043 0.884651 0.0234375 0.046875
1 0.825684 0.955882 0.0283203 0.0477941
1 0.196533 0.53171 0.0249023 0.0450368
1 0.177734 0.483915 0.0244141 0.0431985
1 0.690918 0.386949 0.0263672 0.0477941
1 0.810059 0.119485 0.0234375 0.0441176
1 0.789307 0.592371 0.0249023 0.0450368
0 0.163818 0.769761 0.0297852 0.0560662
1 0.809082 0.300092 0.0253906 0.0450368
1 0.0952148 0.587316 0.0283203 0.0496324
1 0.86084 0.862592 0.0234375 0.0487132
0 0.203613 0.0721507 0.0253906 0.046875
1 0.826416 0.788143 0.0249023 0.0487132
1 0.236084 0.340993 0.0268555 0.0477941
1 0.567627 0.600184 0.0258789 0.0459559
1 0.880615 0.826746 0.0249023 0.046875
1 0.786133 0.27114 0.0234375 0.0477941
1 0.524414 0.268842 0.0234375 0.0413603
1 0.537109 0.0565257 0.0263672 0.0413603
1 0.514404 0.192555 0.0239258 0.046875
1 0.206299 0.315257 0.0249023 0.0477941
1 0.98291 0.911765 0.0283203 0.0533088
1 0.766846 0.923713 0.0258789 0.0533088
1 0.391357 0.871783 0.0219727 0.0487132
1 0.528564 0.310662 0.0229492 0.0404412
1 0.755859 0.789062 0.0244141 0.0450368
1 0.569336 0.0942096 0.0234375 0.0450368
1 0.396484 0.222886 0.0224609 0.0450368
1 0.374023 0.539062 0.0234375 0.0431985
1 0.415527 0.926471 0.0244141 0.0459559
1 0.415283 0.457721 0.0249023 0.0441176
1 0.378418 0.368107 0.0244141 0.0431985
1 0.397705 0.539062 0.0219727 0.0413603
1 0.409668 0.340533 0.0244141 0.0431985
1 0.311523 0.245864 0.0273438 0.0431985
