1 0.125488 0.48943 0.0214844 0.0505515
1 0.892822 0.120404 0.0219727 0.0386029
0 0.195801 0.92739 0.0244141 0.0441176
1 0.775879 0.873162 0.0205078 0.0367647
1 0.398193 0.144301 0.0239258 0.0514706
1 0.98584 0.763787 0.0205078 0.0367647
0 0.619629 0.982996 0.0322266 0.0266544
1 0.673828 0.713235 0.0214844 0.0459559
1 0.53833 0.499081 0.0229492 0.0422794
0 0.608887 0.0137868 0.0244141 0.0275735
1 0.98999 0.819853 0.0170898 0.0459559
1 0.608643 0.0142463 0.0249023 0.0284926
1 0.833496 0.863971 0.0205078 0.0404412
0 0.382324 0.787684 0.0273438 0.0514706
1 0.854736 0.0772059 0.0200195 0.0404412
1 0.0766602 0.246324 0.0302734 0.0533088
0 0.196777 0.533088 0.0244141 0.0477941
0 0.559814 0.877757 0.0268555 0.0459559
0 0.829102 0.823529 0.0234375 0.0459559
0 0.536377 0.49954 0.0249023 0.0431985
1 0.879639 0.0790441 0.0200195 0.0386029
1 0.828125 0.822151 0.0214844 0.046875
0 0.879883 0.0818015 0.0234375 0.0404412
1 0.381592 0.785386 0.027832 0.0523897
1 0.921143 0.557904 0.0249023 0.0386029
1 0.454834 0.492188 0.0219727 0.0395221
1 0.977295 0.43704 0.0249023 0.0450368
0 0.563477 0.610754 0.0234375 0.0450368
0 0.392822 0.657629 0.0239258 0.0450368
1 0.709229 0.650735 0.0219727 0.0404412
0 0.673096 0.713235 0.0229492 0.0422794
0 0.509033 0.681526 0.0249023 0.046875
1 0.855469 0.867647 0.0263672 0.0459559
1 0.259766 0.846967 0.0283203 0.046875
1 0.910889 0.499081 0.0268555 0.0441176
1 0.196533 0.533088 0.0249023 0.0459559
1 0.735352 0.179688 0.0234375 0.0450368
1 0.410645 0.539062 0.0244141 0.046875
1 0.377441 0.370864 0.0253906 0.0450368
1 0.876465 0.713695 0.0234375 0.0413603
0 0.235596 0.710938 0.0249023 0.0450368
1 0.886719 0.236213 0.0263672 0.0441176
1 0.879883 0.823529 0.0234375 0.0459559
0 0.0134277 0.202665 0.0258789 0.0579044
0 0.465088 0.670956 0.0258789 0.0477941
1 0.991699 0.761029 0.0166016 0.0404412
0 0.532715 0.462316 0.0234375 0.0422794
1 0.72998 0.102022 0.0234375 0.0459559
1 0.744141 0.920037 0.0253906 0.0441176
1 0.186279 0.46921 0.0258789 0.046875
1 0.692383 0.445772 0.0234375 0.0441176
1 0.520508 0.0693934 0.0234375 0.0431985
1 0.726562 0.634651 0.0214844 0.0413603
1 0.647217 0.390625 0.0229492 0.0441176
1 0.767578 0.0859375 0.0205078 0.0395221
1 0.440186 0.883732 0.027832 0.0487132
1 0.588867 0.362592 0.0234375 0.0431985
1 0.372559 0.536765 0.0273438 0.0496324
1 0.359131 0.172335 0.0209961 0.0395221
1 0.677246 0.0588235 0.0224609 0.0404412
1 0.156982 0.501838 0.0229492 0.0459559
1 0.195801 0.930147 0.0263672 0.0441176
1 0.414551 0.460018 0.0263672 0.0487132
0 0.258057 0.846507 0.0258789 0.0422794
1 0.0944824 0.350643 0.027832 0.0487132
1 0.755859 0.79136 0.0263672 0.0459559
1 0.393799 0.87454 0.027832 0.0542279
1 0.712646 0.476103 0.0249023 0.0386029
1 0.780029 0.691636 0.0258789 0.0487132
0 0.269775 0.984375 0.0268555 0.03125
1 0.571045 0.105699 0.0219727 0.0404412
1 0.834961 0.12546 0.0234375 0.0431985
1 0.92041 0.84375 0.0263672 0.0441176
0 0.324463 0.632812 0.0239258 0.0431985
1 0.234131 0.348805 0.0249023 0.0487132
1 0.693359 0.732537 0.0214844 0.0459559
0 0.365234 0.689338 0.0244141 0.0477941
1 0.759766 0.0560662 0.0214844 0.0386029
1 0.0183105 0.459099 0.0258789 0.0505515
1 0.152344 0.22886 0.0273438 0.0514706
0 0.076416 0.246783 0.0317383 0.0542279
1 0.445801 0.476562 0.0205078 0.0376838
1 0.359131 0.199908 0.019043 0.0431985
0 0.315674 0.881893 0.0258789 0.0487132
1 0.147461 0.30239 0.0263672 0.0459559
1 0.798096 0.407629 0.0209961 0.0395221
1 0.991211 0.542279 0.015625 0.0477941
1 0.679932 0.130974 0.0249023 0.0413603
1 0.990967 0.176011 0.0180664 0.046875
1 0.090332 0.599724 0.0244141 0.0487132
1 0.828857 0.625 0.0268555 0.0533088
1 0.851562 0.261489 0.0263672 0.0431985
1 0.964844 0.749081 0.0234375 0.0441176
1 0.0314941 0.410386 0.0258789 0.0450368
1 0.224609 0.785386 0.0273438 0.0487132
1 0.176514 0.829963 0.0249023 0.0422794
1 0.205322 0.85386 0.0268555 0.0441176
1 0.803711 0.109375 0.0234375 0.0441176
1 0.395264 0.125919 0.0219727 0.0404412
1 0.310059 0.131434 0.0283203 0.0496324
1 0.534424 0.338235 0.0229492 0.0441176
1 0.783203 0.59421 0.0253906 0.0431985
1 0.145752 0.587776 0.0249023 0.046875
1 0.612305 0.250919 0.0195312 0.0386029
0 0.298584 0.670496 0.0288086 0.046875
1 0.802246 0.170496 0.0234375 0.0450368
1 0.163818 0.772518 0.0258789 0.0487132
1 0.0141602 0.981158 0.0244141 0.0376838
1 0.408936 0.341912 0.0268555 0.0459559
1 0.0917969 0.0344669 0.0332031 0.0542279
1 0.418457 0.957261 0.0283203 0.0505515
1 0.128418 0.828585 0.0253906 0.0505515
1 0.407959 0.204044 0.0258789 0.0459559
1 0.668701 0.391544 0.0219727 0.0422794
1 0.825928 0.954044 0.0297852 0.0441176
1 0.0922852 0.81204 0.0263672 0.046875
1 0.569336 0.387868 0.0234375 0.0422794
1 0.171387 0.0174632 0.0273438 0.0349265
1 0.460205 0.110294 0.0229492 0.0459559
1 0.813232 0.442096 0.0249023 0.0422794
1 0.691895 0.384191 0.0244141 0.0441176
1 0.598145 0.300092 0.0244141 0.0431985
1 0.10791 0.530331 0.0263672 0.0459559
1 0.501221 0.174173 0.0249023 0.0450368
1 0.0305176 0.884651 0.0249023 0.0413603
1 0.809326 0.298713 0.0239258 0.0404412
1 0.597656 0.229779 0.0195312 0.0422794
1 0.578125 0.25 0.0214844 0.0441176
1 0.216797 0.0772059 0.0253906 0.0477941
1 0.132568 0.622702 0.0258789 0.046875
1 0.80542 0.227482 0.0249023 0.0450368
1 0.402588 0.159926 0.0209961 0.0441176
1 0.782959 0.272518 0.0258789 0.0450368
1 0.0368652 0.918658 0.0258789 0.0413603
1 0.206787 0.31296 0.0258789 0.0487132
1 0.48291 0.131893 0.0224609 0.0450368
1 0.333984 0.193015 0.0253906 0.0459559
1 0.315918 0.24954 0.0263672 0.046875
1 0.52832 0.270221 0.0234375 0.0459559
1 0.981201 0.734375 0.0219727 0.0386029
1 0.244873 0.0252757 0.0249023 0.0450368
1 0.984375 0.930147 0.0263672 0.0533088
