1 0.577148 0.391544 0.0195312 0.0330882
1 0.382324 0.480239 0.0185547 0.0321691
1 0.314453 0.652114 0.0195312 0.0358456
1 0.140381 0.600184 0.0229492 0.0496324
0 0.85791 0.863051 0.0263672 0.0459559
0 0.835205 0.863051 0.019043 0.0386029
0 0.775879 0.715074 0.0234375 0.0441176
1 0.825928 0.803768 0.0249023 0.0505515
0 0.787354 0.59375 0.0268555 0.0459559
1 0.389404 0.668658 0.019043 0.0450368
1 0.381592 0.786305 0.0219727 0.0413603
1 0.301758 0.664062 0.0214844 0.0413603
0 0.556641 0.88511 0.0263672 0.0422794
0 0.876465 0.722426 0.0263672 0.0459559
1 0.879883 0.824449 0.0234375 0.0441176
1 0.825928 0.955882 0.0297852 0.0477941
1 0.85791 0.863051 0.0234375 0.0459559
0 0.827393 0.802849 0.0268555 0.0505515
1 0.806152 0.18704 0.0205078 0.0376838
0 0.880371 0.825827 0.0234375 0.046875
1 0.756836 0.925551 0.03125 0.0514706
1 0.680908 0.10432 0.0229492 0.0395221
0 0.828125 0.621783 0.0253906 0.0487132
1 0.740723 0.161765 0.0224609 0.0404412
1 0.916992 0.492647 0.0234375 0.0459559
0 0.912354 0.982996 0.0297852 0.0340074
1 0.828857 0.622243 0.0219727 0.0459559
1 0.534424 0.330423 0.0239258 0.0487132
0 0.755859 0.924173 0.0292969 0.0487132
1 0.440186 0.88511 0.0268555 0.0459559
1 0.0800781 0.235294 0.0273438 0.0477941
1 0.556641 0.882353 0.0273438 0.0441176
1 0.731689 0.116728 0.0229492 0.0422794
1 0.03125 0.410846 0.0195312 0.0386029
1 0.857178 0.253676 0.0249023 0.0422794
0 0.825684 0.955423 0.0283203 0.0487132
0 0.755615 0.789062 0.0249023 0.0431985
1 0.679199 0.0606618 0.0224609 0.0386029
0 0.565918 0.601562 0.0263672 0.046875
1 0.25708 0.84375 0.0249023 0.0441176
1 0.0241699 0.4375 0.0219727 0.0367647
1 0.526855 0.0680147 0.0263672 0.0441176
1 0.929688 0.563419 0.0253906 0.0441176
1 0.838379 0.12454 0.0234375 0.0431985
1 0.92749 0.856618 0.0249023 0.0477941
1 0.0185547 0.195772 0.0253906 0.0514706
1 0.319092 0.162684 0.0200195 0.0459559
1 0.406738 0.538143 0.0234375 0.0413603
1 0.237549 0.713695 0.0239258 0.046875
1 0.0905762 0.0317096 0.0336914 0.0487132
1 0.690674 0.384651 0.0268555 0.046875
1 0.145264 0.587776 0.0200195 0.0431985
1 0.88208 0.0863971 0.0200195 0.0422794
1 0.571289 0.10386 0.0234375 0.0441176
1 0.0148926 0.981158 0.0258789 0.0376838
1 0.4021 0.212316 0.0229492 0.0459559
1 0.197021 0.944853 0.027832 0.0477941
1 0.37915 0.688879 0.0209961 0.0431985
1 0.09375 0.601562 0.0234375 0.0450368
1 0.172119 0.019761 0.0297852 0.0395221
1 0.371094 0.539522 0.0253906 0.0459559
1 0.524902 0.268382 0.0244141 0.0477941
1 0.0974121 0.361673 0.0268555 0.0487132
1 0.858643 0.0840993 0.0200195 0.0431985
1 0.391602 0.873621 0.0234375 0.0505515
1 0.10083 0.523897 0.0249023 0.0477941
1 0.809082 0.119026 0.0224609 0.0431985
1 0.59375 0.295496 0.0234375 0.0395221
1 0.209717 0.0799632 0.0258789 0.0477941
1 0.414062 0.456801 0.0253906 0.0459559
1 0.987793 0.174632 0.0244141 0.0496324
1 0.196777 0.529871 0.0234375 0.0431985
1 0.897705 0.106158 0.0219727 0.0450368
1 0.812012 0.30193 0.0244141 0.0413603
1 0.583984 0.252757 0.0224609 0.0404412
1 0.410156 0.339614 0.0253906 0.0450368
1 0.785645 0.272059 0.0234375 0.0441176
1 0.13208 0.608915 0.0209961 0.0413603
1 0.506592 0.181526 0.0258789 0.046875
1 0.98291 0.917739 0.0283203 0.0542279
1 0.806396 0.210018 0.0219727 0.0395221
1 0.334961 0.182904 0.0214844 0.0459559
1 0.37793 0.368107 0.0253906 0.0431985
1 0.418213 0.943474 0.0258789 0.0505515
1 0.153564 0.278952 0.0249023 0.0413603
1 0.119873 0.822151 0.0249023 0.0487132
1 0.187256 0.483915 0.0239258 0.0450368
1 0.160156 0.486673 0.0234375 0.0413603
1 0.164062 0.77068 0.0263672 0.0487132
1 0.0949707 0.814338 0.027832 0.0514706
1 0.148193 0.235294 0.0249023 0.0422794
1 0.239014 0.345129 0.027832 0.0505515
1 0.3125 0.246783 0.0253906 0.0450368
1 0.205322 0.314338 0.0249023 0.0477941
1 0.230225 0.762408 0.0249023 0.046875
