0 0.0957031 0.582721 0.0283203 0.0477941
0 0.860107 0.0850184 0.0249023 0.046875
0 0.691406 0.387408 0.0263672 0.0523897
1 0.020752 0.193934 0.0268555 0.0551471
1 0.882812 0.241728 0.0205078 0.0459559
0 0.56665 0.596967 0.0288086 0.0523897
0 0.439941 0.88511 0.0244141 0.0459559
1 0.0935059 0.545037 0.0249023 0.0569853
0 0.810059 0.118566 0.0224609 0.0459559
0 0.768555 0.924173 0.0273438 0.0523897
1 0.858643 0.255515 0.0219727 0.0404412
1 0.916992 0.982537 0.03125 0.0349265
1 0.858643 0.0840993 0.0219727 0.046875
0 0.789795 0.592371 0.0249023 0.0450368
1 0.929688 0.872243 0.0263672 0.0459559
0 0.206787 0.317096 0.0258789 0.0514706
1 0.789795 0.590533 0.0249023 0.0450368
1 0.932861 0.564338 0.0249023 0.0477941
0 0.0217285 0.194393 0.0258789 0.0505515
1 0.440186 0.883732 0.0239258 0.046875
1 0.917236 0.492188 0.0297852 0.046875
1 0.172363 0.0211397 0.0273438 0.0386029
1 0.197998 0.959559 0.027832 0.0477941
1 0.201904 0.0721507 0.0258789 0.0450368
1 0.258545 0.84375 0.0249023 0.0441176
0 0.872559 0.731618 0.0234375 0.0441176
1 0.808594 0.299632 0.0234375 0.0404412
1 0.810059 0.116728 0.0205078 0.0441176
1 0.825684 0.955882 0.0283203 0.0496324
0 0.102051 0.376838 0.0253906 0.0496324
0 0.0852051 0.238511 0.0307617 0.0523897
1 0.98877 0.173713 0.0224609 0.0496324
1 0.835205 0.866268 0.0200195 0.0395221
1 0.828857 0.622702 0.0219727 0.046875
1 0.69043 0.387408 0.0273438 0.0505515
1 0.0939941 0.0261949 0.0317383 0.0431985
0 0.828857 0.622243 0.0249023 0.0496324
0 0.197998 0.95818 0.027832 0.0450368
1 0.836914 0.12454 0.0234375 0.0431985
1 0.873291 0.731158 0.0249023 0.046875
0 0.82666 0.954504 0.0283203 0.0505515
1 0.568115 0.599265 0.0258789 0.0477941
1 0.785156 0.272059 0.0234375 0.0477941
0 0.0939941 0.539062 0.0268555 0.046875
0 0.200928 0.0716912 0.0258789 0.0459559
1 0.825684 0.786305 0.0263672 0.0487132
1 0.550781 0.897059 0.0253906 0.0422794
1 0.196045 0.534007 0.027832 0.0533088
1 0.862305 0.861673 0.0234375 0.046875
0 0.93042 0.871324 0.0268555 0.0477941
1 0.771484 0.741728 0.0224609 0.0459559
1 0.235352 0.340533 0.0263672 0.046875
1 0.206787 0.315257 0.0249023 0.0477941
1 0.769043 0.924632 0.0273438 0.0514706
1 0.095459 0.580423 0.0268555 0.0450368
1 0.515137 0.195772 0.0205078 0.0422794
1 0.524414 0.269301 0.0234375 0.0404412
1 0.880371 0.826287 0.0234375 0.0459559
1 0.414551 0.921875 0.0224609 0.0441176
1 0.391357 0.871783 0.0219727 0.0487132
1 0.527588 0.309743 0.0219727 0.0404412
1 0.755859 0.789062 0.0244141 0.0450368
0 0.164551 0.770221 0.0292969 0.0514706
1 0.39502 0.540441 0.0205078 0.0367647
1 0.376221 0.539982 0.0219727 0.0395221
1 0.395264 0.224724 0.0229492 0.0450368
1 0.981934 0.909007 0.0263672 0.0496324
1 0.568359 0.0909926 0.0234375 0.0441176
1 0.415283 0.457721 0.0249023 0.0441176
1 0.541016 0.058364 0.0253906 0.0450368
1 0.378662 0.368566 0.0249023 0.0422794
1 0.409424 0.340533 0.0239258 0.0431985
1 0.311523 0.245404 0.0273438 0.0441176
