0 0.784424 0.925092 0.027832 0.0487132
1 0.858643 0.0840993 0.0219727 0.0450368
0 0.53418 0.919118 0.03125 0.0496324
0 0.567871 0.596507 0.0302734 0.0569853
1 0.963867 0.873621 0.0234375 0.046875
1 0.785645 0.925092 0.0263672 0.0487132
0 0.963379 0.867647 0.0283203 0.0477941
1 0.810791 0.120404 0.0219727 0.0477941
0 0.799316 0.595129 0.0283203 0.0487132
0 0.189453 0.54136 0.0341797 0.0698529
0 0.811035 0.118107 0.0234375 0.0487132
1 0.109131 0.386949 0.0288086 0.0643382
0 0.922607 0.976562 0.0297852 0.0431985
0 0.101074 0.0225184 0.0341797 0.0450368
1 0.922852 0.976562 0.03125 0.0431985
0 0.831299 0.769761 0.0297852 0.0560662
1 0.831299 0.77068 0.0297852 0.0560662
1 0.835938 0.12454 0.0214844 0.0450368
0 0.829102 0.623162 0.0234375 0.0477941
1 0.569092 0.597886 0.0288086 0.0523897
0 0.826416 0.953585 0.0297852 0.0523897
1 0.528076 0.273897 0.0209961 0.0386029
1 0.202881 0.957261 0.0307617 0.0523897
0 0.309814 0.23943 0.0307617 0.0542279
1 0.310547 0.240349 0.03125 0.0542279
1 0.872559 0.745864 0.0283203 0.046875
0 0.872559 0.746324 0.0283203 0.0477941
1 0.946045 0.560662 0.0297852 0.0477941
1 0.800049 0.59421 0.0268555 0.0487132
1 0.91626 0.495404 0.0249023 0.0477941
1 0.828125 0.62454 0.0214844 0.046875
1 0.988281 0.172335 0.0234375 0.0505515
1 0.529297 0.306526 0.0224609 0.0450368
0 0.0852051 0.23943 0.0336914 0.0615809
0 0.439209 0.882353 0.0336914 0.0569853
0 0.934326 0.882812 0.0249023 0.0413603
0 0.201904 0.957261 0.0288086 0.046875
1 0.415527 0.454963 0.0244141 0.0459559
0 0.258789 0.846967 0.0273438 0.0505515
0 0.165283 0.773438 0.0268555 0.0523897
1 0.38623 0.255055 0.0263672 0.0487132
0 0.108887 0.389706 0.0292969 0.0625
1 0.377686 0.366268 0.0239258 0.0431985
0 0.0222168 0.193015 0.0336914 0.0661765
1 0.189209 0.54136 0.034668 0.0661765
1 0.39502 0.340533 0.0244141 0.0431985
1 0.825928 0.954504 0.0297852 0.0505515
1 0.689941 0.390165 0.03125 0.0652574
