1 0.109375 0.386949 0.0292969 0.0625
0 0.533691 0.919118 0.03125 0.0496324
1 0.101807 0.0234375 0.0336914 0.046875
0 0.811523 0.118107 0.0234375 0.046875
0 0.189453 0.540901 0.0341797 0.0689338
1 0.785889 0.926011 0.0268555 0.0487132
1 0.963379 0.872243 0.0234375 0.0441176
0 0.101562 0.0225184 0.0341797 0.0450368
0 0.962402 0.867188 0.0283203 0.046875
1 0.810791 0.120404 0.0219727 0.0477941
0 0.569336 0.598346 0.03125 0.0533088
0 0.921875 0.976562 0.0292969 0.0431985
1 0.835205 0.125 0.0219727 0.0441176
0 0.799316 0.595129 0.0283203 0.0505515
1 0.922607 0.975643 0.0297852 0.0431985
0 0.832031 0.768842 0.0292969 0.0560662
1 0.310547 0.240349 0.03125 0.0542279
1 0.569092 0.596967 0.027832 0.0505515
1 0.832031 0.77068 0.0292969 0.0560662
1 0.528076 0.274357 0.0209961 0.0395221
0 0.826416 0.953585 0.0297852 0.0523897
1 0.202881 0.957261 0.0307617 0.0523897
0 0.872559 0.746324 0.0283203 0.0477941
0 0.309814 0.23989 0.0307617 0.0533088
1 0.872559 0.745864 0.0283203 0.046875
0 0.828857 0.623162 0.0249023 0.0496324
1 0.800049 0.594669 0.0268555 0.0496324
1 0.529297 0.306526 0.0214844 0.0431985
1 0.947021 0.559743 0.0297852 0.0477941
1 0.98877 0.172335 0.0224609 0.0505515
1 0.828857 0.625 0.0219727 0.0477941
1 0.91626 0.495864 0.0249023 0.046875
0 0.438721 0.882353 0.0336914 0.0551471
1 0.385986 0.255515 0.0258789 0.0477941
0 0.202148 0.957261 0.0283203 0.0487132
0 0.259033 0.846967 0.027832 0.0505515
1 0.415527 0.454963 0.0234375 0.0459559
0 0.0849609 0.238051 0.0351562 0.0588235
0 0.934326 0.882812 0.0249023 0.0413603
0 0.165527 0.773438 0.0273438 0.0523897
1 0.377686 0.367188 0.0239258 0.0431985
0 0.109131 0.389246 0.0288086 0.0615809
0 0.0222168 0.193474 0.0336914 0.0670956
1 0.39502 0.340993 0.0244141 0.0422794
1 0.189209 0.54136 0.034668 0.0661765
1 0.826416 0.954504 0.0297852 0.0505515
1 0.689453 0.390165 0.0302734 0.0652574
