0 0.949219 0.866728 0.0253906 0.0367647
0 0.524658 0.206801 0.0229492 0.0459559
0 0.102295 0.0238971 0.0356445 0.0477941
0 0.860352 0.0827206 0.03125 0.0477941
0 0.189697 0.54182 0.034668 0.0726103
0 0.382568 0.267004 0.0297852 0.0523897
1 0.30957 0.237592 0.0283203 0.0597426
1 0.799316 0.928768 0.0244141 0.046875
1 0.102539 0.0248162 0.0341797 0.0496324
1 0.949219 0.866728 0.0234375 0.0367647
1 0.924316 0.975184 0.0283203 0.0441176
1 0.828857 0.625 0.0219727 0.0477941
0 0.925049 0.976562 0.0297852 0.046875
0 0.825928 0.953585 0.0249023 0.0450368
1 0.258301 0.847886 0.0302734 0.0523897
0 0.799072 0.928768 0.0239258 0.046875
1 0.825928 0.953125 0.0249023 0.0422794
1 0.958008 0.556526 0.03125 0.0505515
0 0.259033 0.847886 0.0307617 0.0542279
0 0.842285 0.766085 0.0263672 0.046875
0 0.800537 0.59421 0.0268555 0.0505515
1 0.800781 0.59375 0.0253906 0.0514706
1 0.416504 0.454504 0.0302734 0.0597426
0 0.203613 0.957261 0.03125 0.0542279
1 0.872559 0.745404 0.0263672 0.0477941
0 0.569824 0.597886 0.0322266 0.0560662
1 0.987549 0.173254 0.0249023 0.0560662
0 0.828857 0.623621 0.0249023 0.0487132
1 0.916504 0.496324 0.0263672 0.0477941
0 0.30835 0.237592 0.0307617 0.0597426
0 0.439453 0.881434 0.0341797 0.0588235
1 0.303711 0.90579 0.0283203 0.0560662
1 0.203613 0.957261 0.03125 0.0560662
0 0.872559 0.746324 0.0263672 0.0477941
0 0.164795 0.772978 0.0288086 0.0569853
0 0.0852051 0.238971 0.0356445 0.0625
0 0.109375 0.387868 0.0302734 0.0625
1 0.689941 0.389706 0.0302734 0.0661765
0 0.0222168 0.193474 0.0327148 0.0652574
1 0.189453 0.54182 0.0341797 0.0670956
