0 0.783936 0.924173 0.0288086 0.046875
1 0.101074 0.0234375 0.0341797 0.046875
0 0.858643 0.0840993 0.0219727 0.046875
1 0.52417 0.209099 0.0180664 0.0413603
0 0.534912 0.919118 0.0297852 0.0496324
0 0.810791 0.117647 0.0239258 0.0477941
0 0.10083 0.0225184 0.034668 0.0450368
1 0.810791 0.119485 0.0219727 0.0477941
1 0.108887 0.387408 0.0292969 0.0634191
1 0.922852 0.976103 0.03125 0.0441176
0 0.189697 0.54136 0.034668 0.0698529
0 0.921875 0.977022 0.03125 0.0459559
0 0.569336 0.597886 0.03125 0.0542279
1 0.569092 0.596507 0.027832 0.0496324
1 0.835938 0.12454 0.0234375 0.0450368
1 0.310547 0.240809 0.03125 0.0533088
0 0.798584 0.595588 0.027832 0.0496324
1 0.202393 0.957261 0.0307617 0.0523897
1 0.799805 0.595129 0.0273438 0.0487132
1 0.96582 0.875919 0.0234375 0.0459559
1 0.917236 0.493566 0.0249023 0.0496324
0 0.309814 0.240809 0.0307617 0.0533088
1 0.945312 0.561121 0.0283203 0.0487132
0 0.966309 0.874081 0.0234375 0.0496324
1 0.529053 0.308364 0.0219727 0.0413603
1 0.98877 0.172335 0.0224609 0.0505515
1 0.829102 0.623621 0.0234375 0.046875
1 0.415527 0.454963 0.0244141 0.0459559
0 0.830322 0.77068 0.0297852 0.0560662
1 0.527588 0.272518 0.0209961 0.0376838
0 0.438232 0.882353 0.0336914 0.0551471
0 0.0849609 0.238051 0.0361328 0.0588235
0 0.872559 0.745864 0.0283203 0.0487132
1 0.385498 0.252757 0.0288086 0.0459559
0 0.828857 0.623162 0.0249023 0.0477941
0 0.934326 0.883272 0.0249023 0.0422794
0 0.201904 0.957261 0.027832 0.046875
1 0.377441 0.366728 0.0244141 0.0441176
0 0.826416 0.953585 0.0297852 0.0523897
0 0.258545 0.847426 0.0268555 0.0514706
0 0.108887 0.389246 0.0292969 0.0615809
0 0.165283 0.773897 0.0268555 0.0514706
1 0.395752 0.339614 0.0239258 0.0431985
0 0.0219727 0.193474 0.0332031 0.0670956
1 0.825928 0.954044 0.0297852 0.0514706
1 0.189453 0.54182 0.0351562 0.0670956
1 0.689941 0.390165 0.03125 0.0652574
