0 0.858643 0.0840993 0.0219727 0.046875
0 0.789795 0.925092 0.0268555 0.0505515
0 0.189697 0.54182 0.034668 0.0707721
0 0.101807 0.0229779 0.034668 0.0459559
0 0.799316 0.594669 0.0283203 0.0514706
0 0.922607 0.976562 0.027832 0.0431985
1 0.102051 0.0238971 0.0341797 0.0477941
1 0.833496 0.767463 0.0283203 0.0496324
0 0.872559 0.745864 0.0283203 0.0487132
0 0.569336 0.597886 0.03125 0.0542279
1 0.109375 0.387408 0.0292969 0.0634191
0 0.828857 0.623621 0.0249023 0.0487132
1 0.789062 0.924173 0.0263672 0.0487132
1 0.310303 0.23943 0.0307617 0.0560662
1 0.56958 0.596048 0.027832 0.0505515
1 0.948486 0.560662 0.0249023 0.0477941
0 0.818848 0.123162 0.0234375 0.0496324
0 0.30957 0.238511 0.03125 0.0560662
1 0.923584 0.975643 0.0297852 0.0431985
0 0.93457 0.882353 0.0234375 0.0404412
1 0.38501 0.256434 0.0288086 0.0496324
0 0.258789 0.846967 0.0273438 0.0505515
0 0.202148 0.957261 0.0283203 0.0505515
1 0.203125 0.95818 0.0302734 0.0542279
1 0.988281 0.172335 0.0234375 0.0505515
1 0.800049 0.594669 0.0268555 0.0496324
0 0.0852051 0.238051 0.0356445 0.0588235
1 0.828857 0.62454 0.0219727 0.0487132
0 0.164795 0.772518 0.0288086 0.0542279
1 0.960938 0.869945 0.0253906 0.0413603
1 0.416016 0.455423 0.0253906 0.0487132
0 0.439209 0.881893 0.0336914 0.0560662
1 0.91626 0.495404 0.0249023 0.0459559
1 0.872559 0.745864 0.0283203 0.046875
1 0.377197 0.367188 0.0219727 0.0413603
0 0.109131 0.389246 0.0288086 0.0615809
0 0.0219727 0.193015 0.0332031 0.0680147
1 0.825684 0.953585 0.0283203 0.0487132
1 0.392578 0.341912 0.0234375 0.0441176
1 0.689941 0.389246 0.0302734 0.0652574
1 0.189209 0.542279 0.0336914 0.0661765
