1 0.0996094 0.0229779 0.0341797 0.0459559
0 0.537354 0.913603 0.0288086 0.0514706
1 0.311279 0.896599 0.0268555 0.046875
0 0.189697 0.540901 0.0317383 0.0652574
1 0.858643 0.0845588 0.0219727 0.0459559
0 0.567627 0.596967 0.0307617 0.0542279
1 0.88208 0.241268 0.0219727 0.046875
1 0.79834 0.59329 0.0263672 0.0450368
1 0.85791 0.24954 0.0234375 0.0395221
1 0.522705 0.207721 0.019043 0.0404412
0 0.797852 0.595129 0.0273438 0.046875
1 0.921143 0.978401 0.0327148 0.0431985
1 0.568848 0.596967 0.0263672 0.046875
1 0.934326 0.880055 0.0249023 0.0431985
1 0.537842 0.914982 0.0249023 0.046875
1 0.405762 0.888787 0.0224609 0.0441176
1 0.201172 0.95818 0.0302734 0.0523897
0 0.438965 0.882353 0.0244141 0.0459559
1 0.390869 0.870404 0.0200195 0.0459559
0 0.920898 0.97886 0.03125 0.0422794
1 0.177979 0.0303309 0.0336914 0.0496324
0 0.201416 0.95818 0.027832 0.0487132
1 0.916992 0.493566 0.0234375 0.0477941
1 0.828857 0.62454 0.0219727 0.046875
1 0.989014 0.172335 0.0219727 0.0487132
1 0.810791 0.119945 0.0219727 0.046875
0 0.258301 0.847426 0.0263672 0.0514706
0 0.933594 0.883272 0.0253906 0.0422794
0 0.828857 0.623162 0.0249023 0.0477941
1 0.943848 0.563879 0.0263672 0.046875
0 0.827148 0.773438 0.03125 0.0523897
0 0.165283 0.772059 0.027832 0.0477941
1 0.835938 0.124081 0.0234375 0.0441176
0 0.0849609 0.238971 0.0332031 0.0588235
0 0.872559 0.744026 0.0263672 0.0487132
1 0.528564 0.308824 0.0229492 0.0441176
1 0.526123 0.269761 0.0209961 0.0395221
1 0.785889 0.272518 0.0229492 0.0413603
0 0.777588 0.921875 0.0288086 0.0496324
0 0.10791 0.387868 0.0283203 0.0588235
1 0.415039 0.454963 0.0234375 0.0422794
1 0.970947 0.883732 0.0249023 0.0450368
1 0.388672 0.246783 0.0253906 0.0523897
0 0.0219727 0.192555 0.0322266 0.0634191
1 0.798096 0.295496 0.0239258 0.0413603
0 0.826416 0.953585 0.0297852 0.0542279
1 0.311035 0.244026 0.0283203 0.046875
1 0.689941 0.389246 0.0302734 0.0634191
1 0.377686 0.369026 0.0249023 0.0450368
1 0.189209 0.54182 0.0327148 0.0615809
1 0.404785 0.336857 0.0234375 0.0431985
