1 0.83667 0.867647 0.019043 0.0367647
1 0.518799 0.201287 0.0200195 0.0349265
0 0.990967 0.414982 0.0180664 0.0358456
0 0.805664 0.304228 0.0214844 0.0459559
0 0.858643 0.0840993 0.0200195 0.0450368
0 0.917236 0.493566 0.0249023 0.0441176
1 0.312256 0.892463 0.027832 0.0496324
1 0.0942383 0.0261949 0.0322266 0.046875
1 0.920166 0.97886 0.0327148 0.0422794
0 0.810791 0.118566 0.0219727 0.0459559
1 0.882812 0.241728 0.0214844 0.0477941
1 0.163818 0.771599 0.0297852 0.0560662
1 0.858643 0.254596 0.0219727 0.0404412
0 0.171875 0.0220588 0.0273438 0.0404412
1 0.828857 0.623621 0.0219727 0.046875
0 0.92041 0.980239 0.03125 0.0395221
1 0.197266 0.0629596 0.0253906 0.046875
0 0.785156 0.272059 0.0234375 0.0477941
0 0.197021 0.0625 0.0239258 0.0477941
1 0.810791 0.119485 0.0219727 0.0441176
1 0.543701 0.0579044 0.0249023 0.0441176
1 0.917236 0.492647 0.027832 0.0477941
1 0.786133 0.272059 0.0234375 0.0459559
0 0.825684 0.779412 0.0263672 0.0459559
0 0.771484 0.924173 0.0273438 0.0505515
0 0.566406 0.0836397 0.0224609 0.0422794
0 0.567627 0.596967 0.0297852 0.0523897
1 0.825928 0.955882 0.0297852 0.0496324
0 0.439453 0.884651 0.0244141 0.0487132
0 0.19873 0.95864 0.03125 0.0533088
1 0.568848 0.598346 0.0273438 0.0477941
0 0.933594 0.881434 0.0234375 0.0441176
0 0.793701 0.592371 0.0268555 0.046875
1 0.83667 0.12454 0.0219727 0.0431985
0 0.689453 0.387868 0.0283203 0.0588235
1 0.566406 0.0836397 0.0224609 0.0422794
1 0.771484 0.924173 0.0273438 0.0487132
0 0.231934 0.339614 0.0244141 0.0505515
1 0.824219 0.778952 0.0253906 0.046875
1 0.258545 0.845588 0.0258789 0.0477941
1 0.989014 0.173254 0.0219727 0.0487132
0 0.0852051 0.238511 0.0307617 0.0542279
0 0.0224609 0.193934 0.0273438 0.0533088
1 0.171631 0.0215993 0.0268555 0.0395221
1 0.546143 0.904412 0.0268555 0.0477941
1 0.524658 0.269301 0.0229492 0.0404412
1 0.690186 0.386949 0.0297852 0.0588235
1 0.806396 0.30239 0.0229492 0.0459559
0 0.756592 0.790901 0.0239258 0.0413603
0 0.164795 0.770221 0.0297852 0.0514706
1 0.936035 0.565257 0.0263672 0.0459559
1 0.865723 0.859835 0.0234375 0.046875
0 0.871826 0.742647 0.0249023 0.0459559
1 0.872559 0.740349 0.0263672 0.0487132
0 0.826416 0.954044 0.0297852 0.0514706
1 0.198486 0.95864 0.0288086 0.0496324
1 0.528076 0.310662 0.0219727 0.0404412
1 0.879883 0.826287 0.0234375 0.0459559
0 0.103271 0.381434 0.0297852 0.0533088
0 0.769531 0.757812 0.0253906 0.0413603
0 0.828857 0.622702 0.0249023 0.0487132
1 0.4104 0.912684 0.0219727 0.0422794
0 0.208496 0.317555 0.0263672 0.0505515
1 0.391357 0.871783 0.0229492 0.0487132
1 0.978271 0.899357 0.0249023 0.0505515
1 0.393555 0.232537 0.0244141 0.0441176
1 0.415283 0.457721 0.0249023 0.0477941
1 0.311279 0.245404 0.027832 0.0459559
1 0.378662 0.368566 0.0249023 0.0441176
1 0.408936 0.340074 0.0239258 0.0441176
1 0.19043 0.54182 0.0292969 0.0542279
