1 0.876709 0.723346 0.0297852 0.0496324
1 0.738037 0.144301 0.0209961 0.0386029
1 0.804932 0.988051 0.0307617 0.0238971
1 0.101318 0.368566 0.0229492 0.0441176
1 0.0197754 0.194853 0.027832 0.0551471
1 0.0158691 0.982537 0.0268555 0.0349265
0 0.0146484 0.984375 0.0292969 0.03125
1 0.835938 0.865349 0.0214844 0.0395221
0 0.163818 0.769761 0.0297852 0.0560662
0 0.875732 0.725643 0.0268555 0.046875
0 0.914795 0.981158 0.0297852 0.0340074
0 0.0205078 0.195312 0.0263672 0.0505515
1 0.0854492 0.237592 0.0302734 0.0542279
1 0.196777 0.953585 0.0283203 0.046875
1 0.172607 0.0206801 0.0297852 0.0413603
1 0.917969 0.492647 0.0283203 0.0477941
1 0.164795 0.77068 0.0288086 0.0523897
0 0.196777 0.953125 0.0302734 0.0496324
1 0.931152 0.56296 0.0263672 0.0450368
1 0.691162 0.386489 0.0258789 0.046875
1 0.885986 0.0909926 0.019043 0.0386029
1 0.772217 0.727941 0.0229492 0.0441176
1 0.858643 0.253676 0.0219727 0.0404412
1 0.789062 0.591912 0.0253906 0.0459559
1 0.552979 0.892463 0.0258789 0.0441176
1 0.257812 0.84421 0.0253906 0.046875
1 0.828857 0.623162 0.0219727 0.0477941
1 0.0917969 0.0289522 0.0332031 0.046875
1 0.988281 0.174173 0.0234375 0.0505515
1 0.838379 0.12454 0.0234375 0.046875
1 0.928955 0.86489 0.0249023 0.0459559
0 0.205322 0.0762868 0.0249023 0.0477941
1 0.567139 0.600643 0.0268555 0.046875
1 0.859375 0.0840993 0.0214844 0.0450368
1 0.883545 0.240349 0.0249023 0.0450368
1 0.880615 0.826746 0.0249023 0.046875
1 0.825928 0.955882 0.0297852 0.0496324
1 0.440674 0.884651 0.0249023 0.0487132
1 0.860352 0.861673 0.0234375 0.0487132
1 0.82666 0.793199 0.0263672 0.0496324
1 0.511719 0.191636 0.0253906 0.0431985
1 0.167236 0.484375 0.0200195 0.0422794
1 0.76416 0.924173 0.0283203 0.0560662
1 0.0974121 0.529412 0.027832 0.0477941
1 0.197021 0.530331 0.0239258 0.0459559
1 0.755859 0.789062 0.0253906 0.0450368
1 0.185059 0.486673 0.0214844 0.0431985
1 0.810303 0.119026 0.0229492 0.0450368
1 0.786133 0.271599 0.0234375 0.0487132
1 0.810791 0.300092 0.0249023 0.0450368
1 0.391846 0.873621 0.0229492 0.0505515
1 0.524658 0.268382 0.0239258 0.0441176
1 0.98291 0.913143 0.0283203 0.0523897
1 0.095459 0.592371 0.0249023 0.046875
1 0.530518 0.314338 0.0229492 0.0441176
1 0.397949 0.220588 0.0224609 0.0459559
1 0.5354 0.0574449 0.0258789 0.0413603
1 0.373047 0.540441 0.0253906 0.0459559
1 0.378174 0.368107 0.0249023 0.0431985
1 0.416748 0.933824 0.0258789 0.0477941
1 0.238281 0.342371 0.0273438 0.0487132
1 0.571289 0.0988051 0.0234375 0.046875
1 0.414795 0.457721 0.0249023 0.0441176
1 0.205566 0.314798 0.0244141 0.046875
1 0.409668 0.340533 0.0244141 0.0431985
1 0.311035 0.246324 0.0273438 0.0459559
1 0.400146 0.540441 0.0249023 0.0441176
