1 0.38208 0.267463 0.027832 0.0496324
0 0.95166 0.865349 0.0234375 0.0395221
0 0.383057 0.267463 0.0297852 0.0533088
0 0.936523 0.880974 0.0234375 0.0358456
0 0.189453 0.542279 0.0351562 0.0735294
1 0.935059 0.881893 0.0234375 0.0395221
0 0.102051 0.0234375 0.0361328 0.046875
1 0.102539 0.0248162 0.0341797 0.0496324
0 0.860352 0.082261 0.03125 0.0487132
1 0.438965 0.880055 0.0302734 0.0597426
0 0.524658 0.206801 0.0268555 0.0477941
0 0.925049 0.976562 0.0297852 0.046875
1 0.109863 0.386949 0.0302734 0.0643382
1 0.801514 0.59421 0.0249023 0.0505515
1 0.309326 0.237592 0.0288086 0.0597426
1 0.798584 0.928768 0.0249023 0.046875
0 0.259521 0.847886 0.0307617 0.0542279
0 0.798096 0.928768 0.0239258 0.046875
0 0.825928 0.953585 0.0249023 0.046875
0 0.203613 0.957261 0.03125 0.0542279
0 0.841309 0.766085 0.0263672 0.0450368
1 0.924316 0.975184 0.0283203 0.0441176
1 0.825928 0.953125 0.0249023 0.0441176
1 0.416016 0.454504 0.0283203 0.0579044
1 0.872559 0.745864 0.0263672 0.046875
1 0.258545 0.847886 0.0297852 0.0523897
0 0.801025 0.59421 0.0258789 0.0505515
1 0.958008 0.556985 0.03125 0.0514706
1 0.950684 0.866268 0.0234375 0.0395221
0 0.570068 0.597886 0.0327148 0.0579044
1 0.987549 0.173254 0.0249023 0.0560662
0 0.439453 0.881434 0.0341797 0.0588235
0 0.308594 0.237592 0.03125 0.0597426
0 0.164551 0.772978 0.0283203 0.0569853
0 0.829102 0.624081 0.0234375 0.0496324
0 0.872559 0.746324 0.0263672 0.0477941
0 0.0849609 0.237592 0.0361328 0.0597426
1 0.916504 0.496783 0.0263672 0.046875
1 0.203613 0.957261 0.03125 0.0560662
1 0.689941 0.389706 0.0302734 0.0661765
0 0.109375 0.387408 0.03125 0.0634191
1 0.303955 0.90579 0.0288086 0.0560662
0 0.0224609 0.193934 0.0332031 0.0661765
1 0.189209 0.54182 0.034668 0.0670956
