0 0.835205 0.122702 0.0219727 0.046875
0 0.82666 0.954963 0.0283203 0.0533088
0 0.78833 0.92693 0.027832 0.0487132
1 0.822021 0.617188 0.0375977 0.0542279
0 0.189453 0.54182 0.0341797 0.0689338
0 0.83374 0.767463 0.0297852 0.0496324
0 0.101562 0.0225184 0.0341797 0.0450368
1 0.101807 0.0234375 0.0336914 0.046875
0 0.814941 0.118566 0.0234375 0.0477941
1 0.788086 0.925092 0.0273438 0.0487132
0 0.960938 0.868566 0.0253906 0.0422794
0 0.569336 0.597886 0.03125 0.0542279
1 0.310547 0.241268 0.0292969 0.0560662
0 0.799316 0.595588 0.0283203 0.0514706
1 0.109375 0.387408 0.0292969 0.0634191
1 0.96167 0.870864 0.0249023 0.0413603
1 0.834473 0.125919 0.0234375 0.0459559
0 0.922607 0.977022 0.0297852 0.0441176
1 0.923584 0.975643 0.0297852 0.0431985
0 0.828857 0.623621 0.0249023 0.0487132
1 0.56958 0.596507 0.027832 0.0496324
1 0.832764 0.769301 0.0297852 0.0533088
1 0.94751 0.560662 0.0249023 0.0477941
0 0.872559 0.746324 0.0283203 0.0477941
0 0.310059 0.23943 0.0302734 0.0560662
1 0.813232 0.119945 0.0219727 0.0487132
0 0.439453 0.881434 0.0332031 0.0569853
1 0.202881 0.957261 0.0297852 0.0542279
1 0.385254 0.255055 0.0283203 0.0487132
0 0.202393 0.95818 0.027832 0.0487132
0 0.259033 0.847426 0.027832 0.0514706
1 0.872559 0.745864 0.0283203 0.046875
1 0.828857 0.625 0.0219727 0.0477941
0 0.934326 0.882812 0.0249023 0.0395221
1 0.800049 0.594669 0.0268555 0.0496324
0 0.164551 0.772518 0.0283203 0.0542279
1 0.91626 0.495864 0.0249023 0.046875
0 0.0852051 0.23943 0.034668 0.0615809
1 0.988281 0.172335 0.0234375 0.0505515
1 0.415527 0.455423 0.0244141 0.046875
0 0.109131 0.389246 0.0288086 0.0615809
1 0.377197 0.367647 0.0219727 0.0422794
0 0.0222168 0.193015 0.0336914 0.0661765
1 0.825928 0.954504 0.0297852 0.0505515
1 0.394043 0.34329 0.0253906 0.0413603
1 0.689941 0.390165 0.0302734 0.0652574
1 0.189209 0.54136 0.034668 0.0643382
