1 0.483154 0.883732 0.0219727 0.0395221
0 0.00756836 0.925092 0.0151367 0.0340074
1 0.715332 0.483456 0.0263672 0.0441176
0 0.704346 0.195772 0.0170898 0.0349265
0 0.387451 0.786765 0.0180664 0.0367647
0 0.0129395 0.158548 0.0161133 0.0395221
0 0.733887 0.908088 0.0195312 0.0386029
1 0.939941 0.972886 0.0263672 0.0376838
0 0.174072 0.830882 0.019043 0.0349265
1 0.195312 0.43704 0.0185547 0.0358456
1 0.146729 0.59329 0.0219727 0.0431985
1 0.462891 0.883272 0.0224609 0.0386029
1 0.365967 0.84375 0.0209961 0.0367647
1 0.419678 0.964154 0.0249023 0.0386029
1 0.980469 0.446691 0.0205078 0.0404412
0 0.660889 0.0137868 0.019043 0.0275735
1 0.978027 0.891544 0.0205078 0.0367647
1 0.489746 0.942096 0.0195312 0.0386029
0 0.195801 0.912224 0.0175781 0.0395221
0 0.0598145 0.811581 0.0249023 0.0422794
0 0.0380859 0.405331 0.0234375 0.0422794
0 0.034668 0.539522 0.0195312 0.0330882
1 0.0378418 0.404412 0.0239258 0.0404412
0 0.463379 0.883272 0.0224609 0.0386029
0 0.233887 0.0280331 0.0244141 0.0395221
1 0.839111 0.943015 0.0268555 0.0441176
1 0.890625 0.237132 0.0214844 0.0386029
0 0.441406 0.474265 0.0214844 0.0422794
0 0.205322 0.789062 0.0161133 0.0340074
0 0.991455 0.121783 0.0141602 0.0487132
0 0.980469 0.446691 0.0205078 0.0404412
1 0.779541 0.274357 0.0219727 0.0376838
0 0.00512695 0.524816 0.0102539 0.0422794
1 0.88208 0.825368 0.0219727 0.0441176
0 0.519531 0.0735294 0.0195312 0.0367647
0 0.728271 0.192096 0.0170898 0.0404412
0 0.828125 0.131893 0.0253906 0.0303309
1 0.19873 0.358456 0.0214844 0.0386029
0 0.572998 0.105699 0.0209961 0.0349265
0 0.407959 0.538143 0.0200195 0.0431985
0 0.109863 0.889706 0.0175781 0.0330882
1 0.394775 0.113051 0.0219727 0.0422794
0 0.938965 0.974265 0.0263672 0.0386029
1 0.224121 0.0762868 0.0224609 0.0386029
0 0.224121 0.0767463 0.0224609 0.0413603
1 0.360352 0.161305 0.0205078 0.0395221
1 0.598389 0.299632 0.0200195 0.0367647
1 0.465576 0.273897 0.019043 0.0330882
0 0.458984 0.107996 0.0234375 0.0340074
0 0.683838 0.444853 0.0219727 0.0330882
0 0.554932 0.611673 0.0219727 0.0395221
1 0.533936 0.802849 0.0229492 0.0395221
0 0.726562 0.126379 0.0185547 0.0413603
0 0.352783 0.84375 0.0200195 0.0367647
1 0.462158 0.253676 0.0200195 0.0330882
0 0.370605 0.54136 0.0185547 0.0404412
0 0.597168 0.231158 0.0195312 0.0376838
0 0.0991211 0.867647 0.0185547 0.0330882
0 0.510498 0.0160846 0.019043 0.0321691
0 0.328613 0.204044 0.0224609 0.0404412
0 0.99292 0.309743 0.0141602 0.0441176
0 0.154785 0.22886 0.0234375 0.0404412
0 0.268066 0.21829 0.0244141 0.0450368
0 0.592285 0.370864 0.0185547 0.0395221
0 0.207031 0.606618 0.0205078 0.0404412
1 0.411377 0.465993 0.0200195 0.0422794
0 0.878906 0.0772059 0.0205078 0.0422794
0 0.198486 0.537684 0.0229492 0.0441176
0 0.780273 0.274816 0.0234375 0.0349265
1 0.803467 0.046875 0.0200195 0.0367647
0 0.652832 0.337776 0.0195312 0.0358456
1 0.370117 0.20864 0.0195312 0.0386029
0 0.0251465 0.69807 0.019043 0.0450368
0 0.0524902 0.815257 0.0200195 0.0367647
1 0.328857 0.203125 0.0219727 0.0422794
0 0.402344 0.160386 0.0205078 0.0376838
0 0.253174 0.942555 0.0209961 0.0321691
1 0.459473 0.105699 0.0234375 0.0349265
0 0.416016 0.778033 0.0195312 0.0413603
1 0.992188 0.76057 0.015625 0.0395221
1 0.210449 0.303768 0.0214844 0.0431985
0 0.174072 0.801471 0.0161133 0.0404412
0 0.914062 0.549632 0.0205078 0.0349265
0 0.118896 0.161305 0.0219727 0.0395221
1 0.402344 0.160386 0.0214844 0.0376838
0 0.855469 0.868566 0.0253906 0.0386029
0 0.0078125 0.836857 0.015625 0.046875
0 0.519287 0.608456 0.0170898 0.0404412
0 0.746826 0.716912 0.0200195 0.0330882
0 0.617432 0.97886 0.0209961 0.0386029
0 0.942871 0.690717 0.0185547 0.0358456
0 0.85083 0.0827206 0.0200195 0.0404412
0 0.563965 0.37546 0.0205078 0.0395221
0 0.612549 0.250919 0.0180664 0.0367647
0 0.601807 0.0151654 0.0219727 0.0303309
1 0.829834 0.516544 0.0219727 0.0404412
0 0.0959473 0.347426 0.0239258 0.0404412
1 0.856445 0.867647 0.0234375 0.0386029
0 0.934326 0.48943 0.0219727 0.0376838
0 0.0583496 0.872702 0.0209961 0.0376838
0 0.803467 0.295496 0.0229492 0.0376838
1 0.781738 0.584559 0.0244141 0.0441176
1 0.98291 0.745404 0.0205078 0.0422794
1 0.133545 0.630974 0.0229492 0.0395221
1 0.228516 0.342831 0.0224609 0.0386029
1 0.895996 0.340993 0.0185547 0.0386029
0 0.716064 0.483456 0.0219727 0.0404412
0 0.36792 0.795496 0.019043 0.0376838
0 0.616455 0.888787 0.0219727 0.0422794
0 0.133545 0.134191 0.0219727 0.0404412
0 0.537842 0.506434 0.0249023 0.0349265
0 0.22168 0.797794 0.0214844 0.0349265
1 0.498779 0.341452 0.019043 0.0358456
1 0.181396 0.386489 0.0219727 0.0376838
1 0.926758 0.33318 0.0234375 0.0413603
0 0.76416 0.89568 0.0234375 0.0376838
1 0.48999 0.358456 0.0209961 0.0386029
1 0.835205 0.550551 0.0219727 0.0349265
0 0.065918 0.90579 0.0185547 0.0358456
1 0.516357 0.822151 0.0209961 0.0431985
1 0.562988 0.301471 0.0185547 0.0367647
0 0.125732 0.504136 0.0200195 0.0358456
1 0.31543 0.253217 0.0224609 0.0413603
0 0.206787 0.85432 0.0219727 0.0431985
1 0.374023 0.363511 0.0244141 0.0413603
1 0.465576 0.176011 0.019043 0.0395221
1 0.943848 0.249081 0.0234375 0.0367647
0 0.728516 0.633272 0.0224609 0.0422794
0 0.598145 0.300092 0.0205078 0.0376838
1 0.814697 0.450827 0.0219727 0.0395221
0 0.108887 0.53171 0.0224609 0.0395221
0 0.0283203 0.893382 0.0214844 0.0404412
1 0.990723 0.18704 0.0185547 0.0413603
0 0.0810547 0.601103 0.0214844 0.0459559
0 0.643311 0.889706 0.0209961 0.0404412
1 0.596924 0.231158 0.019043 0.0358456
0 0.0454102 0.931066 0.0205078 0.0349265
1 0.919434 0.835938 0.0234375 0.0431985
1 0.793457 0.401654 0.0224609 0.0404412
0 0.828857 0.62546 0.0200195 0.0413603
0 0.421143 0.877298 0.0200195 0.0431985
0 0.00952148 0.21875 0.019043 0.0441176
0 0.785889 0.677849 0.0249023 0.0487132
0 0.910156 0.589154 0.0205078 0.0349265
0 0.601562 0.448529 0.0195312 0.0367647
0 0.0551758 0.113051 0.0205078 0.0386029
0 0.645752 0.391085 0.0200195 0.0395221
1 0.98999 0.130515 0.0170898 0.0404412
0 0.754883 0.788143 0.0234375 0.0431985
0 0.856201 0.679688 0.0170898 0.0376838
1 0.267578 0.217371 0.0234375 0.0413603
1 0.965576 0.758732 0.0219727 0.0450368
0 0.0410156 0.120404 0.0214844 0.0386029
0 0.168701 0.0160846 0.0249023 0.0321691
1 0.570312 0.211857 0.0205078 0.0358456
0 0.981934 0.741728 0.0185547 0.0386029
0 0.348145 0.801011 0.0205078 0.0413603
1 0.58374 0.200368 0.0209961 0.0330882
1 0.445801 0.155331 0.0224609 0.0367647
0 0.657227 0.30239 0.0195312 0.0367647
0 0.394775 0.113511 0.0229492 0.0431985
0 0.0161133 0.46875 0.0224609 0.0441176
1 0.546875 0.316176 0.0214844 0.0349265
1 0.530029 0.340533 0.0200195 0.0358456
0 0.606934 0.488511 0.0195312 0.0340074
0 0.0725098 0.255974 0.0239258 0.046875
0 0.922607 0.619026 0.019043 0.0358456
0 0.881348 0.827206 0.0205078 0.0459559
0 0.258789 0.846048 0.0234375 0.0395221
0 0.776123 0.861213 0.0229492 0.0386029
0 0.371826 0.0367647 0.0239258 0.03125
1 0.971924 0.179228 0.0219727 0.0386029
1 0.575928 0.252757 0.0209961 0.0367647
0 0.0939941 0.81296 0.0180664 0.0395221
0 0.319336 0.873621 0.0234375 0.046875
1 0.283447 0.183364 0.0229492 0.0431985
0 0.269043 0.983915 0.0244141 0.0321691
1 0.411621 0.204963 0.0224609 0.0422794
1 0.497559 0.175551 0.0234375 0.0404412
0 0.127441 0.827206 0.0205078 0.0441176
0 0.945312 0.734375 0.0214844 0.0367647
1 0.960205 0.223346 0.0249023 0.0404412
1 0.988281 0.941176 0.0234375 0.0404412
0 0.146973 0.298254 0.0263672 0.0358456
1 0.532715 0.272518 0.0234375 0.0413603
0 0.0700684 0.797794 0.0200195 0.0386029
0 0.36084 0.162224 0.0205078 0.0376838
0 0.0925293 0.0349265 0.0288086 0.0459559
1 0.483643 0.136489 0.0219727 0.0395221
1 0.947021 0.316176 0.0249023 0.0459559
