1 0.994141 0.316176 0.0117188 0.0441176
0 0.694092 0.746783 0.019043 0.0395221
1 0.651123 0.340074 0.0200195 0.0349265
1 0.342041 0.503217 0.0258789 0.0413603
1 0.558594 0.612132 0.0283203 0.0459559
0 0.0544434 0.111673 0.0239258 0.0413603
0 0.222412 0.796415 0.0249023 0.0431985
1 0.501953 0.92739 0.0195312 0.0367647
0 0.158691 0.758272 0.0214844 0.0349265
1 0.462891 0.882353 0.0214844 0.0422794
1 0.763184 0.892463 0.0234375 0.0422794
0 0.662598 0.983456 0.0263672 0.0330882
1 0.175049 0.829963 0.0219727 0.0386029
1 0.601074 0.0147059 0.0224609 0.0294118
1 0.234375 0.711857 0.0214844 0.0413603
0 0.0952148 0.811121 0.0224609 0.0450368
0 0.601562 0.0147059 0.0224609 0.0294118
1 0.0959473 0.345129 0.0249023 0.0413603
1 0.210938 0.637868 0.0224609 0.0404412
0 0.661133 0.0137868 0.0195312 0.0275735
0 0.23584 0.0284926 0.0244141 0.0459559
1 0.765137 0.0863971 0.0195312 0.0367647
0 0.564209 0.37546 0.0219727 0.0413603
1 0.797852 0.097886 0.0195312 0.0376838
1 0.814941 0.485294 0.0185547 0.03125
0 0.35376 0.84421 0.0200195 0.0376838
1 0.83667 0.686121 0.0200195 0.0431985
1 0.432129 0.792739 0.0205078 0.0413603
0 0.419922 0.963235 0.0273438 0.0477941
1 0.259277 0.845129 0.0283203 0.046875
1 0.125977 0.503676 0.0205078 0.0404412
0 0.728516 0.634191 0.0214844 0.0441176
0 0.762939 0.891085 0.0249023 0.0413603
0 0.0449219 0.931066 0.0214844 0.0386029
0 0.0581055 0.877298 0.0244141 0.0431985
1 0.657471 0.307445 0.0200195 0.0413603
0 0.599121 0.450368 0.0205078 0.0367647
0 0.126709 0.504596 0.0239258 0.0422794
1 0.424805 0.882353 0.0234375 0.0404412
1 0.980469 0.446691 0.0205078 0.0404412
1 0.563721 0.37546 0.0229492 0.0431985
1 0.0830078 0.712776 0.0224609 0.0395221
1 0.784424 0.680607 0.0258789 0.0487132
0 0.354492 0.681066 0.0195312 0.0386029
1 0.365234 0.841912 0.0214844 0.0386029
0 0.20752 0.609835 0.0224609 0.0395221
1 0.0727539 0.255515 0.0263672 0.0533088
0 0.209961 0.637408 0.0195312 0.0376838
1 0.728027 0.632812 0.0224609 0.046875
0 0.83667 0.6875 0.0200195 0.0422794
1 0.878906 0.698529 0.0205078 0.0386029
0 0.671875 0.707721 0.0214844 0.0496324
1 0.207031 0.85432 0.0253906 0.0450368
1 0.0827637 0.602022 0.0258789 0.0496324
0 0.463867 0.881434 0.0234375 0.0422794
1 0.39624 0.866728 0.0229492 0.0422794
1 0.0939941 0.811581 0.0229492 0.0441176
1 0.765137 0.0422794 0.0195312 0.0367647
0 0.755127 0.789522 0.0249023 0.0441176
0 0.108887 0.533088 0.0244141 0.0422794
0 0.459229 0.674173 0.0249023 0.0450368
0 0.304688 0.118107 0.0253906 0.046875
0 0.509277 0.0170037 0.0195312 0.0340074
1 0.68457 0.444853 0.0234375 0.0386029
0 0.557861 0.610294 0.0239258 0.0422794
1 0.855469 0.678768 0.0214844 0.0431985
1 0.560547 0.301011 0.0185547 0.0376838
1 0.108887 0.53171 0.0253906 0.0450368
0 0.0830078 0.601103 0.0283203 0.0514706
1 0.698975 0.378676 0.0209961 0.0367647
0 0.0959473 0.477941 0.0219727 0.0404412
0 0.65625 0.307904 0.0214844 0.0386029
1 0.488281 0.360294 0.0244141 0.0404412
1 0.458984 0.675092 0.0273438 0.0487132
1 0.194824 0.915441 0.0253906 0.0422794
0 0.395508 0.113511 0.0234375 0.046875
1 0.490723 0.942096 0.0205078 0.0367647
0 0.424805 0.882353 0.0234375 0.0422794
1 0.776367 0.863511 0.0234375 0.0395221
0 0.0725098 0.255515 0.0239258 0.0514706
1 0.168457 0.0170037 0.0283203 0.0340074
0 0.703613 0.651195 0.0234375 0.0413603
0 0.00854492 0.101562 0.0161133 0.046875
0 0.367676 0.795496 0.0214844 0.0413603
1 0.0583496 0.877298 0.0219727 0.0376838
1 0.76709 0.19761 0.0195312 0.03125
1 0.394775 0.113511 0.0229492 0.0450368
1 0.7854 0.0500919 0.0170898 0.0395221
0 0.0656738 0.90579 0.0229492 0.0431985
1 0.665039 0.392923 0.0195312 0.0413603
0 0.641357 0.886029 0.0249023 0.0477941
1 0.132568 0.136029 0.0239258 0.0422794
0 0.616211 0.888327 0.0234375 0.0431985
0 0.784424 0.681066 0.0239258 0.0477941
1 0.851562 0.0813419 0.0214844 0.0395221
0 0.606689 0.485754 0.0219727 0.0395221
1 0.305908 0.117188 0.0239258 0.046875
0 0.326904 0.623162 0.0219727 0.0441176
1 0.837402 0.943934 0.0283203 0.0459559
1 0.908691 0.509191 0.0234375 0.0367647
1 0.729736 0.18796 0.0200195 0.0431985
0 0.618164 0.980699 0.0234375 0.0386029
0 0.0361328 0.40625 0.0253906 0.0477941
1 0.87793 0.0790441 0.0234375 0.0422794
1 0.851562 0.264246 0.0214844 0.0376838
1 0.234863 0.0257353 0.0244141 0.0441176
1 0.043457 0.931526 0.0224609 0.0376838
1 0.223389 0.795496 0.0249023 0.0431985
1 0.755371 0.787684 0.0244141 0.0459559
1 0.592529 0.369026 0.0219727 0.0413603
1 0.546875 0.316636 0.0224609 0.0376838
1 0.359863 0.161305 0.0224609 0.0431985
1 0.645264 0.387408 0.0209961 0.0413603
1 0.419922 0.963235 0.0273438 0.0459559
0 0.173096 0.786765 0.0200195 0.0404412
0 0.296143 0.67693 0.0219727 0.0505515
1 0.199951 0.360754 0.0239258 0.0413603
1 0.828125 0.625919 0.0205078 0.0441176
1 0.515137 0.684743 0.0263672 0.0459559
0 0.0170898 0.467371 0.0263672 0.0487132
0 0.73584 0.910386 0.0234375 0.0450368
0 0.013916 0.981158 0.0229492 0.0376838
1 0.802246 0.0477941 0.0185547 0.0367647
0 0.536621 0.503217 0.0234375 0.0395221
1 0.497803 0.34375 0.0209961 0.0367647
1 0.881104 0.824908 0.0219727 0.046875
1 0.0290527 0.889706 0.0249023 0.0459559
1 0.94043 0.694393 0.0234375 0.0395221
0 0.12793 0.828125 0.0224609 0.0459559
1 0.928955 0.330882 0.0219727 0.0367647
1 0.223389 0.0767463 0.0239258 0.046875
1 0.0925293 0.0363051 0.0327148 0.0542279
1 0.118164 0.160386 0.0253906 0.0450368
1 0.146973 0.589154 0.0234375 0.0459559
1 0.0517578 0.813419 0.0263672 0.0441176
1 0.48291 0.884651 0.0224609 0.0431985
0 0.297607 0.805147 0.0209961 0.0404412
1 0.184326 0.460018 0.0229492 0.0431985
1 0.0703125 0.798713 0.0234375 0.0422794
1 0.330566 0.201746 0.0244141 0.0413603
1 0.872803 0.26057 0.0219727 0.0358456
1 0.572998 0.215533 0.0229492 0.0376838
1 0.991699 0.761489 0.0166016 0.0395221
1 0.833496 0.546875 0.0205078 0.0330882
1 0.145996 0.302849 0.0263672 0.0413603
1 0.5979 0.300092 0.0209961 0.0413603
1 0.679443 0.141544 0.0209961 0.0404412
0 0.539795 0.431985 0.0200195 0.0441176
0 0.348145 0.800551 0.0214844 0.0441176
1 0.582764 0.202206 0.0219727 0.0349265
1 0.371338 0.539062 0.0229492 0.0450368
1 0.211426 0.307445 0.0244141 0.0450368
1 0.402832 0.160846 0.0224609 0.0422794
1 0.714355 0.481618 0.0234375 0.0422794
1 0.782471 0.587776 0.0258789 0.0413603
1 0.914062 0.548713 0.0234375 0.0386029
1 0.445312 0.15579 0.0205078 0.0413603
1 0.703125 0.192096 0.0205078 0.0404412
0 0.286865 0.77068 0.0219727 0.0395221
1 0.161621 0.496324 0.0244141 0.0441176
1 0.46167 0.5 0.0249023 0.0404412
1 0.802246 0.169118 0.0234375 0.0386029
1 0.282715 0.186121 0.0253906 0.0450368
1 0.40625 0.346967 0.0253906 0.0450368
1 0.132812 0.631893 0.0244141 0.0450368
1 0.367432 0.204963 0.0209961 0.0422794
0 0.259277 0.846048 0.0253906 0.0413603
1 0.688965 0.179228 0.0205078 0.0349265
1 0.229004 0.34375 0.0224609 0.0441176
1 0.154541 0.228401 0.0258789 0.0487132
1 0.415771 0.778493 0.0209961 0.0422794
1 0.855469 0.868566 0.0253906 0.0441176
0 0.121582 0.471048 0.0244141 0.0413603
1 0.918945 0.837316 0.0234375 0.0459559
0 0.319092 0.87454 0.0249023 0.0487132
1 0.410645 0.205423 0.0244141 0.0431985
1 0.910156 0.590533 0.0214844 0.0358456
1 0.197998 0.534926 0.0258789 0.0477941
1 0.572266 0.105699 0.0234375 0.0422794
1 0.612061 0.251379 0.0200195 0.0395221
1 0.460938 0.174173 0.0214844 0.0413603
1 0.758545 0.21875 0.0180664 0.0349265
1 0.596436 0.230699 0.019043 0.0386029
1 0.889648 0.238511 0.0234375 0.0413603
1 0.99292 0.556985 0.0141602 0.0459559
1 0.315918 0.252298 0.0263672 0.0487132
1 0.943604 0.732537 0.0219727 0.0404412
1 0.805664 0.241268 0.0234375 0.0395221
1 0.458984 0.106158 0.0244141 0.0395221
1 0.375732 0.367188 0.0268555 0.046875
1 0.406982 0.538143 0.0239258 0.0431985
1 0.990479 0.1875 0.0170898 0.0422794
1 0.92041 0.616728 0.0234375 0.0386029
1 0.520264 0.0730699 0.0229492 0.0431985
1 0.497559 0.175092 0.0244141 0.046875
1 0.832031 0.129596 0.0253906 0.0422794
1 0.989746 0.130055 0.0185547 0.0431985
1 0.575439 0.251379 0.0209961 0.0376838
1 0.964844 0.755055 0.0214844 0.0431985
1 0.794922 0.400735 0.0224609 0.0404412
1 0.517822 0.823529 0.0219727 0.0404412
1 0.182373 0.383732 0.0229492 0.0413603
1 0.53125 0.339614 0.0214844 0.0413603
1 0.802979 0.294577 0.0239258 0.0395221
1 0.82959 0.517004 0.0205078 0.0395221
0 0.268555 0.983915 0.0273438 0.0321691
1 0.981201 0.73989 0.0200195 0.0386029
1 0.779541 0.275276 0.0219727 0.0395221
1 0.960938 0.223346 0.0253906 0.0386029
1 0.412842 0.463695 0.0258789 0.0487132
1 0.267578 0.215993 0.0253906 0.0441176
0 0.0102539 0.213235 0.0205078 0.0496324
1 0.483398 0.134651 0.0234375 0.0431985
1 0.94751 0.316176 0.0249023 0.0459559
1 0.814209 0.447151 0.0219727 0.0413603
1 0.532471 0.271599 0.0258789 0.0431985
1 0.972656 0.184283 0.0234375 0.0413603
1 0.532227 0.802849 0.0234375 0.0431985
1 0.441406 0.472426 0.0224609 0.0441176
1 0.987549 0.938879 0.0249023 0.046875
