0 0.383789 0.265625 0.0302734 0.0533088
0 0.84082 0.765625 0.0234375 0.0459559
1 0.439453 0.880974 0.0292969 0.0597426
0 0.796387 0.928768 0.0244141 0.0450368
1 0.102539 0.0248162 0.0341797 0.0496324
1 0.840576 0.765625 0.0249023 0.0459559
0 0.102295 0.0238971 0.0356445 0.0477941
1 0.109863 0.386949 0.0302734 0.0643382
0 0.92334 0.975643 0.0283203 0.0431985
0 0.859375 0.0827206 0.0234375 0.0477941
0 0.189697 0.542279 0.034668 0.0716912
0 0.524902 0.206801 0.0263672 0.0477941
1 0.796387 0.92693 0.0244141 0.046875
0 0.800537 0.59421 0.0268555 0.0487132
1 0.828857 0.625919 0.0219727 0.0496324
1 0.416016 0.454504 0.0273438 0.0560662
0 0.259277 0.848805 0.0302734 0.0542279
0 0.872559 0.745404 0.0263672 0.0477941
0 0.203125 0.957261 0.03125 0.0542279
1 0.258301 0.847886 0.0292969 0.0523897
0 0.828857 0.624081 0.0249023 0.0496324
1 0.800781 0.59421 0.0253906 0.0487132
1 0.924316 0.975184 0.0283203 0.0441176
1 0.955566 0.556526 0.0263672 0.0505515
1 0.93457 0.881893 0.0234375 0.0395221
1 0.987549 0.172794 0.0249023 0.0569853
0 0.570068 0.597426 0.0327148 0.0569853
1 0.872559 0.744945 0.0263672 0.046875
0 0.438965 0.881434 0.0341797 0.0569853
0 0.310059 0.237592 0.0302734 0.0579044
0 0.164795 0.772978 0.0288086 0.0569853
1 0.304688 0.904871 0.0292969 0.0542279
1 0.825684 0.952206 0.0263672 0.0459559
1 0.203613 0.957261 0.03125 0.0560662
0 0.0852051 0.238971 0.034668 0.0625
1 0.916504 0.496324 0.0263672 0.0459559
0 0.109131 0.387868 0.0307617 0.0625
1 0.954102 0.865349 0.0234375 0.0431985
1 0.689941 0.389706 0.0302734 0.0661765
0 0.0224609 0.193015 0.0332031 0.0661765
1 0.189453 0.542279 0.0341797 0.0661765
