1 0.407227 0.201746 0.0273438 0.0523897
1 0.857178 0.865809 0.0249023 0.0514706
1 0.410156 0.538143 0.0292969 0.046875
1 0.414795 0.459559 0.027832 0.0441176
1 0.587891 0.241728 0.0253906 0.0459559
1 0.730957 0.105239 0.0283203 0.0505515
0 0.89624 0.106158 0.0219727 0.0431985
0 0.0148926 0.980239 0.0288086 0.0395221
0 0.480225 0.130515 0.0219727 0.0422794
1 0.807861 0.988051 0.027832 0.0238971
1 0.0148926 0.200368 0.0268555 0.0569853
0 0.196777 0.53171 0.0234375 0.0450368
1 0.564453 0.604779 0.0283203 0.0477941
0 0.834473 0.863511 0.0205078 0.0413603
1 0.076416 0.244026 0.0297852 0.0505515
1 0.989014 0.818015 0.0200195 0.0441176
1 0.724854 0.633732 0.0219727 0.0358456
0 0.5354 0.48989 0.0219727 0.0404412
1 0.248291 0.00827206 0.0268555 0.0165441
0 0.534424 0.466912 0.0209961 0.0404412
0 0.196777 0.930147 0.0244141 0.0404412
0 0.748291 0.922794 0.0249023 0.0459559
0 0.441406 0.88557 0.0292969 0.0487132
1 0.381104 0.787684 0.0239258 0.0459559
0 0.156494 0.498621 0.0239258 0.046875
1 0.853271 0.258732 0.0249023 0.0413603
1 0.739014 0.175551 0.0239258 0.0477941
0 0.31543 0.88511 0.0253906 0.0459559
1 0.410156 0.340533 0.0273438 0.046875
0 0.469238 0.671875 0.0263672 0.0477941
0 0.880371 0.823989 0.0234375 0.046875
0 0.739502 0.176011 0.0239258 0.0450368
1 0.0144043 0.980699 0.0249023 0.0386029
1 0.156738 0.497702 0.0234375 0.0450368
1 0.879883 0.824908 0.0234375 0.046875
1 0.699219 0.452206 0.0253906 0.0386029
1 0.259277 0.846507 0.0283203 0.0459559
1 0.469238 0.671415 0.0263672 0.046875
1 0.1875 0.475184 0.0244141 0.0459559
1 0.481689 0.131893 0.0200195 0.0413603
1 0.377686 0.369026 0.0258789 0.046875
1 0.196289 0.53125 0.0244141 0.0441176
0 0.502686 0.674173 0.0249023 0.0523897
1 0.570801 0.104779 0.0244141 0.0459559
1 0.197021 0.932445 0.0268555 0.0431985
1 0.913086 0.5 0.0234375 0.0477941
1 0.521484 0.0689338 0.0234375 0.0441176
0 0.730957 0.105699 0.0244141 0.0459559
0 0.521484 0.0684743 0.0244141 0.0450368
1 0.371826 0.539062 0.0258789 0.0487132
1 0.534668 0.33364 0.0234375 0.0496324
1 0.679688 0.125919 0.0263672 0.0459559
0 0.755615 0.788603 0.0258789 0.0441176
0 0.467773 0.117188 0.0195312 0.0413603
1 0.83667 0.12546 0.0249023 0.0450368
0 0.406494 0.202665 0.0258789 0.0505515
1 0.440674 0.886029 0.0297852 0.0496324
1 0.858643 0.0818015 0.0200195 0.0404412
0 0.269043 0.984375 0.0263672 0.03125
1 0.709473 0.472886 0.0224609 0.0395221
0 0.237305 0.710478 0.0253906 0.0422794
1 0.313232 0.137868 0.0288086 0.0441176
0 0.409668 0.340074 0.0253906 0.0441176
0 0.608887 0.0147059 0.0244141 0.0294118
0 0.25708 0.845588 0.0258789 0.0441176
1 0.992188 0.756893 0.015625 0.0395221
1 0.588867 0.363511 0.0234375 0.0413603
1 0.651855 0.397059 0.0224609 0.0441176
0 0.39209 0.658088 0.0224609 0.0459559
1 0.813232 0.442096 0.0268555 0.0441176
0 0.076416 0.244485 0.0317383 0.0514706
1 0.678223 0.0602022 0.0244141 0.0413603
0 0.856201 0.866268 0.0249023 0.0450368
0 0.369873 0.694393 0.0239258 0.0450368
1 0.969482 0.740349 0.0219727 0.0413603
0 0.827393 0.816176 0.0249023 0.0477941
1 0.784424 0.594669 0.0288086 0.0459559
1 0.0947266 0.352941 0.0273438 0.0477941
1 0.0314941 0.409926 0.0249023 0.0441176
1 0.881348 0.0827206 0.0205078 0.0404412
0 0.015625 0.199449 0.0263672 0.0533088
1 0.800781 0.410386 0.0234375 0.0376838
1 0.803955 0.172335 0.0249023 0.0431985
1 0.829102 0.622702 0.0234375 0.046875
1 0.202637 0.851103 0.0253906 0.0441176
0 0.559814 0.879596 0.0268555 0.0459559
0 0.322754 0.63557 0.0224609 0.0413603
1 0.502197 0.674632 0.0258789 0.0514706
1 0.146484 0.585478 0.0214844 0.0459559
1 0.922607 0.847886 0.0249023 0.0413603
1 0.876465 0.717831 0.0263672 0.0459559
1 0.0185547 0.448989 0.0244141 0.0487132
0 0.299805 0.667279 0.0253906 0.0477941
1 0.807617 0.115349 0.0234375 0.0431985
1 0.824951 0.954963 0.027832 0.0459559
1 0.925781 0.564338 0.0263672 0.0441176
1 0.163574 0.772059 0.0253906 0.0477941
1 0.248047 0.0229779 0.0234375 0.0404412
1 0.148682 0.234375 0.0268555 0.0441176
1 0.981201 0.734375 0.019043 0.0404412
1 0.0935059 0.814798 0.0268555 0.0505515
1 0.391846 0.875919 0.0249023 0.0514706
1 0.89624 0.105699 0.0219727 0.0422794
1 0.335205 0.188419 0.0258789 0.0477941
1 0.133057 0.613971 0.0229492 0.0441176
1 0.570801 0.389246 0.0234375 0.0413603
1 0.149902 0.297335 0.0273438 0.0450368
1 0.668701 0.392923 0.0219727 0.0431985
0 0.564941 0.605699 0.0263672 0.0477941
1 0.0913086 0.0326287 0.0332031 0.0542279
1 0.171875 0.0183824 0.0302734 0.0367647
1 0.226318 0.777114 0.0249023 0.046875
1 0.213379 0.0790441 0.0253906 0.0514706
1 0.61084 0.248162 0.0205078 0.0404412
1 0.126465 0.825827 0.0253906 0.046875
1 0.180908 0.835478 0.0249023 0.0441176
1 0.104492 0.527114 0.0253906 0.046875
1 0.989502 0.175551 0.0209961 0.0477941
1 0.580566 0.247702 0.0234375 0.0431985
1 0.598145 0.230239 0.0205078 0.0413603
1 0.237793 0.346048 0.0283203 0.0542279
1 0.526611 0.269301 0.0249023 0.0496324
1 0.597168 0.298713 0.0244141 0.0441176
1 0.0922852 0.599724 0.0244141 0.046875
1 0.810791 0.300551 0.0268555 0.0441176
1 0.691162 0.38511 0.0249023 0.0459559
1 0.80542 0.210938 0.0249023 0.0431985
1 0.502686 0.175551 0.0249023 0.0477941
1 0.205566 0.313879 0.0253906 0.0487132
1 0.314697 0.248162 0.0258789 0.0459559
1 0.983643 0.922794 0.0268555 0.0533088
1 0.784424 0.27114 0.0268555 0.0477941
1 0.419434 0.951287 0.0263672 0.0496324
