0 0.311035 0.89568 0.0244141 0.0487132
0 0.0998535 0.0229779 0.034668 0.0459559
1 0.311279 0.896599 0.027832 0.0487132
1 0.858643 0.0845588 0.0219727 0.0459559
0 0.310791 0.242188 0.0297852 0.0505515
1 0.933594 0.880974 0.0253906 0.0431985
1 0.404297 0.886489 0.0214844 0.0395221
1 0.920898 0.977482 0.03125 0.0450368
1 0.390869 0.870404 0.0200195 0.0422794
0 0.536621 0.914522 0.0283203 0.0533088
1 0.798584 0.59375 0.0258789 0.0477941
0 0.567871 0.596967 0.0302734 0.0542279
1 0.522949 0.20864 0.0185547 0.0404412
1 0.568848 0.596507 0.0273438 0.0477941
0 0.189697 0.542279 0.0327148 0.0625
1 0.536865 0.915901 0.0249023 0.0487132
1 0.20166 0.95818 0.0302734 0.0523897
1 0.811279 0.119485 0.0229492 0.0477941
1 0.795898 0.292279 0.0224609 0.0386029
0 0.79834 0.594669 0.0283203 0.0477941
1 0.828857 0.624081 0.0219727 0.0477941
1 0.917236 0.493566 0.0249023 0.0496324
0 0.920898 0.97886 0.03125 0.0422794
0 0.439209 0.882353 0.0249023 0.0441176
1 0.989014 0.172794 0.0219727 0.0496324
1 0.786621 0.27114 0.0224609 0.0386029
1 0.943115 0.563879 0.0297852 0.0505515
1 0.835938 0.12454 0.0234375 0.0450368
0 0.20166 0.959099 0.0273438 0.0487132
0 0.258545 0.847886 0.0268555 0.0487132
1 0.528564 0.309743 0.0209961 0.0404412
0 0.933594 0.883272 0.0253906 0.0422794
0 0.828857 0.623621 0.0249023 0.0487132
0 0.828125 0.772518 0.03125 0.0542279
1 0.526611 0.269761 0.0209961 0.0395221
0 0.779297 0.922794 0.03125 0.0496324
0 0.872559 0.745864 0.0263672 0.0487132
1 0.415283 0.455423 0.0239258 0.0431985
0 0.165283 0.773438 0.0268555 0.0505515
1 0.311035 0.243107 0.0292969 0.0487132
0 0.0852051 0.238971 0.0336914 0.0606618
1 0.969482 0.881434 0.0249023 0.0459559
1 0.189209 0.54182 0.0327148 0.0615809
0 0.108398 0.388787 0.0283203 0.0588235
0 0.0222168 0.193015 0.0327148 0.0643382
1 0.388184 0.247243 0.0263672 0.0514706
0 0.826416 0.954504 0.0297852 0.0523897
1 0.37793 0.368566 0.0244141 0.0459559
1 0.401611 0.33364 0.0229492 0.0422794
1 0.689941 0.390165 0.03125 0.0652574
