1 0.563721 0.610754 0.0239258 0.0450368
0 0.355225 0.799173 0.0239258 0.0413603
1 0.126953 0.140165 0.0234375 0.0376838
1 0.761963 0.0689338 0.0219727 0.0477941
0 0.619873 0.982996 0.0307617 0.0284926
0 0.393311 0.657629 0.0239258 0.0450368
1 0.0344238 0.903952 0.0288086 0.0615809
1 0.0766602 0.246783 0.0302734 0.0523897
1 0.854004 0.0772059 0.0205078 0.0404412
1 0.879639 0.0790441 0.0200195 0.0386029
1 0.325928 0.630974 0.0258789 0.0431985
0 0.828857 0.824449 0.0219727 0.0459559
1 0.364014 0.688419 0.027832 0.0496324
0 0.878906 0.0818015 0.0234375 0.0404412
0 0.364014 0.68796 0.0258789 0.0505515
1 0.939941 0.713235 0.0185547 0.0404412
1 0.985107 0.764706 0.0200195 0.0386029
1 0.191162 0.376838 0.0239258 0.0349265
1 0.463623 0.670496 0.0239258 0.046875
1 0.659424 0.0128676 0.0200195 0.0257353
1 0.853271 0.681066 0.0219727 0.0349265
0 0.4646 0.670956 0.0258789 0.0459559
1 0.233154 0.348346 0.0209961 0.0459559
1 0.381592 0.786765 0.0249023 0.0441176
0 0.234863 0.710478 0.0253906 0.0477941
1 0.989014 0.820772 0.019043 0.0441176
0 0.325195 0.630974 0.0253906 0.0450368
1 0.761719 0.884191 0.0214844 0.0367647
1 0.833496 0.865349 0.0205078 0.0395221
1 0.125244 0.491268 0.0229492 0.0523897
1 0.672852 0.712776 0.0234375 0.0431985
1 0.607666 0.0160846 0.0249023 0.0321691
1 0.259277 0.846967 0.0283203 0.046875
1 0.53833 0.5 0.0229492 0.0422794
1 0.532471 0.460938 0.0239258 0.0431985
1 0.960205 0.213695 0.0219727 0.0358456
1 0.734375 0.182445 0.0214844 0.0450368
1 0.0183105 0.462316 0.0268555 0.0533088
1 0.457031 0.496324 0.0224609 0.0404412
0 0.0761719 0.247243 0.0302734 0.0496324
1 0.885986 0.236673 0.027832 0.0450368
1 0.910889 0.502298 0.0249023 0.0431985
1 0.372803 0.536765 0.027832 0.0477941
1 0.828125 0.823529 0.0214844 0.0459559
1 0.175781 0.829504 0.0253906 0.0431985
1 0.978271 0.439798 0.0249023 0.0431985
1 0.70752 0.653033 0.0234375 0.0431985
1 0.196045 0.367188 0.0219727 0.0376838
1 0.510742 0.679688 0.0273438 0.046875
0 0.298584 0.670956 0.0288086 0.0477941
1 0.37793 0.370864 0.0253906 0.0450368
1 0.410645 0.538603 0.0253906 0.0441176
1 0.092041 0.0344669 0.0327148 0.0542279
0 0.258301 0.847426 0.0263672 0.0441176
1 0.0883789 0.599724 0.0253906 0.0487132
1 0.780518 0.689798 0.0268555 0.0487132
1 0.943604 0.321232 0.0219727 0.0413603
1 0.171143 0.0165441 0.0268555 0.0330882
1 0.157715 0.50046 0.0224609 0.0450368
0 0.27002 0.984375 0.0273438 0.03125
1 0.730469 0.101103 0.0234375 0.0459559
1 0.0947266 0.350643 0.0283203 0.0487132
0 0.0129395 0.202665 0.0249023 0.0579044
1 0.991699 0.761029 0.0166016 0.0404412
1 0.195312 0.928309 0.0253906 0.0441176
1 0.0927734 0.81204 0.0273438 0.0487132
1 0.646973 0.390165 0.0234375 0.0450368
1 0.393311 0.870864 0.0288086 0.0560662
1 0.777344 0.872243 0.0214844 0.0386029
1 0.417236 0.959559 0.0268555 0.0477941
0 0.316406 0.880055 0.0253906 0.0487132
1 0.712891 0.476562 0.0253906 0.0395221
1 0.743408 0.915901 0.0249023 0.046875
1 0.851562 0.261949 0.0263672 0.0422794
1 0.0319824 0.409926 0.0258789 0.0459559
1 0.76709 0.0854779 0.0205078 0.0386029
1 0.439941 0.883732 0.0263672 0.046875
1 0.679199 0.133732 0.0263672 0.0450368
1 0.970947 0.19761 0.0219727 0.0386029
1 0.834473 0.126379 0.0234375 0.0413603
1 0.725342 0.634191 0.0209961 0.0404412
1 0.197021 0.533088 0.0258789 0.0459559
1 0.360352 0.170037 0.0234375 0.0422794
1 0.588623 0.362132 0.0239258 0.0441176
1 0.876465 0.712316 0.0234375 0.0422794
1 0.145508 0.587776 0.0253906 0.046875
1 0.694824 0.736213 0.0205078 0.0459559
1 0.80249 0.169577 0.0229492 0.0450368
1 0.152344 0.228401 0.0273438 0.0523897
1 0.992676 0.546415 0.0146484 0.046875
1 0.879883 0.824449 0.0234375 0.0459559
1 0.612549 0.251838 0.0200195 0.0404412
1 0.917969 0.554688 0.0234375 0.0431985
1 0.783447 0.59375 0.0258789 0.0441176
1 0.69043 0.446232 0.0234375 0.0450368
1 0.855469 0.867647 0.0253906 0.0459559
1 0.759766 0.0528493 0.0214844 0.0395221
1 0.67627 0.058364 0.0234375 0.0413603
1 0.755859 0.789062 0.0253906 0.0450368
1 0.933594 0.330882 0.0205078 0.0386029
1 0.520508 0.0693934 0.0234375 0.0431985
1 0.187012 0.466912 0.0263672 0.0477941
1 0.128418 0.829044 0.0263672 0.0514706
1 0.797363 0.40625 0.0224609 0.0404412
1 0.30957 0.130055 0.0292969 0.0505515
1 0.692139 0.384651 0.0239258 0.0450368
1 0.572266 0.10432 0.0234375 0.0413603
1 0.205566 0.85432 0.0273438 0.0450368
1 0.0141602 0.980699 0.0244141 0.0386029
1 0.92041 0.842831 0.0263672 0.0459559
1 0.407959 0.204963 0.0258789 0.0459559
1 0.668213 0.392004 0.0219727 0.0431985
1 0.828125 0.62454 0.0253906 0.0523897
1 0.164307 0.772518 0.0258789 0.0487132
1 0.53418 0.339154 0.0234375 0.0441176
1 0.991455 0.17693 0.0170898 0.0450368
1 0.224365 0.787224 0.0288086 0.0487132
1 0.146484 0.303768 0.0263672 0.0487132
1 0.781982 0.273438 0.0258789 0.0450368
1 0.459473 0.110294 0.0234375 0.0496324
1 0.964844 0.751838 0.0253906 0.0441176
1 0.804932 0.230239 0.0249023 0.0450368
1 0.218018 0.0749081 0.0249023 0.0505515
1 0.0388184 0.920496 0.0268555 0.0450368
1 0.596924 0.22932 0.0200195 0.0431985
1 0.807617 0.298713 0.0234375 0.0422794
1 0.414551 0.460938 0.0263672 0.0487132
1 0.598145 0.300092 0.0244141 0.0450368
1 0.444824 0.473346 0.0224609 0.0422794
1 0.408203 0.342371 0.0263672 0.0450368
1 0.567871 0.387868 0.0234375 0.0422794
1 0.500244 0.174632 0.0258789 0.0459559
1 0.82666 0.954504 0.0263672 0.0450368
1 0.813232 0.442096 0.0249023 0.0422794
1 0.39502 0.121783 0.0244141 0.0431985
1 0.803467 0.106158 0.0229492 0.0431985
1 0.577881 0.25 0.0219727 0.0459559
1 0.108398 0.528952 0.0273438 0.0505515
1 0.361084 0.201746 0.0229492 0.0431985
1 0.0305176 0.884651 0.0258789 0.0431985
1 0.132568 0.62454 0.0268555 0.0487132
1 0.483154 0.132812 0.0239258 0.046875
1 0.985107 0.931066 0.0268555 0.0514706
1 0.316162 0.24954 0.0258789 0.0450368
1 0.980469 0.734375 0.0214844 0.0386029
1 0.207031 0.31204 0.0244141 0.046875
1 0.528809 0.270221 0.0244141 0.0459559
1 0.333252 0.195772 0.0249023 0.0459559
1 0.402832 0.159007 0.0224609 0.0459559
1 0.244385 0.0252757 0.0258789 0.0450368
