0 0.0998535 0.0229779 0.034668 0.0459559
1 0.404297 0.886029 0.0205078 0.0367647
0 0.310791 0.242188 0.0297852 0.0505515
1 0.311035 0.896599 0.0283203 0.0487132
1 0.390869 0.869945 0.0200195 0.0431985
0 0.567871 0.596967 0.0302734 0.0542279
1 0.858643 0.0845588 0.0219727 0.0459559
0 0.189697 0.54136 0.0327148 0.0643382
1 0.934326 0.880055 0.0249023 0.0431985
0 0.79834 0.595588 0.0283203 0.0477941
1 0.921875 0.978401 0.03125 0.0431985
1 0.795898 0.292279 0.0224609 0.0367647
1 0.798828 0.59375 0.0273438 0.0459559
1 0.522949 0.20864 0.0185547 0.0404412
0 0.438965 0.882353 0.0244141 0.0441176
0 0.920898 0.977941 0.03125 0.0422794
1 0.568848 0.596507 0.0273438 0.0477941
1 0.536377 0.915901 0.0249023 0.046875
1 0.201416 0.959099 0.0307617 0.0542279
0 0.201172 0.959099 0.03125 0.0542279
0 0.828857 0.623162 0.0249023 0.0496324
1 0.811279 0.119485 0.0229492 0.0477941
0 0.258545 0.846967 0.0268555 0.0505515
1 0.786621 0.27114 0.0224609 0.0386029
1 0.828857 0.62454 0.0219727 0.046875
1 0.989014 0.172794 0.0219727 0.0496324
1 0.917236 0.493566 0.0249023 0.0477941
1 0.528564 0.309283 0.0209961 0.0413603
0 0.779785 0.921875 0.0322266 0.0496324
1 0.943848 0.563419 0.0263672 0.0459559
0 0.828125 0.772059 0.03125 0.0551471
0 0.933594 0.883272 0.0253906 0.0422794
1 0.835938 0.12454 0.0234375 0.0450368
1 0.526611 0.270221 0.0209961 0.0386029
0 0.0849609 0.238971 0.0332031 0.0606618
0 0.872559 0.745864 0.0263672 0.0487132
1 0.415039 0.455882 0.0234375 0.0441176
0 0.165283 0.773438 0.0268555 0.0505515
0 0.108154 0.389246 0.0288086 0.0597426
1 0.310791 0.243566 0.0297852 0.0496324
0 0.0222168 0.193474 0.0327148 0.0634191
1 0.969482 0.880974 0.0249023 0.046875
0 0.826416 0.954504 0.0297852 0.0523897
1 0.388428 0.248162 0.0258789 0.0496324
1 0.401367 0.33318 0.0234375 0.0431985
1 0.189453 0.54182 0.0332031 0.0615809
1 0.37793 0.368566 0.0244141 0.0459559
1 0.689453 0.389706 0.0302734 0.0643382
