0 0.935059 0.883732 0.0234375 0.0376838
0 0.102051 0.0238971 0.0361328 0.0477941
0 0.840576 0.766085 0.0268555 0.0450368
0 0.189697 0.542279 0.034668 0.0716912
0 0.524658 0.206801 0.0258789 0.0459559
1 0.84082 0.765165 0.0234375 0.046875
1 0.309326 0.237592 0.0288086 0.0597426
1 0.102295 0.0248162 0.034668 0.0496324
0 0.860352 0.0827206 0.03125 0.0496324
0 0.925049 0.976562 0.0297852 0.046875
0 0.796631 0.929228 0.0239258 0.0459559
1 0.439209 0.880055 0.0297852 0.0597426
0 0.800781 0.59421 0.0263672 0.0487132
0 0.203125 0.957261 0.03125 0.0542279
1 0.828857 0.62546 0.0219727 0.0487132
0 0.259521 0.847886 0.0307617 0.0542279
1 0.924316 0.975184 0.0283203 0.0441176
1 0.796875 0.927849 0.0253906 0.046875
1 0.93457 0.881893 0.0234375 0.0395221
1 0.800781 0.59421 0.0253906 0.0505515
0 0.872559 0.746324 0.0263672 0.0477941
1 0.416016 0.454504 0.0273438 0.0560662
0 0.829102 0.624081 0.0234375 0.0496324
0 0.439453 0.881434 0.0341797 0.0588235
1 0.258301 0.847886 0.0302734 0.0523897
1 0.956299 0.556985 0.027832 0.0514706
0 0.570068 0.597426 0.0327148 0.0569853
1 0.987549 0.172794 0.0249023 0.0569853
0 0.164795 0.772978 0.0288086 0.0569853
0 0.30835 0.238051 0.0307617 0.0588235
0 0.0849609 0.238051 0.0371094 0.0606618
1 0.872559 0.745864 0.0263672 0.046875
1 0.952148 0.86443 0.0234375 0.0413603
1 0.825928 0.953125 0.0249023 0.0459559
1 0.303955 0.904871 0.0297852 0.0542279
1 0.203613 0.957261 0.03125 0.0560662
1 0.916504 0.496324 0.0263672 0.0477941
0 0.0224609 0.193015 0.0332031 0.0661765
0 0.109131 0.387868 0.0307617 0.0625
1 0.689941 0.389706 0.03125 0.0661765
1 0.189209 0.542279 0.0336914 0.0661765
