0 0.189697 0.54182 0.034668 0.0726103
1 0.30957 0.238971 0.0292969 0.0588235
0 0.101807 0.0229779 0.034668 0.0459559
0 0.525391 0.209559 0.0224609 0.0459559
1 0.258301 0.845588 0.0302734 0.0551471
0 0.799316 0.595129 0.0283203 0.0523897
1 0.109375 0.387408 0.0292969 0.0634191
1 0.308838 0.901654 0.027832 0.0496324
1 0.102295 0.0243566 0.0336914 0.0487132
0 0.872559 0.746324 0.0283203 0.0477941
0 0.56958 0.597886 0.0317383 0.0542279
1 0.923584 0.975643 0.0297852 0.0431985
0 0.923584 0.976562 0.0297852 0.046875
1 0.56958 0.596507 0.0288086 0.0514706
0 0.93457 0.882353 0.0234375 0.0386029
1 0.83667 0.765625 0.0268555 0.0441176
0 0.828857 0.623162 0.0249023 0.0496324
1 0.38501 0.257812 0.0288086 0.0487132
1 0.959229 0.869026 0.0249023 0.0395221
0 0.202393 0.95818 0.0288086 0.0487132
0 0.258545 0.846967 0.0297852 0.0523897
0 0.309326 0.238511 0.0307617 0.0560662
1 0.791016 0.925092 0.0253906 0.0505515
1 0.828857 0.625 0.0219727 0.0477941
1 0.987549 0.173254 0.0249023 0.0560662
1 0.377197 0.367647 0.0219727 0.0422794
1 0.203125 0.95818 0.03125 0.0542279
1 0.800293 0.594669 0.0263672 0.0496324
0 0.0852051 0.238971 0.034668 0.0625
1 0.416016 0.454963 0.0253906 0.0496324
0 0.438965 0.881434 0.0341797 0.0588235
1 0.91626 0.495864 0.0249023 0.046875
1 0.872559 0.745404 0.0283203 0.0459559
0 0.164795 0.773438 0.0288086 0.0560662
1 0.391846 0.344669 0.0229492 0.0422794
0 0.108887 0.388327 0.0302734 0.0615809
0 0.0222168 0.193474 0.0336914 0.0670956
1 0.689941 0.389706 0.0302734 0.0643382
1 0.825684 0.953585 0.0283203 0.0487132
1 0.189209 0.54182 0.034668 0.0670956
