1 0.309814 0.238971 0.0288086 0.0588235
1 0.308838 0.901654 0.0268555 0.0496324
0 0.82666 0.954044 0.0263672 0.0514706
0 0.525391 0.209559 0.0234375 0.0459559
1 0.102051 0.0238971 0.0341797 0.0477941
1 0.950195 0.556985 0.03125 0.0477941
0 0.101807 0.0229779 0.034668 0.0459559
0 0.189697 0.54182 0.034668 0.0707721
0 0.790771 0.925092 0.0249023 0.0487132
0 0.799805 0.595129 0.0283203 0.0523897
0 0.922607 0.977022 0.027832 0.0441176
1 0.835938 0.764706 0.0263672 0.0459559
1 0.923584 0.975643 0.0297852 0.0431985
1 0.385254 0.257812 0.0283203 0.0505515
1 0.828857 0.62454 0.0219727 0.0487132
1 0.959229 0.869026 0.0249023 0.0413603
0 0.872559 0.746324 0.0263672 0.0477941
0 0.56958 0.596967 0.0297852 0.0542279
1 0.801025 0.594669 0.0258789 0.0496324
1 0.987549 0.172794 0.0249023 0.0551471
0 0.93457 0.882353 0.0234375 0.0404412
1 0.91626 0.495404 0.0249023 0.0459559
0 0.309814 0.238971 0.0307617 0.0551471
1 0.203125 0.95818 0.03125 0.0542279
1 0.416016 0.454963 0.0253906 0.0496324
0 0.828857 0.623621 0.0249023 0.0487132
1 0.872559 0.745404 0.0263672 0.0459559
1 0.377441 0.367188 0.0214844 0.0413603
0 0.202393 0.95818 0.0288086 0.0505515
0 0.0849609 0.238051 0.0361328 0.0588235
0 0.258789 0.847426 0.0283203 0.0514706
0 0.439453 0.881434 0.0341797 0.0588235
0 0.164795 0.772518 0.027832 0.0560662
1 0.39209 0.34421 0.0224609 0.0431985
0 0.109375 0.389246 0.0292969 0.0615809
1 0.825684 0.953585 0.0283203 0.0487132
1 0.689941 0.389246 0.03125 0.0652574
0 0.0222168 0.193015 0.0336914 0.0680147
1 0.189209 0.54182 0.034668 0.0670956
