1 0.835938 0.983456 0.0292969 0.0294118
0 0.535889 0.5 0.0258789 0.0441176
1 0.761475 0.883732 0.0209961 0.0358456
1 0.854004 0.0772059 0.0205078 0.0404412
0 0.828857 0.824449 0.0219727 0.0459559
1 0.0766602 0.246324 0.0302734 0.0514706
0 0.356201 0.798254 0.0239258 0.0413603
1 0.0341797 0.903033 0.0292969 0.0615809
1 0.464111 0.670496 0.0239258 0.046875
0 0.620117 0.982537 0.03125 0.0275735
1 0.879639 0.0790441 0.0200195 0.0386029
1 0.364258 0.688419 0.0273438 0.0496324
1 0.659424 0.0128676 0.0209961 0.0257353
1 0.939941 0.713235 0.0185547 0.0404412
0 0.393066 0.657169 0.0244141 0.0459559
0 0.878906 0.0818015 0.0234375 0.0404412
1 0.98999 0.819853 0.0170898 0.0441176
1 0.531982 0.462316 0.0249023 0.0459559
1 0.985107 0.764706 0.0200195 0.0386029
1 0.125244 0.490349 0.0229492 0.0523897
1 0.962402 0.213695 0.0234375 0.0395221
1 0.233887 0.348805 0.0234375 0.0450368
1 0.190918 0.375 0.0224609 0.0404412
0 0.364258 0.688419 0.0253906 0.0496324
1 0.53833 0.49954 0.0229492 0.0431985
1 0.456787 0.496324 0.0219727 0.0404412
0 0.4646 0.670956 0.0258789 0.0477941
1 0.608154 0.015625 0.0258789 0.03125
1 0.834473 0.865349 0.0205078 0.0395221
1 0.672852 0.712316 0.0234375 0.0441176
1 0.259521 0.846967 0.0288086 0.0487132
0 0.235107 0.710938 0.0249023 0.046875
1 0.381592 0.786765 0.0249023 0.0459559
0 0.325195 0.631434 0.0253906 0.0441176
1 0.734863 0.181985 0.0224609 0.0459559
1 0.0180664 0.461397 0.0263672 0.0514706
1 0.37793 0.370404 0.0253906 0.0459559
1 0.0944824 0.350184 0.027832 0.0477941
0 0.0761719 0.247702 0.0302734 0.0487132
1 0.885986 0.236673 0.027832 0.0450368
1 0.510254 0.679688 0.0273438 0.046875
1 0.708008 0.652114 0.0234375 0.0431985
1 0.978271 0.438879 0.0249023 0.0431985
1 0.828125 0.82307 0.0214844 0.046875
1 0.730469 0.101103 0.0234375 0.0459559
1 0.372803 0.536765 0.027832 0.0496324
1 0.4104 0.538143 0.0258789 0.0450368
1 0.910156 0.5 0.0263672 0.0441176
1 0.176025 0.829044 0.0258789 0.0441176
1 0.7771 0.872243 0.0219727 0.0386029
1 0.0888672 0.599724 0.0253906 0.0487132
1 0.195312 0.929228 0.0253906 0.0441176
1 0.991699 0.761029 0.0166016 0.0404412
1 0.646973 0.389706 0.0234375 0.0459559
1 0.943604 0.321232 0.0219727 0.0413603
0 0.269531 0.984375 0.0273438 0.03125
1 0.876465 0.713235 0.0234375 0.0422794
1 0.780029 0.689798 0.0268555 0.0487132
1 0.157471 0.500919 0.0229492 0.0459559
1 0.0927734 0.81204 0.0273438 0.0487132
1 0.171143 0.0170037 0.0268555 0.0340074
0 0.298096 0.670956 0.0297852 0.0477941
1 0.197021 0.532629 0.0258789 0.046875
1 0.767334 0.0854779 0.0209961 0.0386029
1 0.092041 0.0344669 0.0327148 0.0542279
1 0.439941 0.884651 0.0273438 0.046875
1 0.970947 0.198529 0.0219727 0.0386029
0 0.258301 0.846507 0.0263672 0.0441176
1 0.393066 0.869945 0.0283203 0.0542279
1 0.917969 0.555147 0.0234375 0.0422794
1 0.589111 0.362132 0.0239258 0.0441176
1 0.0319824 0.410386 0.0258789 0.0450368
0 0.0131836 0.202665 0.0253906 0.0579044
0 0.316162 0.880974 0.0249023 0.0487132
1 0.677002 0.0579044 0.0229492 0.0404412
1 0.679688 0.132353 0.0253906 0.0441176
1 0.834473 0.125919 0.0234375 0.0422794
1 0.712646 0.476562 0.0258789 0.0395221
1 0.360352 0.170037 0.0234375 0.0422794
1 0.933594 0.331801 0.0205078 0.0386029
1 0.690918 0.446232 0.0234375 0.0450368
1 0.152344 0.22886 0.0273438 0.0514706
1 0.80249 0.169577 0.0229492 0.0450368
1 0.743408 0.91682 0.0249023 0.0450368
1 0.851562 0.261949 0.0263672 0.0422794
1 0.416992 0.959099 0.0273438 0.0487132
1 0.186768 0.466912 0.0268555 0.0477941
1 0.145752 0.588235 0.0258789 0.0477941
1 0.725342 0.634191 0.0209961 0.0404412
1 0.520752 0.0698529 0.0229492 0.0422794
1 0.855469 0.867647 0.0253906 0.0459559
1 0.783691 0.59375 0.0263672 0.0441176
1 0.879883 0.824449 0.0234375 0.0459559
1 0.992676 0.545956 0.0146484 0.0477941
1 0.205566 0.85432 0.0273438 0.0450368
1 0.69458 0.735294 0.0200195 0.0459559
1 0.759766 0.0542279 0.0214844 0.0404412
1 0.797363 0.407169 0.0224609 0.0404412
1 0.755859 0.789062 0.0253906 0.0450368
1 0.92041 0.842831 0.0263672 0.0441176
1 0.612793 0.251838 0.0205078 0.0404412
1 0.572266 0.10432 0.0234375 0.0413603
1 0.30957 0.128217 0.0273438 0.0487132
1 0.146484 0.303768 0.0263672 0.0487132
1 0.128418 0.828585 0.0263672 0.0505515
1 0.0141602 0.980699 0.0244141 0.0386029
1 0.414551 0.460478 0.0263672 0.0496324
1 0.224365 0.786765 0.027832 0.0477941
1 0.668701 0.392004 0.0229492 0.0431985
1 0.964844 0.751838 0.0253906 0.0441176
1 0.692139 0.384651 0.0239258 0.0450368
1 0.407959 0.204504 0.0258789 0.0450368
1 0.534668 0.338695 0.0234375 0.0450368
1 0.164307 0.772518 0.0258789 0.0487132
1 0.828125 0.62454 0.0253906 0.0523897
1 0.990967 0.176471 0.0180664 0.0459559
1 0.445068 0.473805 0.0219727 0.0413603
1 0.0385742 0.920496 0.0263672 0.0450368
1 0.39502 0.122702 0.0244141 0.0431985
1 0.782471 0.272978 0.0258789 0.0441176
1 0.803711 0.106618 0.0234375 0.0441176
1 0.459473 0.109835 0.0234375 0.0487132
1 0.598145 0.300551 0.0244141 0.0441176
1 0.597168 0.22932 0.0205078 0.0431985
1 0.807617 0.298254 0.0234375 0.0413603
1 0.805664 0.229779 0.0244141 0.0441176
1 0.568359 0.388327 0.0234375 0.0413603
1 0.500732 0.174632 0.0258789 0.0459559
1 0.813232 0.442555 0.0249023 0.0431985
1 0.217529 0.0753676 0.0249023 0.0496324
1 0.82666 0.954504 0.0263672 0.0450368
1 0.408691 0.342831 0.0263672 0.0459559
1 0.36084 0.200827 0.0224609 0.0431985
1 0.0305176 0.884651 0.0258789 0.0431985
1 0.108398 0.528952 0.0273438 0.0505515
1 0.577881 0.25 0.0219727 0.0459559
1 0.132324 0.623621 0.0263672 0.0487132
1 0.483154 0.132353 0.0239258 0.0459559
1 0.315918 0.25 0.0263672 0.0459559
1 0.402832 0.159007 0.0224609 0.0459559
1 0.985107 0.931066 0.0268555 0.0533088
1 0.333252 0.194853 0.0258789 0.0459559
1 0.206787 0.3125 0.0239258 0.0477941
1 0.244629 0.0252757 0.0253906 0.0450368
1 0.980469 0.734375 0.0214844 0.0386029
1 0.528564 0.270221 0.0239258 0.0459559
