1 0.58667 0.365809 0.0200195 0.0294118
1 0.870361 0.116728 0.0170898 0.0386029
1 0.38208 0.481158 0.0180664 0.0321691
1 0.379883 0.6875 0.0195312 0.0386029
1 0.0251465 0.43704 0.0209961 0.0321691
1 0.381836 0.785846 0.0214844 0.0422794
1 0.611572 0.0128676 0.0249023 0.0257353
0 0.787598 0.59329 0.0263672 0.0450368
1 0.825928 0.802849 0.0249023 0.0505515
0 0.880371 0.825827 0.0234375 0.046875
0 0.776367 0.715533 0.0234375 0.0431985
0 0.828125 0.622243 0.0253906 0.0496324
1 0.879883 0.824449 0.0234375 0.0441176
0 0.82666 0.80239 0.0263672 0.0496324
1 0.916992 0.492188 0.0234375 0.0450368
0 0.877441 0.722426 0.0263672 0.0459559
0 0.912598 0.982996 0.0283203 0.0340074
1 0.757324 0.925551 0.0302734 0.0514706
0 0.756104 0.924173 0.0297852 0.0487132
1 0.85791 0.862132 0.0234375 0.0441176
0 0.755615 0.789522 0.0249023 0.0422794
1 0.53418 0.329963 0.0234375 0.0422794
0 0.566406 0.600643 0.0263672 0.046875
1 0.828857 0.622702 0.0219727 0.046875
1 0.740967 0.160386 0.0229492 0.0395221
1 0.681152 0.0992647 0.0234375 0.0404412
1 0.856934 0.253676 0.0234375 0.0422794
1 0.556152 0.883272 0.0263672 0.0422794
0 0.825684 0.955423 0.0283203 0.0487132
1 0.929688 0.5625 0.0253906 0.0441176
1 0.439941 0.88511 0.0263672 0.0459559
1 0.92749 0.856618 0.0249023 0.0477941
1 0.679443 0.0606618 0.0219727 0.0386029
1 0.256836 0.84375 0.0253906 0.0441176
1 0.0187988 0.195772 0.0258789 0.0514706
1 0.838379 0.125 0.0234375 0.0422794
1 0.0820312 0.234375 0.0273438 0.0496324
1 0.0908203 0.03125 0.0341797 0.0496324
1 0.731689 0.116728 0.0219727 0.0422794
1 0.237549 0.715074 0.0249023 0.0441176
1 0.691162 0.38511 0.0258789 0.0459559
1 0.88208 0.0868566 0.0200195 0.0413603
1 0.172363 0.019761 0.0292969 0.0395221
1 0.371094 0.539062 0.0253906 0.0450368
1 0.0146484 0.981158 0.0253906 0.0376838
1 0.320312 0.164982 0.0195312 0.0450368
1 0.858643 0.0836397 0.0200195 0.0422794
1 0.0942383 0.601562 0.0234375 0.0450368
1 0.526855 0.0670956 0.0244141 0.0441176
1 0.988281 0.174632 0.0234375 0.0496324
1 0.100586 0.524816 0.0253906 0.0477941
1 0.334473 0.182904 0.0205078 0.0459559
1 0.809326 0.118566 0.0219727 0.0422794
1 0.571045 0.103401 0.0229492 0.0431985
1 0.14502 0.588235 0.0205078 0.0441176
1 0.0983887 0.361673 0.0258789 0.0487132
1 0.391846 0.874081 0.0229492 0.0496324
1 0.524658 0.267923 0.0239258 0.046875
1 0.401367 0.213235 0.0234375 0.0459559
1 0.196777 0.945312 0.0283203 0.0487132
1 0.208984 0.0799632 0.0253906 0.0477941
1 0.414062 0.457261 0.0244141 0.0450368
1 0.98291 0.917739 0.0283203 0.0542279
1 0.897705 0.106158 0.0219727 0.0431985
1 0.40625 0.538143 0.0234375 0.0413603
1 0.196777 0.529871 0.0234375 0.0431985
1 0.806396 0.210018 0.0219727 0.0376838
1 0.13208 0.608456 0.0209961 0.0422794
1 0.812012 0.30193 0.0244141 0.0413603
1 0.593018 0.29182 0.0229492 0.0431985
1 0.506592 0.182904 0.0249023 0.0459559
1 0.786133 0.271599 0.0234375 0.0450368
1 0.187744 0.482996 0.0239258 0.0450368
1 0.37793 0.368107 0.0253906 0.0431985
1 0.584717 0.254596 0.0229492 0.0386029
1 0.410156 0.340074 0.0253906 0.0441176
1 0.160645 0.485754 0.0244141 0.0431985
1 0.417969 0.943474 0.0253906 0.0505515
1 0.15332 0.277574 0.0253906 0.0422794
1 0.164307 0.77068 0.0268555 0.0487132
1 0.147949 0.234835 0.0253906 0.0431985
1 0.095459 0.814338 0.027832 0.0514706
1 0.119629 0.821232 0.0244141 0.0487132
1 0.23877 0.345129 0.0283203 0.0505515
1 0.312012 0.246783 0.0253906 0.046875
1 0.205322 0.314338 0.0249023 0.0477941
1 0.230957 0.761949 0.0244141 0.0459559
