1 0.170654 0.800092 0.0219727 0.0450368
1 0.585693 0.366268 0.0249023 0.0431985
1 0.40918 0.539062 0.0224609 0.0395221
1 0.681152 0.108456 0.0263672 0.0459559
0 0.609375 0.0133272 0.0253906 0.0266544
1 0.324219 0.159926 0.0292969 0.0477941
0 0.196533 0.938879 0.0249023 0.0431985
0 0.654297 0.011489 0.0283203 0.0229779
0 0.911621 0.982996 0.03125 0.0340074
0 0.258545 0.84375 0.0249023 0.0441176
0 0.740234 0.167739 0.0244141 0.046875
0 0.833496 0.861673 0.0205078 0.0413603
1 0.855469 0.252757 0.0253906 0.0441176
1 0.740234 0.168199 0.0253906 0.0459559
1 0.6521 0.397518 0.0209961 0.0413603
0 0.680908 0.108915 0.0239258 0.0395221
0 0.376221 0.691636 0.0229492 0.0450368
0 0.390869 0.660386 0.0239258 0.0413603
1 0.879883 0.824908 0.0234375 0.0450368
0 0.572266 0.391544 0.0195312 0.0367647
1 0.495605 0.673713 0.0224609 0.0459559
0 0.778564 0.709099 0.0249023 0.0431985
1 0.414795 0.457721 0.0268555 0.0441176
0 0.828857 0.621783 0.0268555 0.0523897
1 0.381348 0.786765 0.0224609 0.0422794
1 0.237793 0.712776 0.0224609 0.046875
1 0.017334 0.196232 0.0268555 0.0542279
1 0.824951 0.955882 0.0297852 0.0477941
1 0.439453 0.88511 0.0273438 0.0459559
1 0.410156 0.340993 0.0273438 0.0459559
0 0.474609 0.669577 0.0214844 0.0431985
0 0.495605 0.673713 0.0234375 0.0459559
0 0.301025 0.667279 0.0229492 0.0441176
0 0.440674 0.884651 0.027832 0.046875
0 0.410156 0.340074 0.0253906 0.0459559
0 0.731934 0.113971 0.0234375 0.0459559
1 0.573486 0.390625 0.0209961 0.0386029
0 0.857178 0.86443 0.0249023 0.046875
1 0.534912 0.331342 0.0258789 0.0505515
0 0.678467 0.0597426 0.0219727 0.0422794
1 0.258301 0.844669 0.0283203 0.0459559
0 0.825684 0.955423 0.0283203 0.0487132
0 0.753174 0.922794 0.027832 0.0477941
0 0.880371 0.824908 0.0234375 0.0505515
0 0.877441 0.720129 0.0283203 0.0487132
0 0.405029 0.206342 0.0249023 0.0487132
1 0.829102 0.622702 0.0234375 0.0487132
1 0.665527 0.394761 0.0205078 0.0413603
1 0.196289 0.940257 0.0263672 0.0459559
0 0.587891 0.36489 0.0234375 0.0386029
1 0.371582 0.539522 0.0263672 0.0459559
1 0.678955 0.0602022 0.0239258 0.0413603
0 0.826416 0.807445 0.0249023 0.0542279
1 0.572021 0.102482 0.0258789 0.046875
1 0.522217 0.0689338 0.0239258 0.0459559
1 0.805908 0.181985 0.0239258 0.0422794
1 0.91626 0.494945 0.0297852 0.0487132
0 0.7854 0.59375 0.0288086 0.0477941
1 0.0773926 0.23943 0.0268555 0.0487132
1 0.314941 0.150735 0.0244141 0.0441176
1 0.928955 0.563879 0.0268555 0.0450368
0 0.55835 0.883272 0.0258789 0.0459559
1 0.838135 0.12454 0.0249023 0.0450368
1 0.0146484 0.982077 0.0253906 0.0358456
0 0.318359 0.647059 0.0234375 0.0422794
1 0.391602 0.875 0.0234375 0.0496324
1 0.88208 0.0863971 0.0219727 0.0422794
1 0.925781 0.85432 0.0263672 0.046875
0 0.755615 0.788603 0.0258789 0.0441176
1 0.0910645 0.03125 0.0327148 0.0514706
1 0.211182 0.0795037 0.0258789 0.0505515
1 0.525391 0.268842 0.0253906 0.0487132
1 0.196777 0.530331 0.0224609 0.0422794
1 0.858643 0.0836397 0.0200195 0.0441176
1 0.752441 0.922794 0.0263672 0.0514706
1 0.0932617 0.601103 0.0214844 0.0441176
1 0.172119 0.0188419 0.0288086 0.0376838
1 0.187988 0.480699 0.0244141 0.0459559
1 0.811768 0.301471 0.0249023 0.0441176
1 0.14624 0.585938 0.0200195 0.0431985
0 0.565918 0.602482 0.0263672 0.0450368
1 0.0966797 0.357077 0.0253906 0.0450368
1 0.80835 0.118107 0.0219727 0.0450368
1 0.377686 0.368107 0.0249023 0.0431985
1 0.158203 0.491268 0.0224609 0.0413603
1 0.596436 0.295956 0.0239258 0.0441176
1 0.102051 0.523438 0.0234375 0.0450368
1 0.989014 0.175092 0.0219727 0.0505515
1 0.163818 0.77114 0.0258789 0.0441176
1 0.691162 0.38557 0.0258789 0.046875
1 0.335449 0.183824 0.0253906 0.0441176
1 0.897461 0.106618 0.0234375 0.0459559
1 0.132568 0.609375 0.0209961 0.0422794
1 0.785156 0.271599 0.0244141 0.046875
1 0.123291 0.821691 0.0258789 0.0441176
1 0.151855 0.286305 0.0253906 0.0431985
1 0.148193 0.234375 0.0258789 0.0441176
1 0.505371 0.17739 0.0263672 0.0477941
1 0.805664 0.210478 0.0234375 0.0422794
1 0.0310059 0.409926 0.0229492 0.0404412
1 0.419678 0.944853 0.0258789 0.0477941
1 0.58252 0.244945 0.0234375 0.0431985
1 0.0227051 0.441636 0.0219727 0.0413603
1 0.23877 0.345588 0.0273438 0.0496324
1 0.0944824 0.815257 0.027832 0.0496324
1 0.228027 0.768382 0.0244141 0.0441176
1 0.98291 0.919118 0.0283203 0.0551471
1 0.205322 0.314338 0.0239258 0.0477941
1 0.313477 0.247243 0.0253906 0.0441176
