0 0.0952148 0.578585 0.0283203 0.046875
0 0.990723 0.415441 0.0185547 0.0367647
0 0.859375 0.0850184 0.0253906 0.046875
1 0.09375 0.557904 0.0244141 0.0588235
1 0.882812 0.241268 0.0205078 0.046875
1 0.858643 0.0840993 0.0219727 0.046875
0 0.7854 0.273438 0.0249023 0.0450368
0 0.172119 0.0211397 0.0268555 0.0404412
0 0.567139 0.596507 0.0288086 0.0533088
1 0.858643 0.255055 0.0200195 0.0413603
0 0.916992 0.982537 0.03125 0.0349265
0 0.790527 0.590993 0.0253906 0.0459559
0 0.440186 0.884651 0.0249023 0.046875
1 0.102783 0.375919 0.0258789 0.0496324
0 0.810791 0.118566 0.0219727 0.0459559
1 0.440186 0.883732 0.0239258 0.0487132
0 0.102051 0.377757 0.0263672 0.0496324
1 0.917236 0.491728 0.027832 0.0459559
1 0.550049 0.897978 0.0268555 0.0422794
1 0.200928 0.0698529 0.0258789 0.0441176
1 0.808594 0.299632 0.0234375 0.0404412
0 0.0849609 0.238051 0.0302734 0.0514706
0 0.69043 0.387408 0.0273438 0.0542279
1 0.932861 0.564798 0.0249023 0.046875
1 0.785156 0.272059 0.0234375 0.0477941
1 0.690674 0.387408 0.027832 0.0523897
1 0.810059 0.116728 0.0205078 0.0441176
1 0.790771 0.590074 0.0249023 0.0459559
0 0.0217285 0.194393 0.0258789 0.0487132
1 0.836914 0.125 0.0234375 0.0441176
0 0.873535 0.733915 0.0263672 0.0450368
1 0.0942383 0.0257353 0.03125 0.0422794
1 0.171875 0.0211397 0.0273438 0.0386029
1 0.835938 0.866268 0.0205078 0.0395221
0 0.198242 0.959099 0.0283203 0.046875
1 0.989014 0.173254 0.0219727 0.0487132
1 0.828857 0.623621 0.0219727 0.046875
1 0.198242 0.959559 0.0283203 0.0477941
0 0.207031 0.316636 0.0263672 0.0523897
0 0.82666 0.954504 0.0283203 0.0505515
0 0.828857 0.622702 0.0249023 0.0487132
1 0.825928 0.955882 0.0297852 0.0496324
1 0.258545 0.844669 0.0249023 0.0459559
1 0.234863 0.340074 0.0263672 0.0459559
0 0.199219 0.0703125 0.0253906 0.0431985
1 0.824951 0.784007 0.0268555 0.0496324
1 0.568359 0.598805 0.0263672 0.046875
1 0.195557 0.536305 0.0288086 0.0560662
1 0.207031 0.314798 0.0253906 0.0487132
1 0.390869 0.54182 0.0209961 0.0358456
1 0.873535 0.733915 0.0263672 0.0487132
0 0.93042 0.872702 0.0268555 0.046875
1 0.524414 0.269301 0.0234375 0.0404412
1 0.37793 0.539062 0.0214844 0.0376838
0 0.0935059 0.54136 0.0258789 0.0459559
1 0.515869 0.19761 0.0209961 0.0422794
1 0.863281 0.860754 0.0253906 0.046875
1 0.095459 0.578585 0.0268555 0.0431985
1 0.413086 0.920037 0.0234375 0.0459559
1 0.527588 0.309743 0.0219727 0.0404412
1 0.77002 0.924632 0.0273438 0.0514706
1 0.567871 0.0877757 0.0244141 0.0450368
1 0.771484 0.744026 0.0244141 0.046875
1 0.981201 0.90671 0.0268555 0.0505515
1 0.391113 0.871324 0.0234375 0.0496324
0 0.164551 0.770221 0.0283203 0.0514706
1 0.755859 0.789522 0.0244141 0.0459559
1 0.394775 0.227482 0.0239258 0.0450368
1 0.542236 0.0560662 0.0258789 0.0459559
1 0.880371 0.826287 0.0234375 0.0459559
1 0.415283 0.457721 0.0258789 0.0459559
1 0.378662 0.368107 0.0249023 0.0431985
1 0.40918 0.340074 0.0244141 0.0441176
1 0.311768 0.245864 0.027832 0.0450368
