1 0.102539 0.0243566 0.0341797 0.0487132
0 0.839844 0.765165 0.0253906 0.046875
0 0.859375 0.0827206 0.0234375 0.0477941
0 0.101807 0.0234375 0.0356445 0.046875
0 0.189453 0.542279 0.0351562 0.0735294
0 0.922607 0.975643 0.027832 0.0431985
1 0.794922 0.926011 0.0224609 0.046875
0 0.799561 0.59421 0.027832 0.0523897
1 0.438965 0.880055 0.0302734 0.0597426
0 0.525146 0.207721 0.0249023 0.0477941
0 0.872559 0.746324 0.0263672 0.0477941
1 0.839844 0.764706 0.0253906 0.0459559
0 0.829102 0.623621 0.0234375 0.0487132
1 0.828857 0.625 0.0219727 0.0477941
1 0.416016 0.454044 0.0283203 0.0551471
0 0.258789 0.847426 0.0283203 0.0514706
0 0.202881 0.957261 0.0288086 0.0505515
1 0.308838 0.904412 0.0307617 0.0551471
1 0.924316 0.975643 0.0283203 0.0431985
1 0.93457 0.881893 0.0234375 0.0395221
1 0.987549 0.172335 0.0249023 0.0560662
1 0.800781 0.594669 0.0253906 0.0496324
0 0.570068 0.596967 0.0297852 0.0560662
0 0.439453 0.881434 0.0341797 0.0606618
1 0.203613 0.957261 0.03125 0.0542279
1 0.872559 0.745404 0.0263672 0.0459559
0 0.308105 0.238051 0.0302734 0.0588235
1 0.95459 0.556526 0.0263672 0.0505515
0 0.164795 0.772518 0.0288086 0.0560662
0 0.0852051 0.238971 0.034668 0.0625
1 0.825684 0.952665 0.0263672 0.046875
1 0.91626 0.495864 0.0249023 0.046875
1 0.689941 0.389706 0.03125 0.0661765
1 0.955322 0.86489 0.0249023 0.0441176
0 0.108887 0.388327 0.0302734 0.0615809
0 0.0224609 0.193015 0.0332031 0.0661765
1 0.189453 0.54136 0.0351562 0.0680147
