0 0.824951 0.783088 0.027832 0.0477941
0 0.990967 0.415441 0.0180664 0.0367647
0 0.0957031 0.576287 0.0234375 0.0422794
0 0.858643 0.0836397 0.0219727 0.0459559
0 0.917236 0.492647 0.0249023 0.0422794
1 0.882812 0.242188 0.0205078 0.046875
0 0.234375 0.340993 0.0273438 0.0533088
1 0.858643 0.255055 0.0200195 0.0413603
0 0.919434 0.980699 0.03125 0.0386029
0 0.7854 0.273897 0.0249023 0.0441176
1 0.548096 0.897978 0.0268555 0.0459559
0 0.19458 0.536765 0.0307617 0.0588235
0 0.567139 0.596507 0.0288086 0.0533088
1 0.791992 0.589614 0.0253906 0.046875
1 0.917236 0.492188 0.0297852 0.046875
1 0.835938 0.866728 0.0205078 0.0386029
1 0.811035 0.116728 0.0205078 0.0441176
1 0.786133 0.271599 0.0234375 0.046875
1 0.09375 0.0275735 0.0332031 0.0477941
0 0.199219 0.0680147 0.0253906 0.0459559
1 0.825928 0.955882 0.0297852 0.0496324
1 0.234619 0.340074 0.0268555 0.0477941
0 0.770752 0.925092 0.0268555 0.0523897
0 0.791504 0.590993 0.0263672 0.0477941
0 0.810791 0.118566 0.0219727 0.0459559
1 0.807617 0.300092 0.0224609 0.0413603
1 0.439941 0.883732 0.0244141 0.0487132
1 0.824951 0.782169 0.027832 0.0496324
1 0.83667 0.12546 0.0219727 0.0431985
0 0.198242 0.95864 0.03125 0.0514706
1 0.828857 0.624081 0.0219727 0.0477941
0 0.690186 0.387408 0.027832 0.0560662
1 0.770264 0.75046 0.0239258 0.0487132
0 0.756592 0.79136 0.0239258 0.0459559
1 0.690186 0.387868 0.0288086 0.0551471
1 0.194824 0.537684 0.0292969 0.0569853
0 0.770264 0.75 0.0239258 0.0477941
1 0.199707 0.0675551 0.0263672 0.046875
1 0.989014 0.173254 0.0219727 0.0487132
1 0.933594 0.565717 0.0253906 0.046875
0 0.0852051 0.238511 0.0307617 0.0542279
0 0.0222168 0.193934 0.0268555 0.0514706
1 0.171875 0.0211397 0.0273438 0.0386029
1 0.568359 0.598346 0.0263672 0.0477941
0 0.932129 0.875 0.0283203 0.0459559
1 0.872559 0.736213 0.0263672 0.0496324
1 0.258789 0.845129 0.0253906 0.046875
0 0.828857 0.623162 0.0249023 0.0496324
1 0.756348 0.789522 0.0244141 0.0441176
1 0.517578 0.199908 0.0214844 0.0431985
1 0.198242 0.959559 0.0283203 0.0496324
0 0.872803 0.736673 0.0249023 0.046875
0 0.20752 0.316176 0.0273438 0.0533088
1 0.979736 0.904412 0.0268555 0.0514706
1 0.524414 0.269761 0.0234375 0.0395221
0 0.82666 0.954504 0.0283203 0.0505515
1 0.864014 0.860754 0.0249023 0.046875
0 0.102539 0.378676 0.0273438 0.0514706
1 0.527588 0.309743 0.0209961 0.0404412
1 0.770508 0.925551 0.0273438 0.0514706
1 0.542969 0.0551471 0.0244141 0.0441176
1 0.394287 0.22886 0.0249023 0.0441176
1 0.880615 0.827206 0.0249023 0.0477941
1 0.567627 0.0859375 0.0239258 0.0450368
0 0.164551 0.770221 0.0292969 0.0514706
1 0.391113 0.871324 0.0234375 0.0496324
1 0.411621 0.917279 0.0234375 0.0441176
1 0.415283 0.457721 0.0258789 0.0477941
1 0.310791 0.245864 0.0288086 0.046875
1 0.40918 0.340074 0.0244141 0.0441176
1 0.378906 0.367647 0.0253906 0.0441176
