0 0.859375 0.0850184 0.0253906 0.046875
1 0.020752 0.193934 0.0268555 0.0551471
0 0.691406 0.387408 0.0263672 0.0523897
1 0.882812 0.242188 0.0205078 0.046875
0 0.439941 0.88511 0.0244141 0.0459559
1 0.09375 0.55193 0.0244141 0.0560662
0 0.567139 0.596507 0.0288086 0.0533088
0 0.102051 0.377757 0.0253906 0.0496324
1 0.858643 0.0840993 0.0219727 0.046875
0 0.872803 0.732537 0.0249023 0.0459559
1 0.102783 0.37546 0.0258789 0.0505515
0 0.0217285 0.193934 0.0258789 0.0496324
0 0.82666 0.954963 0.0283203 0.0496324
1 0.929688 0.872243 0.0263672 0.0459559
0 0.0852051 0.238511 0.0307617 0.0523897
1 0.916992 0.982077 0.03125 0.0358456
1 0.858643 0.255055 0.0200195 0.0413603
1 0.917236 0.492188 0.027832 0.046875
1 0.0935059 0.0280331 0.0327148 0.046875
1 0.690674 0.387408 0.0268555 0.0505515
1 0.440186 0.883732 0.0239258 0.046875
0 0.207031 0.316636 0.0253906 0.0523897
0 0.198242 0.95818 0.0273438 0.046875
1 0.790039 0.590074 0.0244141 0.0459559
1 0.172119 0.0211397 0.0268555 0.0386029
1 0.835938 0.866268 0.0205078 0.0395221
0 0.828857 0.622702 0.0249023 0.0487132
1 0.197998 0.959559 0.027832 0.0477941
1 0.810059 0.116728 0.0205078 0.0441176
1 0.932861 0.564338 0.0249023 0.0477941
1 0.567871 0.599265 0.0263672 0.0477941
1 0.201172 0.0707721 0.0263672 0.0441176
1 0.836914 0.125 0.0234375 0.0441176
0 0.09375 0.539982 0.0253906 0.0450368
1 0.808838 0.300092 0.0249023 0.0413603
0 0.199951 0.0707721 0.0258789 0.0441176
1 0.98877 0.173254 0.0224609 0.0487132
1 0.785156 0.272059 0.0234375 0.0477941
1 0.258545 0.844669 0.0249023 0.0459559
1 0.828857 0.623621 0.0219727 0.046875
1 0.550293 0.897978 0.0263672 0.0441176
1 0.824951 0.784467 0.0268555 0.0487132
1 0.196045 0.534926 0.027832 0.0533088
0 0.93042 0.871783 0.0268555 0.0487132
1 0.235107 0.339614 0.0268555 0.046875
1 0.873535 0.732996 0.0263672 0.046875
1 0.207031 0.315257 0.0253906 0.0477941
1 0.825928 0.955882 0.0297852 0.0496324
1 0.524658 0.269301 0.0229492 0.0404412
1 0.863281 0.861673 0.0253906 0.046875
1 0.515625 0.197151 0.0205078 0.0431985
1 0.769531 0.924632 0.0273438 0.0514706
1 0.377197 0.539522 0.0219727 0.0386029
0 0.164551 0.770221 0.0292969 0.0514706
1 0.528076 0.310202 0.0219727 0.0413603
1 0.391357 0.871324 0.0229492 0.0477941
1 0.568359 0.0891544 0.0244141 0.0441176
1 0.771484 0.743107 0.0234375 0.046875
1 0.0952148 0.579044 0.0253906 0.0441176
1 0.395508 0.226103 0.0234375 0.0459559
1 0.414062 0.920496 0.0224609 0.0450368
1 0.393311 0.54182 0.0209961 0.0358456
1 0.880371 0.826287 0.0234375 0.0459559
1 0.981201 0.907169 0.0268555 0.0496324
1 0.541748 0.0574449 0.0258789 0.0450368
1 0.755859 0.789062 0.0244141 0.0450368
1 0.415283 0.457721 0.0249023 0.0459559
1 0.378662 0.368107 0.0249023 0.0431985
1 0.409668 0.340533 0.0244141 0.0431985
1 0.311523 0.245864 0.0283203 0.0450368
