1 0.405518 0.175551 0.0239258 0.0533088
1 0.853271 0.0790441 0.0219727 0.0386029
0 0.740967 0.915441 0.027832 0.0496324
0 0.292236 0.799173 0.0229492 0.0376838
1 0.98584 0.186121 0.0234375 0.0450368
1 0.941406 0.695772 0.0205078 0.0386029
0 0.0332031 0.410386 0.0244141 0.0487132
0 0.726807 0.634191 0.0219727 0.0459559
0 0.361572 0.685662 0.027832 0.0496324
0 0.510498 0.0174632 0.0200195 0.0349265
1 0.123535 0.474724 0.0224609 0.0431985
1 0.450195 0.511949 0.0195312 0.0386029
1 0.276855 0.194853 0.0205078 0.0386029
1 0.939941 0.71875 0.0205078 0.0386029
1 0.116943 0.161305 0.0239258 0.0413603
0 0.123535 0.477482 0.0214844 0.0431985
0 0.0178223 0.462776 0.027832 0.0560662
0 0.97876 0.441176 0.0219727 0.0422794
0 0.417969 0.962776 0.0283203 0.0487132
1 0.128662 0.138327 0.0229492 0.0395221
1 0.0649414 0.80193 0.0234375 0.0395221
1 0.979004 0.441636 0.0234375 0.0413603
1 0.361328 0.685662 0.0273438 0.0514706
0 0.116455 0.161305 0.0229492 0.0450368
0 0.73291 0.185662 0.0224609 0.0422794
0 0.462891 0.672335 0.0263672 0.046875
1 0.392822 0.657169 0.0249023 0.0459559
1 0.0861816 0.599724 0.0239258 0.046875
1 0.660156 0.0128676 0.0214844 0.0257353
0 0.619629 0.984375 0.0273438 0.03125
1 0.092041 0.0349265 0.0317383 0.0533088
1 0.61792 0.884651 0.0209961 0.0376838
0 0.158936 0.498621 0.0219727 0.0431985
1 0.916504 0.601562 0.0234375 0.0395221
1 0.705322 0.653952 0.0249023 0.0450368
1 0.38208 0.787224 0.0209961 0.0395221
1 0.985107 0.765625 0.0200195 0.0367647
1 0.538086 0.50046 0.0234375 0.0431985
1 0.362793 0.184743 0.0234375 0.0533088
1 0.727295 0.63557 0.0229492 0.0431985
1 0.989014 0.818934 0.019043 0.0422794
1 0.634033 0.880055 0.0209961 0.0413603
0 0.78125 0.685662 0.0244141 0.0477941
0 0.325439 0.628676 0.0249023 0.0441176
1 0.462158 0.672335 0.0249023 0.046875
1 0.451904 0.161305 0.0200195 0.0395221
1 0.781006 0.686121 0.0258789 0.046875
1 0.531494 0.461397 0.0249023 0.0441176
1 0.259033 0.846048 0.0288086 0.0487132
1 0.827393 0.824908 0.0219727 0.046875
1 0.0183105 0.463695 0.0268555 0.0523897
0 0.878906 0.0804228 0.0234375 0.0413603
1 0.840576 0.683824 0.0219727 0.0404412
1 0.741699 0.914062 0.0244141 0.046875
1 0.667969 0.392923 0.0224609 0.046875
1 0.67334 0.710478 0.0234375 0.0477941
1 0.197266 0.533088 0.0253906 0.0459559
0 0.828857 0.824908 0.0219727 0.046875
1 0.175537 0.827665 0.0268555 0.046875
1 0.170898 0.0160846 0.0273438 0.0321691
0 0.352051 0.801471 0.0224609 0.0459559
1 0.0944824 0.349724 0.0268555 0.0450368
1 0.0930176 0.8125 0.0268555 0.0496324
1 0.158447 0.49954 0.0229492 0.0450368
1 0.125977 0.493566 0.0234375 0.0533088
1 0.373047 0.536305 0.0273438 0.046875
1 0.195068 0.924632 0.0249023 0.0441176
1 0.731201 0.0997243 0.0239258 0.0450368
0 0.0861816 0.600184 0.0239258 0.0496324
0 0.19751 0.532169 0.0239258 0.0459559
1 0.0324707 0.409467 0.0249023 0.0450368
1 0.510986 0.681526 0.0268555 0.046875
1 0.435547 0.882812 0.0253906 0.046875
0 0.0756836 0.25 0.0273438 0.0477941
1 0.185547 0.380974 0.0224609 0.0395221
1 0.910889 0.503676 0.0249023 0.0422794
1 0.879883 0.824449 0.0234375 0.0459559
1 0.146729 0.587776 0.0229492 0.046875
1 0.128418 0.829504 0.0263672 0.0487132
1 0.605713 0.0151654 0.0249023 0.0303309
1 0.755859 0.789522 0.0253906 0.0459559
1 0.802246 0.168658 0.0234375 0.0450368
1 0.377686 0.371324 0.0268555 0.0496324
1 0.854004 0.680607 0.0205078 0.0395221
1 0.646484 0.389246 0.0253906 0.0450368
1 0.885742 0.236673 0.03125 0.046875
0 0.092041 0.0363051 0.0336914 0.0505515
1 0.992676 0.549173 0.0146484 0.046875
1 0.783447 0.59375 0.0249023 0.0422794
1 0.851562 0.262408 0.0253906 0.0413603
1 0.83374 0.126838 0.0249023 0.0422794
1 0.186768 0.465074 0.0258789 0.0477941
1 0.855469 0.867647 0.0253906 0.0459559
0 0.297607 0.671875 0.027832 0.0477941
1 0.695312 0.740349 0.0214844 0.0450368
1 0.713135 0.476562 0.0249023 0.0431985
1 0.69458 0.382812 0.0249023 0.0431985
1 0.590332 0.363051 0.0244141 0.0441176
1 0.45752 0.498162 0.0244141 0.0404412
1 0.766846 0.0850184 0.0200195 0.0395221
1 0.152832 0.228401 0.0273438 0.0505515
0 0.258057 0.846507 0.0268555 0.0422794
1 0.395264 0.871324 0.0268555 0.0514706
1 0.520508 0.0703125 0.0234375 0.0431985
1 0.458496 0.107996 0.0244141 0.0450368
1 0.762207 0.883272 0.0224609 0.0386029
1 0.205811 0.855239 0.0288086 0.046875
1 0.991455 0.761029 0.0170898 0.0404412
0 0.269531 0.984375 0.0273438 0.03125
1 0.232178 0.347886 0.0229492 0.046875
1 0.828125 0.624081 0.0253906 0.0514706
1 0.0144043 0.980239 0.0249023 0.0395221
1 0.407471 0.34375 0.0268555 0.0441176
0 0.31665 0.879136 0.0249023 0.0487132
1 0.165039 0.772518 0.0253906 0.0487132
1 0.777588 0.870864 0.0219727 0.0395221
1 0.960938 0.216912 0.0234375 0.0349265
1 0.945312 0.318015 0.0253906 0.0422794
1 0.690186 0.445772 0.0239258 0.0422794
1 0.534424 0.339154 0.0239258 0.0441176
1 0.612061 0.252298 0.0200195 0.0413603
0 0.0119629 0.206801 0.0219727 0.0514706
1 0.409912 0.538143 0.0268555 0.046875
1 0.678711 0.13557 0.0273438 0.046875
1 0.108887 0.529871 0.0253906 0.0487132
0 0.235107 0.710478 0.0249023 0.0459559
1 0.360352 0.167279 0.0253906 0.0441176
1 0.877441 0.709559 0.0234375 0.0422794
1 0.30835 0.126838 0.0268555 0.0514706
1 0.675049 0.0579044 0.0239258 0.0422794
1 0.761719 0.0482537 0.0214844 0.0395221
1 0.92041 0.840993 0.0263672 0.0459559
1 0.566895 0.38557 0.0244141 0.0431985
1 0.991455 0.17693 0.0170898 0.0431985
1 0.97168 0.194853 0.0234375 0.0386029
1 0.806885 0.297794 0.0239258 0.0422794
1 0.418457 0.960938 0.0283203 0.0487132
1 0.597412 0.227941 0.0209961 0.0422794
1 0.804443 0.232996 0.0239258 0.0450368
1 0.797119 0.40579 0.0229492 0.0413603
1 0.572266 0.10432 0.0234375 0.0413603
1 0.598145 0.300092 0.0234375 0.0431985
1 0.197754 0.366268 0.0224609 0.0395221
1 0.813232 0.443015 0.0268555 0.0422794
1 0.802246 0.10386 0.0234375 0.0422794
1 0.408203 0.204963 0.0263672 0.0477941
1 0.443359 0.471967 0.0224609 0.0431985
1 0.223877 0.789062 0.0268555 0.0450368
1 0.781494 0.273897 0.0258789 0.0459559
1 0.499756 0.175092 0.0258789 0.046875
1 0.933594 0.331801 0.0214844 0.0404412
1 0.146729 0.304228 0.0258789 0.0477941
1 0.395264 0.117647 0.0229492 0.0441176
1 0.577393 0.249081 0.0219727 0.0459559
1 0.132812 0.626379 0.0253906 0.046875
1 0.0410156 0.923713 0.0253906 0.0441176
1 0.964111 0.753676 0.0249023 0.0422794
1 0.220947 0.0758272 0.0268555 0.0487132
1 0.0305176 0.88511 0.0258789 0.0441176
1 0.82959 0.953585 0.0263672 0.0450368
1 0.916504 0.55239 0.0234375 0.0422794
1 0.986084 0.932904 0.0249023 0.0514706
1 0.414551 0.462316 0.0263672 0.0496324
1 0.363281 0.203125 0.0224609 0.0404412
1 0.529785 0.269301 0.0234375 0.0459559
1 0.483154 0.133732 0.0239258 0.046875
1 0.332275 0.198989 0.0249023 0.0450368
1 0.403076 0.159007 0.0229492 0.0459559
1 0.316406 0.24954 0.0253906 0.0431985
1 0.981201 0.734375 0.0219727 0.0386029
1 0.207764 0.309743 0.0239258 0.0459559
1 0.241455 0.0266544 0.0258789 0.0477941
