0 0.859375 0.0850184 0.0253906 0.046875
0 0.917236 0.492647 0.0249023 0.0441176
1 0.020752 0.194393 0.0268555 0.0542279
1 0.09375 0.556985 0.0244141 0.0588235
1 0.882812 0.241728 0.0205078 0.0459559
0 0.7854 0.273438 0.0249023 0.0450368
1 0.858643 0.0840993 0.0219727 0.046875
0 0.567139 0.596048 0.0288086 0.0523897
0 0.810791 0.118566 0.0219727 0.0459559
1 0.916992 0.982077 0.03125 0.0358456
1 0.102783 0.37546 0.0258789 0.0505515
1 0.858643 0.255055 0.0200195 0.0413603
0 0.69043 0.387408 0.0273438 0.0542279
0 0.102295 0.377757 0.0258789 0.0496324
1 0.917236 0.492188 0.0297852 0.046875
0 0.872803 0.732537 0.0249023 0.0477941
0 0.0217285 0.193934 0.0258789 0.0496324
1 0.932861 0.564798 0.0249023 0.046875
1 0.690674 0.387868 0.027832 0.0533088
1 0.810059 0.116728 0.0205078 0.0441176
0 0.82666 0.954963 0.0283203 0.0496324
0 0.828857 0.622702 0.0249023 0.0487132
1 0.808594 0.300551 0.0234375 0.0404412
1 0.835938 0.866268 0.0205078 0.0395221
1 0.550293 0.897978 0.0263672 0.0422794
0 0.197998 0.95864 0.0307617 0.0514706
1 0.0942383 0.0257353 0.03125 0.0422794
1 0.440186 0.883732 0.0239258 0.046875
1 0.200684 0.0707721 0.0263672 0.0441176
1 0.785156 0.272059 0.0234375 0.0477941
1 0.172119 0.0211397 0.0268555 0.0386029
0 0.199707 0.0703125 0.0253906 0.0431985
0 0.0849609 0.238511 0.0302734 0.0523897
0 0.206787 0.316636 0.0258789 0.0523897
1 0.790039 0.590533 0.0244141 0.0450368
1 0.836914 0.12454 0.0234375 0.0431985
1 0.989014 0.173254 0.0219727 0.0487132
1 0.567871 0.598805 0.0263672 0.046875
1 0.828857 0.623621 0.0219727 0.046875
1 0.198242 0.959559 0.0283203 0.0477941
1 0.258545 0.844669 0.0249023 0.0459559
1 0.824951 0.784007 0.0268555 0.0496324
1 0.207031 0.314798 0.0253906 0.0487132
1 0.234863 0.340074 0.0263672 0.0459559
1 0.195801 0.535846 0.0283203 0.0551471
0 0.0935059 0.540901 0.0258789 0.0450368
1 0.825928 0.955882 0.0297852 0.0496324
1 0.39209 0.540901 0.0205078 0.0376838
0 0.93042 0.871783 0.0268555 0.046875
1 0.873535 0.733456 0.0263672 0.0477941
1 0.524658 0.269301 0.0229492 0.0404412
1 0.516113 0.19761 0.0205078 0.0422794
1 0.377686 0.539522 0.0209961 0.0386029
1 0.863281 0.861673 0.0234375 0.046875
0 0.164307 0.77068 0.0288086 0.0505515
1 0.528076 0.310202 0.0209961 0.0413603
1 0.0949707 0.578125 0.0268555 0.0441176
1 0.769531 0.925551 0.0273438 0.0514706
1 0.391357 0.871324 0.0229492 0.0477941
1 0.413574 0.920037 0.0224609 0.0459559
1 0.39502 0.226562 0.0234375 0.0450368
1 0.568359 0.0886949 0.0244141 0.0450368
1 0.981201 0.90671 0.0268555 0.0487132
1 0.880371 0.826287 0.0234375 0.0459559
1 0.771484 0.743107 0.0244141 0.046875
1 0.542236 0.0565257 0.0249023 0.0450368
1 0.755859 0.789062 0.0244141 0.0450368
1 0.415283 0.457721 0.0258789 0.0441176
1 0.378662 0.368107 0.0249023 0.0431985
1 0.40918 0.340533 0.0244141 0.0431985
1 0.311523 0.246324 0.0273438 0.0441176
