1 0.401611 0.349265 0.0405273 0.0477941
1 0.611328 0.0128676 0.0253906 0.0257353
1 0.138916 0.60386 0.0239258 0.0496324
1 0.806152 0.988051 0.0302734 0.0238971
1 0.387939 0.698989 0.0180664 0.0376838
0 0.834473 0.862592 0.0185547 0.0395221
0 0.440186 0.884651 0.0288086 0.0505515
1 0.172852 0.807904 0.0195312 0.0349265
1 0.731689 0.115349 0.0229492 0.0431985
1 0.877197 0.720588 0.0249023 0.0441176
0 0.776367 0.711857 0.0234375 0.046875
1 0.740234 0.16636 0.0244141 0.0441176
1 0.856201 0.251838 0.0249023 0.0441176
0 0.68042 0.107077 0.0229492 0.0395221
0 0.912598 0.983456 0.0283203 0.0330882
1 0.557617 0.881434 0.0273438 0.0441176
0 0.880371 0.824908 0.0234375 0.0487132
0 0.587402 0.36443 0.0224609 0.0358456
0 0.753906 0.923713 0.0292969 0.0496324
0 0.877441 0.721048 0.0263672 0.046875
0 0.825684 0.954963 0.0283203 0.0496324
1 0.857178 0.863971 0.0249023 0.0477941
1 0.408447 0.538143 0.0229492 0.0395221
0 0.678467 0.0597426 0.0209961 0.0422794
1 0.879883 0.824449 0.0234375 0.0459559
0 0.731934 0.115809 0.0244141 0.0441176
0 0.826416 0.805607 0.0249023 0.0542279
0 0.828125 0.621783 0.0253906 0.0505515
1 0.404297 0.20864 0.0244141 0.0496324
1 0.474854 0.668658 0.0209961 0.0413603
0 0.786377 0.59421 0.0288086 0.046875
1 0.439453 0.88557 0.0273438 0.046875
1 0.805908 0.185662 0.0239258 0.0404412
1 0.917236 0.494485 0.027832 0.0477941
1 0.381348 0.786765 0.0214844 0.0404412
0 0.557861 0.884191 0.0268555 0.0441176
1 0.828857 0.622702 0.0219727 0.046875
1 0.574951 0.391085 0.0209961 0.0358456
1 0.49292 0.671875 0.0219727 0.0422794
1 0.678711 0.0606618 0.0234375 0.0404412
1 0.534912 0.331342 0.0258789 0.0505515
1 0.300781 0.66682 0.0224609 0.0413603
1 0.378174 0.691176 0.0229492 0.0441176
1 0.825928 0.955882 0.0297852 0.0496324
1 0.0180664 0.196691 0.0253906 0.0514706
0 0.755615 0.789522 0.0258789 0.0441176
1 0.414062 0.457261 0.0253906 0.0450368
1 0.371094 0.539062 0.0253906 0.046875
1 0.31665 0.647518 0.0229492 0.0431985
1 0.88208 0.0863971 0.0200195 0.0422794
1 0.0910645 0.0317096 0.0327148 0.0505515
1 0.25708 0.84375 0.0249023 0.0441176
1 0.838379 0.12454 0.0234375 0.0431985
1 0.236816 0.713235 0.0244141 0.0441176
1 0.571533 0.102941 0.0249023 0.0441176
1 0.523438 0.0680147 0.0244141 0.0459559
1 0.929688 0.563879 0.0253906 0.0450368
1 0.691162 0.386489 0.0258789 0.0450368
1 0.196045 0.941636 0.027832 0.0487132
1 0.858643 0.0836397 0.0200195 0.0441176
1 0.410156 0.339614 0.0263672 0.0450368
1 0.812012 0.301471 0.0244141 0.0422794
0 0.565918 0.602022 0.0273438 0.0459559
1 0.389893 0.662224 0.0229492 0.0431985
1 0.210693 0.078125 0.0258789 0.0514706
1 0.172119 0.0188419 0.0288086 0.0376838
1 0.926514 0.855239 0.0268555 0.046875
1 0.0966797 0.358456 0.0244141 0.0459559
1 0.316406 0.154871 0.0234375 0.0450368
1 0.391602 0.874081 0.0234375 0.0496324
1 0.0146484 0.981618 0.0253906 0.0367647
1 0.0935059 0.601103 0.0219727 0.0441176
1 0.753418 0.923713 0.0273438 0.0533088
1 0.0778809 0.238511 0.0258789 0.0487132
1 0.809326 0.118107 0.0219727 0.0431985
1 0.596191 0.294577 0.0234375 0.0450368
1 0.988281 0.175092 0.0234375 0.0505515
1 0.897705 0.106158 0.0219727 0.0450368
1 0.525146 0.268382 0.0249023 0.0477941
1 0.785645 0.272059 0.0234375 0.0459559
1 0.101562 0.523438 0.0234375 0.046875
1 0.145996 0.586397 0.0195312 0.0422794
1 0.196533 0.530331 0.0229492 0.0422794
1 0.0310059 0.410386 0.0219727 0.0395221
1 0.37793 0.368107 0.0253906 0.0431985
1 0.805664 0.210018 0.0234375 0.0413603
1 0.583252 0.246783 0.0239258 0.0431985
1 0.419189 0.943934 0.0258789 0.0496324
1 0.187012 0.482077 0.0244141 0.0450368
1 0.148193 0.234835 0.0249023 0.0431985
1 0.506104 0.178768 0.0258789 0.046875
1 0.132568 0.608915 0.0209961 0.0413603
1 0.122314 0.821232 0.0258789 0.0450368
1 0.15918 0.48943 0.0214844 0.0395221
1 0.98291 0.918658 0.0283203 0.0560662
1 0.335693 0.183364 0.0239258 0.0450368
1 0.0944824 0.815257 0.027832 0.0514706
1 0.0236816 0.43796 0.0239258 0.0413603
1 0.238525 0.346048 0.0268555 0.0505515
1 0.164062 0.77114 0.0263672 0.0459559
1 0.313232 0.247243 0.0249023 0.0441176
1 0.228516 0.766544 0.0253906 0.0441176
1 0.205078 0.314338 0.0234375 0.0459559
1 0.152588 0.284007 0.0249023 0.0422794
