0 0.791992 0.92693 0.0234375 0.0487132
1 0.308838 0.902114 0.027832 0.0505515
1 0.309814 0.238511 0.0288086 0.0579044
1 0.95166 0.556526 0.03125 0.0505515
1 0.109619 0.386949 0.0288086 0.0643382
1 0.439209 0.880515 0.0297852 0.0588235
1 0.102051 0.0243566 0.0341797 0.0487132
0 0.525391 0.209559 0.0234375 0.0459559
0 0.189453 0.54182 0.0341797 0.0707721
0 0.101807 0.0234375 0.034668 0.046875
0 0.56958 0.597426 0.0317383 0.0551471
0 0.799561 0.595129 0.027832 0.0523897
1 0.791748 0.925092 0.0229492 0.0487132
0 0.922607 0.977022 0.027832 0.0441176
1 0.923584 0.975643 0.0297852 0.0431985
1 0.95874 0.867647 0.0249023 0.0404412
0 0.825684 0.953585 0.0283203 0.0505515
1 0.56958 0.596507 0.0288086 0.0514706
1 0.837402 0.764706 0.0263672 0.0459559
1 0.38501 0.258732 0.0288086 0.0487132
1 0.828857 0.625 0.0219727 0.0477941
0 0.872559 0.746324 0.0263672 0.0477941
0 0.308838 0.238511 0.0297852 0.0560662
1 0.800781 0.594669 0.0253906 0.0496324
0 0.258789 0.846967 0.0283203 0.0505515
1 0.987549 0.172794 0.0249023 0.0551471
0 0.93457 0.882812 0.0234375 0.0395221
1 0.377197 0.367647 0.0219727 0.0422794
0 0.202637 0.95818 0.0283203 0.0505515
1 0.203369 0.95818 0.0307617 0.0542279
0 0.438965 0.881434 0.0341797 0.0569853
0 0.829102 0.623621 0.0234375 0.0487132
1 0.91626 0.495404 0.0249023 0.0459559
1 0.872559 0.744485 0.0263672 0.0459559
0 0.0852051 0.23943 0.034668 0.0615809
0 0.164795 0.773438 0.0288086 0.0560662
1 0.416016 0.454504 0.0253906 0.0487132
1 0.391113 0.346048 0.0224609 0.0431985
0 0.109131 0.387868 0.0297852 0.0625
1 0.825684 0.953585 0.0283203 0.0487132
1 0.689941 0.389706 0.0302734 0.0661765
0 0.0219727 0.193934 0.0332031 0.0661765
1 0.189209 0.542279 0.0336914 0.0661765
