0 0.032959 0.410386 0.0258789 0.0505515
1 0.835938 0.983456 0.0292969 0.0294118
1 0.450684 0.505515 0.0195312 0.0367647
0 0.393066 0.657169 0.0244141 0.0459559
1 0.126953 0.139706 0.0224609 0.0367647
0 0.355225 0.799173 0.0239258 0.0413603
1 0.467773 0.116728 0.03125 0.0496324
1 0.761963 0.0680147 0.0219727 0.0477941
1 0.938965 0.713695 0.0185547 0.0395221
1 0.0769043 0.247243 0.0297852 0.0514706
1 0.854004 0.0772059 0.0205078 0.0404412
1 0.878906 0.0795037 0.0214844 0.0395221
1 0.562012 0.610754 0.0224609 0.0450368
0 0.619873 0.982996 0.0307617 0.0284926
1 0.0344238 0.901195 0.0288086 0.0615809
0 0.36377 0.68796 0.0253906 0.0505515
1 0.659424 0.0133272 0.0200195 0.0266544
1 0.36377 0.688419 0.0273438 0.0496324
0 0.878906 0.0813419 0.0234375 0.0395221
0 0.464355 0.670956 0.0263672 0.0459559
1 0.985107 0.764706 0.0200195 0.0386029
1 0.232666 0.348346 0.0209961 0.0459559
0 0.0180664 0.461397 0.0273438 0.0514706
1 0.989014 0.819853 0.019043 0.0422794
1 0.463623 0.670496 0.0249023 0.046875
1 0.190674 0.377757 0.0229492 0.0349265
1 0.0183105 0.462316 0.0268555 0.0533088
1 0.259521 0.846967 0.0288086 0.046875
1 0.381592 0.786765 0.0249023 0.0441176
1 0.125 0.490349 0.0234375 0.0523897
1 0.833496 0.865349 0.0185547 0.0395221
1 0.853271 0.681066 0.0219727 0.0349265
0 0.325195 0.630974 0.0253906 0.0450368
1 0.761963 0.883732 0.0219727 0.0358456
1 0.0625 0.806066 0.0253906 0.0422794
0 0.0915527 0.0358456 0.034668 0.0533088
1 0.607422 0.0160846 0.0253906 0.0321691
1 0.53833 0.50046 0.0229492 0.0431985
1 0.734375 0.182445 0.0214844 0.0450368
1 0.175781 0.829504 0.0253906 0.0431985
0 0.235107 0.710938 0.0249023 0.046875
1 0.532471 0.461397 0.0239258 0.0441176
1 0.672852 0.712316 0.0234375 0.0441176
1 0.960205 0.214614 0.0219727 0.0358456
1 0.0881348 0.599265 0.0249023 0.0477941
1 0.0915527 0.0344669 0.0327148 0.0542279
1 0.373047 0.536765 0.0273438 0.0477941
1 0.171387 0.0160846 0.0283203 0.0321691
1 0.45752 0.497702 0.0224609 0.0395221
1 0.70752 0.653033 0.0234375 0.0431985
1 0.0947266 0.350184 0.0283203 0.0477941
1 0.978027 0.439798 0.0234375 0.0431985
0 0.076416 0.248162 0.0297852 0.0477941
1 0.885986 0.236673 0.027832 0.0431985
1 0.195557 0.928768 0.0249023 0.0431985
1 0.510742 0.679688 0.0273438 0.046875
0 0.298584 0.670956 0.0288086 0.0477941
1 0.910156 0.50046 0.0253906 0.0431985
1 0.157715 0.500919 0.0224609 0.0459559
1 0.646973 0.390165 0.0244141 0.0431985
1 0.197021 0.532629 0.0258789 0.046875
1 0.0322266 0.409926 0.0253906 0.0459559
1 0.37793 0.370864 0.0253906 0.046875
1 0.944336 0.320312 0.0234375 0.0413603
1 0.730469 0.101562 0.0234375 0.0450368
1 0.828125 0.823529 0.0214844 0.0477941
0 0.27002 0.984375 0.0273438 0.03125
1 0.393311 0.869945 0.0288086 0.0560662
1 0.713135 0.476103 0.0258789 0.0404412
1 0.991699 0.761029 0.0166016 0.0404412
1 0.780029 0.689798 0.0268555 0.0487132
1 0.152344 0.22886 0.0273438 0.0514706
0 0.316162 0.880055 0.0249023 0.0487132
1 0.74292 0.915901 0.0239258 0.046875
0 0.258057 0.846507 0.0268555 0.0441176
1 0.439453 0.883732 0.0263672 0.046875
1 0.588623 0.362132 0.0239258 0.0441176
1 0.416748 0.960018 0.0268555 0.0487132
1 0.145508 0.587776 0.0253906 0.046875
1 0.876465 0.712316 0.0234375 0.0422794
0 0.0129395 0.204504 0.0239258 0.0542279
1 0.851562 0.261949 0.0263672 0.0422794
1 0.360352 0.169577 0.0234375 0.0413603
1 0.766846 0.0854779 0.0200195 0.0386029
1 0.679199 0.133732 0.0263672 0.0450368
1 0.7771 0.872702 0.0219727 0.0395221
1 0.196533 0.366268 0.0219727 0.0376838
1 0.970947 0.197151 0.0219727 0.0376838
1 0.802246 0.169577 0.0224609 0.0450368
1 0.72583 0.634651 0.0209961 0.0413603
1 0.410156 0.537684 0.0253906 0.0459559
1 0.69043 0.446232 0.0234375 0.0450368
1 0.833496 0.128676 0.0234375 0.0404412
1 0.187012 0.465993 0.0263672 0.0477941
1 0.992676 0.545956 0.0146484 0.0459559
1 0.69458 0.736673 0.0200195 0.046875
1 0.205566 0.855239 0.0283203 0.0450368
1 0.0144043 0.980699 0.0249023 0.0386029
1 0.692627 0.384651 0.0239258 0.0450368
1 0.520508 0.0698529 0.0234375 0.0441176
1 0.128662 0.828585 0.0258789 0.0505515
1 0.0927734 0.81204 0.0263672 0.046875
1 0.759766 0.0528493 0.0214844 0.0395221
1 0.613037 0.251379 0.0209961 0.0413603
1 0.164551 0.772518 0.0253906 0.0487132
1 0.668457 0.392004 0.0224609 0.0431985
1 0.879883 0.824449 0.0234375 0.0459559
1 0.783447 0.59421 0.0258789 0.0431985
1 0.917969 0.554228 0.0234375 0.0422794
1 0.67627 0.058364 0.0234375 0.0413603
1 0.309326 0.130515 0.0288086 0.0514706
1 0.572266 0.104779 0.0234375 0.0422794
1 0.920166 0.842831 0.0249023 0.0459559
1 0.224365 0.787224 0.027832 0.046875
1 0.755859 0.789062 0.0253906 0.0450368
1 0.797363 0.40671 0.0224609 0.0413603
1 0.933594 0.330882 0.0205078 0.0386029
1 0.855469 0.867647 0.0253906 0.0459559
1 0.146484 0.303768 0.0263672 0.0487132
1 0.828125 0.62454 0.0253906 0.0523897
1 0.407959 0.204963 0.0258789 0.0459559
1 0.781982 0.273438 0.0258789 0.0450368
1 0.53418 0.339154 0.0234375 0.0441176
1 0.218506 0.0758272 0.0258789 0.0487132
1 0.459473 0.110294 0.0234375 0.0477941
1 0.408203 0.342831 0.0263672 0.0459559
1 0.991455 0.176471 0.0170898 0.0441176
1 0.807617 0.298254 0.0234375 0.0413603
1 0.804443 0.230239 0.0239258 0.0450368
1 0.598145 0.300092 0.0244141 0.0431985
1 0.0390625 0.920496 0.0263672 0.0450368
1 0.596924 0.22932 0.0200195 0.0431985
1 0.964844 0.751838 0.0253906 0.0441176
1 0.500244 0.174632 0.0258789 0.0459559
1 0.567871 0.387868 0.0244141 0.0422794
1 0.108643 0.528952 0.0268555 0.0487132
1 0.414551 0.460938 0.0263672 0.0487132
1 0.444824 0.472886 0.0224609 0.0431985
1 0.82666 0.953585 0.0263672 0.0450368
1 0.813232 0.442555 0.0249023 0.0413603
1 0.39502 0.121324 0.0244141 0.0441176
1 0.803223 0.106158 0.0234375 0.0431985
1 0.132812 0.62454 0.0263672 0.0487132
1 0.577881 0.25 0.0219727 0.0459559
1 0.361328 0.202206 0.0224609 0.0422794
1 0.0305176 0.88511 0.0258789 0.0422794
1 0.985107 0.931066 0.0249023 0.0533088
1 0.483643 0.132812 0.0239258 0.046875
1 0.316162 0.25 0.0258789 0.0459559
1 0.980469 0.734375 0.0214844 0.0386029
1 0.333008 0.195772 0.0253906 0.0459559
1 0.528809 0.270221 0.0244141 0.0459559
1 0.207031 0.31204 0.0244141 0.046875
1 0.402832 0.159007 0.0224609 0.0459559
1 0.244141 0.0252757 0.0263672 0.0450368
