1 0.309814 0.238971 0.0288086 0.0588235
0 0.533203 0.918658 0.03125 0.0487132
0 0.835205 0.768842 0.0297852 0.0487132
0 0.82666 0.954504 0.0263672 0.0523897
1 0.109375 0.387408 0.0292969 0.0634191
0 0.858643 0.0836397 0.0219727 0.0459559
1 0.439453 0.880515 0.0322266 0.0588235
1 0.102051 0.0234375 0.0332031 0.046875
1 0.0849609 0.238511 0.0332031 0.0634191
0 0.101562 0.0225184 0.0341797 0.0450368
1 0.309326 0.899816 0.027832 0.0496324
1 0.835205 0.766085 0.0249023 0.046875
1 0.949219 0.559743 0.0253906 0.0477941
0 0.789795 0.925092 0.0268555 0.0487132
1 0.789307 0.924173 0.0258789 0.0487132
0 0.189697 0.54136 0.034668 0.0698529
0 0.922607 0.977022 0.027832 0.0441176
0 0.799316 0.594669 0.0283203 0.0514706
1 0.385254 0.255974 0.0283203 0.0487132
1 0.923584 0.975643 0.0297852 0.0431985
0 0.872559 0.746324 0.0263672 0.0477941
0 0.56958 0.596967 0.0297852 0.0523897
0 0.818848 0.125 0.0234375 0.0477941
1 0.828857 0.624081 0.0219727 0.0477941
0 0.258545 0.846967 0.0297852 0.0523897
0 0.202393 0.957261 0.0288086 0.0505515
1 0.800049 0.594669 0.0268555 0.0496324
1 0.960938 0.869945 0.0253906 0.0431985
1 0.988281 0.172335 0.0234375 0.0505515
0 0.310059 0.23989 0.0302734 0.0569853
0 0.439209 0.881434 0.0336914 0.0569853
0 0.93457 0.882353 0.0234375 0.0404412
1 0.203369 0.957261 0.0307617 0.0542279
0 0.828857 0.623162 0.0249023 0.0496324
0 0.164551 0.772518 0.0283203 0.0560662
1 0.415771 0.454963 0.0249023 0.0477941
1 0.91626 0.495404 0.0249023 0.0459559
0 0.0849609 0.238051 0.0361328 0.0588235
1 0.872559 0.744945 0.0263672 0.046875
1 0.377197 0.367188 0.0219727 0.0413603
0 0.109131 0.389246 0.0288086 0.0615809
1 0.689941 0.389706 0.0302734 0.0643382
1 0.392334 0.342831 0.0229492 0.0422794
0 0.0219727 0.193474 0.0332031 0.0670956
1 0.825684 0.953585 0.0283203 0.0487132
1 0.189453 0.54182 0.0341797 0.0652574
