1 0.858643 0.0836397 0.0200195 0.0441176
1 0.312256 0.893842 0.0288086 0.0487132
0 0.0966797 0.0252757 0.0292969 0.0450368
1 0.560547 0.0749081 0.0224609 0.0431985
1 0.0852051 0.238511 0.0307617 0.0579044
0 0.542969 0.90671 0.03125 0.0487132
1 0.882812 0.242188 0.0214844 0.046875
1 0.164062 0.772059 0.0292969 0.0551471
1 0.409912 0.904412 0.0219727 0.0477941
1 0.0966797 0.0238971 0.03125 0.0477941
0 0.258789 0.846507 0.0263672 0.0514706
1 0.858643 0.253217 0.0219727 0.0395221
0 0.567627 0.597426 0.0297852 0.0533088
0 0.920898 0.980239 0.03125 0.0395221
0 0.199707 0.95864 0.0322266 0.0533088
1 0.171631 0.0225184 0.0288086 0.0431985
0 0.409668 0.907169 0.0224609 0.0441176
1 0.568848 0.597886 0.0263672 0.046875
0 0.227783 0.336397 0.0219727 0.0459559
0 0.796875 0.59329 0.0253906 0.046875
1 0.258789 0.846507 0.0273438 0.0496324
0 0.757812 0.784467 0.0214844 0.0376838
1 0.93457 0.879596 0.0234375 0.0422794
0 0.391357 0.870864 0.0209961 0.0487132
0 0.543213 0.0588235 0.0209961 0.0404412
1 0.810791 0.119485 0.0219727 0.0459559
1 0.92041 0.978401 0.03125 0.0431985
1 0.104736 0.383272 0.0297852 0.0588235
1 0.776855 0.921415 0.0273438 0.0523897
1 0.828857 0.623621 0.0219727 0.046875
0 0.826416 0.954044 0.0297852 0.0514706
0 0.0849609 0.238971 0.0322266 0.0569853
1 0.917236 0.492647 0.0249023 0.0477941
1 0.519775 0.202665 0.0219727 0.0413603
1 0.824219 0.775735 0.0253906 0.0477941
1 0.784668 0.272978 0.0224609 0.0459559
0 0.871826 0.743566 0.0249023 0.0459559
1 0.83667 0.124081 0.0219727 0.0422794
1 0.542969 0.908088 0.0283203 0.0477941
1 0.989014 0.172794 0.0219727 0.0496324
1 0.525146 0.269761 0.0219727 0.0395221
0 0.164795 0.77114 0.0288086 0.0514706
1 0.825928 0.955882 0.0297852 0.0514706
0 0.0219727 0.193934 0.0302734 0.0588235
0 0.213379 0.319853 0.0244141 0.0496324
0 0.105225 0.382812 0.0297852 0.0560662
1 0.391602 0.871783 0.0234375 0.0487132
1 0.938965 0.564798 0.0263672 0.0487132
0 0.438965 0.884651 0.0234375 0.046875
1 0.528076 0.309743 0.0209961 0.0404412
0 0.828857 0.622702 0.0249023 0.0487132
1 0.871826 0.742188 0.0249023 0.0505515
0 0.171875 0.0225184 0.0283203 0.0431985
1 0.199463 0.95864 0.0297852 0.0514706
1 0.879883 0.827206 0.0234375 0.0422794
0 0.560547 0.0730699 0.0205078 0.0413603
1 0.803467 0.301011 0.0229492 0.0450368
1 0.311279 0.244945 0.0268555 0.0450368
1 0.867188 0.85432 0.0234375 0.046875
1 0.415527 0.454963 0.0244141 0.0459559
1 0.689941 0.388327 0.0302734 0.0597426
0 0.192139 0.0551471 0.027832 0.0551471
1 0.975098 0.891085 0.0263672 0.0431985
1 0.40918 0.340533 0.0234375 0.046875
1 0.37793 0.369026 0.0253906 0.0450368
1 0.392334 0.236673 0.0258789 0.0505515
1 0.189453 0.542279 0.03125 0.0588235
