1 0.354736 0.800092 0.0288086 0.0413603
1 0.768799 0.200368 0.0180664 0.0349265
0 0.353027 0.84375 0.0195312 0.0367647
0 0.918701 0.52114 0.0200195 0.0330882
1 0.815674 0.484835 0.019043 0.0321691
0 0.703125 0.651654 0.0214844 0.0367647
0 0.991211 0.121783 0.015625 0.0523897
1 0.195312 0.914522 0.0224609 0.0386029
0 0.934326 0.48989 0.0219727 0.0349265
1 0.036377 0.40625 0.0258789 0.0441176
0 0.175781 0.828125 0.0205078 0.0386029
0 0.03125 0.0307904 0.0273438 0.0340074
0 0.121582 0.472426 0.0195312 0.0330882
0 0.407715 0.537224 0.0214844 0.0431985
0 0.194824 0.914522 0.0224609 0.0386029
1 0.101074 0.277574 0.0234375 0.0404412
0 0.368652 0.0395221 0.0234375 0.0275735
0 0.32666 0.622243 0.0205078 0.0422794
1 0.126953 0.502757 0.0205078 0.0367647
0 0.0285645 0.892004 0.0229492 0.0431985
0 0.348877 0.512868 0.0209961 0.0367647
0 0.0998535 0.867188 0.0200195 0.0340074
1 0.683838 0.444853 0.0219727 0.0367647
1 0.665039 0.392004 0.0195312 0.0376838
1 0.593018 0.370404 0.0209961 0.0404412
0 0.990723 0.556985 0.0185547 0.0404412
0 0.678711 0.142923 0.0195312 0.0358456
0 0.224365 0.0772059 0.0239258 0.0441176
0 0.431641 0.794118 0.0185547 0.0422794
0 0.298096 0.673713 0.0170898 0.0569853
0 0.822021 0.82261 0.0170898 0.0367647
1 0.514404 0.685202 0.0249023 0.0395221
1 0.234375 0.0294118 0.0234375 0.0422794
1 0.921875 0.620404 0.0214844 0.0386029
1 0.853271 0.262408 0.0219727 0.0340074
0 0.665039 0.392004 0.0195312 0.0395221
1 0.0817871 0.601562 0.0239258 0.046875
0 0.639893 0.613971 0.0219727 0.0367647
0 0.644287 0.220129 0.0180664 0.0358456
1 0.980469 0.446691 0.0205078 0.0404412
0 0.651855 0.338695 0.0205078 0.0358456
1 0.832031 0.53171 0.0205078 0.0505515
0 0.914062 0.55193 0.0214844 0.0358456
1 0.181396 0.464154 0.0180664 0.0386029
1 0.878174 0.0795037 0.0219727 0.0395221
0 0.838379 0.68704 0.0185547 0.0413603
0 0.828125 0.626838 0.0214844 0.0404412
1 0.797363 0.0960478 0.0195312 0.0358456
0 0.463379 0.881893 0.0224609 0.0395221
0 0.556152 0.610294 0.0244141 0.0404412
0 0.109375 0.887408 0.0185547 0.0340074
1 0.870361 0.26057 0.0200195 0.0358456
0 0.592285 0.370404 0.0195312 0.0404412
0 0.125732 0.503676 0.0200195 0.0367647
0 0.206787 0.607537 0.0219727 0.0422794
0 0.0812988 0.599724 0.0249023 0.0450368
1 0.714844 0.482077 0.0214844 0.0395221
0 0.0583496 0.875 0.0229492 0.0404412
1 0.372314 0.539982 0.0209961 0.0431985
1 0.163818 0.495404 0.0229492 0.0386029
1 0.755371 0.786765 0.0234375 0.0422794
0 0.155029 0.228401 0.0239258 0.0431985
0 0.582031 0.84421 0.0253906 0.0358456
1 0.095459 0.344669 0.0239258 0.0422794
0 0.0371094 0.40579 0.0253906 0.0450368
1 0.729248 0.188419 0.019043 0.0404412
0 0.514893 0.685662 0.0258789 0.0386029
0 0.396484 0.862132 0.0214844 0.0441176
0 0.660889 0.0142463 0.019043 0.0284926
1 0.828125 0.626379 0.0205078 0.0431985
1 0.36792 0.795496 0.0209961 0.0413603
0 0.052002 0.813879 0.0219727 0.0413603
1 0.394775 0.113511 0.0219727 0.0431985
1 0.483154 0.884651 0.0219727 0.0413603
1 0.992188 0.300092 0.0136719 0.0450368
1 0.365479 0.84329 0.0219727 0.0376838
1 0.0588379 0.876379 0.0219727 0.0376838
0 0.735107 0.909467 0.0209961 0.0413603
1 0.490234 0.941176 0.0205078 0.0367647
0 0.234619 0.695772 0.0180664 0.0386029
0 0.045166 0.931066 0.0209961 0.0367647
1 0.154785 0.228401 0.0244141 0.0450368
0 0.101318 0.277114 0.0229492 0.0413603
1 0.146973 0.300551 0.0234375 0.0404412
0 0.304688 0.117647 0.0244141 0.0441176
1 0.223877 0.0767463 0.0229492 0.0413603
1 0.0708008 0.255974 0.0283203 0.0523897
1 0.75708 0.21829 0.0180664 0.0340074
0 0.563721 0.37454 0.0209961 0.0395221
1 0.703857 0.193474 0.0200195 0.0395221
0 0.146484 0.30193 0.0253906 0.0376838
1 0.200684 0.359835 0.0224609 0.0395221
1 0.108887 0.532169 0.0234375 0.0404412
1 0.940674 0.694853 0.0200195 0.0349265
0 0.921143 0.619485 0.0219727 0.0386029
0 0.173828 0.794118 0.0195312 0.0367647
1 0.598389 0.299632 0.0200195 0.0386029
0 0.7854 0.679228 0.0258789 0.0496324
0 0.755127 0.789062 0.0239258 0.0431985
0 0.601562 0.015625 0.0224609 0.03125
0 0.536377 0.505055 0.0219727 0.0340074
1 0.359863 0.161305 0.0214844 0.0395221
0 0.598389 0.300092 0.0200195 0.0376838
1 0.572754 0.105239 0.0224609 0.0395221
0 0.61792 0.980239 0.0219727 0.0395221
0 0.684814 0.444853 0.0219727 0.0330882
1 0.0441895 0.931985 0.0209961 0.0367647
0 0.880371 0.825827 0.0205078 0.0487132
1 0.612549 0.250919 0.0200195 0.0367647
1 0.21167 0.306066 0.0229492 0.0422794
0 0.910156 0.590533 0.0234375 0.0358456
1 0.419922 0.963235 0.0253906 0.0422794
0 0.509766 0.0165441 0.0195312 0.0330882
0 0.688721 0.178768 0.019043 0.0321691
0 0.0656738 0.90579 0.0209961 0.0395221
0 0.0144043 0.981158 0.0219727 0.0376838
1 0.329834 0.201287 0.0219727 0.0404412
0 0.459229 0.675092 0.0219727 0.0431985
0 0.601807 0.451746 0.0209961 0.0358456
1 0.561768 0.300092 0.019043 0.0376838
0 0.118652 0.160846 0.0253906 0.0422794
0 0.763184 0.893382 0.0234375 0.0404412
0 0.223389 0.796875 0.0219727 0.0349265
1 0.785645 0.0514706 0.0166016 0.0367647
0 0.0725098 0.256434 0.0249023 0.0496324
0 0.234619 0.0303309 0.0239258 0.0441176
0 0.0705566 0.797794 0.0209961 0.0404412
1 0.894531 0.342371 0.0205078 0.0358456
0 0.615967 0.887868 0.0229492 0.0441176
1 0.0283203 0.891544 0.0224609 0.0441176
1 0.881348 0.825827 0.0234375 0.0487132
0 0.3479 0.800551 0.0209961 0.0422794
0 0.0412598 0.120864 0.0219727 0.0376838
0 0.207275 0.85432 0.0229492 0.0431985
1 0.228271 0.34375 0.0229492 0.0404412
0 0.645264 0.391085 0.0200195 0.0376838
1 0.415527 0.778033 0.0195312 0.0431985
1 0.729004 0.634191 0.0224609 0.0422794
1 0.489014 0.359835 0.0229492 0.0395221
1 0.402588 0.160386 0.0219727 0.0395221
0 0.394531 0.113971 0.0234375 0.0441176
1 0.30542 0.116728 0.0229492 0.0422794
1 0.368164 0.20818 0.0195312 0.0395221
0 0.133301 0.134191 0.0224609 0.0422794
0 0.360352 0.162684 0.0214844 0.0404412
1 0.991699 0.761029 0.0166016 0.0404412
0 0.422607 0.880055 0.0229492 0.0431985
1 0.781982 0.585938 0.0239258 0.0431985
1 0.146973 0.591452 0.0224609 0.0450368
1 0.92749 0.332261 0.0219727 0.0376838
1 0.499023 0.342371 0.0195312 0.0358456
1 0.839111 0.942555 0.0268555 0.0505515
1 0.0522461 0.813879 0.0244141 0.0413603
0 0.0554199 0.112132 0.0219727 0.0404412
1 0.52002 0.0735294 0.0234375 0.0422794
1 0.85083 0.082261 0.0219727 0.0395221
0 0.643066 0.887868 0.0224609 0.0441176
1 0.802246 0.294577 0.0224609 0.0358456
1 0.406982 0.538143 0.0209961 0.0413603
0 0.856201 0.679688 0.0170898 0.0395221
1 0.570801 0.212776 0.0205078 0.0358456
1 0.283203 0.184743 0.0234375 0.0422794
0 0.776611 0.861673 0.0239258 0.0413603
1 0.834229 0.548254 0.0219727 0.0340074
1 0.461914 0.175551 0.0195312 0.0386029
0 0.269287 0.983915 0.027832 0.0321691
1 0.405518 0.346967 0.0229492 0.0431985
0 0.0166016 0.46829 0.0244141 0.046875
1 0.132812 0.631434 0.0234375 0.0422794
1 0.546875 0.317096 0.0224609 0.0349265
1 0.267334 0.216452 0.0239258 0.0431985
1 0.971924 0.881434 0.0249023 0.0441176
1 0.197998 0.535846 0.0239258 0.0459559
1 0.779297 0.273897 0.0214844 0.0367647
0 0.168701 0.0165441 0.0258789 0.0330882
1 0.801514 0.0487132 0.019043 0.0349265
1 0.31543 0.253217 0.0234375 0.0450368
0 0.319092 0.87454 0.0239258 0.046875
1 0.855469 0.867647 0.0253906 0.0441176
1 0.441406 0.473346 0.0224609 0.0422794
0 0.127441 0.828125 0.0214844 0.0441176
0 0.606689 0.487132 0.0219727 0.0367647
1 0.918945 0.836397 0.0234375 0.0441176
1 0.889893 0.238051 0.0219727 0.0386029
1 0.445557 0.154412 0.0219727 0.0367647
1 0.583252 0.200827 0.0209961 0.0340074
1 0.596436 0.231618 0.0180664 0.0367647
0 0.0935059 0.813879 0.0200195 0.0395221
1 0.981201 0.741728 0.0200195 0.0386029
1 0.963867 0.755515 0.0234375 0.0441176
1 0.832031 0.129596 0.0253906 0.0386029
1 0.530518 0.340074 0.0209961 0.0367647
1 0.411377 0.205423 0.0229492 0.0413603
0 0.656982 0.304688 0.0200195 0.0376838
1 0.411621 0.464614 0.0244141 0.0450368
0 0.258789 0.847886 0.0234375 0.0413603
1 0.459473 0.106158 0.0224609 0.0358456
1 0.374512 0.363971 0.0244141 0.0441176
1 0.575439 0.252298 0.0200195 0.0358456
0 0.010498 0.214614 0.0209961 0.0487132
1 0.498047 0.17739 0.0224609 0.0422794
1 0.990723 0.1875 0.0185547 0.0422794
1 0.829834 0.516544 0.0219727 0.0404412
1 0.182129 0.384651 0.0224609 0.0395221
0 0.0925293 0.0358456 0.0297852 0.0477941
1 0.533691 0.802849 0.0244141 0.0431985
1 0.532471 0.272059 0.0239258 0.0422794
1 0.793701 0.401195 0.0219727 0.0413603
1 0.516846 0.82261 0.0219727 0.0422794
1 0.960938 0.223346 0.0234375 0.0386029
1 0.98999 0.130055 0.0170898 0.0413603
1 0.971924 0.181526 0.0219727 0.0395221
1 0.94458 0.733456 0.0200195 0.0404412
1 0.814697 0.449449 0.0219727 0.0404412
1 0.987793 0.940257 0.0244141 0.0422794
1 0.483887 0.13557 0.0224609 0.0413603
1 0.94751 0.316176 0.0249023 0.0441176
