1 0.871094 0.116728 0.0185547 0.0386029
0 0.834473 0.862592 0.0185547 0.0376838
0 0.85791 0.863511 0.0263672 0.046875
0 0.775879 0.714154 0.0234375 0.0459559
0 0.587891 0.363971 0.0214844 0.0367647
1 0.477051 0.667279 0.0205078 0.0404412
1 0.587646 0.36489 0.0209961 0.0330882
1 0.68042 0.105239 0.0229492 0.0395221
1 0.857666 0.863051 0.0249023 0.0459559
0 0.877441 0.721967 0.0263672 0.046875
1 0.825928 0.955882 0.0297852 0.0496324
1 0.879883 0.824449 0.0234375 0.0441176
0 0.880371 0.824908 0.0234375 0.046875
0 0.557129 0.884651 0.0273438 0.0431985
1 0.576172 0.391085 0.0214844 0.0340074
1 0.381592 0.786765 0.0209961 0.0404412
0 0.827393 0.803309 0.0268555 0.0514706
0 0.786377 0.59375 0.0268555 0.0459559
1 0.740723 0.163143 0.0234375 0.0413603
1 0.806885 0.186581 0.0219727 0.0386029
0 0.912354 0.982996 0.0297852 0.0340074
1 0.731689 0.115809 0.0229492 0.0422794
0 0.828857 0.621783 0.0249023 0.0505515
1 0.828857 0.622702 0.0219727 0.046875
1 0.557129 0.882353 0.0273438 0.0441176
1 0.439453 0.886029 0.0273438 0.0459559
0 0.755127 0.924173 0.0297852 0.0505515
1 0.407471 0.538143 0.0229492 0.0395221
1 0.534424 0.331801 0.0239258 0.0441176
1 0.916992 0.493107 0.0234375 0.046875
1 0.857178 0.253217 0.0249023 0.0431985
1 0.301514 0.665901 0.0219727 0.0413603
0 0.825684 0.954963 0.0283203 0.0496324
1 0.754639 0.924173 0.0288086 0.0523897
1 0.389404 0.664522 0.0219727 0.0422794
1 0.256836 0.84421 0.0253906 0.0450368
1 0.678955 0.0611213 0.0229492 0.0395221
1 0.0185547 0.196232 0.0253906 0.0505515
1 0.315918 0.648438 0.0205078 0.0376838
0 0.755127 0.789062 0.0249023 0.0431985
1 0.402344 0.210938 0.0234375 0.046875
1 0.237305 0.713235 0.0234375 0.0477941
1 0.52417 0.0675551 0.0239258 0.0431985
0 0.565918 0.601562 0.0263672 0.046875
1 0.0788574 0.236673 0.0268555 0.0487132
1 0.838379 0.12454 0.0234375 0.0450368
1 0.927246 0.856158 0.0263672 0.046875
1 0.0908203 0.0317096 0.0332031 0.0487132
1 0.0146484 0.981618 0.0253906 0.0367647
1 0.929688 0.563419 0.0253906 0.0441176
1 0.571289 0.10432 0.0234375 0.0431985
1 0.371094 0.539522 0.0253906 0.0459559
1 0.88208 0.0863971 0.0200195 0.0422794
1 0.145752 0.587316 0.0200195 0.0422794
1 0.69043 0.38511 0.0273438 0.0477941
1 0.209961 0.0795037 0.0253906 0.0487132
1 0.414062 0.456801 0.0253906 0.0459559
1 0.197021 0.944393 0.027832 0.0487132
1 0.172119 0.0193015 0.0288086 0.0386029
1 0.0314941 0.410846 0.0209961 0.0386029
1 0.858643 0.0840993 0.0200195 0.0431985
1 0.318359 0.160386 0.0214844 0.0487132
1 0.525146 0.268382 0.0249023 0.0477941
1 0.09375 0.601562 0.0234375 0.0450368
1 0.391602 0.87454 0.0234375 0.0487132
1 0.378662 0.689338 0.0219727 0.0441176
1 0.101074 0.523897 0.0244141 0.0477941
1 0.0969238 0.359835 0.0258789 0.046875
1 0.80957 0.119026 0.0234375 0.0431985
1 0.594727 0.295956 0.0234375 0.0386029
1 0.988281 0.175092 0.0214844 0.0505515
1 0.196533 0.530331 0.0229492 0.0422794
1 0.812012 0.301471 0.0244141 0.0422794
1 0.410156 0.339614 0.0253906 0.0450368
1 0.897705 0.106158 0.0219727 0.0450368
1 0.0249023 0.4375 0.0224609 0.0404412
1 0.786133 0.272518 0.0234375 0.0450368
1 0.120361 0.822151 0.0249023 0.046875
1 0.506104 0.181066 0.0258789 0.0459559
1 0.13208 0.609375 0.0209961 0.0422794
1 0.418701 0.943474 0.0258789 0.0487132
1 0.37793 0.368107 0.0253906 0.0431985
1 0.98291 0.917739 0.0283203 0.0560662
1 0.153564 0.28079 0.0249023 0.0413603
1 0.1875 0.482996 0.0244141 0.0450368
1 0.805664 0.210018 0.0234375 0.0395221
1 0.335205 0.182904 0.0219727 0.0477941
1 0.0947266 0.814338 0.0273438 0.0514706
1 0.159912 0.487132 0.0229492 0.0404412
1 0.148193 0.235294 0.0249023 0.0422794
1 0.164062 0.77068 0.0263672 0.046875
1 0.583984 0.250919 0.0234375 0.0422794
1 0.239014 0.345129 0.027832 0.0505515
1 0.312744 0.246783 0.0249023 0.0450368
1 0.205322 0.314338 0.0239258 0.0477941
1 0.229004 0.763787 0.0244141 0.0459559
