0 0.990967 0.415441 0.0180664 0.0367647
0 0.859375 0.0850184 0.0253906 0.046875
0 0.916992 0.492647 0.0234375 0.0441176
1 0.791748 0.589614 0.0288086 0.0487132
1 0.858643 0.0836397 0.0219727 0.0459559
0 0.234131 0.340533 0.0268555 0.0542279
0 0.824951 0.782629 0.027832 0.046875
1 0.835938 0.865809 0.0185547 0.0367647
1 0.77002 0.751379 0.0273438 0.046875
1 0.919434 0.980699 0.03125 0.0386029
1 0.882812 0.242188 0.0205078 0.046875
0 0.567139 0.596967 0.0288086 0.0523897
0 0.198975 0.0675551 0.0249023 0.0450368
1 0.824951 0.78171 0.0268555 0.0487132
1 0.858643 0.255055 0.0200195 0.0413603
0 0.785889 0.271599 0.0229492 0.0450368
1 0.917236 0.492188 0.027832 0.046875
0 0.79248 0.590533 0.0263672 0.046875
1 0.786377 0.27114 0.0229492 0.0459559
1 0.811035 0.116728 0.0205078 0.0441176
1 0.548096 0.897978 0.0268555 0.0459559
1 0.0935059 0.0275735 0.0327148 0.0477941
0 0.810791 0.118566 0.0219727 0.0459559
1 0.207764 0.314798 0.0268555 0.0505515
0 0.69043 0.387408 0.0273438 0.0560662
0 0.198242 0.95864 0.03125 0.0514706
1 0.234619 0.339614 0.0268555 0.0487132
1 0.807861 0.300092 0.0219727 0.0413603
1 0.199463 0.0670956 0.0258789 0.0459559
1 0.828857 0.623621 0.0219727 0.046875
1 0.83667 0.125 0.0219727 0.0422794
1 0.439941 0.883732 0.0244141 0.0487132
1 0.756348 0.789522 0.0244141 0.0441176
1 0.690674 0.387868 0.027832 0.0551471
0 0.0222168 0.193934 0.0268555 0.0514706
1 0.989014 0.173254 0.0219727 0.0487132
1 0.933594 0.565717 0.0234375 0.046875
0 0.932129 0.877298 0.0263672 0.046875
1 0.171631 0.0211397 0.0268555 0.0386029
0 0.0852051 0.238511 0.0307617 0.0542279
0 0.102539 0.379596 0.0273438 0.0514706
1 0.568359 0.598805 0.0263672 0.046875
0 0.756836 0.79136 0.0234375 0.0441176
1 0.872803 0.737592 0.0249023 0.0487132
0 0.872803 0.738971 0.0249023 0.0459559
1 0.19458 0.538143 0.0297852 0.0560662
1 0.517578 0.198989 0.0214844 0.0395221
1 0.258545 0.845129 0.0258789 0.0487132
0 0.828857 0.622702 0.0249023 0.0487132
0 0.207764 0.316636 0.0268555 0.0542279
0 0.77002 0.751838 0.0244141 0.0441176
1 0.198242 0.959559 0.0292969 0.0496324
1 0.52417 0.268842 0.0219727 0.0413603
0 0.82666 0.954963 0.0283203 0.0496324
1 0.394287 0.22932 0.0249023 0.0431985
1 0.543457 0.0569853 0.0244141 0.0441176
1 0.864258 0.861213 0.0234375 0.0459559
1 0.770508 0.925551 0.0273438 0.0496324
1 0.527588 0.309743 0.0209961 0.0404412
1 0.979736 0.903493 0.027832 0.0514706
1 0.880371 0.827206 0.0234375 0.0459559
1 0.567383 0.0850184 0.0234375 0.0431985
1 0.391602 0.871324 0.0234375 0.0496324
0 0.164551 0.77068 0.0292969 0.0523897
1 0.411621 0.91636 0.0234375 0.0441176
1 0.415283 0.457721 0.0258789 0.0477941
1 0.378906 0.368566 0.0253906 0.0441176
1 0.311768 0.245864 0.027832 0.0450368
1 0.40918 0.340074 0.0244141 0.0441176
