1 0.390625 0.869945 0.0195312 0.0413603
0 0.310791 0.242188 0.0297852 0.0505515
1 0.858643 0.0840993 0.0219727 0.0450368
0 0.189453 0.540901 0.0322266 0.0652574
1 0.795898 0.292279 0.0234375 0.0367647
0 0.567871 0.597426 0.0302734 0.0551471
1 0.934326 0.880515 0.0249023 0.0441176
0 0.79834 0.595588 0.0283203 0.0477941
1 0.921143 0.977941 0.0327148 0.0441176
1 0.799072 0.59421 0.0268555 0.0487132
0 0.439209 0.881434 0.0249023 0.0441176
1 0.569092 0.596967 0.027832 0.0487132
1 0.522949 0.20864 0.0185547 0.0404412
1 0.536377 0.915901 0.0249023 0.0487132
0 0.201172 0.95864 0.03125 0.0533088
0 0.920898 0.977941 0.03125 0.0441176
1 0.201416 0.95818 0.0307617 0.0542279
1 0.811035 0.119485 0.0234375 0.0477941
1 0.786621 0.27068 0.0234375 0.0395221
1 0.829102 0.62454 0.0234375 0.0487132
1 0.98877 0.172794 0.0224609 0.0496324
1 0.917236 0.493566 0.0249023 0.0496324
1 0.943115 0.563879 0.0297852 0.0505515
0 0.258789 0.847886 0.0263672 0.0505515
1 0.835938 0.12454 0.0234375 0.0450368
0 0.0849609 0.238971 0.0341797 0.0606618
0 0.828125 0.772518 0.03125 0.0542279
0 0.828857 0.623621 0.0249023 0.0505515
0 0.933594 0.883272 0.0253906 0.0422794
1 0.528564 0.309743 0.0209961 0.0404412
0 0.779785 0.922794 0.0322266 0.0496324
0 0.872559 0.745404 0.0263672 0.0496324
0 0.165283 0.772978 0.027832 0.0496324
1 0.526611 0.269761 0.0209961 0.0395221
1 0.415283 0.455882 0.0239258 0.0441176
0 0.108154 0.388327 0.0288086 0.0597426
1 0.311035 0.243107 0.0292969 0.0487132
0 0.0219727 0.192555 0.0332031 0.0652574
1 0.969482 0.880974 0.0268555 0.0487132
1 0.400879 0.33364 0.0234375 0.0422794
0 0.826416 0.954504 0.0297852 0.0523897
1 0.388428 0.248162 0.0268555 0.0496324
1 0.37793 0.368566 0.0244141 0.0459559
1 0.189453 0.542279 0.0332031 0.0625
1 0.689453 0.389706 0.03125 0.0661765
