1 0.52417 0.209559 0.0180664 0.0404412
1 0.784424 0.924173 0.027832 0.046875
0 0.310303 0.899357 0.0307617 0.0542279
0 0.858643 0.0836397 0.0219727 0.0459559
1 0.921875 0.977022 0.03125 0.0459559
1 0.108887 0.387408 0.0292969 0.0634191
0 0.101074 0.0225184 0.0341797 0.0450368
0 0.534912 0.919118 0.0297852 0.0496324
0 0.567871 0.596967 0.0302734 0.0560662
0 0.810791 0.117647 0.0239258 0.0496324
0 0.783936 0.924173 0.0288086 0.046875
0 0.189453 0.540901 0.0341797 0.0689338
1 0.835938 0.12454 0.0234375 0.0450368
1 0.310791 0.241268 0.0317383 0.0542279
0 0.922852 0.976562 0.03125 0.0431985
1 0.202148 0.957261 0.0302734 0.0523897
0 0.798584 0.595588 0.027832 0.0496324
1 0.917236 0.493566 0.0249023 0.0496324
1 0.569092 0.596507 0.027832 0.0496324
1 0.966309 0.875919 0.0234375 0.0459559
1 0.799805 0.594669 0.0273438 0.0496324
1 0.828857 0.62454 0.0219727 0.046875
0 0.966553 0.874081 0.0249023 0.0496324
0 0.310059 0.241728 0.03125 0.0551471
1 0.945312 0.561121 0.0292969 0.0487132
1 0.98877 0.172335 0.0224609 0.0505515
0 0.828857 0.623162 0.0249023 0.0477941
1 0.529053 0.308824 0.0219727 0.0404412
1 0.527588 0.272059 0.0209961 0.0386029
1 0.415527 0.454963 0.0244141 0.0459559
1 0.385498 0.252298 0.0288086 0.046875
0 0.438232 0.882353 0.0336914 0.0551471
0 0.830322 0.771599 0.0297852 0.0542279
0 0.201904 0.957261 0.027832 0.046875
1 0.377686 0.367188 0.0239258 0.0431985
0 0.934326 0.883272 0.0249023 0.0422794
0 0.872559 0.746324 0.0283203 0.0477941
0 0.826416 0.953585 0.0297852 0.0523897
0 0.0849609 0.23943 0.0341797 0.0615809
0 0.165283 0.773897 0.0268555 0.0514706
0 0.258545 0.847426 0.0268555 0.0514706
1 0.395752 0.340074 0.0249023 0.0422794
0 0.108643 0.389246 0.0297852 0.0615809
1 0.189209 0.54182 0.034668 0.0670956
1 0.826416 0.954044 0.0297852 0.0514706
0 0.0219727 0.193474 0.0332031 0.0670956
1 0.689941 0.390165 0.03125 0.0634191
