1 0.840576 0.763787 0.027832 0.0496324
0 0.935059 0.883272 0.0234375 0.0367647
0 0.102051 0.0238971 0.0361328 0.0477941
0 0.524414 0.207261 0.0234375 0.046875
0 0.860352 0.082261 0.03125 0.0487132
1 0.102295 0.0248162 0.034668 0.0496324
0 0.189453 0.54182 0.0351562 0.0726103
0 0.925049 0.975643 0.0297852 0.046875
1 0.828857 0.625 0.0219727 0.0496324
1 0.438965 0.880974 0.0302734 0.0597426
0 0.797363 0.929228 0.0244141 0.0459559
0 0.841309 0.766085 0.0263672 0.046875
1 0.797363 0.927849 0.0244141 0.046875
1 0.93457 0.881893 0.0234375 0.0395221
0 0.203613 0.957261 0.03125 0.0542279
0 0.259277 0.847886 0.03125 0.0542279
1 0.258301 0.847886 0.0302734 0.0523897
1 0.924316 0.975184 0.0283203 0.0441176
0 0.800781 0.59421 0.0263672 0.0487132
1 0.800781 0.59421 0.0253906 0.0505515
0 0.570068 0.597886 0.0327148 0.0560662
1 0.416016 0.454963 0.0283203 0.0569853
0 0.438965 0.882353 0.0351562 0.0588235
1 0.952148 0.865349 0.0234375 0.0395221
1 0.956299 0.557445 0.027832 0.0505515
1 0.825928 0.953125 0.0249023 0.0459559
1 0.872559 0.745864 0.0263672 0.046875
1 0.987549 0.173254 0.0249023 0.0560662
0 0.872559 0.746324 0.0263672 0.0477941
0 0.828857 0.623621 0.0249023 0.0487132
0 0.164795 0.772518 0.0288086 0.0560662
0 0.308838 0.237592 0.0297852 0.0597426
0 0.0852051 0.238051 0.0366211 0.0606618
1 0.916504 0.496324 0.0263672 0.0477941
1 0.203613 0.957261 0.03125 0.0560662
1 0.303955 0.90579 0.0288086 0.0560662
1 0.689941 0.389706 0.03125 0.0661765
0 0.109131 0.388327 0.0307617 0.0634191
0 0.0224609 0.193474 0.0332031 0.0670956
1 0.189453 0.54136 0.0341797 0.0680147
