1 0.234375 0.728401 0.0214844 0.0340074
0 0.0153809 0.980699 0.0297852 0.0386029
1 0.858398 0.253217 0.0234375 0.0358456
1 0.132568 0.602941 0.019043 0.0404412
1 0.80542 0.988051 0.0297852 0.0238971
1 0.532715 0.322151 0.0224609 0.0450368
1 0.884521 0.235754 0.0249023 0.0413603
1 0.876465 0.723805 0.0283203 0.0431985
1 0.835205 0.863051 0.019043 0.0386029
0 0.914062 0.981158 0.0283203 0.0321691
0 0.566406 0.598346 0.0292969 0.0533088
0 0.206543 0.0776654 0.0263672 0.0487132
0 0.875732 0.724265 0.027832 0.0477941
1 0.553467 0.888787 0.0268555 0.0422794
1 0.787598 0.592831 0.0263672 0.0477941
1 0.773438 0.721967 0.0234375 0.0450368
1 0.917969 0.493566 0.0283203 0.0477941
1 0.233887 0.758732 0.0214844 0.0376838
1 0.206055 0.0776654 0.0253906 0.046875
1 0.566895 0.600643 0.0283203 0.0487132
1 0.39917 0.216912 0.0249023 0.0459559
1 0.828857 0.622702 0.0219727 0.046875
1 0.0197754 0.195312 0.0249023 0.0505515
1 0.896729 0.107537 0.0219727 0.0422794
1 0.0146484 0.982077 0.0273438 0.0358456
1 0.172852 0.0206801 0.0292969 0.0413603
1 0.690918 0.386489 0.0263672 0.0487132
1 0.257568 0.84375 0.0249023 0.0441176
1 0.760986 0.926471 0.0288086 0.0551471
1 0.827393 0.796415 0.0249023 0.0505515
1 0.732178 0.121783 0.0219727 0.0413603
1 0.740479 0.150276 0.0219727 0.0395221
1 0.196533 0.949908 0.0307617 0.0505515
1 0.838379 0.12454 0.0234375 0.0450368
1 0.880615 0.825827 0.0249023 0.046875
1 0.0991211 0.814798 0.0253906 0.0413603
1 0.755615 0.789522 0.0249023 0.0441176
1 0.93042 0.5625 0.0268555 0.0459559
1 0.0915527 0.0294118 0.0336914 0.0477941
1 0.98877 0.174632 0.0224609 0.0477941
1 0.571533 0.102941 0.0239258 0.0477941
1 0.116699 0.814798 0.0214844 0.0413603
1 0.859375 0.0845588 0.0214844 0.0441176
1 0.858398 0.862592 0.0234375 0.0487132
1 0.440186 0.884651 0.0258789 0.0487132
1 0.0849609 0.237592 0.0292969 0.0523897
1 0.825928 0.955882 0.0297852 0.0496324
1 0.524658 0.268382 0.0249023 0.0459559
1 0.0996094 0.365349 0.0253906 0.0450368
1 0.164551 0.77068 0.0273438 0.0505515
1 0.885254 0.0886949 0.0205078 0.0413603
1 0.928955 0.860754 0.0249023 0.046875
1 0.810303 0.119026 0.0229492 0.0450368
1 0.371582 0.539982 0.0263672 0.0450368
1 0.98291 0.914522 0.0283203 0.0514706
1 0.533447 0.0597426 0.0249023 0.0404412
1 0.39209 0.873621 0.0224609 0.0487132
1 0.810791 0.300092 0.0249023 0.0450368
1 0.197266 0.530331 0.0234375 0.0459559
1 0.0947266 0.596967 0.0234375 0.0431985
1 0.186279 0.485294 0.0219727 0.0441176
1 0.509033 0.188419 0.0258789 0.0477941
1 0.785645 0.272059 0.0234375 0.0477941
1 0.148193 0.236213 0.0229492 0.0404412
1 0.41626 0.938879 0.0258789 0.0505515
1 0.0986328 0.527114 0.0273438 0.0487132
1 0.378174 0.367647 0.0249023 0.0441176
1 0.414795 0.457261 0.0249023 0.0450368
1 0.164551 0.483456 0.0214844 0.0441176
1 0.311035 0.245864 0.0273438 0.0487132
1 0.409912 0.340533 0.0258789 0.0450368
1 0.40332 0.539062 0.0234375 0.0450368
1 0.154785 0.265625 0.0214844 0.0404412
1 0.23877 0.34329 0.0283203 0.0505515
1 0.205322 0.314798 0.0239258 0.046875
