1 0.311035 0.896599 0.0273438 0.046875
0 0.189697 0.54136 0.0327148 0.0643382
0 0.797852 0.595129 0.0273438 0.046875
1 0.88208 0.241728 0.0219727 0.0477941
1 0.934326 0.880515 0.0249023 0.0441176
1 0.858643 0.0831801 0.0219727 0.0450368
0 0.567871 0.597426 0.0302734 0.0551471
1 0.85791 0.24954 0.0234375 0.0395221
1 0.921143 0.978401 0.0327148 0.0431985
1 0.522705 0.20818 0.019043 0.0413603
1 0.405029 0.887408 0.0219727 0.0431985
1 0.569336 0.597426 0.0273438 0.0477941
1 0.536865 0.915441 0.0249023 0.0477941
1 0.79834 0.59375 0.0263672 0.0459559
0 0.438965 0.882353 0.0244141 0.0459559
1 0.390869 0.870404 0.0200195 0.0441176
1 0.201416 0.95864 0.0307617 0.0533088
0 0.920898 0.97886 0.03125 0.0422794
1 0.810791 0.119485 0.0219727 0.0477941
0 0.201172 0.95864 0.03125 0.0533088
0 0.258301 0.847426 0.0263672 0.0514706
1 0.916992 0.494026 0.0234375 0.0487132
0 0.827148 0.772978 0.03125 0.0533088
1 0.828857 0.62454 0.0219727 0.046875
1 0.989014 0.172335 0.0219727 0.0487132
1 0.943848 0.563419 0.0263672 0.0459559
0 0.828857 0.623162 0.0249023 0.0477941
1 0.836914 0.12454 0.0234375 0.0450368
1 0.528564 0.309743 0.0209961 0.0404412
0 0.933594 0.883272 0.0253906 0.0422794
0 0.0849609 0.238971 0.0341797 0.0606618
1 0.526611 0.269761 0.0209961 0.0395221
0 0.872559 0.745864 0.0263672 0.0487132
1 0.786377 0.272059 0.0229492 0.0404412
1 0.969482 0.883272 0.0249023 0.0459559
0 0.778564 0.921875 0.0307617 0.0496324
0 0.165283 0.772978 0.0268555 0.0496324
0 0.108154 0.388327 0.0288086 0.0597426
1 0.796875 0.292739 0.0234375 0.0413603
1 0.414795 0.454963 0.0239258 0.0441176
0 0.0219727 0.193015 0.0332031 0.0643382
1 0.311035 0.243107 0.0292969 0.0487132
1 0.388184 0.247243 0.0263672 0.0514706
0 0.826416 0.954504 0.0297852 0.0523897
1 0.377686 0.368566 0.0249023 0.0459559
1 0.689941 0.389706 0.0302734 0.0643382
1 0.403076 0.334559 0.0229492 0.0422794
1 0.189209 0.542279 0.0336914 0.0625
