1 0.311279 0.896599 0.027832 0.0487132
0 0.310791 0.242188 0.0297852 0.0505515
1 0.858643 0.0840993 0.0219727 0.0450368
1 0.934326 0.880055 0.0249023 0.0431985
0 0.567871 0.596967 0.0302734 0.0542279
1 0.798828 0.59421 0.0253906 0.046875
1 0.921875 0.978401 0.03125 0.0431985
1 0.522705 0.20864 0.019043 0.0404412
1 0.404785 0.887408 0.0214844 0.0413603
0 0.189941 0.54182 0.0332031 0.0634191
1 0.390869 0.870404 0.0200195 0.0441176
0 0.439209 0.882353 0.0249023 0.0441176
0 0.798096 0.595129 0.0268555 0.046875
1 0.568848 0.596507 0.0273438 0.0477941
1 0.20166 0.959099 0.0302734 0.0542279
1 0.828857 0.62454 0.0219727 0.046875
1 0.536865 0.915441 0.0249023 0.0477941
0 0.920898 0.97886 0.03125 0.0422794
1 0.916992 0.493566 0.0234375 0.0477941
1 0.810791 0.119026 0.0219727 0.046875
1 0.943115 0.563879 0.0297852 0.0505515
1 0.989014 0.172794 0.0219727 0.0496324
0 0.201416 0.95818 0.027832 0.0487132
0 0.258789 0.846967 0.0273438 0.0505515
1 0.835938 0.125 0.0234375 0.0441176
0 0.828125 0.772518 0.03125 0.0542279
1 0.528564 0.309743 0.0200195 0.0404412
1 0.796143 0.292739 0.0229492 0.0395221
0 0.828857 0.623162 0.0249023 0.0477941
0 0.933594 0.883272 0.0253906 0.0422794
1 0.786133 0.271599 0.0234375 0.0413603
0 0.0849609 0.23943 0.0332031 0.0597426
1 0.526611 0.270221 0.0209961 0.0386029
0 0.778809 0.921875 0.0302734 0.0496324
0 0.872559 0.745864 0.0263672 0.0487132
0 0.165039 0.773897 0.0273438 0.0514706
1 0.415283 0.454963 0.0239258 0.0441176
1 0.311279 0.243107 0.0297852 0.0487132
0 0.0219727 0.192555 0.0322266 0.0652574
1 0.969482 0.882353 0.0249023 0.0459559
0 0.108154 0.388327 0.0288086 0.0597426
1 0.388184 0.247243 0.0263672 0.0514706
1 0.189453 0.54182 0.0332031 0.0615809
0 0.826416 0.953585 0.0297852 0.0523897
1 0.377686 0.368107 0.0249023 0.046875
1 0.402344 0.334099 0.0234375 0.0431985
1 0.689941 0.389246 0.0302734 0.0634191
