0 0.620117 0.982077 0.03125 0.0266544
1 0.563965 0.613511 0.0273438 0.0505515
0 0.195557 0.92739 0.0249023 0.0441176
1 0.125 0.48989 0.0214844 0.0496324
1 0.989014 0.820772 0.019043 0.0441176
1 0.985107 0.763787 0.0200195 0.0367647
1 0.533447 0.462776 0.0219727 0.0413603
1 0.970215 0.200827 0.0205078 0.0376838
1 0.398193 0.143842 0.0239258 0.0505515
1 0.776123 0.873162 0.0200195 0.0367647
0 0.536377 0.49954 0.0249023 0.0431985
1 0.673828 0.713695 0.0214844 0.0450368
0 0.559814 0.877298 0.027832 0.0450368
1 0.0766602 0.246324 0.0302734 0.0514706
1 0.381592 0.785386 0.027832 0.0523897
1 0.943848 0.320772 0.0205078 0.0386029
0 0.440674 0.883732 0.0288086 0.0505515
0 0.879883 0.0818015 0.0234375 0.0404412
0 0.672852 0.713235 0.0234375 0.0422794
0 0.564453 0.610294 0.0253906 0.0477941
1 0.013916 0.203125 0.0249023 0.0569853
1 0.854736 0.0772059 0.0200195 0.0404412
0 0.381348 0.787224 0.0273438 0.0487132
1 0.53833 0.499081 0.0229492 0.0422794
1 0.833496 0.86443 0.0205078 0.0395221
0 0.829102 0.823529 0.0234375 0.0459559
0 0.196777 0.532629 0.0244141 0.046875
1 0.608887 0.0151654 0.0244141 0.0303309
1 0.921143 0.557904 0.0249023 0.0386029
1 0.454834 0.492188 0.0209961 0.0395221
1 0.879639 0.0790441 0.0200195 0.0386029
1 0.410645 0.538603 0.0244141 0.0459559
0 0.392822 0.657629 0.0239258 0.0450368
0 0.509033 0.681066 0.0258789 0.0459559
1 0.828125 0.822151 0.0214844 0.046875
0 0.532715 0.461857 0.0234375 0.0431985
1 0.259521 0.846967 0.0288086 0.046875
1 0.977295 0.43704 0.0268555 0.0450368
1 0.855469 0.867647 0.0263672 0.0459559
1 0.377441 0.369945 0.0253906 0.0450368
1 0.910889 0.499081 0.0249023 0.0441176
0 0.0134277 0.202665 0.0258789 0.0579044
0 0.464844 0.670496 0.0253906 0.046875
1 0.439697 0.886029 0.0297852 0.0514706
1 0.709473 0.650735 0.0224609 0.0404412
1 0.886719 0.236673 0.0283203 0.0450368
1 0.196533 0.533088 0.0249023 0.0459559
1 0.735352 0.179688 0.0234375 0.0450368
1 0.876709 0.713695 0.0249023 0.0431985
1 0.195801 0.930147 0.0263672 0.0441176
1 0.991699 0.761029 0.0166016 0.0404412
1 0.744141 0.920037 0.0253906 0.0441176
1 0.359131 0.172335 0.0209961 0.0395221
0 0.235352 0.710938 0.0244141 0.046875
1 0.372559 0.537224 0.0273438 0.0505515
1 0.879883 0.823529 0.0234375 0.0459559
1 0.414551 0.460018 0.0263672 0.0487132
1 0.187744 0.469669 0.0268555 0.0459559
1 0.72998 0.102022 0.0234375 0.0459559
0 0.0761719 0.247243 0.03125 0.0533088
1 0.76709 0.0859375 0.0205078 0.0395221
1 0.0944824 0.350643 0.027832 0.0487132
1 0.393311 0.870864 0.027832 0.0560662
0 0.36499 0.689338 0.0239258 0.0477941
0 0.324707 0.632353 0.0244141 0.0441176
1 0.92041 0.84375 0.0263672 0.0441176
1 0.445801 0.476562 0.0205078 0.0376838
1 0.755859 0.790901 0.0263672 0.046875
1 0.677246 0.0588235 0.0224609 0.0404412
1 0.156982 0.501838 0.0229492 0.0477941
1 0.647217 0.390165 0.0229492 0.0450368
0 0.269531 0.984375 0.0273438 0.03125
1 0.780029 0.691176 0.0258789 0.0477941
1 0.234131 0.348805 0.0249023 0.0487132
1 0.572266 0.105239 0.0224609 0.0395221
1 0.588623 0.362592 0.0229492 0.0431985
1 0.691895 0.446232 0.0234375 0.0450368
1 0.759766 0.0565257 0.0214844 0.0395221
0 0.258057 0.846967 0.0258789 0.0431985
1 0.834473 0.125919 0.0234375 0.0422794
1 0.358887 0.199449 0.0195312 0.0422794
1 0.147461 0.302849 0.0263672 0.046875
1 0.679688 0.130515 0.0253906 0.0422794
1 0.712646 0.475643 0.0249023 0.0395221
1 0.1521 0.22886 0.0268555 0.0514706
1 0.520508 0.0698529 0.0234375 0.0422794
1 0.726562 0.634651 0.0214844 0.0431985
0 0.315918 0.881893 0.0253906 0.0487132
1 0.0183105 0.459559 0.0258789 0.0496324
1 0.0900879 0.599724 0.0249023 0.0487132
1 0.991211 0.542279 0.015625 0.0477941
1 0.224609 0.785386 0.0273438 0.0487132
1 0.176514 0.829963 0.0249023 0.0422794
1 0.693604 0.732537 0.0209961 0.0459559
1 0.205078 0.85386 0.0263672 0.0441176
1 0.828857 0.625 0.0268555 0.0533088
1 0.851562 0.261489 0.0263672 0.0431985
1 0.803955 0.109375 0.0229492 0.0441176
1 0.797852 0.407629 0.0214844 0.0395221
1 0.964844 0.749081 0.0253906 0.0441176
1 0.395508 0.125919 0.0214844 0.0404412
1 0.783203 0.59375 0.0263672 0.0441176
1 0.145752 0.587776 0.0249023 0.046875
1 0.163818 0.772518 0.0258789 0.046875
1 0.612305 0.251379 0.0195312 0.0395221
1 0.310059 0.131434 0.0283203 0.0496324
1 0.80249 0.170496 0.0229492 0.0450368
1 0.417969 0.957261 0.0273438 0.0505515
0 0.298584 0.670496 0.0288086 0.046875
1 0.534424 0.338695 0.0229492 0.0431985
1 0.0317383 0.410386 0.0253906 0.0450368
1 0.0917969 0.0330882 0.0332031 0.0551471
1 0.825928 0.954044 0.0297852 0.0441176
1 0.990967 0.176011 0.0180664 0.046875
1 0.0141602 0.981158 0.0244141 0.0376838
1 0.407959 0.204504 0.0258789 0.0450368
1 0.128174 0.828125 0.0258789 0.0496324
1 0.171387 0.0174632 0.0273438 0.0349265
1 0.408691 0.342371 0.0263672 0.0450368
1 0.460205 0.110294 0.0229492 0.0459559
1 0.0922852 0.811121 0.0263672 0.046875
1 0.569336 0.387868 0.0234375 0.0422794
1 0.668701 0.391544 0.0219727 0.0422794
1 0.598877 0.301011 0.0239258 0.0413603
1 0.501221 0.174173 0.0249023 0.0450368
1 0.813232 0.442096 0.0249023 0.0422794
1 0.80835 0.298713 0.0239258 0.0404412
1 0.597168 0.229779 0.0195312 0.0422794
1 0.0305176 0.884651 0.0249023 0.0413603
1 0.691895 0.384191 0.0234375 0.0441176
1 0.578125 0.24954 0.0214844 0.0450368
1 0.80542 0.227941 0.0249023 0.0441176
1 0.216797 0.0767463 0.0244141 0.0487132
1 0.10791 0.529871 0.0263672 0.046875
1 0.0368652 0.918199 0.0249023 0.0422794
1 0.782959 0.272518 0.0258789 0.0450368
1 0.132568 0.622702 0.0258789 0.046875
1 0.402588 0.159926 0.0209961 0.0441176
1 0.315674 0.24954 0.0268555 0.046875
1 0.483154 0.131893 0.0229492 0.0450368
1 0.206787 0.31296 0.0258789 0.0487132
1 0.33374 0.193474 0.0249023 0.0450368
1 0.981201 0.734375 0.0219727 0.0386029
1 0.52832 0.270221 0.0234375 0.0459559
1 0.984375 0.930147 0.0263672 0.0533088
1 0.244873 0.0252757 0.0249023 0.0450368
