1 0.309082 0.900735 0.0283203 0.0496324
0 0.189453 0.54136 0.0351562 0.0716912
0 0.101807 0.0229779 0.034668 0.0459559
1 0.950195 0.556985 0.03125 0.0477941
1 0.0849609 0.238511 0.0341797 0.0634191
1 0.102295 0.0238971 0.0336914 0.0477941
1 0.109375 0.387408 0.0292969 0.0634191
0 0.922607 0.977022 0.0297852 0.0441176
0 0.799805 0.594669 0.0283203 0.0514706
1 0.835205 0.764706 0.0249023 0.0477941
0 0.819336 0.126379 0.0234375 0.0450368
1 0.923584 0.975643 0.0297852 0.0431985
1 0.38501 0.257353 0.0288086 0.0496324
0 0.56958 0.597426 0.0297852 0.0533088
0 0.309814 0.238971 0.0307617 0.0551471
1 0.790771 0.924173 0.0258789 0.0487132
0 0.872559 0.746324 0.0283203 0.0477941
1 0.828857 0.625 0.0219727 0.0477941
1 0.310303 0.238971 0.0307617 0.0551471
0 0.258789 0.846967 0.0283203 0.0505515
1 0.960205 0.869026 0.0249023 0.0413603
1 0.801025 0.594669 0.0258789 0.0496324
0 0.93457 0.882353 0.0234375 0.0386029
1 0.203125 0.95818 0.0302734 0.0542279
1 0.987793 0.172794 0.0244141 0.0551471
0 0.829102 0.623162 0.0234375 0.0477941
0 0.0852051 0.237592 0.0366211 0.0597426
1 0.91626 0.495404 0.0249023 0.0459559
0 0.202393 0.957261 0.0288086 0.0505515
1 0.416016 0.455423 0.0253906 0.0487132
0 0.438965 0.881434 0.0341797 0.0569853
1 0.377441 0.367647 0.0214844 0.0422794
0 0.164795 0.772518 0.0288086 0.0560662
1 0.872559 0.745864 0.0283203 0.046875
0 0.108887 0.389706 0.0292969 0.0625
1 0.391846 0.34375 0.0229492 0.0422794
0 0.0222168 0.193015 0.0327148 0.0661765
1 0.825684 0.953585 0.0283203 0.0487132
1 0.689941 0.389706 0.0302734 0.0661765
1 0.189453 0.54182 0.0351562 0.0670956
