1 0.858643 0.0840993 0.0200195 0.0450368
1 0.395752 0.355239 0.0366211 0.0487132
0 0.858643 0.0845588 0.0200195 0.0441176
0 0.3125 0.894301 0.0292969 0.0514706
1 0.882812 0.241728 0.0214844 0.0459559
1 0.558594 0.0744485 0.0214844 0.0404412
1 0.164307 0.772518 0.0297852 0.0542279
0 0.541748 0.907629 0.0307617 0.0487132
0 0.543457 0.0592831 0.0185547 0.0395221
1 0.858643 0.254136 0.0200195 0.0395221
1 0.0966797 0.0248162 0.0332031 0.0496324
1 0.797119 0.592371 0.0258789 0.0450368
1 0.0852051 0.238051 0.0317383 0.0569853
0 0.0849609 0.238971 0.0332031 0.0588235
0 0.796875 0.59375 0.0253906 0.0477941
1 0.258789 0.846507 0.0273438 0.0514706
0 0.567627 0.596967 0.0297852 0.0542279
0 0.258789 0.846507 0.0263672 0.0514706
1 0.171875 0.0225184 0.0292969 0.0450368
1 0.542236 0.908548 0.027832 0.046875
1 0.568359 0.597426 0.0273438 0.0477941
0 0.409668 0.90625 0.0224609 0.0441176
0 0.199707 0.95818 0.0322266 0.0542279
0 0.871826 0.744026 0.0268555 0.046875
1 0.810791 0.119945 0.0219727 0.0450368
0 0.826416 0.954044 0.0297852 0.0514706
1 0.920898 0.97886 0.03125 0.0422794
1 0.989014 0.172794 0.0219727 0.0496324
1 0.934326 0.879596 0.0249023 0.0422794
0 0.105469 0.383732 0.0302734 0.0579044
0 0.391357 0.870864 0.0209961 0.046875
1 0.828857 0.623621 0.0219727 0.046875
1 0.520264 0.203125 0.0209961 0.0422794
1 0.776855 0.921415 0.0273438 0.0523897
1 0.824951 0.775735 0.0249023 0.0477941
0 0.0222168 0.193934 0.0307617 0.0606618
1 0.917236 0.492647 0.0249023 0.0477941
1 0.83667 0.124081 0.0219727 0.0422794
0 0.558594 0.0716912 0.0205078 0.0386029
1 0.525146 0.270221 0.0219727 0.0386029
0 0.828857 0.622702 0.0249023 0.0487132
1 0.391602 0.871783 0.0234375 0.0487132
1 0.105225 0.383732 0.0297852 0.0615809
1 0.825928 0.955882 0.0297852 0.0514706
1 0.199707 0.957721 0.0302734 0.0514706
0 0.164795 0.77114 0.0297852 0.0496324
0 0.172119 0.0229779 0.0288086 0.0441176
1 0.528076 0.310662 0.0209961 0.0404412
1 0.786133 0.272518 0.0234375 0.0450368
0 0.438965 0.884651 0.0234375 0.0487132
1 0.939941 0.564338 0.0263672 0.0496324
1 0.871826 0.742647 0.0268555 0.0514706
0 0.191162 0.0537684 0.027832 0.0560662
1 0.879883 0.827206 0.0234375 0.0422794
1 0.803467 0.299632 0.0229492 0.0441176
1 0.312012 0.244485 0.0283203 0.0459559
1 0.415527 0.454963 0.0244141 0.0459559
1 0.86792 0.852941 0.0249023 0.0477941
1 0.689941 0.388787 0.0302734 0.0606618
1 0.974121 0.889706 0.0263672 0.0422794
1 0.408691 0.340533 0.0234375 0.046875
1 0.391846 0.238051 0.0268555 0.0514706
1 0.37793 0.369026 0.0253906 0.0450368
1 0.189453 0.54182 0.0322266 0.0597426
