0 0.195557 0.92739 0.0249023 0.0422794
1 0.65918 0.0124081 0.0195312 0.0248162
1 0.464844 0.670496 0.0244141 0.0487132
0 0.563965 0.610754 0.0244141 0.046875
1 0.963135 0.211857 0.0219727 0.0395221
1 0.989746 0.820772 0.0185547 0.0459559
1 0.0766602 0.246324 0.0302734 0.0514706
1 0.125 0.490809 0.0224609 0.0496324
1 0.985107 0.763787 0.0200195 0.0386029
0 0.743652 0.919118 0.0273438 0.0477941
1 0.854004 0.0767463 0.0205078 0.0413603
0 0.878906 0.0818015 0.0234375 0.0404412
0 0.51001 0.680607 0.0288086 0.0505515
0 0.829102 0.823529 0.0234375 0.0459559
0 0.392822 0.657629 0.0239258 0.0450368
1 0.673096 0.712776 0.0229492 0.0450368
1 0.920166 0.556526 0.0249023 0.0413603
1 0.879639 0.0790441 0.0200195 0.0386029
1 0.833496 0.86443 0.0205078 0.0395221
1 0.53833 0.499081 0.0229492 0.0422794
1 0.846191 0.684283 0.0283203 0.0376838
1 0.532715 0.461857 0.0244141 0.0431985
1 0.510254 0.679688 0.0263672 0.046875
1 0.828125 0.82307 0.0214844 0.046875
1 0.259277 0.846967 0.0283203 0.046875
1 0.381592 0.786765 0.0249023 0.0477941
0 0.464844 0.670956 0.0253906 0.0477941
1 0.608643 0.015625 0.0249023 0.03125
0 0.364502 0.688879 0.0249023 0.0487132
1 0.910889 0.5 0.0268555 0.0441176
1 0.7771 0.872243 0.0209961 0.0386029
1 0.456299 0.494485 0.0219727 0.0404412
1 0.234131 0.347886 0.0239258 0.046875
0 0.235107 0.710938 0.0249023 0.046875
1 0.978271 0.4375 0.0249023 0.0441176
1 0.970215 0.199449 0.0205078 0.0386029
1 0.708252 0.651195 0.0229492 0.0413603
1 0.943604 0.320772 0.0219727 0.0404412
0 0.0761719 0.247243 0.0302734 0.0496324
0 0.324707 0.631893 0.0244141 0.0431985
1 0.195801 0.929228 0.0263672 0.0441176
1 0.933594 0.332261 0.0205078 0.0376838
1 0.885986 0.236213 0.027832 0.0441176
1 0.877197 0.714154 0.0249023 0.0441176
1 0.991699 0.761029 0.0166016 0.0404412
1 0.855469 0.867647 0.0263672 0.0459559
1 0.410645 0.537684 0.0253906 0.0422794
1 0.372559 0.536765 0.0273438 0.0477941
1 0.734863 0.181066 0.0224609 0.0459559
1 0.377686 0.370864 0.0249023 0.0450368
1 0.780029 0.691176 0.0258789 0.0477941
1 0.0944824 0.350643 0.0288086 0.0487132
1 0.0185547 0.460018 0.0263672 0.0505515
1 0.879883 0.823529 0.0234375 0.0477941
1 0.743896 0.918199 0.0249023 0.0459559
1 0.196777 0.533088 0.0253906 0.0459559
0 0.298096 0.670956 0.0297852 0.0477941
1 0.72998 0.102022 0.0234375 0.0459559
1 0.394287 0.874081 0.0258789 0.0496324
0 0.269531 0.984375 0.0273438 0.03125
1 0.44043 0.884651 0.0273438 0.0487132
1 0.0917969 0.0344669 0.0332031 0.0542279
1 0.679688 0.131434 0.0253906 0.0422794
1 0.176025 0.829504 0.0249023 0.0431985
0 0.258057 0.846507 0.0258789 0.0422794
1 0.157471 0.501379 0.0229492 0.046875
1 0.677002 0.0588235 0.0229492 0.0404412
1 0.0893555 0.599724 0.0244141 0.0487132
1 0.755859 0.789062 0.0253906 0.0450368
1 0.76709 0.0854779 0.0205078 0.0386029
1 0.834473 0.125919 0.0234375 0.0422794
1 0.647461 0.390165 0.0234375 0.0450368
1 0.171387 0.0170037 0.0263672 0.0340074
1 0.992188 0.543199 0.015625 0.0477941
1 0.359863 0.170956 0.0224609 0.0404412
1 0.726562 0.634651 0.0214844 0.0431985
0 0.0134277 0.203125 0.0258789 0.0588235
1 0.152344 0.22886 0.0273438 0.0514706
1 0.712891 0.475643 0.0253906 0.0395221
1 0.92041 0.84329 0.0263672 0.0450368
1 0.691406 0.446232 0.0234375 0.0450368
0 0.315918 0.880974 0.0253906 0.0487132
1 0.0925293 0.811121 0.0268555 0.0487132
1 0.851562 0.261949 0.0263672 0.0422794
1 0.187744 0.467831 0.0268555 0.0477941
1 0.571777 0.104779 0.0224609 0.0404412
1 0.0317383 0.410386 0.0253906 0.0450368
1 0.797607 0.407629 0.0219727 0.0395221
1 0.205566 0.854779 0.0273438 0.0441176
1 0.41748 0.95818 0.0273438 0.0505515
1 0.694092 0.734375 0.0200195 0.0459559
1 0.588867 0.362592 0.0234375 0.0431985
1 0.145508 0.587776 0.0253906 0.046875
1 0.964844 0.750919 0.0253906 0.0441176
1 0.783447 0.59421 0.0258789 0.0431985
1 0.164062 0.772518 0.0253906 0.0487132
1 0.520752 0.0693934 0.0229492 0.0413603
1 0.612305 0.251379 0.0195312 0.0395221
1 0.146484 0.302849 0.0263672 0.0487132
1 0.828857 0.62454 0.0249023 0.0523897
1 0.80249 0.170496 0.0229492 0.0450368
1 0.759766 0.0556066 0.0214844 0.0395221
1 0.0141602 0.980699 0.0244141 0.0386029
1 0.825684 0.953585 0.0263672 0.0450368
1 0.224609 0.786765 0.0273438 0.0477941
1 0.414551 0.460018 0.0263672 0.0487132
1 0.128418 0.828585 0.0263672 0.0505515
1 0.990967 0.176011 0.0180664 0.046875
1 0.30957 0.128217 0.0273438 0.0487132
1 0.360596 0.199908 0.0209961 0.0413603
1 0.534424 0.338695 0.0229492 0.0431985
1 0.803711 0.107537 0.0234375 0.0441176
1 0.445312 0.474724 0.0214844 0.0395221
1 0.0375977 0.919118 0.0263672 0.0459559
1 0.39502 0.12454 0.0234375 0.0413603
1 0.407959 0.204504 0.0258789 0.0450368
1 0.808594 0.298254 0.0234375 0.0413603
1 0.813232 0.442096 0.0249023 0.0422794
1 0.569336 0.389246 0.0234375 0.0413603
1 0.500732 0.174173 0.0258789 0.0450368
1 0.668701 0.391544 0.0219727 0.0422794
1 0.597168 0.229779 0.0205078 0.0422794
1 0.782471 0.272518 0.0258789 0.0450368
1 0.459717 0.110294 0.0229492 0.0477941
1 0.408691 0.342831 0.0263672 0.0459559
1 0.598145 0.300092 0.0244141 0.0431985
1 0.805664 0.22886 0.0244141 0.0441176
1 0.692383 0.384191 0.0234375 0.0441176
1 0.217285 0.0758272 0.0244141 0.0487132
1 0.0305176 0.884651 0.0258789 0.0431985
1 0.577881 0.25 0.0209961 0.0441176
1 0.108154 0.528493 0.0268555 0.0496324
1 0.132568 0.623162 0.0258789 0.0477941
1 0.316162 0.25 0.0258789 0.0459559
1 0.402588 0.159926 0.0219727 0.0441176
1 0.483398 0.132353 0.0234375 0.0459559
1 0.333496 0.193934 0.0253906 0.0459559
1 0.984375 0.930147 0.0263672 0.0533088
1 0.980469 0.734375 0.0214844 0.0386029
1 0.206787 0.3125 0.0249023 0.0477941
1 0.52832 0.270221 0.0234375 0.0459559
1 0.245117 0.0252757 0.0253906 0.0450368
