0 0.0986328 0.0234375 0.0302734 0.046875
1 0.536865 0.91636 0.0288086 0.0533088
1 0.523438 0.20818 0.0175781 0.0413603
0 0.310791 0.241268 0.0297852 0.0505515
1 0.933594 0.880515 0.0253906 0.0441176
1 0.858643 0.0840993 0.0219727 0.046875
0 0.567871 0.596967 0.0302734 0.0542279
0 0.310791 0.897978 0.0297852 0.0533088
0 0.535889 0.915441 0.0288086 0.0496324
0 0.798584 0.595588 0.027832 0.0477941
0 0.921875 0.977941 0.03125 0.0422794
1 0.569336 0.596967 0.0273438 0.0487132
0 0.189697 0.54182 0.0327148 0.0652574
1 0.921875 0.977941 0.0332031 0.0441176
1 0.201904 0.95818 0.0307617 0.0542279
1 0.799316 0.594669 0.0263672 0.0477941
1 0.826416 0.954963 0.0297852 0.0514706
0 0.438965 0.880974 0.0263672 0.0487132
1 0.811035 0.119485 0.0234375 0.0477941
0 0.828857 0.772978 0.0297852 0.0533088
1 0.828857 0.625 0.0219727 0.0477941
0 0.828857 0.623621 0.0249023 0.0487132
1 0.943604 0.563419 0.0297852 0.0496324
1 0.917236 0.493566 0.0249023 0.0496324
0 0.201416 0.95818 0.027832 0.0487132
1 0.528564 0.309283 0.0209961 0.0413603
1 0.98877 0.172335 0.0224609 0.0505515
0 0.780762 0.921875 0.0322266 0.0496324
1 0.5271 0.270221 0.0219727 0.0404412
1 0.835938 0.124081 0.0234375 0.0459559
1 0.399902 0.334099 0.0263672 0.0431985
0 0.934326 0.883272 0.0249023 0.0422794
0 0.0852051 0.238971 0.0336914 0.0606618
0 0.258545 0.847886 0.0268555 0.0505515
0 0.872559 0.745864 0.0283203 0.0487132
1 0.415283 0.455423 0.0239258 0.0450368
0 0.165283 0.773897 0.0268555 0.0514706
0 0.108398 0.388327 0.0292969 0.0597426
1 0.96875 0.879136 0.0253906 0.0487132
1 0.310791 0.242647 0.0297852 0.0496324
1 0.189453 0.54182 0.0332031 0.0634191
0 0.826416 0.954504 0.0297852 0.0523897
1 0.37793 0.367188 0.0244141 0.0450368
1 0.388184 0.25 0.0263672 0.0477941
0 0.0222168 0.192555 0.0327148 0.0652574
1 0.689941 0.390165 0.03125 0.0652574
