1 0.0981445 0.57261 0.0253906 0.0753676
1 0.858398 0.254136 0.0234375 0.0358456
1 0.876709 0.721967 0.0297852 0.0487132
1 0.531738 0.320772 0.0205078 0.0422794
1 0.805664 0.988051 0.03125 0.0238971
0 0.914062 0.981618 0.0283203 0.0330882
0 0.566406 0.598346 0.0292969 0.0533088
1 0.88501 0.237132 0.0249023 0.0422794
0 0.875732 0.724724 0.027832 0.046875
1 0.233643 0.758732 0.0209961 0.0376838
1 0.835938 0.865349 0.0214844 0.0395221
1 0.553711 0.889706 0.0273438 0.0422794
1 0.206299 0.0776654 0.0249023 0.046875
1 0.787842 0.592831 0.0258789 0.0477941
0 0.206787 0.0772059 0.0258789 0.0496324
1 0.917236 0.492647 0.027832 0.0477941
1 0.0197754 0.195772 0.0249023 0.0514706
1 0.773438 0.722426 0.0234375 0.0441176
1 0.172852 0.0202206 0.0292969 0.0404412
1 0.398926 0.217371 0.0244141 0.0450368
1 0.896729 0.107537 0.0219727 0.0422794
1 0.829102 0.623162 0.0234375 0.0477941
1 0.566895 0.600184 0.0273438 0.0477941
1 0.740479 0.149816 0.0219727 0.0386029
1 0.732178 0.122243 0.0219727 0.0404412
1 0.257812 0.84375 0.0244141 0.0441176
1 0.690918 0.386489 0.0273438 0.0487132
1 0.762207 0.92693 0.0302734 0.0542279
1 0.196533 0.949908 0.0307617 0.0505515
1 0.93042 0.5625 0.0268555 0.0459559
1 0.827393 0.796415 0.0268555 0.0505515
1 0.0915527 0.0294118 0.0336914 0.0477941
1 0.0148926 0.982077 0.0268555 0.0358456
1 0.755615 0.789522 0.0249023 0.0441176
1 0.571289 0.101562 0.0234375 0.046875
1 0.0998535 0.814798 0.0258789 0.0395221
1 0.116455 0.814798 0.0209961 0.0395221
1 0.879639 0.825827 0.0249023 0.046875
1 0.838379 0.12454 0.0234375 0.0450368
1 0.988281 0.174632 0.0234375 0.0496324
1 0.0852051 0.237592 0.0297852 0.0523897
1 0.0998535 0.365349 0.0249023 0.0450368
1 0.859375 0.0845588 0.0214844 0.0441176
1 0.164551 0.770221 0.0273438 0.0514706
1 0.858398 0.862592 0.0234375 0.0487132
1 0.885254 0.0886949 0.0205078 0.0413603
1 0.810059 0.119026 0.0224609 0.0450368
1 0.525146 0.268382 0.0249023 0.0459559
1 0.440186 0.884651 0.0258789 0.0487132
1 0.371582 0.539062 0.0273438 0.0450368
1 0.928955 0.860754 0.0249023 0.046875
1 0.98291 0.914062 0.0283203 0.0523897
1 0.825928 0.955882 0.0297852 0.0496324
1 0.391846 0.873621 0.0229492 0.0505515
1 0.785645 0.272059 0.0234375 0.0477941
1 0.148193 0.236213 0.0219727 0.0404412
1 0.509521 0.188879 0.0249023 0.046875
1 0.810791 0.300092 0.0249023 0.0450368
1 0.197021 0.530331 0.0239258 0.0459559
1 0.186279 0.485294 0.0219727 0.0441176
1 0.0983887 0.527114 0.027832 0.0505515
1 0.0947266 0.596507 0.0234375 0.0441176
1 0.41626 0.938879 0.0258789 0.0505515
1 0.533936 0.0592831 0.0258789 0.0395221
1 0.414795 0.457721 0.0249023 0.0441176
1 0.37793 0.368107 0.0253906 0.0431985
1 0.154785 0.264706 0.0214844 0.0386029
1 0.311035 0.245404 0.0273438 0.0477941
1 0.409912 0.340074 0.0249023 0.0441176
1 0.40332 0.539982 0.0234375 0.0450368
1 0.164551 0.483456 0.0214844 0.0441176
1 0.205322 0.314798 0.0249023 0.046875
1 0.23877 0.34329 0.0283203 0.0505515
