1 0.827393 0.80239 0.0249023 0.0533088
1 0.314453 0.652114 0.0185547 0.0358456
1 0.576904 0.391085 0.0200195 0.0321691
1 0.140625 0.598805 0.0234375 0.0487132
0 0.85791 0.863511 0.0263672 0.046875
0 0.834473 0.863051 0.0185547 0.0386029
1 0.587158 0.365349 0.0200195 0.0321691
1 0.382324 0.480699 0.0185547 0.0330882
1 0.30249 0.663603 0.0209961 0.0404412
1 0.38916 0.668199 0.0185547 0.0441176
0 0.776367 0.715074 0.0234375 0.0441176
0 0.787109 0.59375 0.0273438 0.0459559
1 0.806152 0.1875 0.0205078 0.0367647
1 0.879639 0.825368 0.0249023 0.0441176
0 0.556641 0.88511 0.0263672 0.0422794
1 0.85791 0.862592 0.0234375 0.0450368
1 0.381836 0.786765 0.0214844 0.0404412
1 0.680908 0.10386 0.0229492 0.0404412
1 0.756836 0.924632 0.03125 0.0514706
1 0.917236 0.494026 0.027832 0.046875
0 0.880371 0.824908 0.0234375 0.046875
0 0.828857 0.621783 0.0249023 0.0505515
1 0.53418 0.331342 0.0234375 0.0431985
0 0.877441 0.722426 0.0263672 0.0459559
1 0.740723 0.161765 0.0224609 0.0404412
0 0.827393 0.802849 0.0268555 0.0505515
1 0.828857 0.622702 0.0219727 0.046875
1 0.0310059 0.411765 0.019043 0.0367647
1 0.440186 0.88511 0.0268555 0.0459559
0 0.912354 0.982996 0.0297852 0.0340074
0 0.755859 0.924173 0.0292969 0.0487132
1 0.0244141 0.4375 0.0214844 0.0367647
1 0.0803223 0.234835 0.0268555 0.046875
1 0.556641 0.883272 0.0273438 0.0441176
1 0.731201 0.116728 0.0229492 0.0422794
0 0.565918 0.601103 0.0263672 0.0459559
1 0.857178 0.253676 0.0249023 0.0422794
0 0.825684 0.955423 0.0283203 0.0487132
1 0.527344 0.0680147 0.0253906 0.0441176
1 0.929688 0.563419 0.0253906 0.0441176
1 0.679199 0.0611213 0.0224609 0.0395221
1 0.92749 0.856618 0.0249023 0.0477941
0 0.755371 0.789062 0.0244141 0.0431985
1 0.25708 0.84375 0.0249023 0.0441176
1 0.690674 0.384651 0.0268555 0.046875
1 0.237793 0.714154 0.0244141 0.0441176
1 0.838379 0.125 0.0234375 0.0441176
1 0.319336 0.162224 0.0195312 0.0450368
1 0.0187988 0.195772 0.0258789 0.0496324
1 0.37915 0.688419 0.0209961 0.0422794
1 0.406738 0.538143 0.0234375 0.0413603
1 0.88208 0.0863971 0.0200195 0.0422794
1 0.0146484 0.981158 0.0253906 0.0376838
1 0.524658 0.267923 0.0249023 0.046875
1 0.571289 0.10386 0.0234375 0.0441176
1 0.0905762 0.03125 0.0336914 0.0496324
1 0.09375 0.601562 0.0234375 0.0450368
1 0.858643 0.0836397 0.0200195 0.0422794
1 0.10083 0.524357 0.0249023 0.046875
1 0.145264 0.588235 0.0200195 0.0422794
1 0.197021 0.945312 0.027832 0.0487132
1 0.172363 0.019761 0.0292969 0.0395221
1 0.0974121 0.361673 0.0268555 0.0487132
1 0.391357 0.87454 0.0229492 0.0487132
1 0.371094 0.539062 0.0253906 0.0450368
1 0.59375 0.292279 0.0234375 0.0441176
1 0.401855 0.212776 0.0234375 0.0450368
1 0.809082 0.119026 0.0224609 0.0431985
1 0.988281 0.174632 0.0214844 0.0496324
1 0.414062 0.457261 0.0244141 0.0450368
1 0.196533 0.530331 0.0229492 0.0422794
1 0.812012 0.301471 0.0244141 0.0422794
1 0.209473 0.0795037 0.0253906 0.0487132
1 0.897705 0.105699 0.0219727 0.0441176
1 0.583984 0.252757 0.0224609 0.0404412
1 0.98291 0.917739 0.0283203 0.0542279
1 0.786133 0.272059 0.0234375 0.0441176
1 0.13208 0.608915 0.0209961 0.0413603
1 0.506592 0.181526 0.0258789 0.046875
1 0.806396 0.209559 0.0219727 0.0386029
1 0.334961 0.182445 0.0214844 0.046875
1 0.410156 0.340074 0.0253906 0.0441176
1 0.377686 0.368107 0.0249023 0.0431985
1 0.418213 0.943474 0.0258789 0.0487132
1 0.187256 0.483915 0.0239258 0.0450368
1 0.15332 0.278493 0.0253906 0.0404412
1 0.164062 0.771599 0.0263672 0.0487132
1 0.119629 0.822151 0.0244141 0.0487132
1 0.160156 0.486673 0.0234375 0.0413603
1 0.147949 0.235294 0.0244141 0.0422794
1 0.0952148 0.814338 0.0273438 0.0514706
1 0.238525 0.345129 0.027832 0.0505515
1 0.3125 0.246783 0.0253906 0.0450368
1 0.205322 0.314338 0.0249023 0.0477941
1 0.230469 0.761949 0.0244141 0.0459559
