0 0.917236 0.492188 0.0249023 0.0431985
0 0.860107 0.0850184 0.0249023 0.046875
1 0.882812 0.241728 0.0205078 0.0459559
1 0.0935059 0.550092 0.0239258 0.0579044
1 0.0209961 0.193934 0.0273438 0.0551471
0 0.691406 0.386949 0.0263672 0.0533088
0 0.567139 0.596967 0.0288086 0.0523897
0 0.810791 0.118566 0.0219727 0.0459559
1 0.858643 0.0836397 0.0219727 0.0459559
1 0.916992 0.982077 0.03125 0.0358456
0 0.0854492 0.238511 0.0302734 0.0523897
1 0.929688 0.872243 0.0263672 0.0459559
0 0.439941 0.88511 0.0244141 0.0459559
0 0.0219727 0.194393 0.0263672 0.0505515
1 0.440186 0.883732 0.0239258 0.046875
1 0.858643 0.255055 0.0219727 0.0413603
0 0.789795 0.591452 0.0249023 0.0450368
1 0.835938 0.866268 0.0205078 0.0395221
1 0.917236 0.492188 0.0297852 0.046875
1 0.790039 0.590074 0.0244141 0.0441176
1 0.198242 0.959559 0.0283203 0.0477941
1 0.69043 0.387868 0.0273438 0.0514706
0 0.102051 0.377298 0.0253906 0.0505515
1 0.80835 0.299632 0.0239258 0.0404412
0 0.206787 0.316636 0.0258789 0.0523897
1 0.810059 0.116728 0.0205078 0.0441176
1 0.825684 0.955882 0.0283203 0.0477941
1 0.172363 0.0211397 0.0273438 0.0386029
1 0.932861 0.564338 0.0249023 0.0477941
0 0.872803 0.732077 0.0249023 0.0450368
1 0.20166 0.0712316 0.0263672 0.0450368
1 0.836914 0.12454 0.0234375 0.0431985
1 0.828857 0.623162 0.0219727 0.0477941
0 0.828857 0.622243 0.0249023 0.0496324
1 0.785156 0.271599 0.0234375 0.046875
1 0.567871 0.599265 0.0263672 0.0477941
1 0.258545 0.844669 0.0249023 0.0459559
1 0.989014 0.173254 0.0219727 0.0487132
1 0.0939941 0.0257353 0.0317383 0.0422794
0 0.200439 0.0712316 0.0258789 0.0450368
1 0.196045 0.534467 0.027832 0.0542279
0 0.198242 0.95818 0.0273438 0.046875
1 0.550781 0.897059 0.0253906 0.0441176
0 0.825684 0.955423 0.0283203 0.0487132
1 0.825684 0.786305 0.0263672 0.0487132
1 0.873291 0.731618 0.0249023 0.0477941
0 0.0939941 0.539522 0.0258789 0.0459559
1 0.206787 0.315257 0.0258789 0.0477941
1 0.235107 0.340533 0.0268555 0.046875
0 0.93042 0.871324 0.0268555 0.0477941
1 0.863281 0.861673 0.0253906 0.046875
1 0.524658 0.269301 0.0229492 0.0404412
1 0.769531 0.925551 0.0273438 0.0514706
1 0.095459 0.579504 0.0258789 0.0450368
1 0.771484 0.743107 0.0224609 0.046875
1 0.414062 0.921415 0.0224609 0.0450368
1 0.391357 0.871783 0.0219727 0.0487132
1 0.528076 0.310202 0.0219727 0.0413603
1 0.515625 0.196232 0.0214844 0.0431985
0 0.164551 0.769761 0.0292969 0.0523897
1 0.376709 0.539982 0.0219727 0.0395221
1 0.568359 0.089614 0.0234375 0.0450368
1 0.880371 0.826287 0.0234375 0.0459559
1 0.395508 0.225184 0.0234375 0.0459559
1 0.755859 0.789062 0.0244141 0.0450368
1 0.393799 0.540901 0.0200195 0.0358456
1 0.981934 0.908088 0.0263672 0.0496324
1 0.54126 0.058364 0.0258789 0.0450368
1 0.415283 0.457721 0.0249023 0.0441176
1 0.378662 0.368107 0.0249023 0.0431985
1 0.40918 0.340074 0.0244141 0.0441176
1 0.311523 0.245864 0.0273438 0.0450368
