0 0.587158 0.36489 0.0209961 0.03125
0 0.575195 0.392004 0.0195312 0.0340074
1 0.140381 0.599265 0.0229492 0.0496324
1 0.587158 0.365349 0.0200195 0.0321691
0 0.775879 0.715074 0.0224609 0.0441176
0 0.85791 0.863051 0.0263672 0.0459559
0 0.834473 0.863051 0.0185547 0.0386029
0 0.91626 0.493107 0.0249023 0.0450368
1 0.576904 0.391544 0.0200195 0.0330882
1 0.825928 0.803768 0.0249023 0.0505515
1 0.314941 0.651195 0.0195312 0.0376838
1 0.381836 0.786305 0.0214844 0.0413603
1 0.389648 0.667279 0.0195312 0.0459559
0 0.556641 0.88511 0.0263672 0.0422794
1 0.680908 0.104779 0.0229492 0.0404412
1 0.806152 0.1875 0.0205078 0.0367647
1 0.857666 0.863051 0.0249023 0.0459559
0 0.787109 0.59375 0.0273438 0.0459559
1 0.879883 0.824449 0.0234375 0.0441176
0 0.877441 0.721967 0.0263672 0.0450368
1 0.825928 0.955882 0.0297852 0.0496324
1 0.302002 0.664982 0.0219727 0.0413603
1 0.756348 0.924632 0.03125 0.0514706
0 0.827393 0.802849 0.0268555 0.0505515
1 0.740723 0.162684 0.0234375 0.0404412
1 0.916992 0.492647 0.0234375 0.0459559
0 0.880371 0.824908 0.0234375 0.046875
1 0.53418 0.330882 0.0234375 0.0477941
1 0.828857 0.622243 0.0219727 0.0459559
1 0.440186 0.88511 0.0268555 0.0459559
0 0.912354 0.982996 0.0297852 0.0340074
0 0.828125 0.622702 0.0234375 0.0505515
1 0.079834 0.235294 0.0268555 0.0477941
1 0.731689 0.116268 0.0219727 0.0413603
1 0.556641 0.882353 0.0273438 0.0441176
0 0.755859 0.924173 0.0292969 0.0487132
1 0.03125 0.411305 0.0195312 0.0376838
1 0.856934 0.253676 0.0234375 0.0422794
0 0.825684 0.955423 0.0283203 0.0487132
1 0.526855 0.0680147 0.0263672 0.0441176
1 0.0185547 0.195772 0.0253906 0.0514706
1 0.256836 0.84375 0.0253906 0.0441176
1 0.406738 0.537684 0.0234375 0.0404412
1 0.679199 0.0611213 0.0224609 0.0395221
0 0.755615 0.789522 0.0249023 0.0422794
0 0.566406 0.601103 0.0263672 0.0459559
1 0.0241699 0.43796 0.0219727 0.0376838
1 0.0905762 0.03125 0.0336914 0.0477941
1 0.92749 0.856618 0.0249023 0.0459559
1 0.929688 0.56296 0.0253906 0.0450368
1 0.838379 0.12454 0.0234375 0.0431985
1 0.318848 0.162684 0.0205078 0.0459559
1 0.237793 0.714154 0.0244141 0.0441176
1 0.690674 0.384651 0.0268555 0.046875
1 0.401855 0.212316 0.0224609 0.0459559
1 0.172363 0.019761 0.0292969 0.0395221
1 0.88208 0.0863971 0.0200195 0.0422794
1 0.571289 0.10386 0.0234375 0.0441176
1 0.209717 0.0799632 0.0258789 0.0477941
1 0.196777 0.945312 0.0283203 0.0487132
1 0.858643 0.0840993 0.0200195 0.0431985
1 0.414062 0.457261 0.0253906 0.0450368
1 0.524658 0.268382 0.0249023 0.0477941
1 0.37085 0.539062 0.0258789 0.046875
1 0.0148926 0.981618 0.0258789 0.0367647
1 0.145264 0.588235 0.0200195 0.0422794
1 0.378906 0.688879 0.0214844 0.0431985
1 0.097168 0.361213 0.0263672 0.0477941
1 0.391602 0.873621 0.0234375 0.0505515
1 0.594238 0.295496 0.0234375 0.0395221
1 0.09375 0.601562 0.0234375 0.0450368
1 0.80957 0.118107 0.0214844 0.0413603
1 0.10083 0.523897 0.0249023 0.0477941
1 0.989014 0.175092 0.0219727 0.0487132
1 0.897705 0.105699 0.0219727 0.0441176
1 0.811523 0.301471 0.0234375 0.0422794
1 0.785645 0.272059 0.0234375 0.0459559
1 0.410156 0.339614 0.0253906 0.0450368
1 0.196777 0.529871 0.0234375 0.0431985
1 0.13208 0.608915 0.0209961 0.0413603
1 0.583984 0.252298 0.0224609 0.0413603
1 0.506592 0.181526 0.0258789 0.046875
1 0.98291 0.917739 0.0283203 0.0542279
1 0.334961 0.182445 0.0214844 0.046875
1 0.15332 0.279412 0.0253906 0.0404412
1 0.80542 0.209559 0.0219727 0.0386029
1 0.37793 0.368107 0.0253906 0.0431985
1 0.120117 0.822151 0.0253906 0.0487132
1 0.187256 0.483915 0.0239258 0.0450368
1 0.164062 0.77068 0.0263672 0.0487132
1 0.418213 0.943474 0.0258789 0.0505515
1 0.160156 0.486673 0.0234375 0.0413603
1 0.0952148 0.814338 0.0273438 0.0514706
1 0.148193 0.234835 0.0249023 0.0431985
1 0.23877 0.345588 0.0283203 0.0514706
1 0.3125 0.246783 0.0253906 0.0450368
1 0.205078 0.314338 0.0244141 0.0477941
1 0.230225 0.762408 0.0249023 0.046875
