1 0.30957 0.238051 0.0283203 0.0588235
0 0.524414 0.207261 0.0234375 0.046875
0 0.859375 0.082261 0.0234375 0.046875
0 0.102295 0.0234375 0.0356445 0.046875
1 0.949219 0.866728 0.0234375 0.0367647
0 0.382812 0.267004 0.0292969 0.0523897
1 0.102539 0.0248162 0.0341797 0.0496324
0 0.189697 0.542279 0.034668 0.0716912
1 0.828857 0.625 0.0219727 0.0496324
1 0.799561 0.928768 0.0239258 0.046875
1 0.438965 0.880974 0.0302734 0.0597426
0 0.925049 0.975643 0.0297852 0.0487132
0 0.842285 0.766085 0.0283203 0.046875
1 0.842041 0.766085 0.0249023 0.046875
0 0.825928 0.953585 0.0249023 0.0450368
0 0.799561 0.929688 0.0239258 0.046875
1 0.41626 0.454963 0.0297852 0.0588235
1 0.258545 0.847886 0.0297852 0.0523897
1 0.800781 0.59421 0.0253906 0.0505515
1 0.825928 0.952206 0.0249023 0.0422794
0 0.258789 0.847886 0.03125 0.0542279
1 0.958008 0.556066 0.03125 0.0514706
0 0.800781 0.59421 0.0263672 0.0505515
1 0.924316 0.975184 0.0283203 0.0441176
0 0.203125 0.957261 0.0283203 0.0505515
0 0.570068 0.597426 0.0327148 0.0569853
0 0.829102 0.623621 0.0234375 0.0505515
0 0.872559 0.746324 0.0263672 0.0477941
1 0.987549 0.173254 0.0249023 0.0560662
1 0.872559 0.745864 0.0263672 0.0487132
0 0.308594 0.237592 0.0302734 0.0597426
0 0.438965 0.881434 0.0341797 0.0569853
1 0.916504 0.496324 0.0263672 0.0477941
0 0.164795 0.772518 0.0288086 0.0560662
1 0.203857 0.957261 0.0307617 0.0560662
1 0.303955 0.90579 0.0288086 0.0560662
0 0.0852051 0.238971 0.034668 0.0625
1 0.689941 0.389706 0.03125 0.0661765
0 0.109131 0.388327 0.0307617 0.0615809
0 0.0224609 0.193474 0.0332031 0.0652574
1 0.189453 0.54182 0.0341797 0.0670956
