1 0.858643 0.0840993 0.0219727 0.046875
0 0.811035 0.117647 0.0234375 0.0496324
0 0.100342 0.0229779 0.034668 0.0459559
1 0.933594 0.880974 0.0253906 0.0450368
0 0.79834 0.595588 0.0283203 0.0496324
0 0.567871 0.596967 0.0302734 0.0560662
0 0.534912 0.917279 0.0297852 0.0514706
0 0.310791 0.897978 0.0297852 0.0533088
0 0.921875 0.976562 0.03125 0.0431985
0 0.189453 0.54136 0.0332031 0.0680147
1 0.921875 0.977022 0.0332031 0.0459559
0 0.310547 0.240809 0.0302734 0.0514706
1 0.811279 0.119945 0.0229492 0.0487132
1 0.569092 0.596507 0.027832 0.0496324
1 0.201904 0.95818 0.0317383 0.0560662
1 0.398193 0.335018 0.0249023 0.0413603
1 0.799316 0.595129 0.0263672 0.0487132
1 0.310791 0.241728 0.0307617 0.0514706
0 0.828857 0.623162 0.0249023 0.0496324
1 0.943848 0.5625 0.0283203 0.0496324
0 0.829834 0.772059 0.0297852 0.0551471
1 0.98877 0.172335 0.0224609 0.0505515
1 0.835938 0.12454 0.0234375 0.0450368
1 0.528564 0.309283 0.0209961 0.0413603
1 0.917236 0.493566 0.0249023 0.0496324
0 0.20166 0.95818 0.0283203 0.0505515
0 0.872559 0.745864 0.0283203 0.0487132
1 0.415283 0.454963 0.0239258 0.0459559
0 0.438232 0.882812 0.0317383 0.0560662
1 0.829102 0.624081 0.0234375 0.0477941
1 0.527344 0.27114 0.0214844 0.0386029
0 0.782715 0.922794 0.0322266 0.0514706
0 0.934326 0.883272 0.0249023 0.0441176
1 0.967773 0.878676 0.0234375 0.0477941
1 0.377686 0.367188 0.0239258 0.0431985
1 0.387939 0.251838 0.0268555 0.0459559
0 0.0852051 0.238971 0.034668 0.0606618
0 0.108643 0.388327 0.0297852 0.0615809
0 0.826416 0.954504 0.0297852 0.0523897
1 0.826416 0.954963 0.0297852 0.0514706
0 0.165283 0.773897 0.0268555 0.0514706
0 0.258545 0.846967 0.0268555 0.0505515
1 0.189209 0.54182 0.034668 0.0652574
0 0.0219727 0.193015 0.0332031 0.0661765
1 0.689453 0.389706 0.0322266 0.0661765
