0 0.292236 0.798254 0.0219727 0.0395221
0 0.560059 0.517463 0.0205078 0.0386029
0 0.510498 0.0174632 0.0200195 0.0349265
1 0.124268 0.475184 0.0219727 0.0422794
1 0.275879 0.196691 0.0205078 0.0386029
1 0.561035 0.610754 0.0224609 0.0450368
1 0.361572 0.686121 0.0268555 0.0505515
1 0.939941 0.719669 0.0205078 0.0386029
1 0.853027 0.078125 0.0205078 0.0422794
0 0.361816 0.686121 0.0263672 0.0487132
1 0.393066 0.657169 0.0244141 0.0459559
1 0.116943 0.161765 0.0229492 0.0404412
1 0.916504 0.604779 0.0234375 0.0404412
0 0.0332031 0.410386 0.0244141 0.046875
0 0.97876 0.440257 0.0219727 0.0422794
1 0.450195 0.511029 0.0195312 0.0386029
0 0.417969 0.962776 0.0283203 0.046875
1 0.128418 0.138327 0.0224609 0.0395221
1 0.468506 0.11489 0.0327148 0.0477941
0 0.125488 0.485294 0.0214844 0.0496324
0 0.619141 0.984375 0.0273438 0.03125
1 0.0646973 0.80193 0.0239258 0.0395221
0 0.732666 0.185662 0.0219727 0.0422794
1 0.0183105 0.463695 0.0258789 0.0505515
1 0.660156 0.0128676 0.0214844 0.0257353
0 0.463379 0.671415 0.0263672 0.046875
0 0.0178223 0.462776 0.0268555 0.0505515
0 0.0932617 0.813419 0.0263672 0.0496324
0 0.116455 0.160846 0.0219727 0.0441176
1 0.979004 0.441176 0.0234375 0.0404412
1 0.618408 0.884651 0.0209961 0.0376838
1 0.0922852 0.0349265 0.03125 0.0533088
1 0.462646 0.671875 0.0249023 0.0459559
1 0.382324 0.787224 0.0214844 0.0413603
0 0.158691 0.498621 0.0214844 0.0413603
1 0.259033 0.846048 0.0288086 0.0487132
1 0.19751 0.533088 0.0249023 0.0441176
0 0.878906 0.0804228 0.0234375 0.0413603
1 0.667969 0.392923 0.0224609 0.046875
0 0.828857 0.824908 0.0219727 0.0450368
1 0.989014 0.818474 0.0200195 0.0431985
1 0.705566 0.653952 0.0244141 0.0431985
1 0.840576 0.683824 0.0219727 0.0404412
1 0.158203 0.49954 0.0224609 0.0450368
1 0.0927734 0.8125 0.0263672 0.0477941
1 0.538086 0.500919 0.0234375 0.0422794
1 0.727295 0.63557 0.0229492 0.0431985
1 0.531738 0.461397 0.0244141 0.0441176
1 0.828125 0.824449 0.0214844 0.0459559
1 0.373047 0.536765 0.0273438 0.0477941
1 0.171143 0.015625 0.027832 0.03125
0 0.325439 0.629596 0.0249023 0.0441176
1 0.125977 0.493107 0.0234375 0.0523897
1 0.175781 0.828125 0.0263672 0.0459559
1 0.781006 0.68704 0.0258789 0.046875
1 0.194824 0.924632 0.0244141 0.0441176
1 0.741699 0.914062 0.0234375 0.046875
1 0.0947266 0.350184 0.0263672 0.0441176
1 0.0324707 0.409926 0.0239258 0.0441176
1 0.186279 0.380515 0.0229492 0.0404412
0 0.352539 0.801471 0.0214844 0.0459559
1 0.646484 0.389706 0.0253906 0.0441176
1 0.146729 0.588235 0.0229492 0.0459559
1 0.731201 0.0997243 0.0239258 0.0450368
1 0.672852 0.710938 0.0234375 0.0450368
1 0.128662 0.828585 0.0258789 0.0487132
1 0.510986 0.681526 0.0268555 0.046875
1 0.694092 0.382812 0.0249023 0.0450368
0 0.0864258 0.600184 0.0244141 0.0496324
0 0.19751 0.532169 0.0239258 0.0459559
1 0.633545 0.880974 0.0209961 0.0395221
1 0.910156 0.503217 0.0253906 0.0431985
1 0.377686 0.371783 0.0258789 0.0505515
1 0.435791 0.882812 0.0249023 0.046875
1 0.879883 0.824449 0.0234375 0.0459559
0 0.0756836 0.249081 0.0273438 0.0477941
1 0.885986 0.236673 0.0297852 0.0450368
1 0.152588 0.228401 0.0268555 0.0505515
0 0.092041 0.0363051 0.0336914 0.0505515
1 0.802246 0.168658 0.0224609 0.0450368
1 0.854004 0.681066 0.0205078 0.0386029
1 0.606201 0.0151654 0.0249023 0.0303309
1 0.713135 0.476562 0.0249023 0.0431985
1 0.855469 0.867647 0.0253906 0.0459559
1 0.186768 0.465074 0.0258789 0.0477941
1 0.45752 0.498162 0.0234375 0.0404412
1 0.231934 0.347886 0.0224609 0.046875
1 0.992676 0.548713 0.0146484 0.0459559
1 0.761963 0.884191 0.0219727 0.0367647
1 0.851562 0.262408 0.0253906 0.0413603
1 0.589844 0.363051 0.0234375 0.0441176
0 0.27002 0.984375 0.0273438 0.03125
1 0.394775 0.871324 0.0268555 0.0514706
0 0.258057 0.846507 0.0258789 0.0422794
1 0.783447 0.59375 0.0258789 0.0441176
1 0.991455 0.761029 0.0170898 0.0404412
1 0.690674 0.445772 0.0239258 0.0422794
1 0.520508 0.0703125 0.0234375 0.0431985
1 0.755615 0.789062 0.0249023 0.0450368
1 0.83374 0.126838 0.0249023 0.0422794
1 0.458496 0.108456 0.0244141 0.0459559
1 0.165039 0.772518 0.0253906 0.046875
1 0.766846 0.0850184 0.0200195 0.0395221
1 0.205811 0.855239 0.0288086 0.046875
1 0.533936 0.338695 0.0239258 0.0431985
1 0.695312 0.740349 0.0205078 0.0450368
1 0.612549 0.252298 0.0209961 0.0413603
1 0.0141602 0.980699 0.0244141 0.0386029
1 0.960938 0.216912 0.0234375 0.0349265
0 0.297852 0.671875 0.0283203 0.0477941
1 0.108887 0.529412 0.0253906 0.0477941
1 0.409668 0.537684 0.0263672 0.0459559
1 0.828125 0.624081 0.0234375 0.0514706
1 0.945312 0.318015 0.0253906 0.0422794
1 0.407471 0.34375 0.0268555 0.0441176
0 0.0119629 0.205882 0.0219727 0.0514706
1 0.777588 0.870404 0.0219727 0.0386029
0 0.31665 0.879136 0.0249023 0.0487132
1 0.877441 0.710018 0.0234375 0.0431985
1 0.360596 0.167739 0.0258789 0.0431985
1 0.678711 0.13511 0.0273438 0.0459559
1 0.30835 0.127298 0.0268555 0.0505515
1 0.675293 0.058364 0.0244141 0.0413603
1 0.223877 0.789062 0.0258789 0.0450368
0 0.235107 0.710478 0.0249023 0.0459559
1 0.797363 0.40579 0.0224609 0.0413603
1 0.761475 0.0482537 0.0219727 0.0395221
1 0.92041 0.841912 0.0263672 0.0459559
1 0.806885 0.297794 0.0239258 0.0422794
1 0.418457 0.960938 0.0273438 0.046875
1 0.97168 0.195772 0.0234375 0.0367647
1 0.597168 0.228401 0.0205078 0.0413603
1 0.567139 0.386029 0.0239258 0.0422794
1 0.804688 0.232537 0.0234375 0.0441176
1 0.146729 0.303768 0.0249023 0.046875
1 0.572266 0.104779 0.0234375 0.0404412
1 0.408203 0.205423 0.0263672 0.046875
1 0.991455 0.17693 0.0170898 0.0431985
1 0.443848 0.471967 0.0224609 0.0431985
1 0.598145 0.300551 0.0234375 0.0441176
1 0.133057 0.625919 0.0249023 0.0459559
1 0.781494 0.273438 0.0249023 0.0450368
1 0.813232 0.443015 0.0249023 0.0422794
1 0.197754 0.365809 0.0224609 0.0386029
1 0.933594 0.331801 0.0214844 0.0404412
1 0.803467 0.10432 0.0229492 0.0413603
1 0.395264 0.118107 0.0229492 0.0450368
1 0.0405273 0.923713 0.0253906 0.0441176
1 0.5 0.175092 0.0253906 0.046875
1 0.964111 0.753217 0.0249023 0.0413603
1 0.220703 0.0758272 0.0273438 0.0487132
1 0.577393 0.24954 0.0219727 0.046875
1 0.828857 0.954044 0.0249023 0.0441176
1 0.414551 0.462316 0.0263672 0.0496324
1 0.363037 0.203125 0.0219727 0.0404412
1 0.0302734 0.88511 0.0253906 0.0422794
1 0.916504 0.55239 0.0234375 0.0422794
1 0.986084 0.932904 0.0249023 0.0514706
1 0.316406 0.25 0.0253906 0.0441176
1 0.483643 0.133732 0.0249023 0.046875
1 0.332764 0.198529 0.0249023 0.0441176
1 0.529785 0.269761 0.0234375 0.0450368
1 0.403076 0.159467 0.0229492 0.046875
1 0.20752 0.310662 0.0234375 0.0459559
1 0.981201 0.733915 0.0219727 0.0376838
1 0.241943 0.0261949 0.0258789 0.046875
