0 0.756592 0.789982 0.027832 0.0487132
0 0.619141 0.982996 0.0332031 0.0248162
0 0.187012 0.470129 0.0292969 0.0487132
1 0.893799 0.119945 0.0219727 0.0395221
1 0.976562 0.435662 0.0253906 0.0441176
0 0.560791 0.519761 0.0219727 0.0376838
1 0.854736 0.0776654 0.0200195 0.0413603
1 0.98999 0.820772 0.0170898 0.0441176
0 0.726562 0.633732 0.0214844 0.0431985
0 0.195557 0.928309 0.0249023 0.0441176
1 0.828857 0.825368 0.0200195 0.0514706
1 0.984375 0.764706 0.0205078 0.0367647
1 0.0136719 0.203125 0.0253906 0.0606618
1 0.4104 0.539062 0.0239258 0.046875
1 0.833496 0.86443 0.0205078 0.0395221
1 0.381104 0.786305 0.0249023 0.046875
1 0.125977 0.488511 0.0224609 0.0505515
1 0.358887 0.172335 0.0205078 0.0376838
0 0.880371 0.823529 0.0234375 0.0477941
0 0.854736 0.078125 0.0200195 0.0404412
1 0.0769043 0.245404 0.0307617 0.0533088
1 0.196533 0.533088 0.0249023 0.0459559
0 0.729736 0.10386 0.0239258 0.0459559
0 0.608887 0.0151654 0.0234375 0.0303309
1 0.856445 0.866268 0.0234375 0.0487132
0 0.828857 0.82261 0.0219727 0.0459559
1 0.735352 0.179228 0.0234375 0.0441176
0 0.856201 0.867647 0.0249023 0.0459559
1 0.910889 0.498621 0.0249023 0.0431985
0 0.381348 0.788143 0.0263672 0.0487132
1 0.767578 0.0868566 0.0205078 0.0395221
0 0.538086 0.49954 0.0234375 0.0395221
1 0.886719 0.236673 0.0253906 0.0431985
0 0.392578 0.657169 0.0234375 0.0459559
0 0.709717 0.649816 0.0229492 0.0404412
0 0.55957 0.877298 0.0273438 0.0450368
1 0.414551 0.459559 0.0263672 0.0477941
1 0.377686 0.370404 0.0258789 0.0441176
1 0.693359 0.445312 0.0234375 0.0431985
0 0.196777 0.533088 0.0244141 0.0477941
1 0.72998 0.102482 0.0234375 0.046875
1 0.520996 0.0689338 0.0234375 0.0422794
1 0.259521 0.846967 0.0288086 0.046875
1 0.710205 0.649357 0.0219727 0.0431985
1 0.921875 0.559283 0.0253906 0.0395221
1 0.186035 0.470129 0.0253906 0.046875
1 0.755859 0.788603 0.0253906 0.0441176
1 0.879883 0.823529 0.0234375 0.0459559
1 0.692139 0.730699 0.0229492 0.0459559
0 0.507812 0.680147 0.0253906 0.0459559
1 0.677734 0.0588235 0.0224609 0.0404412
1 0.744385 0.920496 0.0249023 0.0431985
1 0.76001 0.0569853 0.0209961 0.0386029
0 0.879883 0.082261 0.0234375 0.0395221
0 0.673096 0.713235 0.0229492 0.0422794
1 0.37207 0.537684 0.0273438 0.0496324
0 0.0136719 0.202206 0.0263672 0.0588235
1 0.876465 0.714154 0.0234375 0.0422794
1 0.921143 0.845129 0.0249023 0.0413603
1 0.712158 0.476103 0.0249023 0.0367647
1 0.440186 0.886029 0.0297852 0.0514706
1 0.835205 0.12546 0.0249023 0.0431985
1 0.393555 0.875 0.0273438 0.0551471
0 0.563965 0.609835 0.0244141 0.046875
1 0.589355 0.363051 0.0234375 0.0441176
1 0.679688 0.131434 0.0263672 0.0422794
0 0.235596 0.711397 0.0249023 0.0441176
1 0.571045 0.106158 0.0229492 0.0413603
1 0.647949 0.390625 0.0224609 0.0441176
1 0.196289 0.931066 0.0263672 0.0441176
1 0.359131 0.199449 0.0200195 0.0422794
1 0.156738 0.501379 0.0234375 0.046875
0 0.269775 0.984375 0.0268555 0.03125
1 0.991455 0.761029 0.0170898 0.0404412
1 0.990967 0.176011 0.0180664 0.046875
1 0.151611 0.229779 0.027832 0.0514706
1 0.780029 0.692555 0.0258789 0.0487132
1 0.310303 0.132353 0.0297852 0.0514706
1 0.804688 0.110294 0.0234375 0.0441176
1 0.0944824 0.350643 0.0288086 0.0487132
1 0.798584 0.408088 0.0219727 0.0386029
1 0.726318 0.633732 0.0219727 0.0413603
1 0.460449 0.109835 0.0224609 0.0450368
0 0.365723 0.689338 0.0244141 0.0477941
1 0.0185547 0.45818 0.0253906 0.0487132
0 0.258301 0.846507 0.0263672 0.0422794
1 0.224609 0.785386 0.0273438 0.0487132
0 0.465576 0.671415 0.0258789 0.0487132
0 0.315674 0.882353 0.0249023 0.0477941
1 0.40918 0.342371 0.0273438 0.046875
1 0.851562 0.261949 0.0263672 0.0422794
0 0.324219 0.632812 0.0244141 0.0431985
1 0.534424 0.338235 0.0229492 0.0441176
1 0.829102 0.62546 0.0234375 0.0487132
0 0.533203 0.462316 0.0234375 0.0422794
0 0.076416 0.246783 0.0327148 0.0542279
1 0.992188 0.540901 0.015625 0.046875
1 0.0314941 0.409926 0.0258789 0.0441176
1 0.145752 0.586857 0.0249023 0.046875
1 0.234619 0.347886 0.0258789 0.0505515
1 0.813232 0.442555 0.0249023 0.0413603
1 0.803223 0.170956 0.0234375 0.0459559
1 0.20459 0.85386 0.0263672 0.0441176
1 0.612305 0.251838 0.0195312 0.0386029
1 0.783691 0.59421 0.0263672 0.0431985
1 0.0905762 0.600184 0.0249023 0.0496324
1 0.395264 0.127298 0.0219727 0.0413603
1 0.0917969 0.0330882 0.0332031 0.0551471
1 0.163818 0.772518 0.0258789 0.0487132
1 0.964844 0.748621 0.0234375 0.0431985
1 0.171631 0.0174632 0.027832 0.0349265
1 0.0144043 0.981158 0.0239258 0.0376838
1 0.407471 0.204504 0.0268555 0.046875
1 0.569824 0.387868 0.0234375 0.0422794
1 0.147217 0.301471 0.0288086 0.0496324
1 0.668701 0.391544 0.0219727 0.0422794
0 0.298584 0.669577 0.027832 0.046875
1 0.128174 0.828125 0.0258789 0.0514706
1 0.176758 0.830882 0.0244141 0.0422794
1 0.825928 0.954504 0.0297852 0.0450368
1 0.0302734 0.884651 0.0244141 0.0413603
1 0.0925293 0.811581 0.0258789 0.0459559
1 0.418701 0.955882 0.027832 0.0496324
1 0.598145 0.300092 0.0244141 0.0431985
1 0.107666 0.529871 0.0268555 0.046875
1 0.691895 0.38511 0.0244141 0.0441176
1 0.402588 0.159926 0.0219727 0.0441176
1 0.578369 0.248621 0.0219727 0.0431985
1 0.501221 0.174173 0.0249023 0.0450368
1 0.597656 0.229779 0.0205078 0.0422794
1 0.0368652 0.917739 0.0249023 0.0413603
1 0.810303 0.299173 0.0249023 0.0395221
1 0.80542 0.226562 0.0249023 0.0450368
1 0.216797 0.0776654 0.0263672 0.0487132
1 0.245361 0.0248162 0.0258789 0.0459559
1 0.132568 0.622243 0.0258789 0.0459559
1 0.333984 0.192555 0.0263672 0.046875
1 0.48291 0.131893 0.0224609 0.0450368
1 0.782959 0.271599 0.0258789 0.0450368
1 0.206543 0.313419 0.0263672 0.0496324
1 0.31543 0.24954 0.0273438 0.0487132
1 0.528076 0.27068 0.0239258 0.046875
1 0.980469 0.734375 0.0214844 0.0386029
1 0.984375 0.929228 0.0263672 0.0533088
