1 0.330811 0.168199 0.0288086 0.0514706
1 0.681152 0.110294 0.0263672 0.0459559
1 0.588379 0.36489 0.0244141 0.0422794
0 0.911621 0.983456 0.03125 0.0330882
1 0.807861 0.988051 0.0297852 0.0238971
0 0.313965 0.888787 0.0263672 0.0441176
0 0.237305 0.711397 0.0253906 0.0422794
1 0.60083 0.232996 0.0200195 0.0376838
0 0.681152 0.107537 0.0244141 0.0404412
0 0.654785 0.011489 0.0283203 0.0229779
0 0.267822 0.986213 0.027832 0.0275735
1 0.0151367 0.198529 0.0263672 0.0514706
0 0.610596 0.0128676 0.0249023 0.0257353
0 0.196533 0.939798 0.0268555 0.0413603
1 0.854736 0.255515 0.027832 0.0459559
1 0.564941 0.603401 0.0273438 0.0431985
1 0.879639 0.824449 0.0249023 0.0459559
1 0.238037 0.712316 0.0229492 0.0477941
0 0.834473 0.861673 0.0205078 0.0413603
0 0.731445 0.108915 0.0234375 0.046875
0 0.571533 0.391085 0.0200195 0.0376838
0 0.778809 0.70818 0.0263672 0.0431985
0 0.391113 0.659926 0.0244141 0.0422794
0 0.440674 0.884651 0.0288086 0.0505515
1 0.497559 0.673254 0.0234375 0.0487132
0 0.256836 0.844669 0.0253906 0.0441176
0 0.405762 0.204963 0.0263672 0.0496324
0 0.498047 0.672794 0.0224609 0.0477941
0 0.522705 0.0684743 0.0249023 0.046875
0 0.409912 0.339614 0.0258789 0.0450368
0 0.375732 0.693015 0.0229492 0.0441176
0 0.678467 0.0597426 0.0219727 0.0422794
0 0.828125 0.621324 0.0263672 0.0514706
1 0.414795 0.45818 0.0268555 0.0450368
1 0.0771484 0.23989 0.0273438 0.0496324
1 0.534912 0.331342 0.0258789 0.0505515
1 0.572998 0.390625 0.0229492 0.0386029
0 0.825684 0.954963 0.0283203 0.0496324
1 0.410156 0.340533 0.0273438 0.046875
0 0.300781 0.66682 0.0234375 0.0450368
1 0.825928 0.955423 0.0297852 0.0487132
1 0.829102 0.622243 0.0234375 0.0477941
0 0.017334 0.197151 0.0258789 0.0505515
1 0.740234 0.170496 0.0253906 0.046875
1 0.196777 0.939798 0.0263672 0.0431985
1 0.678955 0.0602022 0.0239258 0.0413603
1 0.371582 0.539062 0.0263672 0.046875
1 0.928955 0.564338 0.0268555 0.0441176
1 0.522217 0.0693934 0.0239258 0.0450368
1 0.258789 0.845588 0.0283203 0.0477941
1 0.571777 0.102941 0.0263672 0.0477941
0 0.587891 0.36443 0.0234375 0.0395221
1 0.652344 0.397518 0.0224609 0.0431985
1 0.439941 0.88557 0.0283203 0.046875
0 0.752441 0.922794 0.0273438 0.0496324
0 0.877441 0.720588 0.0283203 0.0477941
1 0.381348 0.786765 0.0224609 0.0422794
1 0.188477 0.479779 0.0253906 0.0459559
0 0.880371 0.824908 0.0234375 0.0505515
1 0.163818 0.77114 0.0258789 0.0459559
1 0.314941 0.147978 0.0244141 0.0459559
1 0.0148926 0.981158 0.0258789 0.0376838
1 0.915771 0.494945 0.0297852 0.0487132
0 0.857178 0.86443 0.0249023 0.0487132
0 0.473877 0.670496 0.0219727 0.046875
1 0.211426 0.0795037 0.0263672 0.0523897
0 0.558594 0.882353 0.0253906 0.0459559
1 0.838135 0.12454 0.0249023 0.0450368
0 0.7854 0.594669 0.0288086 0.0459559
1 0.751953 0.922794 0.0263672 0.0514706
1 0.157227 0.492647 0.0234375 0.0441176
0 0.826416 0.808824 0.0249023 0.0514706
1 0.925781 0.85386 0.0263672 0.0459559
1 0.196777 0.53079 0.0234375 0.0431985
1 0.88208 0.0859375 0.0219727 0.0431985
1 0.596436 0.295956 0.0229492 0.0422794
1 0.666748 0.394301 0.0209961 0.0422794
1 0.172119 0.0188419 0.0297852 0.0376838
1 0.0913086 0.0317096 0.0332031 0.0523897
0 0.755615 0.789062 0.0258789 0.0450368
1 0.0961914 0.355699 0.0253906 0.0459559
0 0.320068 0.644761 0.0239258 0.0431985
0 0.56543 0.602941 0.0273438 0.0441176
1 0.858643 0.0836397 0.0219727 0.0441176
1 0.151367 0.289062 0.0263672 0.0431985
1 0.525635 0.268842 0.0258789 0.0487132
1 0.37793 0.369026 0.0253906 0.0450368
1 0.124268 0.82307 0.0268555 0.046875
1 0.146729 0.585018 0.0209961 0.0431985
1 0.805176 0.178768 0.0224609 0.0413603
1 0.391602 0.875 0.0234375 0.0496324
1 0.132812 0.609835 0.0214844 0.0413603
1 0.0932617 0.602022 0.0234375 0.0459559
1 0.812012 0.301471 0.0263672 0.0441176
1 0.808594 0.118107 0.0214844 0.0450368
1 0.102295 0.523897 0.0239258 0.0477941
1 0.0222168 0.444393 0.0229492 0.0413603
1 0.989014 0.175092 0.0219727 0.0505515
1 0.03125 0.410386 0.0234375 0.0413603
1 0.147705 0.234375 0.0268555 0.0441176
1 0.335449 0.184283 0.0253906 0.0450368
1 0.691162 0.38557 0.0258789 0.046875
1 0.897461 0.106158 0.0234375 0.0450368
1 0.58252 0.245864 0.0234375 0.0431985
1 0.23877 0.346507 0.0283203 0.0514706
1 0.0939941 0.815257 0.0288086 0.0533088
1 0.80542 0.210478 0.0239258 0.0422794
1 0.785156 0.271599 0.0253906 0.046875
1 0.504639 0.176471 0.0268555 0.0496324
1 0.227539 0.770221 0.0253906 0.0441176
1 0.419189 0.946232 0.0268555 0.0487132
1 0.205322 0.314338 0.0249023 0.0477941
1 0.98291 0.919577 0.0283203 0.0560662
1 0.313721 0.247243 0.0258789 0.0459559
