1 0.77002 0.753217 0.0263672 0.0450368
1 0.882812 0.242188 0.0205078 0.046875
0 0.858643 0.0850184 0.0200195 0.0450368
0 0.990967 0.415441 0.0180664 0.0367647
1 0.791992 0.590074 0.0283203 0.0477941
0 0.92041 0.980239 0.03125 0.0395221
0 0.916992 0.493107 0.0234375 0.0431985
1 0.233643 0.340993 0.0258789 0.0496324
0 0.825684 0.78079 0.0263672 0.0450368
1 0.858643 0.254596 0.0200195 0.0404412
0 0.439453 0.883732 0.0253906 0.0487132
0 0.233887 0.339614 0.0263672 0.0542279
1 0.811035 0.116268 0.0205078 0.0450368
0 0.567139 0.596967 0.0288086 0.0523897
1 0.835938 0.866728 0.0205078 0.0367647
1 0.917236 0.492188 0.027832 0.046875
0 0.792969 0.589614 0.0253906 0.0450368
1 0.09375 0.0275735 0.0332031 0.0477941
0 0.810791 0.118107 0.0219727 0.0450368
1 0.439453 0.883732 0.0244141 0.0487132
1 0.756592 0.789522 0.0249023 0.0422794
0 0.198486 0.0657169 0.0258789 0.0450368
0 0.770996 0.925092 0.0263672 0.0505515
1 0.198486 0.0657169 0.0258789 0.0450368
1 0.825928 0.955882 0.0297852 0.0496324
1 0.83667 0.12454 0.0219727 0.0413603
0 0.785156 0.272059 0.0224609 0.0477941
0 0.198242 0.95864 0.03125 0.0533088
1 0.547363 0.899357 0.0263672 0.0450368
1 0.806885 0.301471 0.0219727 0.0422794
1 0.828857 0.623162 0.0219727 0.0477941
1 0.690186 0.386489 0.0288086 0.0560662
1 0.989014 0.172794 0.0219727 0.0477941
0 0.0224609 0.193474 0.0273438 0.0523897
0 0.689941 0.387408 0.0283203 0.0579044
1 0.568359 0.598346 0.0263672 0.0459559
1 0.517822 0.199449 0.0209961 0.0386029
1 0.824951 0.779871 0.0268555 0.046875
0 0.0852051 0.238511 0.0307617 0.0542279
0 0.932861 0.878676 0.0249023 0.0459559
1 0.394043 0.230699 0.0244141 0.0422794
1 0.93457 0.565257 0.0234375 0.0459559
1 0.258789 0.845588 0.0263672 0.0477941
1 0.198486 0.95864 0.0288086 0.0496324
1 0.171631 0.0211397 0.0268555 0.0404412
1 0.543457 0.0579044 0.0244141 0.0441176
0 0.756592 0.79182 0.0239258 0.0431985
0 0.207764 0.316176 0.0268555 0.0533088
1 0.52417 0.269301 0.0219727 0.0404412
0 0.871826 0.741268 0.0249023 0.0450368
0 0.102783 0.380515 0.027832 0.0514706
0 0.828857 0.622702 0.0249023 0.0487132
0 0.82666 0.954504 0.0283203 0.0505515
1 0.872803 0.738971 0.0249023 0.0477941
0 0.769775 0.754596 0.0249023 0.0422794
1 0.770508 0.925092 0.0273438 0.0505515
1 0.527588 0.310202 0.0209961 0.0395221
1 0.193604 0.539062 0.0307617 0.0579044
1 0.566895 0.0850184 0.0234375 0.0431985
0 0.164307 0.77068 0.0297852 0.0523897
1 0.86499 0.860294 0.0219727 0.0459559
1 0.880371 0.827206 0.0234375 0.0459559
1 0.979736 0.902114 0.0268555 0.0505515
1 0.391357 0.871324 0.0229492 0.0496324
1 0.410889 0.915441 0.0229492 0.0422794
1 0.415283 0.457721 0.0258789 0.0477941
1 0.311768 0.245864 0.0288086 0.046875
1 0.378906 0.368107 0.0253906 0.0450368
1 0.409424 0.340074 0.0249023 0.0441176
