1 0.020752 0.194393 0.0268555 0.0560662
1 0.771484 0.73943 0.0205078 0.0431985
0 0.0961914 0.587316 0.0283203 0.0496324
0 0.101807 0.37454 0.0258789 0.046875
1 0.873535 0.728401 0.0263672 0.046875
1 0.91626 0.982077 0.0297852 0.0358456
0 0.439941 0.88511 0.0244141 0.0459559
0 0.828857 0.622243 0.0249023 0.0496324
1 0.172119 0.0211397 0.027832 0.0386029
0 0.873535 0.729779 0.0234375 0.0441176
0 0.0214844 0.194393 0.0263672 0.0505515
0 0.206299 0.316636 0.0249023 0.0523897
0 0.0852051 0.238051 0.0307617 0.0533088
1 0.932861 0.56296 0.0268555 0.0431985
1 0.835938 0.865349 0.0205078 0.0395221
1 0.882812 0.241268 0.0214844 0.046875
1 0.929688 0.870404 0.0263672 0.0441176
0 0.82666 0.954963 0.0283203 0.0496324
1 0.203369 0.0730699 0.0258789 0.0450368
1 0.917236 0.492188 0.0297852 0.046875
1 0.789551 0.590993 0.0253906 0.0441176
1 0.440674 0.883732 0.0239258 0.046875
1 0.858643 0.254596 0.0219727 0.0422794
1 0.825684 0.955882 0.0283203 0.0477941
1 0.858643 0.0836397 0.0219727 0.0477941
1 0.258301 0.84421 0.0244141 0.0450368
0 0.93042 0.869945 0.0249023 0.0487132
1 0.98877 0.173254 0.0224609 0.0505515
1 0.836914 0.12454 0.0234375 0.0450368
1 0.828857 0.623162 0.0219727 0.0477941
0 0.095459 0.536305 0.027832 0.0505515
1 0.810547 0.117188 0.0214844 0.0450368
0 0.197998 0.95818 0.027832 0.046875
1 0.0935059 0.0266544 0.0317383 0.0441176
1 0.809082 0.300092 0.0253906 0.0431985
1 0.861816 0.861673 0.0234375 0.0487132
1 0.785156 0.272059 0.0244141 0.0477941
1 0.0952148 0.584559 0.0283203 0.0477941
1 0.551514 0.89568 0.0258789 0.0431985
1 0.567627 0.600184 0.0258789 0.0459559
1 0.690918 0.387408 0.0263672 0.0487132
0 0.203369 0.0712316 0.0249023 0.046875
1 0.825928 0.786765 0.0249023 0.0477941
1 0.23584 0.340533 0.0263672 0.046875
1 0.206543 0.315257 0.0244141 0.0477941
1 0.515137 0.193934 0.0234375 0.0459559
1 0.880371 0.826746 0.0234375 0.046875
1 0.524414 0.269301 0.0234375 0.0404412
1 0.196289 0.53171 0.0273438 0.0505515
1 0.391602 0.871783 0.0224609 0.0487132
1 0.76709 0.925092 0.0263672 0.0523897
1 0.568848 0.0928309 0.0224609 0.0441176
1 0.53833 0.0565257 0.0268555 0.0431985
1 0.528076 0.310202 0.0219727 0.0413603
1 0.415039 0.924173 0.0234375 0.0450368
0 0.164551 0.77068 0.0292969 0.0523897
1 0.981934 0.909926 0.0283203 0.0514706
1 0.755859 0.789062 0.0244141 0.0450368
1 0.396973 0.539062 0.0205078 0.0395221
1 0.395996 0.223346 0.0234375 0.0459559
1 0.415283 0.457721 0.0249023 0.0441176
1 0.375244 0.539982 0.0229492 0.0431985
1 0.378418 0.368107 0.0244141 0.0431985
1 0.409668 0.340533 0.0244141 0.0431985
1 0.311523 0.245864 0.0273438 0.0431985
