1 0.883545 0.234375 0.0249023 0.0386029
1 0.0974121 0.578585 0.0249023 0.0762868
1 0.876465 0.721507 0.0283203 0.0477941
1 0.613281 0.0128676 0.0253906 0.0257353
1 0.805176 0.988511 0.0302734 0.0229779
1 0.837402 0.865349 0.0234375 0.0395221
1 0.85791 0.253217 0.0234375 0.0376838
0 0.825928 0.954504 0.0297852 0.0487132
1 0.533447 0.323989 0.0209961 0.0431985
0 0.56665 0.598805 0.0288086 0.0523897
0 0.914062 0.982077 0.0283203 0.0340074
0 0.876465 0.723805 0.0263672 0.046875
1 0.787109 0.592371 0.0253906 0.046875
1 0.917236 0.493566 0.027832 0.0459559
1 0.235596 0.71875 0.0209961 0.0386029
1 0.566895 0.600184 0.0273438 0.0477941
1 0.77417 0.719669 0.0239258 0.0459559
1 0.826416 0.797794 0.0249023 0.0496324
1 0.553955 0.886949 0.0258789 0.0422794
1 0.828857 0.622243 0.0219727 0.0459559
1 0.590088 0.284007 0.0219727 0.0367647
1 0.880371 0.825827 0.0234375 0.0450368
1 0.755615 0.789522 0.0249023 0.0441176
1 0.132324 0.605239 0.0205078 0.0413603
1 0.93042 0.56296 0.0268555 0.0450368
1 0.142334 0.590533 0.0200195 0.0431985
1 0.207275 0.0776654 0.0249023 0.046875
1 0.257568 0.84375 0.0249023 0.0441176
1 0.858398 0.862592 0.0234375 0.046875
1 0.825928 0.955882 0.0297852 0.0496324
1 0.0148926 0.981618 0.0268555 0.0367647
1 0.589111 0.256893 0.0219727 0.0340074
1 0.172363 0.0202206 0.0283203 0.0404412
1 0.690674 0.38557 0.0268555 0.0487132
1 0.196533 0.948529 0.027832 0.0496324
1 0.0913086 0.0298713 0.0332031 0.046875
1 0.0195312 0.195772 0.0253906 0.0514706
1 0.838379 0.12454 0.0234375 0.0450368
1 0.896729 0.107077 0.0219727 0.0431985
1 0.399658 0.215074 0.0249023 0.0496324
1 0.759766 0.926471 0.0292969 0.0533088
1 0.740967 0.153033 0.0209961 0.0395221
1 0.531982 0.0638787 0.0249023 0.0450368
1 0.730713 0.118566 0.0219727 0.0422794
1 0.859375 0.0840993 0.0214844 0.0431985
1 0.98877 0.174632 0.0224609 0.0477941
1 0.571289 0.103401 0.0234375 0.0450368
1 0.233398 0.757812 0.0214844 0.0413603
1 0.0852051 0.237132 0.0297852 0.0533088
1 0.98291 0.914522 0.0283203 0.0533088
1 0.809082 0.118566 0.0224609 0.0441176
1 0.439453 0.886029 0.0253906 0.0441176
1 0.52417 0.268382 0.0249023 0.0477941
1 0.884277 0.0882353 0.0205078 0.0422794
1 0.928955 0.859835 0.0249023 0.0487132
1 0.371582 0.539522 0.0263672 0.0459559
1 0.391846 0.873621 0.0229492 0.0487132
1 0.0991211 0.526195 0.0273438 0.0487132
1 0.117676 0.817555 0.0224609 0.0450368
1 0.508057 0.186581 0.0249023 0.0459559
1 0.196777 0.529412 0.0234375 0.0441176
1 0.097168 0.814798 0.0253906 0.0450368
1 0.186523 0.484835 0.0224609 0.0450368
1 0.785645 0.272059 0.0234375 0.0477941
1 0.164307 0.77068 0.0268555 0.0505515
1 0.811768 0.300551 0.0249023 0.0441176
1 0.163086 0.483456 0.0234375 0.0441176
1 0.414795 0.457721 0.0249023 0.0441176
1 0.378174 0.367647 0.0249023 0.0441176
1 0.0947266 0.599265 0.0234375 0.0441176
1 0.41626 0.940257 0.0258789 0.0496324
1 0.148193 0.235294 0.0229492 0.0404412
1 0.409668 0.340533 0.0253906 0.0450368
1 0.311279 0.245864 0.0268555 0.0505515
1 0.0993652 0.363971 0.0258789 0.0459559
1 0.23877 0.34421 0.0283203 0.0505515
1 0.205078 0.314798 0.0244141 0.046875
1 0.404297 0.538603 0.0244141 0.0459559
1 0.155029 0.269301 0.0219727 0.0404412
