0 0.548828 0.898438 0.0253906 0.046875
0 0.990967 0.414982 0.0180664 0.0376838
0 0.859375 0.0850184 0.0253906 0.046875
0 0.102539 0.377298 0.0283203 0.0523897
0 0.7854 0.273438 0.0258789 0.0450368
0 0.567139 0.596967 0.0288086 0.0523897
1 0.0939941 0.557445 0.0249023 0.0579044
1 0.858643 0.0840993 0.0219727 0.046875
1 0.020752 0.193934 0.0268555 0.0551471
0 0.439697 0.88511 0.0249023 0.0459559
0 0.790283 0.591452 0.0258789 0.0450368
0 0.0854492 0.238511 0.0302734 0.0523897
0 0.810791 0.118107 0.0219727 0.046875
1 0.0856934 0.237592 0.0288086 0.0505515
1 0.882812 0.241728 0.0214844 0.0477941
0 0.69043 0.387408 0.0273438 0.0542279
0 0.0219727 0.194393 0.0263672 0.0505515
0 0.917969 0.981618 0.03125 0.0367647
0 0.199707 0.0703125 0.0253906 0.0431985
0 0.207031 0.316636 0.0263672 0.0542279
1 0.858643 0.255055 0.0219727 0.0413603
1 0.917236 0.491728 0.027832 0.0459559
1 0.835938 0.865349 0.0205078 0.0376838
0 0.197998 0.959559 0.0307617 0.0514706
1 0.440186 0.883732 0.0249023 0.0487132
0 0.873535 0.733915 0.0263672 0.0450368
1 0.550293 0.897978 0.0263672 0.0441176
1 0.790771 0.590074 0.0249023 0.0459559
1 0.810059 0.116728 0.0205078 0.0441176
1 0.808594 0.300092 0.0234375 0.0395221
1 0.932861 0.564798 0.0249023 0.046875
1 0.102783 0.37546 0.0258789 0.0505515
1 0.0932617 0.0275735 0.0302734 0.0441176
1 0.836914 0.12454 0.0234375 0.0431985
1 0.690674 0.387868 0.027832 0.0533088
1 0.171875 0.0211397 0.0273438 0.0386029
0 0.828857 0.622702 0.0249023 0.0487132
1 0.785156 0.272059 0.0234375 0.0477941
1 0.989014 0.173254 0.0219727 0.0505515
1 0.825928 0.955882 0.0297852 0.0496324
0 0.82666 0.954504 0.0283203 0.0505515
1 0.828857 0.623621 0.0219727 0.046875
1 0.824951 0.784007 0.0268555 0.0496324
0 0.0935059 0.54136 0.0258789 0.0459559
1 0.200684 0.0703125 0.0263672 0.0450368
1 0.197998 0.959559 0.0288086 0.0477941
1 0.568359 0.598805 0.0253906 0.046875
1 0.258789 0.845129 0.0253906 0.046875
1 0.195557 0.535846 0.0288086 0.0551471
1 0.207031 0.314798 0.0253906 0.0487132
1 0.391113 0.542279 0.0205078 0.0367647
1 0.873535 0.733456 0.0263672 0.0477941
0 0.16333 0.769761 0.0297852 0.0542279
0 0.93042 0.872702 0.027832 0.046875
1 0.234863 0.340074 0.0263672 0.0477941
1 0.377686 0.539062 0.0209961 0.0376838
1 0.516113 0.19761 0.0205078 0.0422794
1 0.863281 0.860754 0.0234375 0.046875
1 0.524658 0.269301 0.0229492 0.0404412
1 0.527588 0.310202 0.0209961 0.0413603
1 0.981201 0.90671 0.0268555 0.0487132
1 0.77002 0.924632 0.0273438 0.0514706
1 0.391357 0.871324 0.0229492 0.0496324
1 0.413086 0.920037 0.0234375 0.0459559
1 0.39502 0.227022 0.0234375 0.0441176
1 0.880371 0.826746 0.0234375 0.046875
1 0.567871 0.0886949 0.0244141 0.0450368
1 0.0949707 0.578125 0.0268555 0.0441176
1 0.771484 0.743107 0.0244141 0.046875
1 0.542236 0.0565257 0.0258789 0.0450368
1 0.755859 0.789062 0.0244141 0.0450368
1 0.415283 0.457721 0.0258789 0.0459559
1 0.378662 0.368566 0.0249023 0.0422794
1 0.409424 0.340074 0.0239258 0.0441176
1 0.311523 0.245864 0.0273438 0.0450368
