0 0.82666 0.955423 0.0283203 0.0542279
0 0.533691 0.918658 0.03125 0.0487132
0 0.832764 0.769301 0.0297852 0.0533088
1 0.812012 0.119026 0.0244141 0.0450368
0 0.96167 0.866268 0.027832 0.046875
0 0.189453 0.54136 0.0341797 0.0698529
0 0.568359 0.596967 0.0302734 0.0560662
0 0.835938 0.122702 0.0214844 0.046875
0 0.101318 0.0225184 0.0336914 0.0450368
0 0.799316 0.595588 0.0283203 0.0496324
1 0.101807 0.0234375 0.0336914 0.046875
1 0.109375 0.386949 0.0292969 0.0643382
1 0.785889 0.926011 0.0268555 0.0487132
0 0.811523 0.118107 0.0234375 0.046875
0 0.922607 0.976562 0.027832 0.0431985
1 0.835205 0.12546 0.0219727 0.0450368
1 0.0849609 0.238511 0.0341797 0.0634191
1 0.528564 0.272978 0.0229492 0.0404412
0 0.828857 0.623162 0.0249023 0.0477941
1 0.962402 0.871324 0.0234375 0.0422794
1 0.56958 0.596507 0.027832 0.0496324
0 0.872559 0.746324 0.0283203 0.0477941
1 0.529297 0.306526 0.0214844 0.0431985
1 0.310547 0.240349 0.03125 0.0542279
1 0.203125 0.957261 0.0302734 0.0523897
1 0.946777 0.561121 0.0263672 0.0487132
1 0.923584 0.976562 0.0297852 0.0431985
1 0.832031 0.77068 0.0292969 0.0560662
0 0.309814 0.23989 0.0307617 0.0533088
1 0.385742 0.255515 0.0253906 0.0477941
0 0.0852051 0.238051 0.0356445 0.0588235
1 0.800049 0.59421 0.0268555 0.0487132
0 0.258789 0.846967 0.0273438 0.0505515
0 0.439209 0.882353 0.0327148 0.0569853
1 0.91626 0.494945 0.0249023 0.046875
1 0.872559 0.745864 0.0283203 0.046875
1 0.988281 0.172335 0.0234375 0.0505515
1 0.828857 0.62454 0.0219727 0.046875
0 0.202148 0.957261 0.0273438 0.0487132
1 0.415527 0.455423 0.0234375 0.046875
0 0.934326 0.882812 0.0249023 0.0413603
0 0.164551 0.772518 0.0283203 0.0542279
0 0.109131 0.389706 0.0288086 0.0625
1 0.377441 0.366728 0.0234375 0.0422794
0 0.0222168 0.193474 0.0336914 0.0670956
1 0.395264 0.341452 0.0249023 0.0413603
1 0.689941 0.389706 0.0302734 0.0643382
1 0.189209 0.542279 0.034668 0.0661765
1 0.826416 0.954504 0.0297852 0.0505515
