0 0.195557 0.92739 0.0249023 0.0422794
0 0.559814 0.877757 0.027832 0.0459559
0 0.535889 0.49954 0.0249023 0.0431985
0 0.564209 0.610754 0.0249023 0.0450368
1 0.963135 0.211857 0.0219727 0.0395221
0 0.619629 0.982996 0.03125 0.0266544
1 0.125244 0.490809 0.0219727 0.0496324
1 0.989746 0.820772 0.0185547 0.0441176
1 0.0341797 0.903493 0.0292969 0.0606618
1 0.985107 0.764706 0.0200195 0.0386029
1 0.0769043 0.246783 0.0297852 0.0523897
0 0.744141 0.919118 0.0273438 0.0459559
1 0.464355 0.670496 0.0244141 0.046875
0 0.532471 0.461857 0.0249023 0.0450368
0 0.51001 0.680607 0.0288086 0.0505515
1 0.833496 0.86443 0.0205078 0.0395221
0 0.878906 0.0818015 0.0234375 0.0404412
1 0.854004 0.0767463 0.0205078 0.0413603
1 0.673828 0.712776 0.0214844 0.0450368
1 0.532715 0.461857 0.0244141 0.0431985
1 0.53833 0.499081 0.0229492 0.0422794
0 0.828857 0.823529 0.0219727 0.0459559
1 0.920166 0.556985 0.0249023 0.0404412
1 0.879639 0.0790441 0.0200195 0.0386029
1 0.846924 0.685202 0.027832 0.0376838
0 0.392822 0.657629 0.0239258 0.0450368
1 0.828125 0.822151 0.0214844 0.046875
1 0.259277 0.846967 0.0283203 0.046875
1 0.608643 0.015625 0.0249023 0.03125
0 0.464844 0.670956 0.0253906 0.0459559
1 0.509766 0.679688 0.0263672 0.046875
1 0.381592 0.786765 0.0258789 0.0477941
1 0.455811 0.494945 0.0219727 0.0395221
1 0.7771 0.872243 0.0209961 0.0386029
1 0.708496 0.651195 0.0224609 0.0413603
1 0.933594 0.331801 0.0205078 0.0367647
1 0.943604 0.320772 0.0219727 0.0404412
0 0.364502 0.688419 0.0249023 0.0496324
1 0.234131 0.348805 0.0239258 0.046875
0 0.0761719 0.247243 0.0302734 0.0496324
0 0.235107 0.710938 0.0249023 0.046875
1 0.910889 0.49954 0.0268555 0.0450368
1 0.978271 0.4375 0.0249023 0.0441176
1 0.970459 0.199449 0.0219727 0.0386029
1 0.855469 0.867647 0.0263672 0.0477941
1 0.735107 0.180147 0.0229492 0.0459559
1 0.377441 0.370864 0.0253906 0.0450368
0 0.324707 0.631434 0.0244141 0.0441176
1 0.885986 0.236213 0.0268555 0.0441176
1 0.876465 0.713695 0.0234375 0.0431985
1 0.991699 0.761029 0.0166016 0.0404412
1 0.0185547 0.460018 0.0263672 0.0505515
1 0.195557 0.929228 0.0258789 0.0441176
1 0.4104 0.538143 0.0249023 0.046875
1 0.780029 0.691176 0.0258789 0.0477941
1 0.0944824 0.350643 0.027832 0.0487132
1 0.44043 0.884651 0.0273438 0.046875
1 0.879883 0.823989 0.0234375 0.046875
1 0.677246 0.0588235 0.0224609 0.0404412
0 0.0134277 0.203125 0.0258789 0.0588235
1 0.743896 0.918199 0.0249023 0.0441176
1 0.755859 0.789062 0.0253906 0.0450368
0 0.269775 0.984375 0.0268555 0.03125
1 0.196777 0.532169 0.0253906 0.0459559
1 0.72998 0.101103 0.0234375 0.0459559
1 0.372314 0.536765 0.027832 0.0496324
1 0.646973 0.389706 0.0224609 0.0441176
1 0.588867 0.362132 0.0234375 0.0422794
1 0.393311 0.870864 0.027832 0.0542279
1 0.176025 0.829963 0.0249023 0.0422794
1 0.359863 0.170956 0.0224609 0.0404412
1 0.679932 0.131434 0.0249023 0.0422794
1 0.76709 0.0859375 0.0205078 0.0395221
1 0.691406 0.445312 0.0224609 0.0450368
0 0.258301 0.846967 0.0263672 0.0431985
1 0.157227 0.501379 0.0224609 0.046875
1 0.712891 0.476103 0.0253906 0.0386029
0 0.316162 0.880974 0.0249023 0.0487132
1 0.0895996 0.599724 0.0249023 0.0487132
0 0.298096 0.670496 0.0297852 0.046875
1 0.726562 0.634651 0.0214844 0.0431985
1 0.851562 0.261949 0.0263672 0.0422794
1 0.992188 0.543199 0.015625 0.0477941
1 0.92041 0.842831 0.0263672 0.0459559
1 0.571777 0.104779 0.0224609 0.0404412
1 0.834473 0.126379 0.0234375 0.0413603
1 0.0917969 0.0344669 0.0332031 0.0542279
1 0.187744 0.46829 0.0268555 0.046875
1 0.797607 0.407629 0.0219727 0.0395221
1 0.694092 0.734375 0.0200195 0.0459559
1 0.152344 0.22886 0.0273438 0.0514706
1 0.783447 0.59421 0.0258789 0.0431985
1 0.0317383 0.409926 0.0253906 0.0459559
1 0.759766 0.0556066 0.0214844 0.0395221
1 0.964844 0.750919 0.0253906 0.0441176
1 0.205322 0.854779 0.0268555 0.0441176
1 0.171143 0.0170037 0.0268555 0.0340074
1 0.145508 0.587776 0.0253906 0.046875
1 0.828857 0.62454 0.0249023 0.0523897
1 0.146484 0.303309 0.0263672 0.0477941
1 0.520752 0.0698529 0.0229492 0.0422794
1 0.164307 0.772518 0.0258789 0.0487132
1 0.0925293 0.81204 0.0268555 0.046875
1 0.41748 0.95818 0.0273438 0.0487132
1 0.80249 0.170496 0.0229492 0.0450368
1 0.414551 0.460478 0.0263672 0.0496324
1 0.224609 0.786765 0.0273438 0.0477941
1 0.826416 0.954044 0.0297852 0.0441176
1 0.128418 0.828585 0.0263672 0.0505515
1 0.612549 0.251379 0.0200195 0.0395221
1 0.0141602 0.980699 0.0244141 0.0386029
1 0.360352 0.199908 0.0214844 0.0413603
1 0.990967 0.176471 0.0180664 0.0459559
1 0.309814 0.128217 0.0268555 0.0487132
1 0.407715 0.204044 0.0253906 0.0459559
1 0.803711 0.108456 0.0234375 0.0441176
1 0.534424 0.339154 0.0229492 0.0441176
1 0.445312 0.475643 0.0214844 0.0395221
1 0.395264 0.125 0.0229492 0.0404412
1 0.668701 0.391544 0.0229492 0.0422794
1 0.569336 0.389246 0.0234375 0.0413603
1 0.808594 0.298713 0.0234375 0.0404412
1 0.0375977 0.919118 0.0263672 0.0441176
1 0.500732 0.174173 0.0249023 0.0450368
1 0.692383 0.384191 0.0234375 0.0441176
1 0.598145 0.300092 0.0244141 0.0431985
1 0.782471 0.272518 0.0258789 0.0450368
1 0.813232 0.442096 0.0249023 0.0422794
1 0.459717 0.109835 0.0229492 0.0487132
1 0.597168 0.229779 0.0205078 0.0422794
1 0.805664 0.22886 0.0244141 0.0441176
1 0.408691 0.342371 0.0263672 0.0450368
1 0.0307617 0.884651 0.0253906 0.0431985
1 0.217041 0.0758272 0.0239258 0.0487132
1 0.577881 0.25 0.0209961 0.0459559
1 0.132568 0.623162 0.0258789 0.0477941
1 0.108154 0.528493 0.0268555 0.0496324
1 0.315918 0.24954 0.0263672 0.046875
1 0.402588 0.159926 0.0219727 0.0441176
1 0.980469 0.734375 0.0214844 0.0386029
1 0.483398 0.131893 0.0234375 0.046875
1 0.985107 0.930147 0.0268555 0.0533088
1 0.333496 0.193934 0.0253906 0.0459559
1 0.528564 0.270221 0.0239258 0.0459559
1 0.206543 0.31296 0.0253906 0.0487132
1 0.245117 0.0252757 0.0253906 0.0450368
