1 0.30957 0.238511 0.0292969 0.0579044
0 0.101807 0.0229779 0.034668 0.0459559
1 0.949951 0.557445 0.0297852 0.046875
1 0.109375 0.387408 0.0292969 0.0634191
0 0.189697 0.54182 0.034668 0.0707721
0 0.789307 0.925092 0.0258789 0.0505515
0 0.799316 0.595129 0.0283203 0.0523897
1 0.102295 0.0238971 0.0336914 0.0477941
1 0.835205 0.765165 0.0249023 0.046875
1 0.789307 0.925092 0.0258789 0.0487132
0 0.825684 0.954044 0.0283203 0.0514706
0 0.922607 0.977941 0.027832 0.0441176
0 0.872559 0.746324 0.0263672 0.0477941
0 0.56958 0.597426 0.0317383 0.0551471
1 0.56958 0.596507 0.0288086 0.0514706
1 0.38501 0.256893 0.0288086 0.0487132
0 0.93457 0.882353 0.0234375 0.0404412
1 0.923584 0.975643 0.0297852 0.0431985
0 0.819336 0.125919 0.0234375 0.0477941
1 0.828857 0.624081 0.0219727 0.0477941
0 0.258789 0.846967 0.0283203 0.0505515
0 0.828857 0.622702 0.0249023 0.0487132
1 0.988281 0.172335 0.0234375 0.0505515
1 0.960205 0.869945 0.0249023 0.0413603
0 0.310059 0.23943 0.0302734 0.0560662
1 0.800293 0.594669 0.0263672 0.0496324
1 0.203369 0.95818 0.0307617 0.0542279
0 0.202393 0.95818 0.0288086 0.0505515
0 0.164551 0.772518 0.0283203 0.0542279
1 0.416016 0.455423 0.0253906 0.0487132
0 0.0852051 0.23943 0.034668 0.0615809
0 0.438965 0.882353 0.0341797 0.0569853
1 0.91626 0.494945 0.0249023 0.046875
1 0.872559 0.745404 0.0263672 0.0459559
1 0.377197 0.367647 0.0219727 0.0422794
0 0.109131 0.389246 0.0288086 0.0615809
1 0.39209 0.34329 0.0224609 0.0431985
0 0.0222168 0.193474 0.0336914 0.0670956
1 0.825684 0.954504 0.0283203 0.0487132
1 0.689941 0.389706 0.0302734 0.0661765
1 0.189209 0.542279 0.034668 0.0661765
