0 0.83374 0.767923 0.0297852 0.0487132
0 0.858643 0.0840993 0.0219727 0.046875
1 0.109619 0.386949 0.0297852 0.0625
0 0.835938 0.122702 0.0214844 0.046875
0 0.960938 0.868566 0.0253906 0.0422794
0 0.568359 0.596507 0.03125 0.0569853
0 0.789795 0.925551 0.0268555 0.0496324
0 0.189697 0.54136 0.034668 0.0698529
1 0.834473 0.12546 0.0234375 0.0450368
1 0.102051 0.0238971 0.0341797 0.0477941
1 0.78833 0.925092 0.0268555 0.0487132
0 0.101807 0.0229779 0.034668 0.0459559
0 0.799316 0.595129 0.0283203 0.0505515
0 0.922607 0.977022 0.0297852 0.0441176
1 0.310303 0.23943 0.0307617 0.0542279
1 0.833496 0.767463 0.0283203 0.0514706
1 0.94751 0.560662 0.0249023 0.0477941
1 0.816406 0.119485 0.0234375 0.0477941
0 0.872559 0.745404 0.0283203 0.0496324
0 0.828857 0.623621 0.0249023 0.0487132
1 0.923584 0.975643 0.0297852 0.0431985
1 0.960938 0.869945 0.0253906 0.0413603
0 0.816406 0.117647 0.0234375 0.0459559
1 0.56958 0.596048 0.027832 0.0505515
0 0.30957 0.238971 0.0302734 0.0551471
1 0.385254 0.255515 0.0283203 0.0477941
1 0.203125 0.957261 0.0302734 0.0542279
1 0.800049 0.594669 0.0268555 0.0496324
1 0.829102 0.62454 0.0234375 0.0487132
0 0.438965 0.881893 0.0341797 0.0560662
0 0.258789 0.846967 0.0273438 0.0505515
0 0.93457 0.882353 0.0234375 0.0404412
0 0.202148 0.957261 0.0283203 0.0505515
1 0.988281 0.172794 0.0234375 0.0514706
0 0.0852051 0.23943 0.034668 0.0615809
1 0.872559 0.744945 0.0283203 0.046875
1 0.91626 0.495864 0.0249023 0.046875
0 0.165039 0.772518 0.0283203 0.0542279
1 0.416016 0.454963 0.0244141 0.0477941
1 0.377197 0.367188 0.0219727 0.0413603
0 0.109131 0.389246 0.0288086 0.0615809
0 0.0222168 0.193474 0.0336914 0.0670956
1 0.689941 0.389706 0.0302734 0.0661765
1 0.825684 0.953585 0.0283203 0.0487132
1 0.393066 0.34329 0.0253906 0.0413603
1 0.189209 0.542279 0.034668 0.0661765
