1 0.858643 0.0836397 0.0219727 0.0459559
0 0.858643 0.0840993 0.0219727 0.046875
0 0.82666 0.954504 0.0283203 0.0542279
1 0.109375 0.387408 0.0292969 0.0615809
0 0.568359 0.596967 0.03125 0.0579044
0 0.799316 0.595588 0.0283203 0.0496324
0 0.835938 0.122702 0.0214844 0.046875
1 0.101807 0.0234375 0.0327148 0.046875
0 0.101318 0.0220588 0.0336914 0.0441176
0 0.189697 0.540901 0.0336914 0.0689338
1 0.438721 0.880515 0.0297852 0.0588235
0 0.96167 0.866268 0.027832 0.046875
1 0.810791 0.120404 0.0219727 0.0477941
0 0.832764 0.77114 0.0297852 0.0514706
1 0.786377 0.926011 0.0268555 0.0487132
1 0.529053 0.272978 0.0219727 0.0404412
1 0.961914 0.871324 0.0234375 0.0422794
0 0.812012 0.118566 0.0244141 0.0477941
1 0.923584 0.975643 0.0297852 0.0431985
0 0.828857 0.623162 0.0249023 0.0477941
0 0.921875 0.977022 0.0292969 0.0441176
1 0.528809 0.309283 0.0224609 0.0395221
1 0.310303 0.23989 0.0307617 0.0533088
1 0.835205 0.12546 0.0219727 0.0450368
1 0.202881 0.957261 0.0297852 0.0542279
1 0.946777 0.561121 0.0263672 0.0487132
1 0.832031 0.77068 0.0292969 0.0560662
0 0.872559 0.746324 0.0283203 0.0496324
1 0.56958 0.596507 0.0288086 0.0496324
0 0.30957 0.23943 0.0302734 0.0542279
1 0.872559 0.745404 0.0283203 0.0477941
1 0.988281 0.172335 0.0234375 0.0505515
0 0.258789 0.846967 0.0273438 0.0505515
1 0.385742 0.255974 0.0253906 0.046875
0 0.438965 0.882353 0.0341797 0.0569853
1 0.800049 0.594669 0.0268555 0.0496324
0 0.0852051 0.23943 0.034668 0.0615809
0 0.164795 0.772518 0.027832 0.0542279
0 0.202148 0.957261 0.0273438 0.0487132
1 0.415527 0.454963 0.0234375 0.0459559
1 0.828857 0.624081 0.0219727 0.0459559
0 0.934326 0.882812 0.0249023 0.0413603
1 0.91626 0.495864 0.0249023 0.046875
0 0.109131 0.389706 0.0288086 0.0606618
1 0.377686 0.367188 0.0229492 0.0431985
0 0.0222168 0.193474 0.0336914 0.0670956
1 0.689941 0.390165 0.0302734 0.0652574
1 0.826416 0.954504 0.0297852 0.0505515
1 0.39502 0.341452 0.0244141 0.0413603
1 0.189209 0.54136 0.0336914 0.0661765
