1 0.523926 0.209099 0.0185547 0.0413603
1 0.858643 0.0840993 0.0219727 0.046875
0 0.810791 0.117647 0.0239258 0.0496324
0 0.100342 0.0225184 0.034668 0.0450368
1 0.933594 0.880974 0.0253906 0.0450368
0 0.921875 0.977022 0.03125 0.0459559
0 0.799072 0.595129 0.0288086 0.0505515
0 0.310791 0.897518 0.0307617 0.0542279
0 0.189453 0.540901 0.0341797 0.0689338
1 0.782715 0.922794 0.03125 0.0496324
0 0.567871 0.596967 0.0302734 0.0560662
0 0.534912 0.91682 0.0297852 0.0505515
1 0.569092 0.596507 0.027832 0.0496324
1 0.921875 0.977022 0.0332031 0.0459559
0 0.310547 0.240809 0.03125 0.0514706
1 0.108887 0.387408 0.0302734 0.0634191
1 0.811279 0.119485 0.0229492 0.0477941
1 0.799316 0.594669 0.0263672 0.0496324
1 0.202148 0.95818 0.03125 0.0542279
1 0.397705 0.334559 0.0249023 0.0404412
0 0.828857 0.623162 0.0249023 0.0496324
1 0.98877 0.172335 0.0224609 0.0505515
0 0.829834 0.772059 0.0297852 0.0533088
1 0.943604 0.56296 0.0297852 0.0505515
1 0.835938 0.12454 0.0234375 0.0450368
1 0.528564 0.309283 0.0209961 0.0413603
1 0.917236 0.493566 0.0249023 0.0496324
0 0.782715 0.922794 0.0322266 0.0514706
1 0.310791 0.241728 0.0307617 0.0514706
0 0.20166 0.95818 0.0283203 0.0487132
0 0.438232 0.882812 0.0317383 0.0560662
1 0.829102 0.62454 0.0234375 0.0487132
0 0.934326 0.883272 0.0249023 0.0441176
0 0.872559 0.746324 0.0283203 0.0496324
1 0.415283 0.454963 0.0239258 0.0459559
0 0.0849609 0.238971 0.0341797 0.0625
1 0.527344 0.27068 0.0214844 0.0395221
0 0.108643 0.388787 0.0297852 0.0625
1 0.967773 0.878217 0.0234375 0.046875
1 0.37793 0.367188 0.0244141 0.0450368
1 0.387695 0.251379 0.0273438 0.046875
0 0.826416 0.954504 0.0297852 0.0523897
0 0.258545 0.846967 0.0268555 0.0505515
0 0.165283 0.773438 0.027832 0.0523897
1 0.826416 0.954044 0.0297852 0.0514706
0 0.0222168 0.193015 0.0327148 0.0661765
1 0.189209 0.542279 0.034668 0.0661765
1 0.689453 0.390165 0.03125 0.0652574
