0 0.838867 0.764706 0.0234375 0.0477941
1 0.384277 0.26011 0.0302734 0.0496324
0 0.101807 0.0234375 0.0356445 0.046875
0 0.189453 0.542739 0.0351562 0.0726103
0 0.935303 0.880055 0.0219727 0.0395221
1 0.839844 0.764706 0.0253906 0.0459559
0 0.922607 0.975643 0.027832 0.0431985
1 0.310547 0.240349 0.0292969 0.0597426
1 0.102295 0.0243566 0.034668 0.0487132
1 0.570068 0.596048 0.0288086 0.0523897
1 0.793945 0.925092 0.0234375 0.0487132
1 0.109863 0.386949 0.0302734 0.0643382
0 0.800049 0.59421 0.027832 0.0523897
1 0.438965 0.880515 0.0302734 0.0588235
0 0.872559 0.746324 0.0263672 0.0477941
1 0.258789 0.847886 0.0292969 0.0523897
0 0.525391 0.20818 0.0253906 0.046875
0 0.858643 0.0831801 0.0249023 0.0505515
0 0.56958 0.597426 0.0327148 0.0551471
1 0.933594 0.880974 0.0234375 0.0395221
0 0.258301 0.846967 0.0302734 0.0523897
1 0.309082 0.903952 0.0292969 0.0542279
1 0.828857 0.625 0.0219727 0.0477941
1 0.416016 0.454504 0.0273438 0.0523897
1 0.923584 0.975643 0.0297852 0.0431985
0 0.202881 0.957261 0.0317383 0.0542279
0 0.829102 0.623621 0.0234375 0.0487132
1 0.987549 0.172794 0.0249023 0.0551471
1 0.801025 0.59421 0.0258789 0.0505515
0 0.438965 0.881434 0.0341797 0.0569853
0 0.164551 0.773438 0.0292969 0.0560662
0 0.309082 0.238511 0.0302734 0.0579044
1 0.953857 0.558364 0.0268555 0.0487132
0 0.0852051 0.238051 0.0366211 0.0606618
1 0.872559 0.745404 0.0263672 0.0459559
1 0.956299 0.865349 0.0249023 0.0431985
1 0.203125 0.95818 0.03125 0.0542279
1 0.916504 0.495864 0.0263672 0.046875
0 0.109131 0.387868 0.0307617 0.0625
1 0.825684 0.952665 0.0263672 0.046875
1 0.689941 0.389706 0.0302734 0.0661765
0 0.0219727 0.193474 0.0332031 0.0670956
1 0.189209 0.54182 0.034668 0.0670956
