1 0.838379 0.865349 0.0234375 0.0395221
1 0.876465 0.721048 0.0283203 0.046875
1 0.869385 0.116268 0.0170898 0.0376838
1 0.566406 0.601103 0.0292969 0.0477941
0 0.776367 0.716452 0.0234375 0.0450368
1 0.382324 0.479779 0.0185547 0.0330882
1 0.334229 0.182445 0.019043 0.0413603
0 0.75708 0.925092 0.0297852 0.046875
1 0.613037 0.0133272 0.0258789 0.0266544
0 0.755859 0.789522 0.0292969 0.0459559
1 0.805176 0.988051 0.0302734 0.0238971
1 0.533447 0.327206 0.0219727 0.0441176
0 0.876465 0.723346 0.0263672 0.0459559
1 0.787109 0.59329 0.0253906 0.046875
0 0.912354 0.982537 0.0297852 0.0349265
1 0.824951 0.801471 0.0249023 0.0514706
1 0.7771 0.717371 0.0249023 0.0431985
1 0.758301 0.925551 0.03125 0.0496324
0 0.825684 0.954963 0.0283203 0.0496324
0 0.566406 0.600643 0.0273438 0.046875
1 0.320801 0.167739 0.0195312 0.0431985
1 0.755859 0.79136 0.0263672 0.0441176
1 0.917236 0.493107 0.027832 0.046875
1 0.740967 0.158548 0.0219727 0.0395221
1 0.806152 0.20864 0.0205078 0.0386029
1 0.879883 0.825827 0.0234375 0.0450368
1 0.55542 0.883732 0.0268555 0.0431985
1 0.828857 0.622702 0.0219727 0.046875
1 0.857666 0.253676 0.0249023 0.0422794
1 0.825928 0.955882 0.0297852 0.0477941
1 0.679443 0.0606618 0.0209961 0.0367647
1 0.85791 0.862592 0.0234375 0.0450368
1 0.257324 0.84375 0.0244141 0.0441176
1 0.0910645 0.0298713 0.0327148 0.046875
1 0.690674 0.38557 0.0258789 0.046875
1 0.528076 0.066636 0.0239258 0.0431985
1 0.927979 0.857077 0.0249023 0.046875
1 0.838379 0.12454 0.0234375 0.0431985
1 0.019043 0.196232 0.0253906 0.0505515
1 0.172363 0.019761 0.0292969 0.0395221
1 0.439697 0.88511 0.0258789 0.0459559
1 0.93042 0.5625 0.0268555 0.0441176
1 0.681152 0.0969669 0.0224609 0.0395221
1 0.0148926 0.981618 0.0249023 0.0367647
1 0.236816 0.715533 0.0244141 0.0431985
1 0.571045 0.103401 0.0229492 0.0431985
1 0.988281 0.174632 0.0214844 0.0496324
1 0.858643 0.0836397 0.0200195 0.0422794
1 0.196777 0.946232 0.0283203 0.0487132
1 0.731689 0.116728 0.0219727 0.0422794
1 0.0842285 0.236213 0.0288086 0.0533088
1 0.882812 0.0868566 0.0205078 0.0413603
1 0.100342 0.524816 0.0258789 0.0496324
1 0.401855 0.212776 0.0244141 0.046875
1 0.524658 0.268382 0.0249023 0.0477941
1 0.208984 0.0799632 0.0253906 0.0477941
1 0.809082 0.119026 0.0224609 0.0431985
1 0.14502 0.589614 0.0205078 0.0450368
1 0.371094 0.539062 0.0253906 0.0450368
1 0.13208 0.607996 0.0200195 0.0431985
1 0.391846 0.87454 0.0229492 0.0487132
1 0.592285 0.290441 0.0224609 0.0441176
1 0.98291 0.91682 0.0283203 0.0542279
1 0.897705 0.106158 0.0219727 0.0431985
1 0.50708 0.184283 0.0249023 0.046875
1 0.196777 0.530331 0.0234375 0.0441176
1 0.0983887 0.362592 0.0268555 0.046875
1 0.0942383 0.601103 0.0234375 0.0441176
1 0.585449 0.255974 0.0224609 0.0395221
1 0.414551 0.457261 0.0244141 0.0450368
1 0.811768 0.301011 0.0249023 0.0431985
1 0.785889 0.272059 0.0229492 0.0459559
1 0.231201 0.76011 0.0239258 0.0441176
1 0.1875 0.483456 0.0234375 0.0459559
1 0.37793 0.368107 0.0253906 0.0431985
1 0.160889 0.485754 0.0239258 0.0450368
1 0.410156 0.340533 0.0253906 0.0450368
1 0.147949 0.235294 0.0253906 0.0422794
1 0.417725 0.942555 0.0258789 0.0505515
1 0.164307 0.77068 0.0268555 0.0487132
1 0.0959473 0.813879 0.0268555 0.0505515
1 0.153564 0.273897 0.0258789 0.0422794
1 0.311768 0.246783 0.0258789 0.046875
1 0.405518 0.538143 0.0239258 0.0431985
1 0.119385 0.820312 0.0239258 0.046875
1 0.23877 0.345129 0.0283203 0.0505515
1 0.204834 0.314798 0.0239258 0.046875
