0 0.990967 0.415441 0.0180664 0.0367647
0 0.0959473 0.0252757 0.027832 0.0431985
0 0.543701 0.058364 0.0239258 0.0413603
1 0.882812 0.242188 0.0214844 0.046875
0 0.916992 0.493566 0.0234375 0.0441176
0 0.977295 0.89568 0.0297852 0.0487132
0 0.859375 0.0840993 0.0205078 0.0450368
1 0.771484 0.925092 0.0283203 0.0505515
1 0.858643 0.254596 0.0200195 0.0404412
1 0.0959473 0.0243566 0.0288086 0.0431985
0 0.810791 0.118566 0.0219727 0.0459559
1 0.92041 0.97886 0.03125 0.0422794
0 0.545166 0.905331 0.0249023 0.0496324
1 0.3125 0.892463 0.0273438 0.0496324
0 0.258789 0.846507 0.0253906 0.0496324
1 0.196045 0.0606618 0.0258789 0.0477941
1 0.828857 0.624081 0.0219727 0.0477941
0 0.804443 0.303768 0.0219727 0.0450368
1 0.810791 0.119485 0.0219727 0.0459559
0 0.171875 0.0225184 0.0273438 0.0413603
0 0.825684 0.778033 0.0263672 0.0450368
1 0.917236 0.492188 0.027832 0.046875
0 0.786133 0.272518 0.0234375 0.0450368
0 0.439453 0.884651 0.0234375 0.046875
1 0.259033 0.846048 0.0258789 0.0487132
1 0.54541 0.907629 0.0263672 0.0487132
1 0.519531 0.200827 0.0214844 0.0413603
0 0.198975 0.95864 0.0317383 0.0533088
0 0.920898 0.980699 0.03125 0.0386029
1 0.824219 0.777114 0.0253906 0.0450368
0 0.567627 0.597426 0.0297852 0.0551471
1 0.568848 0.598346 0.0283203 0.0496324
1 0.83667 0.12454 0.0219727 0.0431985
1 0.989014 0.173254 0.0219727 0.0487132
0 0.195557 0.0629596 0.0258789 0.046875
0 0.564697 0.0799632 0.0219727 0.0422794
0 0.689453 0.388327 0.0283203 0.0597426
0 0.933594 0.881434 0.0234375 0.0422794
0 0.794922 0.59329 0.0253906 0.046875
1 0.524902 0.269301 0.0224609 0.0404412
1 0.865479 0.857996 0.0219727 0.046875
1 0.690186 0.387408 0.0297852 0.0597426
1 0.936768 0.565257 0.0268555 0.0459559
0 0.772461 0.922794 0.0273438 0.0496324
1 0.804688 0.30193 0.0234375 0.046875
1 0.879883 0.827206 0.0234375 0.0441176
1 0.528076 0.310662 0.0209961 0.0404412
0 0.0852051 0.238971 0.0307617 0.0533088
1 0.171387 0.0220588 0.0273438 0.0404412
1 0.872803 0.741268 0.0249023 0.0505515
0 0.0224609 0.193015 0.0273438 0.0533088
0 0.75708 0.789982 0.0239258 0.0413603
0 0.871826 0.743566 0.0249023 0.0459559
0 0.230957 0.338695 0.0234375 0.0505515
1 0.199219 0.95864 0.0292969 0.0514706
0 0.828857 0.622702 0.0249023 0.0505515
1 0.410156 0.909926 0.0224609 0.0441176
1 0.391357 0.871783 0.0229492 0.0487132
0 0.826416 0.954044 0.0297852 0.0514706
0 0.164795 0.770221 0.0288086 0.0514706
0 0.10376 0.382353 0.0268555 0.0514706
0 0.769775 0.761489 0.0249023 0.0413603
1 0.977295 0.894761 0.0268555 0.046875
0 0.209473 0.318934 0.0263672 0.0496324
1 0.311035 0.245404 0.0273438 0.0459559
1 0.414795 0.456342 0.0249023 0.0450368
1 0.393066 0.232996 0.0253906 0.046875
1 0.378662 0.368566 0.0258789 0.0459559
1 0.408936 0.340074 0.0239258 0.0459559
1 0.189697 0.54182 0.0297852 0.0542279
