0 0.856934 0.0804228 0.0205078 0.0395221
0 0.40625 0.204504 0.0273438 0.0523897
1 0.893799 0.113051 0.0219727 0.0367647
0 0.780273 0.694853 0.0234375 0.0459559
1 0.195801 0.845588 0.046875 0.0441176
1 0.886719 0.235294 0.0263672 0.0441176
1 0.856934 0.866268 0.0234375 0.046875
1 0.394775 0.134191 0.0200195 0.0367647
0 0.834473 0.863511 0.0205078 0.0395221
1 0.912598 0.499081 0.0234375 0.0459559
1 0.747559 0.921415 0.0244141 0.0431985
1 0.737793 0.175092 0.0224609 0.046875
1 0.401855 0.160386 0.0195312 0.0413603
1 0.780273 0.693934 0.0234375 0.0459559
0 0.689453 0.72932 0.0214844 0.0431985
1 0.712402 0.648897 0.0244141 0.0367647
1 0.989014 0.818934 0.019043 0.0441176
1 0.564453 0.606158 0.0273438 0.0505515
0 0.311279 0.134191 0.0297852 0.0459559
0 0.738281 0.176011 0.0244141 0.0450368
1 0.755859 0.79136 0.0273438 0.0459559
0 0.804199 0.172794 0.0244141 0.0441176
0 0.712402 0.648897 0.0244141 0.0367647
1 0.806152 0.113511 0.0234375 0.0413603
0 0.747314 0.922794 0.0249023 0.0441176
1 0.730469 0.103401 0.0244141 0.046875
0 0.0759277 0.244485 0.0327148 0.0533088
1 0.50415 0.677849 0.0258789 0.0505515
0 0.880371 0.823529 0.0234375 0.0477941
1 0.409912 0.340533 0.027832 0.046875
1 0.688721 0.72932 0.0200195 0.046875
0 0.755859 0.788603 0.0253906 0.0441176
0 0.805908 0.113511 0.0239258 0.0431985
1 0.83667 0.12546 0.0249023 0.0450368
1 0.377686 0.369026 0.0268555 0.0450368
0 0.236328 0.710938 0.0253906 0.0431985
1 0.076416 0.244485 0.0307617 0.0514706
0 0.72998 0.105239 0.0244141 0.0450368
1 0.879883 0.824449 0.0234375 0.0459559
1 0.3125 0.13557 0.0273438 0.046875
0 0.315918 0.882812 0.0244141 0.046875
1 0.678223 0.0597426 0.0234375 0.0404412
1 0.371826 0.538603 0.0268555 0.0496324
1 0.651611 0.397059 0.0229492 0.0422794
1 0.380859 0.787224 0.0253906 0.046875
0 0.482422 0.132353 0.0234375 0.0422794
1 0.521484 0.0693934 0.0234375 0.0431985
0 0.46582 0.113971 0.0195312 0.0404412
0 0.409668 0.340993 0.0263672 0.0441176
1 0.571289 0.105699 0.0234375 0.0441176
1 0.0144043 0.200827 0.0268555 0.0579044
0 0.828125 0.819393 0.0253906 0.0413603
0 0.521729 0.0684743 0.0249023 0.0450368
0 0.257568 0.846507 0.0268555 0.0441176
1 0.406982 0.203125 0.0268555 0.0477941
0 0.559814 0.878676 0.0268555 0.0441176
1 0.259521 0.846048 0.0288086 0.046875
0 0.609863 0.0137868 0.0224609 0.0275735
0 0.39209 0.65671 0.0244141 0.046875
0 0.269287 0.984375 0.0268555 0.03125
1 0.0144043 0.980699 0.0249023 0.0386029
1 0.589111 0.363511 0.0239258 0.0450368
1 0.679199 0.128217 0.0263672 0.0450368
1 0.852295 0.261029 0.0249023 0.0422794
1 0.53418 0.334559 0.0234375 0.0496324
0 0.536621 0.492188 0.0244141 0.0431985
1 0.440918 0.884651 0.0273438 0.046875
1 0.196289 0.532169 0.0253906 0.0459559
1 0.992188 0.758732 0.015625 0.0395221
0 0.368896 0.692555 0.0249023 0.046875
0 0.856201 0.866728 0.0249023 0.0459559
1 0.156494 0.5 0.0239258 0.0496324
1 0.197021 0.931985 0.027832 0.0441176
1 0.482422 0.130515 0.0214844 0.0441176
1 0.724854 0.634191 0.0219727 0.0404412
0 0.879883 0.0831801 0.0234375 0.0395221
0 0.467041 0.671415 0.0258789 0.0487132
1 0.803223 0.171875 0.0234375 0.0422794
1 0.824951 0.954963 0.027832 0.0441176
0 0.50415 0.677849 0.0258789 0.0505515
0 0.672119 0.714154 0.0219727 0.0422794
0 0.535156 0.464154 0.0234375 0.0386029
1 0.247803 0.0229779 0.0239258 0.0404412
1 0.696777 0.449908 0.0244141 0.0413603
1 0.828857 0.623621 0.0219727 0.046875
1 0.921875 0.846048 0.0234375 0.0413603
1 0.967041 0.742647 0.0219727 0.0422794
1 0.799561 0.409467 0.0229492 0.0376838
1 0.0942383 0.352022 0.0283203 0.0496324
1 0.710449 0.471507 0.0234375 0.0404412
0 0.323242 0.634651 0.0224609 0.0431985
1 0.1875 0.473346 0.0244141 0.0459559
1 0.783936 0.59375 0.027832 0.0459559
1 0.334473 0.189798 0.0263672 0.0487132
1 0.813232 0.441636 0.0268555 0.0431985
0 0.299316 0.667279 0.0263672 0.0477941
1 0.989746 0.175551 0.0205078 0.0459559
1 0.669189 0.392463 0.0219727 0.0422794
1 0.876709 0.716912 0.0249023 0.0459559
1 0.923584 0.56296 0.0249023 0.0431985
1 0.22583 0.779412 0.0258789 0.0477941
0 0.564941 0.606158 0.0263672 0.0487132
1 0.202881 0.852941 0.0258789 0.0441176
1 0.171875 0.0179228 0.0302734 0.0358456
1 0.214355 0.078125 0.0253906 0.0514706
1 0.570801 0.388787 0.0234375 0.0422794
1 0.611328 0.249081 0.0195312 0.0404412
1 0.145996 0.585938 0.0234375 0.046875
1 0.391846 0.875919 0.0258789 0.0514706
1 0.580078 0.248621 0.0234375 0.0431985
1 0.0180664 0.453125 0.0244141 0.0514706
1 0.597656 0.299632 0.0244141 0.0441176
1 0.0915527 0.0326287 0.0336914 0.0542279
1 0.0314941 0.409926 0.0258789 0.0441176
1 0.126709 0.827206 0.0258789 0.0477941
1 0.597656 0.230699 0.0205078 0.0422794
1 0.149902 0.233456 0.0273438 0.0459559
1 0.148682 0.300092 0.0288086 0.0450368
1 0.163086 0.772059 0.0263672 0.0477941
1 0.237061 0.346507 0.027832 0.0533088
1 0.803711 0.216912 0.0234375 0.0422794
1 0.178955 0.834559 0.0258789 0.0459559
1 0.811035 0.300551 0.0263672 0.0422794
1 0.691406 0.38511 0.0244141 0.0459559
1 0.0927734 0.813419 0.0273438 0.0514706
1 0.5271 0.269301 0.0249023 0.0496324
1 0.502686 0.175551 0.0249023 0.0477941
1 0.092041 0.599724 0.0249023 0.0487132
1 0.314697 0.249081 0.0268555 0.0477941
1 0.105225 0.529412 0.0249023 0.0477941
1 0.132324 0.619026 0.0244141 0.0450368
1 0.783691 0.27114 0.0263672 0.0477941
1 0.983643 0.924632 0.0268555 0.0514706
1 0.981201 0.734835 0.019043 0.0395221
1 0.205811 0.313419 0.0268555 0.0496324
1 0.419189 0.952665 0.0268555 0.0487132
