0 0.689209 0.386949 0.0297852 0.0459559
1 0.139648 0.602941 0.0234375 0.0477941
1 0.806152 0.988051 0.0302734 0.0238971
1 0.871094 0.117647 0.0185547 0.0386029
0 0.834473 0.862592 0.0185547 0.0395221
0 0.91626 0.493107 0.0249023 0.0450368
1 0.475586 0.667739 0.0195312 0.0413603
0 0.678467 0.0597426 0.0200195 0.0404412
0 0.68042 0.106158 0.0219727 0.0395221
0 0.775879 0.712316 0.0234375 0.0459559
0 0.731934 0.116268 0.0244141 0.0431985
0 0.587646 0.36489 0.0219727 0.0349265
1 0.740723 0.164062 0.0234375 0.0431985
0 0.880371 0.824908 0.0234375 0.0487132
0 0.877441 0.721507 0.0263672 0.0459559
1 0.731689 0.115349 0.0229492 0.0431985
0 0.826416 0.805147 0.0249023 0.0533088
1 0.557129 0.881434 0.0273438 0.0441176
1 0.879883 0.824449 0.0234375 0.0459559
1 0.857666 0.863971 0.0249023 0.0459559
1 0.381592 0.786765 0.0209961 0.0404412
0 0.912354 0.982996 0.0297852 0.0340074
1 0.492432 0.670037 0.0209961 0.0422794
1 0.856201 0.252298 0.0249023 0.0431985
0 0.786621 0.59421 0.0283203 0.046875
1 0.917236 0.494026 0.027832 0.046875
0 0.825684 0.955882 0.0283203 0.0496324
1 0.807373 0.186121 0.0229492 0.0395221
0 0.828125 0.622243 0.0253906 0.0496324
0 0.754639 0.923713 0.0297852 0.0496324
1 0.575928 0.391544 0.0209961 0.0330882
1 0.439453 0.88557 0.0273438 0.046875
1 0.828857 0.622702 0.0219727 0.046875
1 0.534912 0.331342 0.0249023 0.0487132
1 0.407715 0.538143 0.0224609 0.0376838
1 0.678955 0.0611213 0.0229492 0.0395221
0 0.557129 0.884191 0.0263672 0.0441176
1 0.825928 0.955882 0.0297852 0.0496324
1 0.40332 0.209559 0.0234375 0.0477941
1 0.0185547 0.195772 0.0253906 0.0514706
1 0.256836 0.84375 0.0253906 0.0441176
1 0.301025 0.66636 0.0219727 0.0422794
0 0.755615 0.789522 0.0249023 0.0422794
1 0.0908203 0.0317096 0.0332031 0.0487132
1 0.237305 0.713235 0.0234375 0.0477941
1 0.929688 0.563419 0.0253906 0.0441176
1 0.838379 0.12454 0.0234375 0.0431985
1 0.389648 0.663143 0.0224609 0.0431985
1 0.69043 0.384191 0.0273438 0.0477941
1 0.316406 0.647059 0.0205078 0.0404412
1 0.88208 0.0863971 0.0200195 0.0422794
1 0.197021 0.943474 0.027832 0.046875
0 0.565918 0.602022 0.0273438 0.0459559
1 0.37085 0.539062 0.0249023 0.0450368
1 0.378174 0.690257 0.0219727 0.0441176
1 0.414062 0.457261 0.0244141 0.0450368
1 0.52417 0.0675551 0.0249023 0.0450368
1 0.317871 0.158088 0.0224609 0.0477941
1 0.754395 0.924173 0.0283203 0.0523897
1 0.525146 0.268382 0.0249023 0.0477941
1 0.572021 0.102482 0.0249023 0.0450368
1 0.0783691 0.238051 0.0268555 0.0496324
1 0.210205 0.0795037 0.0258789 0.0487132
1 0.172119 0.0193015 0.0288086 0.0386029
1 0.858643 0.0836397 0.0200195 0.0441176
1 0.0146484 0.981618 0.0253906 0.0367647
1 0.0966797 0.359375 0.0253906 0.0459559
1 0.926514 0.855239 0.0268555 0.046875
1 0.595215 0.296415 0.0234375 0.0395221
1 0.09375 0.602022 0.0234375 0.0459559
1 0.145752 0.587316 0.0200195 0.0422794
1 0.391357 0.874081 0.0229492 0.0496324
1 0.812012 0.301471 0.0244141 0.0422794
1 0.809326 0.118566 0.0219727 0.0422794
1 0.410156 0.339614 0.0253906 0.0450368
1 0.101562 0.523897 0.0244141 0.0459559
1 0.03125 0.410386 0.0214844 0.0395221
1 0.988281 0.175092 0.0214844 0.0505515
1 0.897705 0.106158 0.0219727 0.0450368
1 0.196777 0.530331 0.0224609 0.0422794
1 0.785645 0.271599 0.0234375 0.0450368
1 0.37793 0.368566 0.0253906 0.0422794
1 0.506104 0.180147 0.0258789 0.0459559
1 0.132568 0.608915 0.0209961 0.0413603
1 0.0241699 0.43704 0.0239258 0.0413603
1 0.418701 0.943474 0.0258789 0.0487132
1 0.805664 0.210478 0.0234375 0.0404412
1 0.121338 0.822151 0.0258789 0.046875
1 0.1875 0.482996 0.0244141 0.0450368
1 0.583496 0.249081 0.0234375 0.0422794
1 0.335449 0.183364 0.0224609 0.046875
1 0.147949 0.235294 0.0253906 0.0422794
1 0.153076 0.282169 0.0249023 0.0422794
1 0.159668 0.487592 0.0224609 0.0395221
1 0.0947266 0.814338 0.0273438 0.0514706
1 0.98291 0.918658 0.0283203 0.0542279
1 0.164062 0.77068 0.0263672 0.0450368
1 0.23877 0.345588 0.0273438 0.0514706
1 0.205322 0.313879 0.0239258 0.046875
1 0.312988 0.247243 0.0253906 0.0441176
1 0.22876 0.764706 0.0249023 0.0459559
