0 0.197021 0.930147 0.0268555 0.0441176
1 0.989014 0.818934 0.019043 0.0422794
1 0.730957 0.104779 0.0273438 0.0477941
0 0.1875 0.470588 0.0283203 0.0477941
1 0.911621 0.499081 0.0234375 0.0441176
0 0.410156 0.537684 0.0283203 0.0459559
1 0.405518 0.346048 0.0356445 0.0487132
0 0.726562 0.633732 0.0205078 0.0431985
1 0.735596 0.177849 0.0249023 0.046875
0 0.835205 0.127757 0.0249023 0.0404412
0 0.760498 0.0625 0.0200195 0.0330882
1 0.856934 0.866268 0.0263672 0.0487132
0 0.780518 0.693474 0.0239258 0.0450368
1 0.886719 0.235294 0.0263672 0.0422794
1 0.806152 0.113511 0.0234375 0.0413603
0 0.833496 0.863511 0.0185547 0.0395221
1 0.564453 0.607077 0.0283203 0.0505515
1 0.710938 0.649357 0.0224609 0.0395221
1 0.780518 0.693474 0.0239258 0.0450368
1 0.377686 0.369945 0.0258789 0.0450368
0 0.441162 0.88557 0.0288086 0.046875
1 0.747314 0.921415 0.0239258 0.0431985
0 0.0146484 0.200827 0.0273438 0.0579044
0 0.746826 0.922794 0.0249023 0.0422794
0 0.737061 0.176471 0.0239258 0.0441176
0 0.395264 0.132353 0.0209961 0.0367647
0 0.804199 0.172335 0.0244141 0.0450368
0 0.880371 0.823529 0.0234375 0.0477941
0 0.196533 0.532169 0.0239258 0.0459559
0 0.377686 0.369485 0.0249023 0.0441176
1 0.83667 0.125 0.0249023 0.0441176
1 0.650635 0.39614 0.0219727 0.0422794
1 0.725342 0.633732 0.0219727 0.0413603
0 0.688721 0.72932 0.0209961 0.0450368
1 0.380859 0.787224 0.0253906 0.046875
1 0.0766602 0.244945 0.03125 0.0523897
0 0.755859 0.789062 0.0244141 0.0431985
1 0.196289 0.532629 0.0244141 0.0450368
1 0.37207 0.538603 0.0263672 0.0496324
0 0.805908 0.113051 0.0239258 0.0441176
1 0.678223 0.0597426 0.0234375 0.0404412
1 0.521484 0.0693934 0.0234375 0.0431985
1 0.39502 0.130055 0.0205078 0.0376838
1 0.0141602 0.201287 0.0263672 0.0588235
0 0.483154 0.132812 0.0219727 0.0413603
1 0.259766 0.846967 0.0283203 0.0450368
1 0.440674 0.886949 0.0288086 0.0496324
0 0.828125 0.820312 0.0234375 0.0413603
1 0.879883 0.824449 0.0234375 0.0459559
0 0.311523 0.132353 0.0292969 0.0477941
0 0.521484 0.0684743 0.0244141 0.0431985
0 0.729736 0.104779 0.0239258 0.0459559
1 0.679688 0.129596 0.0263672 0.0441176
1 0.402832 0.159926 0.0205078 0.0422794
1 0.571289 0.105699 0.0234375 0.0441176
1 0.406982 0.204044 0.0268555 0.0477941
1 0.588867 0.363971 0.0234375 0.0441176
0 0.609375 0.0137868 0.0224609 0.0275735
0 0.391846 0.657169 0.0239258 0.0459559
0 0.409668 0.340993 0.0263672 0.0459559
1 0.156494 0.500919 0.0229492 0.0477941
1 0.187012 0.472426 0.0244141 0.0459559
1 0.534424 0.335018 0.0239258 0.0487132
0 0.856201 0.866728 0.0249023 0.0459559
0 0.236572 0.710938 0.0249023 0.0431985
1 0.992188 0.759651 0.015625 0.0395221
0 0.0761719 0.245404 0.0322266 0.0533088
1 0.196777 0.931985 0.0263672 0.0441176
0 0.4646 0.112132 0.0209961 0.0422794
0 0.257568 0.847426 0.0258789 0.0441176
1 0.696777 0.448989 0.0224609 0.0376838
0 0.315918 0.882812 0.0244141 0.046875
0 0.559814 0.877757 0.0268555 0.0459559
0 0.711426 0.649357 0.0234375 0.0376838
1 0.803467 0.171875 0.0229492 0.0441176
0 0.269531 0.984375 0.0263672 0.03125
1 0.851562 0.261029 0.0253906 0.0422794
1 0.0146484 0.980699 0.0244141 0.0386029
0 0.672363 0.714614 0.0224609 0.0413603
0 0.536377 0.492647 0.0239258 0.0441176
1 0.334229 0.191176 0.0258789 0.0477941
1 0.828857 0.62454 0.0219727 0.046875
1 0.225586 0.78079 0.0253906 0.0487132
1 0.799072 0.409007 0.0219727 0.0367647
1 0.824951 0.954963 0.0297852 0.0441176
1 0.246338 0.0225184 0.0268555 0.0431985
1 0.710938 0.472426 0.0234375 0.0404412
1 0.0944824 0.351562 0.027832 0.0487132
0 0.879883 0.0831801 0.0234375 0.0395221
1 0.921875 0.845588 0.0234375 0.0404412
1 0.482422 0.130974 0.0214844 0.0431985
0 0.36792 0.692096 0.0249023 0.0459559
0 0.466797 0.670956 0.0253906 0.0477941
1 0.78418 0.59375 0.0273438 0.0441176
1 0.876709 0.716452 0.0249023 0.0450368
1 0.668701 0.392463 0.0219727 0.0422794
1 0.813232 0.442096 0.0268555 0.0422794
1 0.966553 0.744485 0.0219727 0.0422794
1 0.392334 0.875919 0.0258789 0.0514706
1 0.171875 0.0183824 0.0283203 0.0367647
1 0.0925293 0.8125 0.0268555 0.0514706
0 0.534668 0.463235 0.0234375 0.0404412
1 0.145752 0.586397 0.0239258 0.0459559
1 0.204102 0.852941 0.0263672 0.0441176
1 0.150391 0.232537 0.0273438 0.0459559
0 0.564453 0.607537 0.0263672 0.0496324
1 0.922607 0.561581 0.0249023 0.0422794
1 0.570801 0.388787 0.0234375 0.0422794
1 0.611328 0.25 0.0195312 0.0386029
1 0.989746 0.176011 0.0205078 0.046875
1 0.0314941 0.409926 0.0258789 0.0441176
1 0.235596 0.346507 0.0268555 0.0533088
1 0.16333 0.772059 0.0258789 0.0477941
0 0.505371 0.678768 0.0263672 0.0487132
1 0.0178223 0.454963 0.0239258 0.0496324
0 0.323975 0.634191 0.0229492 0.0422794
1 0.105957 0.530331 0.0253906 0.0459559
1 0.215332 0.078125 0.0253906 0.0477941
0 0.299316 0.667739 0.0263672 0.046875
1 0.0915527 0.0326287 0.0336914 0.0542279
1 0.127197 0.827206 0.0258789 0.0496324
1 0.598145 0.299632 0.0244141 0.0441176
1 0.147461 0.300551 0.0302734 0.0459559
1 0.57959 0.248621 0.0224609 0.0431985
1 0.803955 0.221048 0.0229492 0.0431985
1 0.0915527 0.599724 0.0249023 0.0505515
1 0.598145 0.230239 0.0205078 0.0413603
1 0.691406 0.384651 0.0244141 0.0450368
1 0.314941 0.249081 0.0273438 0.0477941
1 0.811035 0.300551 0.0263672 0.0404412
1 0.502197 0.175092 0.0249023 0.046875
1 0.178711 0.83364 0.0263672 0.0441176
1 0.527344 0.269761 0.0244141 0.0487132
1 0.132812 0.620404 0.0244141 0.0459559
1 0.783691 0.27114 0.0263672 0.0459559
1 0.206055 0.313879 0.0263672 0.0487132
1 0.418945 0.953585 0.0273438 0.0487132
1 0.983643 0.926471 0.0268555 0.0514706
1 0.981201 0.734375 0.0200195 0.0404412
