1 0.805664 0.988051 0.03125 0.0238971
0 0.171875 0.0206801 0.0292969 0.0413603
0 0.859375 0.0845588 0.0253906 0.0477941
1 0.0939941 0.54182 0.0258789 0.0560662
0 0.56665 0.596507 0.0288086 0.0514706
1 0.771729 0.742647 0.0209961 0.0441176
1 0.197998 0.959559 0.027832 0.0477941
0 0.789307 0.592371 0.0258789 0.0450368
1 0.882812 0.241728 0.0214844 0.0459559
1 0.932861 0.564798 0.0249023 0.046875
0 0.439941 0.88511 0.0244141 0.0459559
0 0.0959473 0.582721 0.0288086 0.0459559
1 0.917236 0.491728 0.0297852 0.0459559
0 0.874268 0.730699 0.0249023 0.0441176
1 0.202881 0.0721507 0.0258789 0.0450368
1 0.172363 0.0211397 0.0273438 0.0386029
1 0.835938 0.865349 0.0205078 0.0395221
1 0.858643 0.0840993 0.0219727 0.046875
0 0.825684 0.954504 0.0283203 0.0505515
1 0.440186 0.883732 0.0239258 0.046875
0 0.0214844 0.194853 0.0263672 0.0496324
1 0.873291 0.729779 0.0249023 0.0459559
1 0.858643 0.255055 0.0219727 0.0413603
1 0.916992 0.982077 0.03125 0.0358456
1 0.929688 0.871324 0.0263672 0.0459559
1 0.789795 0.591452 0.0249023 0.0450368
1 0.808594 0.300092 0.0253906 0.0413603
0 0.206299 0.317096 0.0258789 0.0514706
1 0.989014 0.173254 0.0219727 0.0487132
1 0.258301 0.84421 0.0244141 0.0450368
0 0.0852051 0.238051 0.0307617 0.0533088
0 0.828857 0.622702 0.0249023 0.0487132
1 0.828857 0.623621 0.0219727 0.046875
1 0.690674 0.387408 0.0268555 0.0505515
1 0.0939941 0.0261949 0.0317383 0.0431985
1 0.810059 0.116728 0.0205078 0.0441176
1 0.785156 0.272059 0.0244141 0.0477941
1 0.836914 0.125 0.0234375 0.0441176
1 0.0949707 0.582721 0.027832 0.0477941
1 0.568115 0.599724 0.0258789 0.046875
0 0.101562 0.375919 0.0253906 0.0496324
1 0.825928 0.955882 0.0297852 0.0496324
0 0.197998 0.95818 0.027832 0.046875
0 0.93042 0.870864 0.0268555 0.0487132
1 0.206787 0.315257 0.0249023 0.0477941
1 0.196289 0.533088 0.0273438 0.0533088
1 0.551025 0.89614 0.0258789 0.0422794
0 0.202881 0.0703125 0.0249023 0.046875
1 0.825928 0.786305 0.0249023 0.0487132
1 0.862305 0.861673 0.0234375 0.046875
1 0.235596 0.340074 0.0268555 0.0477941
1 0.768311 0.925092 0.0268555 0.0523897
0 0.0947266 0.537224 0.0273438 0.0487132
1 0.391602 0.871783 0.0224609 0.0487132
1 0.52417 0.269301 0.0229492 0.0404412
1 0.514893 0.195312 0.0219727 0.0450368
1 0.415039 0.923713 0.0234375 0.0459559
1 0.880371 0.826746 0.0234375 0.046875
1 0.528076 0.310202 0.0219727 0.0413603
1 0.755859 0.789062 0.0244141 0.0450368
1 0.538574 0.0565257 0.0263672 0.0450368
0 0.164551 0.77068 0.0292969 0.0523897
1 0.568359 0.0919118 0.0234375 0.0441176
1 0.981934 0.909926 0.0283203 0.0514706
1 0.395508 0.223805 0.0234375 0.0450368
1 0.396484 0.539522 0.0205078 0.0386029
1 0.415283 0.457721 0.0249023 0.0441176
1 0.375488 0.539062 0.0224609 0.0413603
1 0.378418 0.368566 0.0244141 0.0422794
1 0.409668 0.340533 0.0244141 0.0431985
1 0.311523 0.245864 0.0273438 0.0450368
