0 0.661133 0.0128676 0.0195312 0.0257353
0 0.393799 0.653952 0.0229492 0.0413603
1 0.449219 0.519301 0.0234375 0.0386029
1 0.337402 0.494026 0.0253906 0.046875
1 0.702148 0.0381434 0.0195312 0.0321691
0 0.761963 0.889706 0.0249023 0.0404412
1 0.0131836 0.97886 0.0253906 0.0422794
0 0.0449219 0.930147 0.0224609 0.0404412
0 0.651367 0.340993 0.0195312 0.0330882
0 0.0952148 0.81204 0.0234375 0.046875
1 0.980469 0.446691 0.0205078 0.0404412
1 0.799316 0.102941 0.0214844 0.0349265
1 0.783936 0.681526 0.0249023 0.046875
1 0.259277 0.845129 0.0283203 0.046875
1 0.0065918 0.914522 0.0131836 0.0441176
0 0.601562 0.0147059 0.0244141 0.0294118
1 0.210693 0.637868 0.0219727 0.0404412
1 0.426758 0.883732 0.0234375 0.0413603
1 0.365479 0.841912 0.0209961 0.0386029
0 0.856201 0.679688 0.0200195 0.0431985
1 0.0959473 0.345588 0.0268555 0.0459559
0 0.20752 0.610294 0.0224609 0.0386029
0 0.729248 0.189338 0.0209961 0.0441176
1 0.126221 0.503676 0.0209961 0.0422794
1 0.175537 0.829504 0.0229492 0.0413603
1 0.194824 0.91636 0.0253906 0.0422794
0 0.557861 0.610754 0.0239258 0.0413603
0 0.126709 0.503676 0.0239258 0.0441176
1 0.762695 0.892004 0.0234375 0.0413603
1 0.765625 0.204044 0.0205078 0.0367647
1 0.0666504 0.719669 0.0219727 0.0422794
1 0.432861 0.792739 0.0209961 0.0413603
1 0.065918 0.905331 0.0234375 0.0441176
0 0.304688 0.119026 0.0263672 0.046875
1 0.665283 0.392923 0.0200195 0.0413603
1 0.878906 0.701287 0.0205078 0.0404412
1 0.0827637 0.599724 0.0258789 0.0487132
1 0.855469 0.678768 0.0214844 0.0431985
0 0.223389 0.795037 0.0258789 0.0441176
0 0.00683594 0.100184 0.0136719 0.0459559
0 0.354736 0.681066 0.0200195 0.0386029
0 0.354004 0.84421 0.0205078 0.0376838
1 0.490723 0.942096 0.0205078 0.0349265
0 0.600098 0.450827 0.0205078 0.0376838
0 0.426758 0.883732 0.0234375 0.0413603
1 0.785645 0.046875 0.0185547 0.0367647
0 0.523193 0.472886 0.0219727 0.0376838
0 0.755127 0.790441 0.0249023 0.0441176
1 0.729736 0.188419 0.0219727 0.0441176
1 0.072998 0.255515 0.0258789 0.0551471
0 0.837402 0.68796 0.0205078 0.0431985
0 0.69458 0.746783 0.0209961 0.0431985
0 0.560303 0.877298 0.0258789 0.0431985
1 0.851562 0.0808824 0.0214844 0.0404412
0 0.459717 0.673713 0.0258789 0.0459559
1 0.765137 0.0873162 0.0205078 0.0386029
1 0.87793 0.0790441 0.0234375 0.0422794
0 0.640625 0.883732 0.0234375 0.0487132
1 0.488281 0.360294 0.0253906 0.0404412
1 0.563721 0.376379 0.0229492 0.0450368
1 0.699219 0.377757 0.0224609 0.0386029
0 0.395508 0.113971 0.0244141 0.0477941
0 0.509277 0.0170037 0.0195312 0.0340074
1 0.68457 0.444853 0.0234375 0.0404412
1 0.83667 0.945772 0.027832 0.0459559
1 0.672363 0.0505515 0.0224609 0.0422794
0 0.664551 0.983915 0.0302734 0.0321691
1 0.558105 0.304228 0.0195312 0.0367647
1 0.548096 0.315717 0.0229492 0.0376838
0 0.209961 0.638327 0.0195312 0.0395221
1 0.207275 0.855239 0.0268555 0.0487132
0 0.463135 0.881893 0.0219727 0.0395221
0 0.419434 0.963695 0.0283203 0.046875
1 0.395996 0.867647 0.0224609 0.0422794
0 0.108643 0.532169 0.0249023 0.0441176
0 0.616455 0.887868 0.0229492 0.0441176
1 0.459473 0.675092 0.0283203 0.0505515
1 0.168457 0.0165441 0.0283203 0.0330882
1 0.419922 0.963235 0.0283203 0.0441176
0 0.617676 0.980699 0.0244141 0.0386029
0 0.0834961 0.600643 0.0283203 0.0523897
1 0.13208 0.136489 0.0239258 0.0431985
1 0.733398 0.0960478 0.0234375 0.0413603
0 0.367676 0.794577 0.0214844 0.0413603
1 0.802246 0.0473346 0.0185547 0.0376838
1 0.108887 0.53125 0.0273438 0.0477941
1 0.394775 0.113511 0.0229492 0.0450368
0 0.536621 0.502757 0.0234375 0.0422794
0 0.72876 0.63557 0.0219727 0.0450368
0 0.327148 0.623621 0.0234375 0.0450368
0 0.296875 0.804688 0.0214844 0.0413603
1 0.765137 0.0422794 0.0205078 0.0386029
1 0.645264 0.387408 0.0209961 0.0431985
0 0.783936 0.681526 0.0239258 0.046875
1 0.0825195 0.713235 0.0224609 0.0404412
1 0.235596 0.0266544 0.0249023 0.0441176
0 0.072998 0.255055 0.0239258 0.0523897
1 0.482422 0.884651 0.0224609 0.0431985
0 0.607178 0.485294 0.0209961 0.0386029
1 0.907715 0.508272 0.0234375 0.0386029
1 0.851562 0.264246 0.0234375 0.0376838
0 0.0166016 0.467831 0.0273438 0.0551471
0 0.013916 0.981158 0.0239258 0.0376838
0 0.12793 0.828125 0.0234375 0.0459559
1 0.496826 0.34375 0.0209961 0.0367647
1 0.0925293 0.0363051 0.0327148 0.0542279
1 0.515137 0.684743 0.0273438 0.0459559
1 0.199951 0.361213 0.0239258 0.0422794
1 0.360352 0.161305 0.0234375 0.0431985
1 0.305664 0.118107 0.0234375 0.046875
0 0.234375 0.710478 0.0234375 0.0422794
1 0.0581055 0.878217 0.0224609 0.0395221
1 0.828125 0.626379 0.0214844 0.0450368
0 0.65625 0.308824 0.0214844 0.0386029
1 0.0942383 0.81204 0.0244141 0.046875
1 0.991455 0.761489 0.0170898 0.0395221
1 0.833496 0.546415 0.0205078 0.0340074
0 0.0356445 0.40671 0.0244141 0.0487132
1 0.223389 0.795496 0.0258789 0.0431985
1 0.755371 0.788603 0.0244141 0.0441176
1 0.872559 0.261489 0.0234375 0.0358456
1 0.776367 0.863511 0.0234375 0.0395221
1 0.371338 0.537684 0.0239258 0.0459559
1 0.118164 0.159926 0.0244141 0.0441176
1 0.881104 0.825827 0.0219727 0.046875
1 0.052002 0.813419 0.0268555 0.0459559
1 0.598389 0.300092 0.0209961 0.0413603
1 0.146729 0.589154 0.0239258 0.0459559
1 0.0429688 0.931526 0.0234375 0.0413603
1 0.582764 0.202206 0.0219727 0.0349265
0 0.296387 0.675551 0.0224609 0.0496324
0 0.703613 0.650735 0.0244141 0.0441176
1 0.94043 0.694393 0.0234375 0.0395221
0 0.287354 0.77114 0.0219727 0.0422794
1 0.572754 0.215993 0.0224609 0.0386029
0 0.73584 0.910386 0.0244141 0.046875
1 0.702637 0.191176 0.0205078 0.0404412
1 0.161621 0.496324 0.0253906 0.0459559
1 0.592285 0.368107 0.0234375 0.0413603
1 0.802246 0.168658 0.0234375 0.0395221
0 0.348145 0.800551 0.0214844 0.0441176
1 0.18457 0.460018 0.0244141 0.0450368
1 0.445312 0.15625 0.0205078 0.0422794
1 0.0292969 0.889706 0.0263672 0.0477941
1 0.914062 0.548254 0.0234375 0.0395221
1 0.223145 0.0762868 0.0244141 0.0459559
0 0.673584 0.70864 0.0219727 0.0459559
1 0.759033 0.21829 0.0180664 0.0358456
0 0.122803 0.471967 0.0239258 0.0431985
1 0.402832 0.160846 0.0224609 0.0422794
1 0.782715 0.588235 0.0263672 0.0404412
1 0.145508 0.304228 0.0273438 0.0441176
1 0.229248 0.34421 0.0229492 0.0431985
1 0.210938 0.307445 0.0253906 0.0450368
1 0.154541 0.228401 0.0258789 0.0487132
1 0.330566 0.201287 0.0244141 0.0422794
1 0.0698242 0.799632 0.0234375 0.0441176
0 0.258789 0.845588 0.0253906 0.0404412
1 0.612549 0.251838 0.0219727 0.0386029
1 0.714111 0.481158 0.0239258 0.0413603
1 0.40625 0.346967 0.0253906 0.0450368
1 0.855469 0.868566 0.0263672 0.0441176
1 0.197754 0.534926 0.0263672 0.0477941
1 0.133057 0.631434 0.0249023 0.0459559
1 0.94458 0.732537 0.0200195 0.0386029
1 0.688721 0.179688 0.0209961 0.0358456
1 0.678955 0.140625 0.0229492 0.0422794
1 0.596436 0.230239 0.019043 0.0395221
1 0.410156 0.205882 0.0253906 0.0441176
0 0.318848 0.875 0.0253906 0.0477941
1 0.282227 0.18704 0.0253906 0.0431985
1 0.572266 0.106158 0.0234375 0.0413603
1 0.910156 0.590533 0.0214844 0.0358456
1 0.919434 0.837316 0.0234375 0.0459559
1 0.889648 0.238511 0.0234375 0.0413603
1 0.990479 0.18704 0.0170898 0.0431985
1 0.99292 0.556066 0.0141602 0.0459559
1 0.832031 0.129136 0.0253906 0.0431985
1 0.366943 0.204504 0.0209961 0.0431985
1 0.929688 0.332261 0.0214844 0.0395221
1 0.460938 0.50046 0.0253906 0.0413603
1 0.458496 0.106158 0.0244141 0.0413603
1 0.989746 0.129596 0.0185547 0.0422794
1 0.829834 0.517923 0.0219727 0.0395221
1 0.460693 0.173713 0.0209961 0.0422794
1 0.520508 0.0735294 0.0234375 0.0441176
1 0.376221 0.368107 0.0268555 0.0487132
1 0.415283 0.778493 0.0209961 0.0422794
1 0.182861 0.382812 0.0229492 0.0413603
1 0.57666 0.250919 0.0234375 0.0404412
1 0.518311 0.824908 0.0219727 0.0413603
1 0.805664 0.240809 0.0244141 0.0386029
1 0.497803 0.175092 0.0249023 0.0487132
1 0.315918 0.251838 0.0263672 0.0496324
1 0.794922 0.401654 0.0224609 0.0404412
1 0.964844 0.755055 0.0214844 0.0431985
0 0.268555 0.983915 0.0263672 0.0321691
1 0.406982 0.538143 0.0239258 0.0431985
1 0.947754 0.316636 0.0234375 0.0450368
1 0.981201 0.738971 0.0200195 0.0367647
1 0.803223 0.294577 0.0244141 0.0413603
1 0.53125 0.339614 0.0214844 0.0413603
1 0.919434 0.616728 0.0234375 0.0386029
1 0.960938 0.222886 0.0253906 0.0395221
1 0.780029 0.275276 0.0229492 0.0413603
0 0.0102539 0.212776 0.0205078 0.0505515
1 0.813965 0.447151 0.0234375 0.0431985
1 0.97168 0.186121 0.0234375 0.0413603
1 0.41333 0.464154 0.0268555 0.0496324
1 0.483643 0.134651 0.0239258 0.0450368
1 0.532227 0.803768 0.0234375 0.0431985
1 0.267578 0.215533 0.0253906 0.0431985
1 0.532471 0.27114 0.0268555 0.0441176
1 0.441895 0.472426 0.0224609 0.0441176
1 0.987061 0.93796 0.0258789 0.0487132
