1 0.410645 0.539522 0.0253906 0.0422794
1 0.80835 0.988051 0.0288086 0.0238971
0 0.778564 0.703125 0.0229492 0.0422794
1 0.162109 0.768382 0.0263672 0.0496324
0 0.092041 0.600184 0.0229492 0.0459559
1 0.802979 0.410386 0.0219727 0.0358456
0 0.314453 0.886949 0.0253906 0.0422794
1 0.75 0.922335 0.0253906 0.0487132
0 0.877441 0.71875 0.0283203 0.0496324
0 0.0942383 0.815257 0.0283203 0.0533088
0 0.132324 0.611673 0.0214844 0.0413603
1 0.68042 0.116728 0.0249023 0.0459559
0 0.609375 0.0137868 0.0253906 0.0275735
1 0.992676 0.759191 0.0146484 0.0441176
1 0.414795 0.459099 0.0268555 0.0450368
1 0.571289 0.105239 0.0273438 0.0505515
1 0.380859 0.786765 0.0234375 0.0441176
0 0.588379 0.36443 0.0234375 0.0413603
1 0.146484 0.585478 0.0214844 0.0459559
1 0.534668 0.332261 0.0234375 0.0505515
0 0.677979 0.0592831 0.0219727 0.0413603
0 0.739502 0.172335 0.0219727 0.0487132
1 0.0197754 0.445772 0.0229492 0.0459559
0 0.0146484 0.981158 0.0253906 0.0376838
1 0.13208 0.610754 0.0219727 0.0413603
1 0.410156 0.340533 0.0273438 0.046875
1 0.259521 0.846507 0.027832 0.0459559
0 0.440674 0.883732 0.0297852 0.0505515
0 0.824951 0.955882 0.0268555 0.0477941
1 0.588623 0.36443 0.0239258 0.0431985
0 0.163086 0.772059 0.0253906 0.0477941
0 0.834473 0.862592 0.0205078 0.0413603
1 0.877441 0.71829 0.0263672 0.0450368
1 0.739258 0.174173 0.0234375 0.0487132
0 0.268311 0.985294 0.0268555 0.0294118
1 0.521973 0.0689338 0.0234375 0.0441176
0 0.75 0.920496 0.0253906 0.0505515
0 0.521973 0.0684743 0.0244141 0.0450368
1 0.371582 0.539062 0.0263672 0.0487132
0 0.810303 0.43704 0.0229492 0.0376838
1 0.828857 0.622243 0.0219727 0.0459559
0 0.090332 0.0340074 0.0341797 0.0514706
1 0.85376 0.256893 0.0249023 0.0431985
0 0.828125 0.621783 0.0253906 0.0487132
1 0.0952148 0.354779 0.0263672 0.0477941
1 0.928223 0.564338 0.0263672 0.0441176
1 0.914795 0.497243 0.027832 0.0477941
0 0.410156 0.339614 0.0253906 0.0450368
0 0.731201 0.106618 0.0249023 0.0441176
0 0.196777 0.53171 0.0234375 0.0431985
0 0.0769043 0.243107 0.0307617 0.0505515
0 0.03125 0.410386 0.0244141 0.0431985
1 0.925049 0.851562 0.0249023 0.0431985
0 0.371582 0.693934 0.0234375 0.0422794
1 0.440674 0.886489 0.0288086 0.0487132
0 0.406006 0.202665 0.0258789 0.0505515
1 0.471436 0.672335 0.0239258 0.046875
0 0.146484 0.585938 0.0205078 0.0431985
1 0.651855 0.397518 0.0224609 0.0431985
1 0.377686 0.368566 0.0249023 0.0441176
1 0.183838 0.837316 0.0229492 0.0459559
0 0.188232 0.477022 0.0249023 0.0459559
0 0.471436 0.672335 0.0239258 0.046875
1 0.212646 0.0799632 0.0258789 0.0514706
0 0.391846 0.658548 0.0239258 0.0450368
0 0.0195312 0.446232 0.0253906 0.0450368
1 0.314209 0.142004 0.0268555 0.0450368
1 0.571533 0.390625 0.0229492 0.0404412
1 0.838135 0.124081 0.0249023 0.0441176
1 0.678711 0.0602022 0.0234375 0.0413603
1 0.0935059 0.815257 0.027832 0.0514706
0 0.257324 0.845588 0.0253906 0.0441176
1 0.125732 0.824908 0.0268555 0.0505515
0 0.784668 0.592831 0.0283203 0.0459559
1 0.10376 0.525276 0.0249023 0.046875
0 0.500977 0.673254 0.0234375 0.0523897
0 0.237305 0.710478 0.0253906 0.0404412
1 0.148438 0.234375 0.0263672 0.0422794
0 0.197021 0.933364 0.0249023 0.0413603
0 0.880371 0.823989 0.0234375 0.046875
1 0.0913086 0.0321691 0.0332031 0.0533088
1 0.881348 0.0840993 0.0205078 0.0413603
1 0.858643 0.0831801 0.0200195 0.0413603
1 0.202393 0.850643 0.0239258 0.0431985
1 0.500244 0.673713 0.0258789 0.0514706
0 0.755615 0.789062 0.0249023 0.0431985
0 0.156982 0.494945 0.0239258 0.0450368
1 0.171875 0.0183824 0.0302734 0.0367647
1 0.803711 0.175551 0.0234375 0.0422794
0 0.827148 0.8125 0.0234375 0.0477941
1 0.598633 0.231158 0.0195312 0.0395221
0 0.559814 0.880974 0.0258789 0.0450368
1 0.0925293 0.601562 0.0249023 0.046875
1 0.80835 0.117647 0.0219727 0.0422794
0 0.300537 0.66636 0.0239258 0.0459559
1 0.226318 0.773438 0.0249023 0.0450368
0 0.0163574 0.198529 0.0258789 0.0514706
1 0.335449 0.186581 0.0253906 0.0459559
0 0.321289 0.639706 0.0234375 0.0422794
0 0.56543 0.605239 0.0273438 0.0450368
1 0.391357 0.875919 0.0239258 0.0514706
1 0.667969 0.392923 0.0214844 0.0431985
1 0.610107 0.247243 0.0200195 0.0404412
0 0.857178 0.866268 0.0249023 0.0450368
1 0.238281 0.346048 0.0283203 0.0523897
1 0.151611 0.293658 0.027832 0.0431985
1 0.596924 0.297794 0.0229492 0.0422794
1 0.896973 0.106158 0.0234375 0.0431985
1 0.526611 0.269301 0.0258789 0.0496324
1 0.581543 0.246783 0.0234375 0.0413603
1 0.811768 0.301011 0.0268555 0.0413603
1 0.989014 0.175092 0.0219727 0.0487132
1 0.205566 0.313879 0.0253906 0.0487132
1 0.805664 0.210478 0.0244141 0.0422794
1 0.691162 0.38557 0.0249023 0.046875
1 0.784912 0.27114 0.0249023 0.0459559
1 0.503662 0.176011 0.0249023 0.0487132
1 0.314209 0.247243 0.0258789 0.0459559
1 0.983643 0.920496 0.0268555 0.0542279
1 0.419922 0.94761 0.0253906 0.0496324
