1 0.10083 0.0234375 0.0336914 0.046875
0 0.858643 0.0840993 0.0219727 0.046875
0 0.388428 0.78079 0.0297852 0.0523897
1 0.783447 0.923254 0.0297852 0.0487132
0 0.100586 0.0225184 0.0341797 0.0450368
0 0.310547 0.898438 0.0302734 0.0542279
0 0.810791 0.117647 0.0239258 0.0496324
1 0.921875 0.977022 0.03125 0.0459559
0 0.535156 0.920037 0.0292969 0.0496324
0 0.568848 0.597886 0.03125 0.0523897
1 0.811279 0.119945 0.0229492 0.0487132
0 0.967041 0.875919 0.0249023 0.0496324
0 0.189453 0.540901 0.0341797 0.0689338
1 0.569336 0.596507 0.0273438 0.0496324
0 0.921875 0.976562 0.03125 0.0431985
1 0.835938 0.124081 0.0234375 0.0459559
0 0.798828 0.595129 0.0292969 0.0487132
1 0.202148 0.95818 0.03125 0.0542279
1 0.310547 0.241728 0.03125 0.0533088
1 0.799805 0.594669 0.0273438 0.0496324
0 0.310303 0.240809 0.0307617 0.0533088
1 0.98877 0.171875 0.0224609 0.0514706
0 0.783691 0.923254 0.03125 0.0487132
1 0.967285 0.876379 0.0234375 0.046875
1 0.917236 0.493566 0.0249023 0.0496324
1 0.94458 0.561581 0.0297852 0.0496324
0 0.828857 0.623621 0.0249023 0.0487132
1 0.415283 0.455423 0.0239258 0.0450368
1 0.529053 0.308824 0.0209961 0.0404412
1 0.527588 0.271599 0.0209961 0.0376838
1 0.829102 0.625 0.0234375 0.0477941
0 0.934326 0.883272 0.0249023 0.0441176
0 0.830322 0.772059 0.0297852 0.0551471
1 0.395996 0.337776 0.0244141 0.0413603
0 0.872559 0.746324 0.0283203 0.0477941
1 0.386719 0.252757 0.0273438 0.0496324
0 0.438721 0.882812 0.0317383 0.0560662
0 0.0849609 0.238971 0.0341797 0.0606618
1 0.377441 0.367188 0.0244141 0.0431985
0 0.20166 0.95818 0.0283203 0.0487132
0 0.826416 0.953585 0.0297852 0.0523897
0 0.258545 0.847886 0.0268555 0.0505515
0 0.108643 0.389246 0.0297852 0.0615809
0 0.165039 0.773438 0.0273438 0.0523897
1 0.826416 0.954044 0.0297852 0.0514706
0 0.0222168 0.193015 0.0336914 0.0680147
1 0.189453 0.54136 0.0351562 0.0661765
1 0.689453 0.390165 0.03125 0.0652574
