1 0.109863 0.386949 0.0302734 0.0625
0 0.101807 0.0234375 0.0356445 0.046875
0 0.838867 0.764706 0.0234375 0.0477941
1 0.839844 0.764706 0.0253906 0.0441176
1 0.30957 0.238051 0.0283203 0.0588235
1 0.793945 0.925092 0.0234375 0.0487132
1 0.258545 0.845588 0.0307617 0.0551471
0 0.189453 0.542279 0.0351562 0.0716912
0 0.525391 0.20864 0.0244141 0.0459559
1 0.93457 0.880974 0.0234375 0.0395221
0 0.922607 0.976562 0.027832 0.0431985
0 0.56958 0.597426 0.0317383 0.0551471
1 0.56958 0.597426 0.0297852 0.0533088
1 0.102295 0.0243566 0.034668 0.0487132
0 0.93457 0.882812 0.0234375 0.0395221
0 0.793701 0.925092 0.0239258 0.0505515
0 0.799561 0.59421 0.027832 0.0523897
1 0.828857 0.625 0.0219727 0.0477941
0 0.858398 0.0836397 0.0234375 0.0496324
1 0.308838 0.903952 0.0297852 0.0542279
1 0.924316 0.975643 0.0283203 0.0431985
0 0.872559 0.746324 0.0263672 0.0477941
0 0.258301 0.846967 0.0302734 0.0523897
1 0.416016 0.454504 0.0263672 0.0523897
0 0.202637 0.95818 0.0283203 0.0505515
1 0.800781 0.594669 0.0253906 0.0496324
1 0.987549 0.173254 0.0249023 0.0560662
0 0.829102 0.623162 0.0234375 0.0477941
1 0.872559 0.745404 0.0263672 0.0459559
0 0.438965 0.882353 0.0341797 0.0569853
1 0.956299 0.86489 0.0249023 0.0422794
0 0.308838 0.238051 0.0297852 0.0569853
1 0.203369 0.957261 0.0307617 0.0542279
1 0.953857 0.557904 0.0268555 0.0496324
0 0.0849609 0.238971 0.0351562 0.0625
0 0.164795 0.772518 0.0288086 0.0560662
1 0.825684 0.952665 0.0263672 0.046875
1 0.91626 0.495864 0.0249023 0.046875
0 0.108887 0.388327 0.0302734 0.0615809
0 0.0222168 0.193474 0.0336914 0.0670956
1 0.689941 0.389706 0.0302734 0.0661765
1 0.189209 0.54182 0.034668 0.0670956
