1 0.883545 0.101562 0.0200195 0.0413603
1 0.876709 0.722886 0.0297852 0.0487132
1 0.805664 0.988511 0.03125 0.0229779
0 0.0158691 0.980239 0.0307617 0.0395221
0 0.914795 0.980699 0.027832 0.03125
1 0.53125 0.319853 0.0234375 0.0404412
0 0.56665 0.597886 0.0297852 0.0523897
1 0.858398 0.253217 0.0234375 0.0376838
1 0.83667 0.865349 0.0219727 0.0413603
0 0.163574 0.77068 0.0283203 0.0542279
1 0.787842 0.592371 0.0258789 0.046875
1 0.917969 0.493107 0.0283203 0.046875
1 0.205811 0.0776654 0.0258789 0.046875
1 0.0195312 0.194853 0.0273438 0.0533088
1 0.163818 0.772059 0.0268555 0.0514706
0 0.828857 0.622243 0.0249023 0.0496324
1 0.772705 0.725184 0.0219727 0.0459559
1 0.115723 0.814798 0.0205078 0.0376838
1 0.101318 0.815257 0.0249023 0.0367647
1 0.739502 0.148897 0.0209961 0.0386029
0 0.196533 0.951287 0.0307617 0.0514706
1 0.553467 0.890625 0.0268555 0.0422794
1 0.0151367 0.982077 0.0283203 0.0358456
1 0.88501 0.237132 0.0249023 0.0441176
1 0.257812 0.84421 0.0253906 0.0450368
1 0.828857 0.622702 0.0219727 0.046875
0 0.875732 0.724724 0.0268555 0.046875
1 0.100342 0.366728 0.0239258 0.0441176
1 0.196533 0.952206 0.027832 0.0477941
1 0.93042 0.5625 0.0268555 0.0459559
1 0.732178 0.122702 0.0209961 0.0395221
0 0.206055 0.0767463 0.0253906 0.0487132
1 0.567383 0.600184 0.0273438 0.0477941
1 0.896729 0.107996 0.0219727 0.0413603
1 0.172852 0.0202206 0.0292969 0.0404412
1 0.762451 0.925092 0.0307617 0.0560662
1 0.880615 0.825827 0.0249023 0.046875
1 0.0915527 0.0289522 0.0336914 0.046875
1 0.838379 0.125 0.0234375 0.0459559
1 0.690918 0.386489 0.0263672 0.0487132
1 0.755615 0.789522 0.0258789 0.0441176
1 0.0854492 0.237592 0.0292969 0.0523897
1 0.399414 0.21921 0.0234375 0.0431985
1 0.858398 0.862592 0.0234375 0.0487132
1 0.827393 0.795037 0.0249023 0.0496324
1 0.148438 0.237592 0.0214844 0.0376838
1 0.859375 0.0845588 0.0214844 0.0441176
1 0.928955 0.862592 0.0249023 0.046875
1 0.988281 0.175092 0.0234375 0.0505515
1 0.440186 0.884651 0.0249023 0.0487132
1 0.80957 0.119026 0.0234375 0.0450368
1 0.885986 0.0882353 0.0200195 0.0404412
1 0.571289 0.100184 0.0234375 0.0477941
1 0.825928 0.955882 0.0297852 0.0496324
1 0.525146 0.268382 0.0249023 0.0459559
1 0.785645 0.271599 0.0234375 0.0487132
1 0.98291 0.914062 0.0283203 0.0523897
1 0.371826 0.539522 0.0268555 0.0459559
1 0.810791 0.299632 0.0249023 0.0459559
1 0.391846 0.873621 0.0229492 0.0505515
1 0.154541 0.261029 0.0209961 0.0367647
1 0.197266 0.529871 0.0234375 0.0450368
1 0.0979004 0.528033 0.027832 0.0505515
1 0.0949707 0.595129 0.0239258 0.0450368
1 0.186035 0.485754 0.0214844 0.0431985
1 0.509766 0.190257 0.0253906 0.0459559
1 0.414795 0.457261 0.0249023 0.0450368
1 0.416748 0.9375 0.0258789 0.0477941
1 0.378174 0.368107 0.0249023 0.0431985
1 0.534424 0.058364 0.0258789 0.0413603
1 0.311279 0.245864 0.027832 0.046875
1 0.402344 0.539982 0.0244141 0.0450368
1 0.165527 0.482996 0.0214844 0.0431985
1 0.409912 0.340074 0.0249023 0.0441176
1 0.205566 0.315257 0.0244141 0.0459559
1 0.238525 0.34329 0.027832 0.0487132
