0 0.993652 0.755055 0.0126953 0.0358456
0 0.917236 0.834559 0.0200195 0.0404412
0 0.345215 0.796875 0.0185547 0.0386029
0 0.942383 0.376838 0.015625 0.0367647
0 0.539062 0.23989 0.0195312 0.0275735
0 0.529297 0.340993 0.0166016 0.0386029
0 0.491455 0.677849 0.019043 0.0303309
0 0.990479 0.139246 0.0170898 0.0413603
0 0.49292 0.421875 0.0200195 0.03125
0 0.61792 0.256434 0.0161133 0.0330882
0 0.597656 0.301471 0.0175781 0.0349265
0 0.207031 0.853401 0.0175781 0.0395221
0 0.572998 0.20864 0.0151367 0.0367647
0 0.199951 0.944393 0.0180664 0.0395221
0 0.690918 0.742188 0.0185547 0.0395221
0 0.472656 0.272518 0.0175781 0.0358456
0 0.552002 0.514706 0.0219727 0.0367647
0 0.828857 0.625 0.019043 0.0349265
0 0.574951 0.253676 0.0170898 0.0349265
0 0.270264 0.982996 0.0219727 0.0340074
0 0.395752 0.111673 0.0209961 0.0376838
