0 0.189697 0.54182 0.034668 0.0726103
0 0.102051 0.0234375 0.0351562 0.046875
0 0.525146 0.207261 0.0258789 0.046875
0 0.860107 0.0831801 0.0297852 0.0487132
0 0.800049 0.595129 0.027832 0.0505515
1 0.795898 0.92693 0.0234375 0.046875
1 0.109619 0.386949 0.0297852 0.0643382
1 0.102295 0.0243566 0.0336914 0.0487132
1 0.439209 0.880055 0.0297852 0.0597426
1 0.30957 0.237592 0.0292969 0.0597426
0 0.872559 0.746324 0.0263672 0.0477941
1 0.840576 0.765625 0.0249023 0.0441176
0 0.828857 0.624081 0.0249023 0.0496324
0 0.203369 0.957261 0.0317383 0.0523897
0 0.259033 0.847886 0.0307617 0.0542279
1 0.258301 0.847886 0.0292969 0.0523897
0 0.56958 0.598346 0.0327148 0.0569853
1 0.828857 0.625 0.0219727 0.0477941
1 0.307129 0.905331 0.0302734 0.0533088
1 0.987549 0.172335 0.0249023 0.0560662
1 0.416504 0.454044 0.0302734 0.0606618
1 0.800781 0.59421 0.0253906 0.0487132
1 0.955566 0.556985 0.0263672 0.0514706
0 0.439453 0.881434 0.0341797 0.0606618
1 0.93457 0.882353 0.0234375 0.0404412
1 0.924316 0.975643 0.0283203 0.0431985
0 0.0854492 0.238971 0.0351562 0.0625
0 0.30835 0.238051 0.0307617 0.0588235
0 0.164551 0.772518 0.0283203 0.0560662
1 0.872559 0.745404 0.0263672 0.0459559
1 0.203613 0.957261 0.03125 0.0560662
1 0.825684 0.952665 0.0263672 0.046875
1 0.91626 0.495864 0.0249023 0.046875
0 0.109131 0.387868 0.0307617 0.0625
0 0.0224609 0.193015 0.0332031 0.0661765
1 0.95459 0.86489 0.0234375 0.0441176
1 0.689941 0.389706 0.03125 0.0661765
1 0.189209 0.54182 0.034668 0.0670956
