1 0.876709 0.723346 0.0297852 0.0496324
1 0.0153809 0.983456 0.0268555 0.0330882
1 0.804932 0.988051 0.0307617 0.0238971
1 0.101562 0.369485 0.0253906 0.0459559
1 0.0200195 0.194393 0.0273438 0.0542279
1 0.885986 0.0923713 0.019043 0.0376838
1 0.205078 0.0767463 0.0253906 0.046875
0 0.0146484 0.984375 0.0292969 0.03125
0 0.020752 0.195312 0.0258789 0.0505515
1 0.835938 0.865349 0.0214844 0.0413603
1 0.196777 0.954504 0.0292969 0.0487132
0 0.875732 0.725643 0.0268555 0.046875
0 0.914795 0.981618 0.027832 0.0349265
1 0.0854492 0.237592 0.0302734 0.0542279
1 0.172607 0.0206801 0.0297852 0.0413603
0 0.196777 0.954504 0.03125 0.0505515
1 0.917236 0.492647 0.0297852 0.0477941
1 0.092041 0.0280331 0.0336914 0.046875
1 0.858643 0.254136 0.0219727 0.0413603
1 0.257812 0.84421 0.0253906 0.0450368
1 0.931152 0.56296 0.0263672 0.046875
1 0.771973 0.728401 0.0224609 0.0450368
1 0.16748 0.484835 0.0195312 0.0413603
1 0.552734 0.892463 0.0253906 0.0422794
1 0.828857 0.623162 0.0219727 0.0477941
1 0.788818 0.592371 0.0258789 0.046875
1 0.928955 0.865349 0.0249023 0.0450368
1 0.838379 0.125 0.0234375 0.0477941
1 0.164307 0.77068 0.0288086 0.0523897
1 0.987793 0.174173 0.0244141 0.0523897
1 0.690918 0.386489 0.0263672 0.0487132
1 0.883545 0.241728 0.0249023 0.0459559
1 0.859375 0.0831801 0.0214844 0.0450368
0 0.205078 0.0758272 0.0253906 0.0487132
1 0.880615 0.825827 0.0249023 0.046875
1 0.82666 0.792739 0.0263672 0.0487132
1 0.511963 0.192555 0.0249023 0.0431985
1 0.860352 0.862592 0.0234375 0.0487132
1 0.567139 0.600184 0.0268555 0.0477941
1 0.440674 0.884651 0.0249023 0.0487132
1 0.18457 0.486673 0.0214844 0.0431985
1 0.825928 0.955882 0.0297852 0.0496324
1 0.810303 0.299632 0.0249023 0.0459559
1 0.810303 0.119026 0.0229492 0.0450368
1 0.764648 0.924173 0.0273438 0.0579044
1 0.097168 0.529871 0.0273438 0.0487132
1 0.98291 0.913143 0.0283203 0.0523897
1 0.524658 0.268842 0.0239258 0.0431985
1 0.755615 0.789062 0.0249023 0.0450368
1 0.786133 0.271599 0.0234375 0.0487132
1 0.197021 0.53079 0.0239258 0.046875
1 0.391602 0.872702 0.0224609 0.0487132
1 0.397705 0.220588 0.0229492 0.0459559
1 0.095459 0.591912 0.0249023 0.0477941
1 0.5354 0.0574449 0.0258789 0.0413603
1 0.378174 0.368107 0.0249023 0.0431985
1 0.373047 0.540441 0.0253906 0.0459559
1 0.529785 0.31296 0.0224609 0.0431985
1 0.205811 0.315257 0.0249023 0.0477941
1 0.416748 0.933824 0.0258789 0.0477941
1 0.238037 0.342371 0.027832 0.0487132
1 0.415283 0.457721 0.0249023 0.0459559
1 0.571289 0.0983456 0.0234375 0.0459559
1 0.409912 0.340074 0.0249023 0.0441176
1 0.311523 0.245864 0.0273438 0.0450368
1 0.39917 0.540441 0.0249023 0.0441176
