0 0.928955 0.866268 0.027832 0.0505515
1 0.101318 0.369026 0.0229492 0.0431985
1 0.015625 0.983456 0.0263672 0.0330882
1 0.0200195 0.194393 0.0273438 0.0542279
1 0.885986 0.0928309 0.019043 0.0367647
1 0.804932 0.988051 0.0307617 0.0238971
0 0.828857 0.622243 0.0249023 0.0496324
0 0.0144043 0.984375 0.0288086 0.03125
0 0.092041 0.0294118 0.0336914 0.0477941
1 0.835938 0.865349 0.0214844 0.0413603
0 0.163818 0.769761 0.0297852 0.0560662
1 0.196777 0.954504 0.0283203 0.0487132
0 0.875732 0.725643 0.0268555 0.046875
1 0.0852051 0.238051 0.0307617 0.0533088
0 0.914062 0.982077 0.0292969 0.0358456
1 0.172852 0.0206801 0.0292969 0.0413603
1 0.092041 0.0280331 0.0336914 0.046875
0 0.020752 0.194853 0.0258789 0.0496324
1 0.164795 0.77068 0.0288086 0.0523897
1 0.917236 0.492647 0.0297852 0.0477941
1 0.257812 0.84421 0.0253906 0.0450368
1 0.789062 0.592371 0.0253906 0.046875
1 0.772461 0.727482 0.0234375 0.046875
0 0.196533 0.954504 0.0307617 0.0505515
1 0.858398 0.254136 0.0234375 0.0413603
1 0.931152 0.56296 0.0263672 0.046875
1 0.167969 0.484835 0.0195312 0.0413603
1 0.828857 0.623162 0.0219727 0.0477941
1 0.928955 0.865349 0.0249023 0.0450368
1 0.838379 0.12454 0.0234375 0.046875
1 0.552734 0.892463 0.0253906 0.0441176
1 0.690918 0.386949 0.0263672 0.0477941
1 0.987793 0.174632 0.0244141 0.0514706
1 0.859375 0.0836397 0.0214844 0.0459559
1 0.883545 0.241728 0.0249023 0.0459559
1 0.880615 0.825827 0.0249023 0.046875
1 0.0974121 0.529412 0.0268555 0.0477941
1 0.511963 0.192096 0.0258789 0.0441176
1 0.860352 0.862592 0.0234375 0.0487132
1 0.440674 0.884651 0.0249023 0.0487132
1 0.82666 0.792739 0.0263672 0.0505515
1 0.567139 0.600184 0.0268555 0.0477941
1 0.80957 0.119026 0.0234375 0.0450368
1 0.184814 0.486673 0.0209961 0.0431985
1 0.197021 0.530331 0.0239258 0.0459559
1 0.825928 0.955882 0.0297852 0.0496324
1 0.810303 0.300092 0.0249023 0.0450368
0 0.205078 0.0758272 0.0253906 0.0487132
1 0.755615 0.789062 0.0249023 0.0450368
1 0.764404 0.924173 0.0268555 0.0579044
1 0.98291 0.913143 0.0283203 0.0523897
1 0.786133 0.27114 0.0234375 0.0477941
1 0.524658 0.268382 0.0239258 0.0441176
1 0.095459 0.591912 0.0258789 0.0477941
1 0.391602 0.872702 0.0224609 0.0487132
1 0.397705 0.220588 0.0229492 0.0459559
1 0.5354 0.0574449 0.0258789 0.0413603
1 0.205811 0.315257 0.0249023 0.0477941
1 0.238037 0.342831 0.027832 0.0496324
1 0.378174 0.368107 0.0249023 0.0431985
1 0.529785 0.31296 0.0224609 0.0431985
1 0.373047 0.540441 0.0253906 0.0459559
1 0.416748 0.933824 0.0258789 0.0477941
1 0.415283 0.457721 0.0249023 0.0441176
1 0.571045 0.097886 0.0239258 0.046875
1 0.409668 0.340074 0.0244141 0.0441176
1 0.311279 0.246324 0.027832 0.0459559
1 0.399414 0.539982 0.0244141 0.0450368
