1 0.807861 0.988511 0.0297852 0.0229779
1 0.162109 0.769301 0.0273438 0.0496324
1 0.0151367 0.198529 0.0263672 0.0533088
1 0.0151367 0.97886 0.0302734 0.0422794
0 0.678467 0.0597426 0.0219727 0.0422794
1 0.879883 0.824908 0.0234375 0.0450368
1 0.564941 0.60432 0.0263672 0.0431985
0 0.406006 0.204044 0.0268555 0.0533088
1 0.0769043 0.241268 0.0288086 0.0487132
0 0.0771484 0.242188 0.03125 0.0505515
0 0.610596 0.0128676 0.0249023 0.0257353
0 0.314209 0.887868 0.0258789 0.0441176
0 0.833496 0.862592 0.0205078 0.0413603
1 0.157471 0.493566 0.0239258 0.0422794
1 0.406006 0.204044 0.0258789 0.0496324
0 0.267578 0.986213 0.0292969 0.0275735
1 0.472656 0.670956 0.0224609 0.0477941
1 0.877197 0.71829 0.0249023 0.046875
0 0.440674 0.884191 0.0288086 0.0514706
0 0.197021 0.53125 0.0229492 0.0422794
0 0.825684 0.955882 0.0263672 0.0477941
0 0.410156 0.340074 0.0253906 0.0459559
1 0.587891 0.36443 0.0224609 0.0395221
0 0.828857 0.621324 0.0268555 0.0514706
1 0.414795 0.459099 0.0268555 0.0450368
0 0.0151367 0.980699 0.0292969 0.0386029
0 0.77832 0.704504 0.0234375 0.0431985
1 0.124756 0.823989 0.0268555 0.0487132
1 0.499268 0.674173 0.0249023 0.0523897
0 0.146729 0.585478 0.0209961 0.0422794
0 0.157227 0.493566 0.0244141 0.0441176
1 0.259521 0.846507 0.027832 0.0459559
1 0.824951 0.955423 0.027832 0.0487132
0 0.877441 0.719669 0.0283203 0.0477941
1 0.381104 0.786765 0.0229492 0.0441176
1 0.37207 0.539062 0.0263672 0.046875
1 0.534912 0.331801 0.0249023 0.0496324
1 0.410156 0.340533 0.0273438 0.046875
0 0.188232 0.477482 0.0249023 0.0450368
1 0.829102 0.622243 0.0234375 0.0477941
1 0.609375 0.246783 0.0195312 0.0376838
1 0.572021 0.10386 0.0258789 0.0459559
0 0.257324 0.844669 0.0253906 0.0441176
1 0.132324 0.610294 0.0224609 0.0422794
1 0.854004 0.257353 0.0234375 0.0422794
1 0.751221 0.921875 0.0258789 0.0514706
0 0.374512 0.693015 0.0224609 0.0441176
1 0.928955 0.564338 0.0268555 0.0441176
0 0.751465 0.920956 0.0263672 0.0514706
0 0.391846 0.658088 0.0219727 0.0441176
1 0.188477 0.840533 0.0244141 0.0413603
1 0.03125 0.410846 0.0244141 0.0422794
1 0.0202637 0.444853 0.0229492 0.0441176
0 0.237305 0.710938 0.0253906 0.0413603
1 0.739746 0.170956 0.0244141 0.0477941
1 0.731201 0.105699 0.0239258 0.0477941
1 0.440186 0.887408 0.0288086 0.0505515
1 0.678711 0.0602022 0.0234375 0.0413603
1 0.914795 0.496324 0.0297852 0.0477941
1 0.21167 0.0795037 0.0258789 0.0523897
0 0.16333 0.772059 0.0249023 0.0477941
1 0.925781 0.852022 0.0283203 0.0441176
0 0.0166016 0.19807 0.0253906 0.0505515
1 0.146729 0.584559 0.0209961 0.0441176
1 0.521973 0.0693934 0.0244141 0.0450368
1 0.652344 0.397518 0.0224609 0.0431985
1 0.203369 0.850643 0.0229492 0.0395221
0 0.5 0.673254 0.0234375 0.0523897
0 0.880371 0.824908 0.0234375 0.0505515
0 0.472656 0.670956 0.0214844 0.0477941
1 0.572266 0.391085 0.0234375 0.0395221
0 0.196045 0.9375 0.0249023 0.0422794
1 0.600098 0.231618 0.0195312 0.0386029
0 0.785156 0.594669 0.0292969 0.0441176
1 0.0959473 0.355239 0.0268555 0.046875
1 0.838135 0.125 0.0249023 0.0441176
1 0.09375 0.815257 0.0292969 0.0533088
0 0.857178 0.86443 0.0249023 0.046875
1 0.314453 0.144761 0.0234375 0.046875
0 0.755615 0.788603 0.0258789 0.0441176
0 0.300537 0.66636 0.0239258 0.0459559
1 0.172119 0.0183824 0.0297852 0.0367647
1 0.103027 0.524357 0.0244141 0.046875
0 0.826416 0.810202 0.0249023 0.0505515
1 0.151855 0.292279 0.0283203 0.0441176
0 0.559326 0.881434 0.0258789 0.0459559
1 0.377686 0.368566 0.0249023 0.0459559
1 0.881104 0.0854779 0.0219727 0.0422794
1 0.0913086 0.0321691 0.0332031 0.0533088
1 0.0930176 0.602022 0.0239258 0.0459559
0 0.56543 0.603401 0.0273438 0.0450368
1 0.147705 0.234375 0.0268555 0.0422794
1 0.667725 0.393842 0.0219727 0.0413603
1 0.858643 0.0831801 0.0200195 0.0431985
1 0.596924 0.296875 0.0229492 0.0422794
1 0.391357 0.875 0.0239258 0.0514706
0 0.320801 0.641544 0.0234375 0.0422794
1 0.804443 0.17739 0.0219727 0.0422794
1 0.80835 0.118107 0.0219727 0.0450368
1 0.526123 0.268842 0.0258789 0.0487132
1 0.238525 0.346048 0.027832 0.0523897
1 0.811523 0.30193 0.0253906 0.0431985
1 0.989014 0.175092 0.0219727 0.0505515
1 0.226807 0.772059 0.0249023 0.0459559
1 0.335449 0.184743 0.0253906 0.0459559
1 0.691406 0.38557 0.0253906 0.046875
1 0.582031 0.246783 0.0234375 0.0413603
1 0.896973 0.106618 0.0234375 0.0441176
1 0.205811 0.313879 0.0249023 0.046875
1 0.80542 0.211397 0.0249023 0.0422794
1 0.50415 0.176011 0.0258789 0.0487132
1 0.419434 0.947151 0.0263672 0.0487132
1 0.784912 0.271599 0.0249023 0.0450368
1 0.98291 0.919577 0.0283203 0.0560662
1 0.314209 0.247243 0.0258789 0.0459559
