0 0.860107 0.0850184 0.0249023 0.046875
0 0.917236 0.492647 0.0249023 0.0441176
0 0.0957031 0.581342 0.0283203 0.0487132
0 0.691406 0.387408 0.0263672 0.0523897
1 0.0935059 0.548713 0.0249023 0.0588235
1 0.0209961 0.193934 0.0273438 0.0551471
0 0.567139 0.596507 0.0288086 0.0533088
1 0.882812 0.241728 0.0205078 0.0459559
0 0.439697 0.88511 0.0249023 0.0459559
0 0.789551 0.592371 0.0253906 0.0450368
0 0.810791 0.118566 0.0219727 0.0459559
1 0.858643 0.0840993 0.0219727 0.046875
1 0.916992 0.982537 0.03125 0.0349265
0 0.0219727 0.194393 0.0263672 0.0505515
0 0.82666 0.954504 0.0283203 0.0505515
1 0.835938 0.866268 0.0205078 0.0376838
1 0.789795 0.590533 0.0249023 0.0450368
0 0.0852051 0.238511 0.0307617 0.0523897
0 0.206543 0.317096 0.0263672 0.0514706
1 0.858643 0.254596 0.0219727 0.0404412
0 0.828857 0.622243 0.0249023 0.0496324
1 0.929688 0.872243 0.0263672 0.0459559
0 0.872803 0.732077 0.0249023 0.0450368
0 0.101807 0.377298 0.0249023 0.0505515
1 0.932861 0.564338 0.0249023 0.0477941
1 0.810059 0.117188 0.0205078 0.0431985
1 0.440186 0.883732 0.0239258 0.046875
1 0.917236 0.492647 0.0297852 0.0477941
1 0.20166 0.0716912 0.0263672 0.0459559
1 0.197998 0.959559 0.027832 0.0477941
1 0.808594 0.299632 0.0234375 0.0404412
1 0.172119 0.0211397 0.0268555 0.0386029
1 0.258545 0.84421 0.0249023 0.0450368
1 0.828857 0.623162 0.0219727 0.0477941
0 0.198242 0.959099 0.0283203 0.046875
1 0.836914 0.12454 0.0234375 0.0431985
1 0.0939941 0.0261949 0.0317383 0.0431985
1 0.98877 0.173713 0.0224609 0.0496324
1 0.785156 0.272059 0.0234375 0.0477941
1 0.873535 0.731618 0.0263672 0.0477941
0 0.200928 0.0716912 0.0258789 0.0459559
1 0.568115 0.599265 0.0258789 0.0477941
0 0.09375 0.539062 0.0263672 0.046875
1 0.550781 0.897059 0.0253906 0.0441176
1 0.825684 0.786305 0.0263672 0.0487132
1 0.825684 0.955882 0.0283203 0.0496324
1 0.196045 0.534007 0.027832 0.0533088
1 0.69043 0.387408 0.0273438 0.0505515
0 0.93042 0.871324 0.0268555 0.0477941
1 0.235107 0.340074 0.0268555 0.0477941
1 0.206787 0.315257 0.0258789 0.0477941
1 0.863281 0.861673 0.0234375 0.046875
1 0.771484 0.742647 0.0224609 0.0459559
0 0.164551 0.769761 0.0292969 0.0523897
1 0.095459 0.579963 0.0268555 0.0459559
1 0.769043 0.924632 0.0273438 0.0514706
1 0.515381 0.195772 0.0209961 0.0441176
1 0.524414 0.269301 0.0234375 0.0404412
1 0.391113 0.871324 0.0234375 0.0496324
1 0.414062 0.921875 0.0224609 0.0459559
1 0.528076 0.310202 0.0219727 0.0413603
1 0.880615 0.826746 0.0249023 0.046875
1 0.376465 0.539522 0.0224609 0.0404412
1 0.395508 0.225184 0.0234375 0.0459559
1 0.394287 0.540441 0.0200195 0.0367647
1 0.568359 0.0900735 0.0234375 0.0441176
1 0.755859 0.789062 0.0244141 0.0450368
1 0.981934 0.908088 0.0263672 0.0496324
1 0.415283 0.457721 0.0249023 0.0441176
1 0.541016 0.058364 0.0253906 0.0450368
1 0.378662 0.368107 0.0249023 0.0431985
1 0.409668 0.340533 0.0244141 0.0431985
1 0.311523 0.245864 0.0273438 0.0450368
