0 0.677979 0.0588235 0.0219727 0.0386029
0 0.395752 0.132812 0.0209961 0.0358456
1 0.196045 0.846507 0.0473633 0.0441176
1 0.730957 0.104779 0.0283203 0.0477941
1 0.504639 0.678768 0.0268555 0.0487132
1 0.911621 0.50046 0.0234375 0.0450368
0 0.780518 0.693474 0.0239258 0.0450368
1 0.886719 0.236673 0.0283203 0.0431985
1 0.856934 0.866268 0.0234375 0.046875
1 0.833496 0.863511 0.0205078 0.0413603
1 0.564453 0.606618 0.0283203 0.0514706
1 0.747314 0.921415 0.0239258 0.0431985
0 0.737549 0.176011 0.0239258 0.0450368
1 0.737061 0.176011 0.0229492 0.046875
1 0.711426 0.650276 0.0244141 0.0413603
0 0.747314 0.922794 0.0239258 0.0422794
1 0.989746 0.819853 0.0185547 0.0404412
1 0.377686 0.369945 0.0258789 0.0450368
1 0.755859 0.79136 0.0263672 0.0441176
0 0.37793 0.369485 0.0253906 0.0441176
1 0.806152 0.113511 0.0234375 0.0413603
0 0.880371 0.823989 0.0234375 0.046875
0 0.688721 0.72886 0.0209961 0.0459559
1 0.780029 0.693474 0.0239258 0.0450368
0 0.0759277 0.244945 0.0317383 0.0523897
0 0.311523 0.133272 0.0292969 0.0459559
1 0.410156 0.340993 0.0263672 0.0441176
0 0.755615 0.789062 0.0249023 0.0431985
0 0.805908 0.113051 0.0239258 0.0441176
0 0.236816 0.710938 0.0253906 0.0431985
1 0.312012 0.134191 0.0292969 0.0459559
1 0.381104 0.788143 0.0249023 0.046875
0 0.828125 0.819853 0.0253906 0.0404412
1 0.37207 0.538603 0.0263672 0.0496324
0 0.48291 0.132812 0.0224609 0.0413603
0 0.409668 0.340533 0.0263672 0.0450368
1 0.83667 0.125 0.0249023 0.0441176
1 0.0769043 0.244945 0.0307617 0.0523897
0 0.711914 0.649357 0.0234375 0.0376838
1 0.521484 0.0689338 0.0234375 0.0422794
1 0.394775 0.130974 0.0209961 0.0376838
0 0.31543 0.884651 0.0253906 0.0450368
0 0.258301 0.846507 0.0253906 0.0459559
0 0.72998 0.104779 0.0244141 0.0459559
0 0.609375 0.0137868 0.0224609 0.0275735
1 0.678223 0.0597426 0.0234375 0.0404412
1 0.724854 0.634651 0.0209961 0.0413603
1 0.651123 0.396599 0.0229492 0.0413603
0 0.521484 0.0684743 0.0253906 0.0431985
1 0.0141602 0.201287 0.0263672 0.0588235
1 0.879883 0.824449 0.0234375 0.0459559
1 0.259521 0.846048 0.0288086 0.046875
1 0.570801 0.105699 0.0234375 0.0441176
0 0.39209 0.657169 0.0244141 0.0459559
0 0.856201 0.866728 0.0249023 0.0459559
0 0.269287 0.984375 0.0268555 0.03125
0 0.559814 0.877757 0.0268555 0.0459559
1 0.440674 0.88511 0.027832 0.0459559
1 0.589111 0.363971 0.0239258 0.0441176
1 0.679199 0.128676 0.0263672 0.0441176
1 0.53418 0.335018 0.0234375 0.0487132
0 0.464844 0.112592 0.0214844 0.0413603
1 0.196045 0.532169 0.0249023 0.0459559
0 0.536377 0.492188 0.0239258 0.0431985
1 0.406982 0.204044 0.0268555 0.0477941
1 0.402832 0.159926 0.0205078 0.0422794
1 0.992188 0.759651 0.015625 0.0395221
0 0.368408 0.692096 0.0249023 0.0459559
1 0.851562 0.261029 0.0253906 0.0422794
1 0.696289 0.448989 0.0234375 0.0431985
0 0.879883 0.0831801 0.0234375 0.0395221
0 0.466553 0.671415 0.0249023 0.0487132
1 0.197021 0.931526 0.0268555 0.0450368
0 0.672363 0.714154 0.0224609 0.0422794
1 0.921875 0.846048 0.0234375 0.0395221
1 0.0146484 0.980699 0.0244141 0.0386029
1 0.0944824 0.351562 0.027832 0.0487132
1 0.710205 0.473805 0.0229492 0.0395221
1 0.246582 0.0225184 0.0263672 0.0431985
1 0.799561 0.409926 0.0229492 0.0367647
1 0.334473 0.190717 0.0263672 0.046875
1 0.824951 0.954963 0.027832 0.0441176
0 0.534668 0.463695 0.0234375 0.0395221
1 0.803223 0.172335 0.0234375 0.0431985
1 0.828857 0.623621 0.0219727 0.046875
1 0.156494 0.501379 0.0239258 0.0487132
0 0.505127 0.678768 0.0268555 0.0505515
1 0.482422 0.131434 0.0214844 0.0441176
1 0.813232 0.442096 0.0268555 0.0422794
1 0.22583 0.779871 0.0258789 0.0487132
0 0.299316 0.667279 0.0263672 0.0477941
1 0.967041 0.744026 0.0219727 0.0431985
0 0.564453 0.607077 0.0263672 0.0487132
1 0.78418 0.59375 0.0273438 0.0441176
1 0.187012 0.472886 0.0244141 0.046875
1 0.392334 0.875919 0.0258789 0.0514706
1 0.989746 0.175551 0.0205078 0.0459559
0 0.32373 0.634651 0.0234375 0.0431985
1 0.669189 0.392463 0.0219727 0.0422794
1 0.876709 0.716452 0.0249023 0.0450368
1 0.570801 0.388787 0.0234375 0.0422794
1 0.171875 0.0183824 0.0283203 0.0367647
1 0.611328 0.24954 0.0195312 0.0395221
1 0.923584 0.56204 0.0249023 0.0413603
1 0.2146 0.0776654 0.0249023 0.0505515
1 0.202881 0.852941 0.0258789 0.0441176
1 0.598145 0.299173 0.0244141 0.0431985
1 0.145508 0.586397 0.0234375 0.0459559
1 0.236328 0.346507 0.0273438 0.0533088
1 0.580078 0.248621 0.0224609 0.0431985
1 0.0180664 0.454504 0.0244141 0.0505515
1 0.150391 0.233456 0.0273438 0.0459559
1 0.0915527 0.0326287 0.0336914 0.0542279
1 0.148438 0.300551 0.0283203 0.0459559
1 0.598145 0.230699 0.0205078 0.0422794
1 0.126953 0.827206 0.0263672 0.0496324
1 0.03125 0.409926 0.0253906 0.0441176
1 0.16333 0.772059 0.0258789 0.0477941
1 0.803711 0.220588 0.0234375 0.0441176
1 0.178711 0.83364 0.0263672 0.0459559
1 0.691406 0.38511 0.0244141 0.0459559
1 0.314697 0.248621 0.0268555 0.046875
1 0.502197 0.175092 0.0249023 0.046875
1 0.810059 0.300551 0.0263672 0.0422794
1 0.0925293 0.813419 0.0268555 0.0496324
1 0.527344 0.269761 0.0244141 0.0487132
1 0.0917969 0.600184 0.0244141 0.0496324
1 0.105957 0.530331 0.0253906 0.0459559
1 0.132812 0.619945 0.0244141 0.046875
1 0.783691 0.27114 0.0263672 0.0459559
1 0.983643 0.926471 0.0268555 0.0514706
1 0.206055 0.313879 0.0263672 0.0487132
1 0.418945 0.953585 0.0273438 0.0505515
1 0.981201 0.734375 0.0200195 0.0404412
