0 0.859375 0.0850184 0.0253906 0.046875
0 0.567139 0.596507 0.0288086 0.0533088
1 0.549805 0.898438 0.0273438 0.0431985
0 0.917969 0.981618 0.03125 0.0367647
0 0.440186 0.884651 0.0249023 0.046875
1 0.882812 0.242188 0.0214844 0.046875
0 0.195801 0.537684 0.0302734 0.0569853
0 0.690674 0.387868 0.027832 0.0551471
1 0.858643 0.0840993 0.0219727 0.046875
1 0.439941 0.883732 0.0244141 0.0487132
1 0.858643 0.255055 0.0219727 0.0413603
1 0.195557 0.536305 0.0288086 0.0560662
0 0.0959473 0.577206 0.0258789 0.0422794
1 0.917236 0.491728 0.0297852 0.0459559
1 0.0942383 0.0257353 0.03125 0.0422794
1 0.200684 0.0698529 0.0263672 0.0441176
0 0.873535 0.734375 0.0263672 0.0459559
1 0.835938 0.866268 0.0205078 0.0376838
1 0.690674 0.387408 0.027832 0.0542279
1 0.807861 0.299632 0.0229492 0.0404412
0 0.197998 0.95864 0.0307617 0.0514706
1 0.785156 0.272059 0.0234375 0.0477941
1 0.790771 0.590074 0.0249023 0.0459559
0 0.199219 0.0698529 0.0253906 0.0441176
0 0.0852051 0.238051 0.0297852 0.0514706
1 0.172119 0.0211397 0.0268555 0.0386029
1 0.258545 0.844669 0.0249023 0.0459559
1 0.198242 0.959559 0.0273438 0.0477941
0 0.828857 0.622702 0.0249023 0.0487132
0 0.0217285 0.194393 0.0258789 0.0505515
0 0.207031 0.316636 0.0263672 0.0523897
1 0.811035 0.116728 0.0205078 0.0441176
0 0.82666 0.954504 0.0283203 0.0505515
1 0.389893 0.54136 0.0200195 0.0330882
1 0.932861 0.565257 0.0249023 0.0477941
1 0.824951 0.783088 0.0268555 0.0496324
1 0.828857 0.623621 0.0219727 0.046875
1 0.989014 0.173254 0.0219727 0.0487132
1 0.836914 0.12454 0.0234375 0.0431985
1 0.207031 0.315257 0.0263672 0.0496324
0 0.102295 0.377757 0.0258789 0.0496324
1 0.825928 0.955882 0.0297852 0.0496324
1 0.568359 0.599265 0.0263672 0.0477941
1 0.234863 0.340533 0.0263672 0.046875
1 0.0952148 0.578125 0.0263672 0.0422794
0 0.93042 0.873621 0.0268555 0.046875
1 0.873535 0.734375 0.0263672 0.0477941
1 0.37793 0.538603 0.0205078 0.0367647
1 0.864258 0.860754 0.0234375 0.046875
1 0.980469 0.90625 0.0263672 0.0514706
1 0.524414 0.269761 0.0234375 0.0395221
1 0.516357 0.19761 0.0209961 0.0422794
0 0.0935059 0.54182 0.0249023 0.046875
1 0.412598 0.919118 0.0224609 0.0459559
1 0.528076 0.310202 0.0219727 0.0413603
1 0.771484 0.744945 0.0234375 0.0487132
1 0.77002 0.925551 0.0273438 0.0514706
1 0.391113 0.871324 0.0234375 0.0496324
1 0.394775 0.227482 0.0239258 0.0450368
1 0.755859 0.789062 0.0244141 0.0450368
1 0.542725 0.0560662 0.0249023 0.0441176
1 0.567871 0.0873162 0.0244141 0.0441176
0 0.164307 0.770221 0.0288086 0.0514706
1 0.880371 0.826287 0.0234375 0.0459559
1 0.415283 0.457721 0.0258789 0.0459559
1 0.378662 0.368107 0.0249023 0.0431985
1 0.409424 0.340533 0.0239258 0.0431985
1 0.311768 0.245864 0.027832 0.0450368
