0 0.990967 0.415441 0.0180664 0.0367647
0 0.859375 0.0850184 0.0253906 0.046875
0 0.916992 0.492647 0.0234375 0.0422794
1 0.0939941 0.558364 0.0249023 0.0579044
1 0.858643 0.0836397 0.0219727 0.0459559
1 0.882812 0.242188 0.0205078 0.046875
1 0.549805 0.898438 0.0273438 0.0431985
1 0.858643 0.255515 0.0200195 0.0404412
0 0.771729 0.744945 0.0249023 0.0450368
0 0.7854 0.273438 0.0249023 0.0450368
1 0.917236 0.491728 0.027832 0.0459559
0 0.567139 0.596967 0.0288086 0.0523897
0 0.917969 0.981618 0.0292969 0.0367647
0 0.769531 0.925092 0.0263672 0.0523897
0 0.439697 0.884651 0.0249023 0.046875
1 0.690674 0.387408 0.027832 0.0542279
0 0.102295 0.378217 0.0258789 0.0505515
1 0.102783 0.376379 0.0258789 0.0505515
1 0.439941 0.883732 0.0244141 0.0487132
1 0.807861 0.299632 0.0229492 0.0404412
1 0.785156 0.272059 0.0234375 0.0477941
0 0.810791 0.118566 0.0219727 0.0459559
1 0.811035 0.116728 0.0205078 0.0441176
1 0.790771 0.589614 0.0249023 0.046875
0 0.790771 0.590993 0.0249023 0.0459559
1 0.835938 0.866268 0.0205078 0.0376838
0 0.197998 0.959559 0.0307617 0.0514706
0 0.0852051 0.238511 0.0297852 0.0523897
0 0.69043 0.386949 0.0273438 0.0551471
0 0.199219 0.0698529 0.0253906 0.0441176
1 0.0935059 0.027114 0.0317383 0.046875
1 0.836914 0.12454 0.0234375 0.0431985
1 0.828857 0.623162 0.0219727 0.0477941
0 0.0219727 0.193934 0.0263672 0.0496324
1 0.200195 0.0698529 0.0253906 0.0441176
1 0.389648 0.54136 0.0205078 0.0330882
1 0.933594 0.565257 0.0253906 0.0477941
0 0.207031 0.316636 0.0263672 0.0523897
1 0.824951 0.783088 0.0268555 0.0496324
1 0.989014 0.173254 0.0219727 0.0487132
1 0.195557 0.536765 0.0288086 0.0551471
1 0.825684 0.955882 0.0283203 0.0496324
1 0.172119 0.0211397 0.0268555 0.0386029
1 0.258545 0.844669 0.0249023 0.0459559
1 0.198242 0.960018 0.0283203 0.0487132
1 0.568359 0.598805 0.0263672 0.046875
0 0.873535 0.734375 0.0263672 0.0459559
0 0.82666 0.954963 0.0283203 0.0496324
1 0.873535 0.733456 0.0263672 0.0477941
1 0.207031 0.315257 0.0263672 0.0496324
0 0.828857 0.622702 0.0249023 0.0487132
1 0.234863 0.340074 0.0263672 0.0477941
0 0.164307 0.769761 0.0288086 0.0505515
1 0.864258 0.860754 0.0234375 0.046875
0 0.0935059 0.542279 0.0258789 0.0459559
1 0.37793 0.538603 0.0205078 0.0367647
1 0.980469 0.90625 0.0263672 0.0514706
1 0.524414 0.269301 0.0234375 0.0404412
1 0.516357 0.19807 0.0209961 0.0413603
0 0.93042 0.873621 0.0268555 0.046875
1 0.0949707 0.577665 0.0258789 0.0413603
1 0.527588 0.309743 0.0209961 0.0404412
1 0.77002 0.924632 0.0273438 0.0514706
1 0.413086 0.919118 0.0234375 0.0459559
1 0.771484 0.744485 0.0234375 0.0477941
1 0.880371 0.826287 0.0234375 0.0459559
1 0.391113 0.871324 0.0234375 0.0496324
1 0.567871 0.0873162 0.0244141 0.0441176
1 0.755859 0.789062 0.0244141 0.0450368
1 0.542725 0.0556066 0.0249023 0.0450368
1 0.39502 0.227482 0.0244141 0.0450368
1 0.415283 0.457721 0.0258789 0.0459559
1 0.378662 0.368107 0.0249023 0.0431985
1 0.311768 0.245864 0.027832 0.0450368
1 0.40918 0.340533 0.0244141 0.0431985
