1 0.309082 0.899816 0.0273438 0.0496324
1 0.309814 0.238971 0.0297852 0.0569853
0 0.858643 0.0840993 0.0219727 0.046875
0 0.835938 0.122702 0.0214844 0.046875
0 0.189697 0.54182 0.0336914 0.0689338
1 0.832764 0.768382 0.027832 0.0514706
0 0.101562 0.0225184 0.0341797 0.0450368
1 0.439209 0.880515 0.0297852 0.0588235
1 0.78833 0.925092 0.0268555 0.0505515
1 0.834473 0.12546 0.0234375 0.0450368
0 0.834229 0.771599 0.0297852 0.0487132
1 0.101807 0.0238971 0.0336914 0.0477941
1 0.960938 0.870864 0.0253906 0.0413603
0 0.960938 0.868566 0.0253906 0.0422794
1 0.109375 0.387408 0.0292969 0.0634191
0 0.569336 0.597886 0.03125 0.0542279
0 0.789062 0.925551 0.0263672 0.0496324
1 0.94751 0.561121 0.0249023 0.046875
1 0.56958 0.596507 0.027832 0.0496324
0 0.82666 0.954044 0.0283203 0.0514706
0 0.799316 0.595588 0.0283203 0.0514706
1 0.872559 0.744485 0.0283203 0.0459559
1 0.81543 0.119026 0.0234375 0.046875
0 0.815674 0.117647 0.0249023 0.0459559
0 0.922607 0.977022 0.0297852 0.0441176
1 0.385254 0.255974 0.0283203 0.0487132
1 0.829102 0.624081 0.0234375 0.0477941
0 0.164795 0.772518 0.027832 0.0542279
1 0.91626 0.495404 0.0249023 0.0459559
0 0.259033 0.846967 0.027832 0.0505515
1 0.800049 0.594669 0.0268555 0.0496324
1 0.203125 0.957261 0.0302734 0.0523897
0 0.309814 0.23989 0.0307617 0.0569853
0 0.872559 0.746324 0.0263672 0.0477941
0 0.828857 0.623162 0.0249023 0.0496324
1 0.988281 0.172335 0.0234375 0.0505515
0 0.202393 0.957261 0.027832 0.0487132
0 0.439453 0.881434 0.0332031 0.0588235
0 0.93457 0.882812 0.0234375 0.0395221
0 0.0852051 0.23943 0.034668 0.0615809
1 0.415771 0.454963 0.0249023 0.0477941
0 0.108887 0.389706 0.0292969 0.0625
1 0.377197 0.367188 0.0219727 0.0413603
0 0.0219727 0.193015 0.0332031 0.0661765
1 0.826416 0.954504 0.0297852 0.0505515
1 0.689941 0.389706 0.0302734 0.0661765
1 0.393311 0.34329 0.0258789 0.0413603
1 0.189209 0.54182 0.0336914 0.0652574
