1 0.140625 0.598805 0.0224609 0.0487132
1 0.587158 0.36489 0.0200195 0.03125
0 0.776367 0.715533 0.0234375 0.0431985
1 0.381836 0.786765 0.0214844 0.0404412
0 0.787354 0.59329 0.0268555 0.0450368
0 0.827393 0.803309 0.0268555 0.0514706
1 0.825928 0.802849 0.0249023 0.0505515
1 0.03125 0.411765 0.0185547 0.0367647
0 0.880371 0.824908 0.0234375 0.046875
1 0.879883 0.825827 0.0234375 0.0450368
1 0.80542 0.1875 0.019043 0.0367647
0 0.877197 0.722426 0.0249023 0.0441176
1 0.825928 0.955882 0.0297852 0.0496324
1 0.756836 0.924632 0.03125 0.0514706
0 0.828857 0.621783 0.0249023 0.0487132
1 0.857666 0.862592 0.0249023 0.0450368
1 0.53418 0.331342 0.0234375 0.0431985
1 0.681152 0.100643 0.0244141 0.0413603
0 0.912354 0.982996 0.0297852 0.0340074
0 0.755859 0.924173 0.0292969 0.0487132
1 0.916992 0.492647 0.0234375 0.0459559
1 0.0244141 0.43704 0.0214844 0.0358456
1 0.828857 0.622243 0.0219727 0.0459559
1 0.740723 0.161765 0.0224609 0.0404412
1 0.379395 0.68796 0.0205078 0.0413603
0 0.755615 0.789062 0.0249023 0.0431985
0 0.825684 0.954963 0.0283203 0.0496324
1 0.0808105 0.235294 0.027832 0.0477941
0 0.565918 0.601103 0.0263672 0.0477941
1 0.556152 0.882353 0.0263672 0.0441176
1 0.440186 0.88511 0.0268555 0.0459559
1 0.857178 0.253676 0.0249023 0.0422794
1 0.0187988 0.195772 0.0258789 0.0514706
1 0.25708 0.84375 0.0249023 0.0441176
1 0.731689 0.116728 0.0219727 0.0422794
1 0.679199 0.0606618 0.0224609 0.0386029
1 0.0905762 0.03125 0.0336914 0.0496324
1 0.526123 0.0675551 0.0239258 0.0431985
1 0.319336 0.162684 0.0195312 0.0459559
1 0.92749 0.856618 0.0249023 0.0477941
1 0.838379 0.12454 0.0234375 0.0431985
1 0.929688 0.56296 0.0263672 0.0450368
1 0.172119 0.019761 0.0297852 0.0395221
1 0.690674 0.384651 0.0268555 0.046875
1 0.237793 0.715074 0.0244141 0.0441176
1 0.40625 0.538143 0.0234375 0.0413603
1 0.571289 0.10386 0.0234375 0.0441176
1 0.0146484 0.981618 0.0253906 0.0367647
1 0.88208 0.0863971 0.0200195 0.0422794
1 0.0981445 0.361213 0.0253906 0.0477941
1 0.0939941 0.601562 0.0239258 0.0450368
1 0.858643 0.0840993 0.0200195 0.0431985
1 0.14502 0.588235 0.0205078 0.0441176
1 0.371094 0.539522 0.0253906 0.0459559
1 0.10083 0.524357 0.0249023 0.0487132
1 0.524658 0.268382 0.0239258 0.0477941
1 0.197021 0.945312 0.027832 0.0487132
1 0.208984 0.0799632 0.0253906 0.0477941
1 0.391846 0.87454 0.0229492 0.0487132
1 0.988281 0.175092 0.0214844 0.0505515
1 0.809326 0.118566 0.0219727 0.0422794
1 0.414551 0.457261 0.0244141 0.0450368
1 0.401855 0.213235 0.0234375 0.0441176
1 0.59375 0.292279 0.0234375 0.0441176
1 0.196533 0.529871 0.0229492 0.0431985
1 0.897705 0.105699 0.0219727 0.0441176
1 0.334961 0.182445 0.0214844 0.046875
1 0.13208 0.608456 0.0209961 0.0422794
1 0.812012 0.30193 0.0244141 0.0413603
1 0.584473 0.253676 0.0224609 0.0404412
1 0.506592 0.182445 0.0249023 0.046875
1 0.786133 0.272059 0.0234375 0.0441176
1 0.98291 0.917739 0.0283203 0.0542279
1 0.806396 0.210018 0.0219727 0.0376838
1 0.410156 0.340074 0.0253906 0.0441176
1 0.37793 0.368107 0.0253906 0.0431985
1 0.187256 0.483915 0.0239258 0.0450368
1 0.417969 0.943474 0.0253906 0.0505515
1 0.15332 0.278493 0.0253906 0.0404412
1 0.1604 0.486673 0.0239258 0.0413603
1 0.164307 0.771599 0.0268555 0.0487132
1 0.148193 0.235294 0.0249023 0.0441176
1 0.120117 0.821232 0.0244141 0.0487132
1 0.095459 0.814338 0.027832 0.0514706
1 0.239014 0.345129 0.027832 0.0505515
1 0.312256 0.246783 0.0249023 0.0450368
1 0.205322 0.314798 0.0249023 0.046875
1 0.230469 0.761949 0.0244141 0.0459559
