1 0.414551 0.460018 0.0263672 0.0450368
1 0.856934 0.866728 0.0263672 0.0496324
1 0.910889 0.5 0.0249023 0.0422794
0 0.760986 0.0602022 0.0200195 0.0340074
0 0.835205 0.127757 0.0249023 0.0404412
0 0.76709 0.0877757 0.0205078 0.0395221
1 0.564941 0.608456 0.0283203 0.0477941
0 0.893799 0.118566 0.0219727 0.0386029
0 0.833496 0.863511 0.0185547 0.0413603
0 0.726562 0.633732 0.0205078 0.0413603
0 0.855469 0.0785846 0.0205078 0.0395221
1 0.381348 0.788143 0.0244141 0.046875
0 0.780518 0.692555 0.0239258 0.0450368
0 0.381104 0.788143 0.0249023 0.046875
0 0.196777 0.532629 0.0244141 0.046875
1 0.886719 0.236213 0.0253906 0.0422794
1 0.735596 0.179228 0.0239258 0.0459559
0 0.746826 0.921875 0.0258789 0.0422794
0 0.441162 0.88557 0.0288086 0.046875
0 0.736328 0.177849 0.0224609 0.046875
1 0.36084 0.181985 0.0195312 0.0404412
0 0.806152 0.112132 0.0234375 0.0441176
1 0.72998 0.103401 0.0234375 0.0450368
1 0.710938 0.648897 0.0224609 0.0404412
1 0.780029 0.692555 0.0239258 0.046875
0 0.392822 0.875919 0.0249023 0.0533088
0 0.880371 0.823529 0.0234375 0.0477941
0 0.755859 0.789062 0.0253906 0.0431985
0 0.409424 0.341452 0.0268555 0.0450368
0 0.689697 0.72886 0.0219727 0.0459559
1 0.377441 0.369945 0.0263672 0.0450368
1 0.0766602 0.245404 0.03125 0.0533088
1 0.879883 0.824449 0.0234375 0.0459559
0 0.521484 0.0684743 0.0244141 0.0431985
1 0.649658 0.392923 0.0229492 0.0431985
1 0.746826 0.921415 0.0239258 0.0431985
1 0.409668 0.341452 0.0263672 0.0450368
0 0.729492 0.10432 0.0234375 0.0450368
1 0.37207 0.538603 0.0263672 0.0477941
1 0.678223 0.0597426 0.0234375 0.0404412
1 0.72583 0.633272 0.0219727 0.0422794
1 0.520996 0.0698529 0.0234375 0.0422794
1 0.696533 0.448529 0.0219727 0.0367647
1 0.835938 0.12546 0.0253906 0.0450368
0 0.829102 0.821232 0.0234375 0.0431985
1 0.440674 0.886949 0.0288086 0.0514706
1 0.0300293 0.88557 0.0239258 0.0395221
1 0.992188 0.539062 0.015625 0.0450368
1 0.259521 0.846967 0.027832 0.046875
0 0.608887 0.0137868 0.0224609 0.0275735
1 0.196045 0.532169 0.0249023 0.0459559
0 0.392578 0.657169 0.0224609 0.0459559
1 0.0354004 0.914062 0.0229492 0.0358456
0 0.236328 0.710938 0.0253906 0.0431985
1 0.311768 0.131893 0.0268555 0.046875
1 0.0144043 0.201746 0.0258789 0.0560662
0 0.535889 0.494485 0.0249023 0.0441176
1 0.570801 0.105699 0.0224609 0.0422794
0 0.0761719 0.245864 0.0322266 0.0542279
1 0.588867 0.363971 0.0234375 0.0441176
0 0.856201 0.866728 0.0249023 0.0459559
1 0.679688 0.130515 0.0263672 0.0441176
1 0.991699 0.759651 0.0166016 0.0395221
0 0.55957 0.877298 0.0273438 0.0450368
0 0.258057 0.846507 0.0258789 0.0422794
1 0.226318 0.783088 0.027832 0.0477941
1 0.462891 0.111673 0.0205078 0.0431985
1 0.196533 0.931985 0.0268555 0.0441176
0 0.315918 0.882812 0.0244141 0.046875
0 0.269531 0.984375 0.0263672 0.03125
1 0.921875 0.845588 0.0234375 0.0404412
1 0.799072 0.409007 0.0219727 0.0367647
1 0.813232 0.442096 0.0249023 0.0422794
1 0.53418 0.337316 0.0234375 0.0459559
1 0.876465 0.715533 0.0234375 0.0431985
0 0.710938 0.649816 0.0234375 0.0386029
0 0.367676 0.690717 0.0234375 0.046875
1 0.186768 0.471507 0.0249023 0.0459559
1 0.392822 0.875919 0.0258789 0.0533088
1 0.0942383 0.351562 0.0273438 0.0487132
1 0.851562 0.261029 0.0253906 0.0422794
0 0.672607 0.713695 0.0229492 0.0413603
1 0.15625 0.501838 0.0234375 0.0477941
1 0.828857 0.62454 0.0219727 0.046875
0 0.879883 0.0827206 0.0234375 0.0404412
1 0.710938 0.475643 0.0253906 0.0395221
1 0.0146484 0.980699 0.0244141 0.0386029
0 0.564453 0.607996 0.0263672 0.0487132
1 0.803223 0.171875 0.0234375 0.0441176
0 0.466553 0.670496 0.0249023 0.046875
1 0.78418 0.59375 0.0273438 0.0441176
0 0.53418 0.463235 0.0234375 0.0404412
1 0.668701 0.392463 0.0219727 0.0422794
1 0.824951 0.954963 0.0297852 0.0459559
1 0.966553 0.744945 0.0219727 0.0431985
1 0.922607 0.560662 0.0249023 0.0404412
0 0.506348 0.679228 0.0263672 0.0477941
1 0.611328 0.25 0.0195312 0.0386029
1 0.203613 0.85386 0.0253906 0.0441176
1 0.163574 0.772518 0.0253906 0.0487132
1 0.406982 0.204044 0.0268555 0.0477941
0 0.299072 0.668658 0.0268555 0.046875
0 0.32373 0.633732 0.0234375 0.0431985
1 0.246094 0.0225184 0.0263672 0.0431985
1 0.0178223 0.456342 0.0239258 0.0487132
1 0.145508 0.586857 0.0244141 0.046875
1 0.150879 0.231618 0.0273438 0.0477941
1 0.171631 0.0179228 0.027832 0.0358456
1 0.235596 0.346967 0.0258789 0.0523897
1 0.989746 0.176011 0.0205078 0.046875
1 0.395264 0.129136 0.0209961 0.0395221
1 0.570312 0.388327 0.0234375 0.0413603
1 0.106689 0.53079 0.0258789 0.0450368
1 0.0314941 0.409926 0.0258789 0.0441176
1 0.482422 0.131893 0.0214844 0.0431985
1 0.5979 0.299632 0.0249023 0.0441176
1 0.691406 0.38511 0.0244141 0.0441176
1 0.0922852 0.8125 0.0263672 0.0477941
1 0.127197 0.827206 0.0258789 0.0496324
1 0.147217 0.301011 0.0288086 0.046875
1 0.0915527 0.0340074 0.0336914 0.0533088
1 0.579346 0.248621 0.0229492 0.0431985
1 0.333984 0.192096 0.0253906 0.0477941
1 0.21582 0.0776654 0.0253906 0.046875
1 0.178223 0.832721 0.0253906 0.0441176
1 0.0913086 0.600184 0.0244141 0.0496324
1 0.598145 0.230239 0.0205078 0.0413603
1 0.804932 0.223805 0.0229492 0.0431985
1 0.402832 0.160386 0.0214844 0.0431985
1 0.501953 0.174632 0.0253906 0.0459559
1 0.132568 0.620864 0.0249023 0.0450368
1 0.315186 0.249081 0.0268555 0.0477941
1 0.419189 0.954504 0.027832 0.0505515
1 0.810059 0.299632 0.0253906 0.0404412
1 0.527832 0.270221 0.0244141 0.0477941
1 0.983643 0.928309 0.0268555 0.0514706
1 0.783691 0.27114 0.0263672 0.0441176
1 0.206299 0.313419 0.0258789 0.0496324
1 0.981201 0.734375 0.0200195 0.0404412
