0 0.533691 0.672794 0.0224609 0.0238971
0 0.367432 0.84421 0.0170898 0.0413603
0 0.954102 0.256893 0.015625 0.0321691
0 0.619141 0.414522 0.0175781 0.0367647
0 0.158203 0.222886 0.0185547 0.0340074
0 0.444092 0.154412 0.0180664 0.0330882
0 0.381348 0.368107 0.0205078 0.0376838
0 0.352783 0.841912 0.019043 0.0367647
0 0.548828 0.580423 0.0166016 0.0340074
0 0.556641 0.0625 0.0175781 0.0330882
0 0.564209 0.303309 0.0180664 0.0330882
0 0.991699 0.186121 0.0166016 0.0358456
0 0.80249 0.0477941 0.0180664 0.0367647
0 0.133545 0.13511 0.019043 0.0386029
0 0.980469 0.446691 0.0185547 0.0404412
0 0.19873 0.539982 0.0205078 0.0376838
0 0.693848 0.640165 0.0205078 0.0340074
0 0.582031 0.194393 0.0175781 0.0340074
0 0.268311 0.224724 0.0219727 0.0376838
0 0.488281 0.574908 0.0214844 0.0303309
0 0.515381 0.467831 0.0219727 0.0349265
0 0.617188 0.97886 0.0205078 0.0386029
0 0.564453 0.372243 0.0175781 0.0404412
0 0.835205 0.555147 0.0200195 0.0367647
0 0.765381 0.897518 0.0209961 0.0395221
0 0.616455 0.253217 0.0180664 0.0303309
0 0.00830078 0.986213 0.0166016 0.0275735
0 0.845459 0.12454 0.0170898 0.0358456
0 0.140625 0.298713 0.0175781 0.0349265
0 0.119385 0.162684 0.0180664 0.0367647
0 0.0385742 0.405331 0.0205078 0.0386029
0 0.233398 0.963695 0.0195312 0.0395221
0 0.85083 0.0845588 0.0170898 0.0386029
0 0.108643 0.53125 0.0209961 0.0367647
0 0.925781 0.332721 0.0205078 0.0386029
0 0.168457 0.0151654 0.0244141 0.0303309
0 0.368164 0.796875 0.015625 0.0349265
0 0.533203 0.274357 0.0214844 0.0376838
0 0.98291 0.345129 0.0185547 0.0376838
0 0.501221 0.341452 0.0170898 0.0340074
0 0.572754 0.107537 0.0195312 0.0330882
0 0.708984 0.654412 0.0214844 0.0330882
0 0.516846 0.82261 0.019043 0.0367647
0 0.781738 0.582721 0.0224609 0.0441176
0 0.413086 0.206342 0.0195312 0.0413603
0 0.488281 0.356158 0.0185547 0.0358456
0 0.593018 0.372243 0.0180664 0.0367647
0 0.195068 0.248162 0.019043 0.0422794
0 0.616455 0.890625 0.0200195 0.0422794
0 0.830566 0.517463 0.0205078 0.0386029
0 0.529297 0.340074 0.0205078 0.0367647
0 0.379639 0.0289522 0.0219727 0.0358456
0 0.606689 0.490809 0.0170898 0.0330882
0 0.546875 0.318474 0.0205078 0.0321691
0 0.959229 0.225643 0.0219727 0.0376838
0 0.991455 0.131893 0.0170898 0.0395221
0 0.939209 0.246783 0.0219727 0.0321691
0 0.786621 0.67693 0.0195312 0.0413603
0 0.31958 0.872702 0.0209961 0.0431985
0 0.206543 0.855239 0.0205078 0.0413603
0 0.754639 0.787224 0.0229492 0.0395221
0 0.401611 0.160846 0.019043 0.0349265
0 0.918701 0.836857 0.0219727 0.0376838
0 0.259033 0.845588 0.0219727 0.0349265
0 0.361084 0.161765 0.0209961 0.0349265
0 0.496338 0.606618 0.0209961 0.0349265
0 0.0161133 0.470588 0.0224609 0.0404412
0 0.554443 0.828585 0.0209961 0.0376838
0 0.0412598 0.120404 0.0209961 0.0386029
0 0.534668 0.802849 0.0205078 0.0395221
0 0.546875 0.513327 0.0214844 0.0376838
0 0.776123 0.858456 0.0200195 0.0367647
0 0.571777 0.213235 0.0205078 0.0349265
0 0.348145 0.800551 0.0185547 0.0386029
0 0.948486 0.315257 0.0219727 0.0386029
0 0.0551758 0.11489 0.0205078 0.0349265
0 0.269531 0.983456 0.0234375 0.0330882
0 0.575195 0.252757 0.0195312 0.0349265
0 0.828857 0.62454 0.0200195 0.0395221
0 0.128174 0.826287 0.0200195 0.0422794
0 0.727295 0.629596 0.0219727 0.0404412
0 0.598145 0.300551 0.0185547 0.0386029
0 0.395264 0.113051 0.0229492 0.0422794
0 0.987305 0.942096 0.0234375 0.0386029
0 0.0922852 0.0349265 0.0263672 0.0422794
