1 0.109863 0.387408 0.0302734 0.0634191
0 0.101807 0.0234375 0.0356445 0.046875
1 0.30957 0.238051 0.0283203 0.0588235
1 0.102295 0.0243566 0.0336914 0.0487132
1 0.439209 0.880055 0.0297852 0.0597426
0 0.800049 0.595129 0.027832 0.0523897
0 0.189453 0.54182 0.0351562 0.0726103
1 0.794434 0.926011 0.0234375 0.0487132
0 0.858643 0.0831801 0.0249023 0.0487132
0 0.872559 0.746324 0.0263672 0.0477941
0 0.259277 0.848805 0.0302734 0.0542279
0 0.525146 0.207721 0.0258789 0.0496324
1 0.258789 0.847886 0.0292969 0.0523897
1 0.416504 0.454044 0.0302734 0.0588235
1 0.839844 0.764706 0.0253906 0.0459559
0 0.203125 0.957261 0.03125 0.0542279
0 0.829102 0.623621 0.0234375 0.0487132
1 0.93457 0.881893 0.0234375 0.0395221
1 0.308838 0.904871 0.0307617 0.0560662
1 0.828857 0.625 0.0219727 0.0477941
0 0.56958 0.597886 0.0327148 0.0560662
0 0.439453 0.881434 0.0341797 0.0588235
1 0.800781 0.594669 0.0253906 0.0496324
1 0.92334 0.975184 0.0283203 0.0422794
1 0.987549 0.172794 0.0249023 0.0569853
0 0.308594 0.238051 0.0302734 0.0588235
0 0.0852051 0.238051 0.0366211 0.0606618
1 0.95459 0.556985 0.0263672 0.0514706
1 0.872559 0.745404 0.0263672 0.0459559
0 0.164551 0.772978 0.0292969 0.0569853
1 0.203613 0.95818 0.03125 0.0560662
1 0.916504 0.495864 0.0263672 0.046875
1 0.825684 0.952665 0.0263672 0.046875
0 0.108887 0.387868 0.0302734 0.0625
1 0.689941 0.389246 0.0302734 0.0652574
0 0.0222168 0.193015 0.0327148 0.0661765
1 0.955322 0.865809 0.0249023 0.0441176
1 0.189209 0.54136 0.034668 0.0680147
