1 0.882812 0.241728 0.0214844 0.0459559
1 0.858643 0.0836397 0.0219727 0.0441176
1 0.164795 0.771599 0.0288086 0.0560662
0 0.0966797 0.0252757 0.0292969 0.0450368
1 0.559326 0.0749081 0.0219727 0.0431985
0 0.758545 0.784467 0.0209961 0.0358456
1 0.858643 0.253217 0.0219727 0.0395221
1 0.0969238 0.0238971 0.0317383 0.0477941
0 0.227539 0.335938 0.0214844 0.0450368
0 0.258789 0.846507 0.0263672 0.0514706
1 0.258545 0.846507 0.0268555 0.0496324
1 0.171875 0.0220588 0.0283203 0.0441176
0 0.567627 0.597426 0.0297852 0.0533088
0 0.409668 0.907169 0.0224609 0.0459559
0 0.543457 0.0592831 0.0195312 0.0395221
0 0.199951 0.959099 0.0317383 0.0542279
0 0.391113 0.871324 0.0205078 0.0477941
0 0.871826 0.744026 0.0268555 0.046875
1 0.10498 0.383732 0.0292969 0.0597426
1 0.568848 0.597426 0.0273438 0.0477941
1 0.810791 0.119485 0.0219727 0.0459559
1 0.934326 0.879596 0.0249023 0.0422794
0 0.826416 0.954504 0.0297852 0.0523897
1 0.828857 0.623621 0.0219727 0.046875
1 0.519775 0.203125 0.0209961 0.0422794
0 0.0849609 0.238971 0.0322266 0.0569853
0 0.796875 0.59329 0.0253906 0.046875
1 0.92041 0.978401 0.03125 0.0431985
1 0.776855 0.920496 0.0283203 0.0523897
0 0.213623 0.319853 0.0239258 0.0477941
1 0.83667 0.124081 0.0219727 0.0422794
1 0.525146 0.270221 0.0219727 0.0404412
1 0.989014 0.172794 0.0219727 0.0496324
1 0.917236 0.492647 0.0249023 0.0477941
1 0.391602 0.871783 0.0234375 0.0487132
1 0.824951 0.775735 0.0249023 0.0477941
1 0.54248 0.908548 0.0283203 0.0487132
1 0.199707 0.95864 0.0302734 0.0514706
1 0.528564 0.309743 0.0219727 0.0404412
0 0.0222168 0.193474 0.0307617 0.0597426
0 0.105469 0.383272 0.0292969 0.0569853
1 0.784668 0.272978 0.0224609 0.0459559
1 0.825928 0.955882 0.0297852 0.0514706
0 0.828857 0.622702 0.0249023 0.0487132
0 0.438965 0.884651 0.0234375 0.0487132
0 0.171875 0.0229779 0.0283203 0.0422794
0 0.165039 0.77114 0.0292969 0.0514706
0 0.559814 0.0726103 0.0200195 0.0404412
1 0.871826 0.741728 0.0268555 0.0514706
1 0.939941 0.564798 0.0263672 0.0487132
1 0.879883 0.827206 0.0234375 0.0422794
1 0.803467 0.300551 0.0229492 0.0441176
1 0.311279 0.244485 0.0268555 0.0459559
1 0.414795 0.455423 0.0239258 0.0431985
0 0.19165 0.0546875 0.027832 0.0542279
1 0.867188 0.853401 0.0234375 0.046875
1 0.689697 0.387408 0.0297852 0.0615809
1 0.975098 0.891085 0.0263672 0.0431985
1 0.40918 0.340533 0.0234375 0.046875
1 0.378174 0.369026 0.0258789 0.0450368
1 0.39209 0.237132 0.0263672 0.0514706
1 0.189453 0.54182 0.03125 0.0597426
