1 0.563965 0.613051 0.0273438 0.0496324
0 0.195557 0.92739 0.0249023 0.0441176
1 0.125244 0.48943 0.0219727 0.0505515
1 0.893799 0.120864 0.0219727 0.0395221
1 0.776123 0.873162 0.0200195 0.0367647
1 0.970215 0.200827 0.0205078 0.0376838
0 0.829102 0.823529 0.0234375 0.0459559
1 0.98999 0.819853 0.0170898 0.0441176
0 0.440186 0.884651 0.0297852 0.0505515
1 0.398193 0.142923 0.0239258 0.0505515
1 0.943848 0.320772 0.0205078 0.0386029
1 0.985107 0.764706 0.0200195 0.0367647
0 0.879639 0.0813419 0.0219727 0.0395221
0 0.536377 0.5 0.0258789 0.0441176
1 0.673828 0.713235 0.0214844 0.0459559
1 0.53833 0.499081 0.0229492 0.0422794
0 0.382568 0.787684 0.027832 0.0533088
0 0.196777 0.533088 0.0244141 0.0477941
1 0.0766602 0.246324 0.0302734 0.0533088
1 0.608643 0.0142463 0.0249023 0.0284926
0 0.672852 0.713235 0.0234375 0.0422794
0 0.559814 0.877298 0.027832 0.046875
1 0.381836 0.785386 0.0283203 0.0523897
0 0.563477 0.610754 0.0234375 0.0450368
1 0.013916 0.203125 0.0249023 0.0569853
1 0.854736 0.0767463 0.0200195 0.0413603
1 0.454834 0.492188 0.0209961 0.0395221
1 0.921143 0.557904 0.0249023 0.0386029
1 0.833496 0.86443 0.0205078 0.0395221
0 0.392578 0.657169 0.0234375 0.0459559
0 0.509033 0.681066 0.0249023 0.0459559
1 0.879639 0.0795037 0.0200195 0.0395221
1 0.259521 0.846967 0.0288086 0.046875
0 0.532715 0.461857 0.0244141 0.0431985
1 0.977295 0.436581 0.0249023 0.0459559
1 0.828857 0.822151 0.0219727 0.046875
0 0.0134277 0.202206 0.0258789 0.0588235
0 0.465088 0.670496 0.0258789 0.046875
1 0.377686 0.370864 0.0258789 0.0450368
1 0.410889 0.538603 0.0258789 0.0441176
1 0.735352 0.179688 0.0234375 0.0450368
1 0.910889 0.499081 0.0268555 0.0441176
1 0.196533 0.533088 0.0249023 0.0459559
0 0.235596 0.711397 0.0249023 0.0459559
1 0.886719 0.236213 0.0263672 0.0441176
1 0.744141 0.920037 0.0253906 0.0422794
1 0.440186 0.884651 0.027832 0.0487132
1 0.709473 0.650735 0.0224609 0.0404412
1 0.855469 0.867647 0.0263672 0.0459559
0 0.076416 0.246783 0.0317383 0.0542279
1 0.876465 0.713695 0.0234375 0.0413603
1 0.195801 0.930147 0.0263672 0.0441176
1 0.72998 0.102022 0.0234375 0.0459559
1 0.991699 0.761029 0.0166016 0.0404412
1 0.677246 0.0588235 0.0224609 0.0404412
1 0.186523 0.46921 0.0263672 0.046875
1 0.359131 0.172335 0.0209961 0.0395221
0 0.269775 0.984375 0.0268555 0.03125
1 0.767334 0.0859375 0.0209961 0.0395221
1 0.372559 0.537224 0.0273438 0.0505515
1 0.393311 0.870864 0.027832 0.0560662
0 0.324463 0.632353 0.0239258 0.0441176
1 0.0944824 0.351103 0.0288086 0.0477941
1 0.234131 0.348805 0.0249023 0.0487132
0 0.36499 0.689338 0.0239258 0.0477941
0 0.258057 0.846507 0.0258789 0.0422794
1 0.571045 0.105699 0.0219727 0.0404412
1 0.414551 0.460018 0.0263672 0.0487132
1 0.156982 0.501379 0.0229492 0.046875
0 0.315918 0.880974 0.0253906 0.0487132
1 0.520508 0.0693934 0.0234375 0.0431985
1 0.679932 0.130515 0.0249023 0.0422794
1 0.921143 0.84375 0.0268555 0.0441176
1 0.692383 0.445312 0.0234375 0.0450368
1 0.358887 0.199908 0.0195312 0.0431985
1 0.445801 0.476562 0.0205078 0.0376838
1 0.834961 0.126379 0.0234375 0.0431985
1 0.879883 0.823529 0.0234375 0.0459559
1 0.759766 0.0560662 0.0205078 0.0386029
1 0.588867 0.362592 0.0234375 0.0431985
1 0.647461 0.390165 0.0234375 0.0450368
1 0.712646 0.476103 0.0249023 0.0386029
1 0.1521 0.22932 0.0268555 0.0523897
1 0.205322 0.85386 0.0268555 0.0441176
1 0.0185547 0.459559 0.0263672 0.0496324
1 0.147217 0.30239 0.0268555 0.0477941
1 0.755859 0.788603 0.0253906 0.0441176
1 0.693604 0.732537 0.0209961 0.0459559
1 0.224609 0.785386 0.0273438 0.0487132
1 0.176514 0.829963 0.0249023 0.0422794
1 0.780029 0.691636 0.0258789 0.0487132
1 0.0900879 0.599724 0.0249023 0.0505515
1 0.851562 0.261489 0.0263672 0.0431985
1 0.991211 0.542279 0.015625 0.0477941
1 0.612305 0.250919 0.0195312 0.0386029
1 0.724854 0.634191 0.0209961 0.0404412
1 0.145508 0.587776 0.0253906 0.046875
1 0.964844 0.749081 0.0234375 0.0441176
1 0.395264 0.125919 0.0219727 0.0404412
1 0.990967 0.176011 0.0180664 0.046875
0 0.298584 0.670496 0.0288086 0.046875
1 0.797852 0.407629 0.0214844 0.0395221
1 0.309814 0.131434 0.0288086 0.0496324
1 0.163818 0.772518 0.0258789 0.0487132
1 0.803955 0.109375 0.0229492 0.0441176
1 0.80249 0.170496 0.0229492 0.0450368
1 0.828857 0.625 0.0249023 0.0533088
1 0.418457 0.957261 0.0273438 0.0505515
1 0.0141602 0.981158 0.0244141 0.0376838
1 0.534424 0.338235 0.0229492 0.0441176
1 0.0317383 0.409926 0.0253906 0.0459559
1 0.128174 0.828585 0.0258789 0.0505515
1 0.825928 0.953585 0.0297852 0.0450368
1 0.0922852 0.81204 0.0263672 0.046875
1 0.783203 0.59421 0.0263672 0.0431985
1 0.0913086 0.0349265 0.0351562 0.0569853
1 0.171387 0.0174632 0.0273438 0.0349265
1 0.407471 0.204044 0.0258789 0.0459559
1 0.408691 0.342371 0.0263672 0.0450368
1 0.460205 0.109375 0.0229492 0.0459559
1 0.809326 0.298713 0.0239258 0.0404412
1 0.569336 0.387868 0.0234375 0.0422794
1 0.501221 0.174173 0.0249023 0.0450368
1 0.668701 0.391544 0.0229492 0.0422794
1 0.598877 0.301011 0.0249023 0.0413603
1 0.0305176 0.884651 0.0249023 0.0413603
1 0.578125 0.249081 0.0214844 0.0441176
1 0.813232 0.442555 0.0249023 0.0431985
1 0.597656 0.229779 0.0195312 0.0422794
1 0.691895 0.384191 0.0234375 0.0441176
1 0.10791 0.529871 0.0263672 0.046875
1 0.80542 0.227941 0.0249023 0.0441176
1 0.216797 0.0767463 0.0244141 0.0487132
1 0.782959 0.272518 0.0258789 0.0450368
1 0.132568 0.622702 0.0258789 0.046875
1 0.0366211 0.918199 0.0253906 0.0422794
1 0.402588 0.159926 0.0209961 0.0441176
1 0.483154 0.131893 0.0229492 0.0450368
1 0.33374 0.193934 0.0249023 0.0459559
1 0.206787 0.31296 0.0258789 0.0487132
1 0.315918 0.24954 0.0263672 0.046875
1 0.52832 0.270221 0.0234375 0.0459559
1 0.985107 0.930147 0.0268555 0.0533088
1 0.981201 0.734375 0.0219727 0.0386029
1 0.244873 0.0252757 0.0249023 0.0450368
