0 0.859375 0.082261 0.0234375 0.046875
1 0.439453 0.880515 0.0332031 0.0588235
0 0.102295 0.0238971 0.0356445 0.0477941
1 0.381592 0.267923 0.0268555 0.0505515
1 0.80249 0.930147 0.0249023 0.0441176
1 0.102539 0.0248162 0.0341797 0.0496324
1 0.30957 0.238051 0.0273438 0.0588235
0 0.524414 0.206342 0.0234375 0.0487132
0 0.189453 0.542739 0.0341797 0.0726103
1 0.925049 0.975184 0.0297852 0.0441176
1 0.80127 0.59375 0.0253906 0.0514706
0 0.801758 0.929228 0.0244141 0.0441176
1 0.825928 0.952206 0.0249023 0.0404412
0 0.381592 0.267004 0.0297852 0.0523897
0 0.825928 0.953585 0.0249023 0.0450368
0 0.924805 0.975643 0.03125 0.0487132
0 0.258301 0.846967 0.0302734 0.0542279
1 0.258545 0.847886 0.0297852 0.0523897
0 0.203613 0.957261 0.03125 0.0542279
1 0.872559 0.746324 0.0263672 0.0477941
0 0.843018 0.767004 0.027832 0.046875
1 0.416016 0.454963 0.0273438 0.0551471
0 0.800537 0.59375 0.0268555 0.0496324
1 0.916504 0.496324 0.0263672 0.0477941
0 0.569824 0.597426 0.0322266 0.0569853
1 0.958496 0.556066 0.03125 0.0533088
0 0.308594 0.237592 0.0292969 0.0597426
1 0.987549 0.172794 0.0249023 0.0569853
0 0.828857 0.623621 0.0249023 0.0505515
0 0.165039 0.772518 0.0283203 0.0560662
0 0.439453 0.881434 0.0351562 0.0569853
1 0.303711 0.90579 0.0283203 0.0579044
1 0.203613 0.957261 0.03125 0.0579044
0 0.872559 0.746783 0.0263672 0.0487132
0 0.0852051 0.238971 0.034668 0.0625
1 0.689941 0.389706 0.0302734 0.0661765
0 0.109375 0.388327 0.03125 0.0615809
0 0.0224609 0.193015 0.0332031 0.0661765
1 0.189209 0.54182 0.0336914 0.0670956
