1 0.0812988 0.715533 0.0219727 0.0395221
1 0.559814 0.877757 0.0258789 0.0441176
0 0.432861 0.884651 0.0258789 0.0487132
0 0.756348 0.789522 0.0273438 0.0533088
0 0.560547 0.516085 0.0205078 0.0395221
1 0.654297 0.315717 0.0205078 0.046875
0 0.616699 0.887408 0.0224609 0.0431985
1 0.355713 0.801471 0.0288086 0.0422794
1 0.703125 0.0363051 0.0205078 0.0340074
0 0.602783 0.0160846 0.0258789 0.0321691
0 0.479248 0.883732 0.0200195 0.0395221
1 0.800781 0.10386 0.0234375 0.0386029
1 0.0490723 0.919118 0.0307617 0.0514706
1 0.605469 0.475184 0.0214844 0.0422794
1 0.652344 0.338695 0.0224609 0.0376838
0 0.296875 0.674173 0.0292969 0.0505515
0 0.979736 0.443934 0.0200195 0.0441176
1 0.602295 0.0147059 0.0249023 0.0294118
1 0.731689 0.190717 0.0258789 0.0560662
1 0.766357 0.0859375 0.0209961 0.0395221
1 0.0527344 0.810202 0.0234375 0.0413603
0 0.463135 0.881434 0.0209961 0.0422794
1 0.617188 0.886949 0.0214844 0.0422794
1 0.358887 0.682445 0.0283203 0.0505515
0 0.490967 0.359375 0.0258789 0.0441176
0 0.673096 0.710018 0.0239258 0.046875
0 0.560303 0.876379 0.0249023 0.0450368
1 0.588379 0.215074 0.0234375 0.0404412
1 0.0114746 0.210018 0.0200195 0.0523897
0 0.637695 0.881434 0.0234375 0.0422794
0 0.697021 0.743566 0.0219727 0.0459559
1 0.490234 0.358456 0.0244141 0.0441176
1 0.638184 0.881434 0.0224609 0.0441176
1 0.572266 0.216452 0.0224609 0.0413603
0 0.730469 0.189338 0.0263672 0.0459559
1 0.697266 0.379136 0.0244141 0.0413603
0 0.828125 0.826746 0.0234375 0.046875
1 0.367188 0.793658 0.0234375 0.0413603
0 0.010498 0.209559 0.0209961 0.0514706
1 0.393311 0.655331 0.0258789 0.0477941
0 0.535156 0.503676 0.0253906 0.0422794
0 0.289062 0.774357 0.0234375 0.0431985
0 0.559814 0.610754 0.0229492 0.046875
0 0.619141 0.982537 0.0263672 0.0349265
1 0.82666 0.827206 0.0234375 0.0477941
0 0.703857 0.653033 0.0268555 0.0505515
0 0.73877 0.913143 0.0273438 0.0487132
0 0.782715 0.683824 0.0263672 0.0477941
1 0.696289 0.742647 0.0234375 0.0459559
1 0.19458 0.919118 0.0268555 0.0477941
1 0.739014 0.914062 0.0297852 0.0487132
1 0.175537 0.829504 0.0268555 0.046875
1 0.686768 0.445772 0.0239258 0.0422794
0 0.418701 0.963235 0.027832 0.0477941
0 0.510254 0.0174632 0.0185547 0.0349265
1 0.363037 0.842371 0.0229492 0.0395221
1 0.295654 0.80239 0.0239258 0.0422794
0 0.234375 0.709559 0.0253906 0.0459559
1 0.327148 0.62454 0.0253906 0.0450368
0 0.878906 0.0776654 0.0234375 0.0431985
1 0.66626 0.392004 0.0219727 0.0450368
1 0.259033 0.845588 0.0288086 0.0477941
1 0.989014 0.819393 0.0200195 0.0413603
0 0.29541 0.803309 0.0224609 0.0441176
1 0.52002 0.0721507 0.0234375 0.0431985
1 0.383057 0.786765 0.0209961 0.0404412
1 0.673096 0.70864 0.0249023 0.0477941
1 0.908447 0.506434 0.0249023 0.0422794
1 0.763672 0.0459559 0.0224609 0.0404412
1 0.781982 0.684283 0.027832 0.046875
1 0.431641 0.88511 0.0273438 0.0441176
1 0.372803 0.536305 0.027832 0.046875
0 0.359375 0.682904 0.0263672 0.0459559
0 0.349365 0.80239 0.0229492 0.0441176
1 0.0847168 0.599724 0.0239258 0.046875
0 0.655518 0.31204 0.0209961 0.0376838
1 0.660156 0.0119485 0.0224609 0.0238971
1 0.0180664 0.465533 0.0263672 0.0505515
1 0.0583496 0.881434 0.0239258 0.0422794
0 0.728516 0.636029 0.0224609 0.0459559
1 0.832031 0.127757 0.0253906 0.0422794
1 0.013916 0.97932 0.0268555 0.0413603
1 0.580078 0.209099 0.0205078 0.0395221
1 0.0957031 0.348346 0.0273438 0.0477941
1 0.123291 0.475184 0.0249023 0.0422794
1 0.297119 0.673713 0.027832 0.0496324
1 0.732666 0.0969669 0.0258789 0.046875
1 0.838379 0.685202 0.0234375 0.046875
1 0.432129 0.789062 0.0224609 0.0431985
1 0.990723 0.123162 0.0185547 0.0441176
1 0.80249 0.168199 0.0249023 0.0459559
1 0.128418 0.828585 0.0263672 0.0505515
1 0.782715 0.590074 0.0263672 0.0441176
1 0.519775 0.827206 0.0219727 0.0386029
0 0.529785 0.460018 0.0234375 0.0450368
1 0.0334473 0.409007 0.0249023 0.0459559
1 0.446777 0.15579 0.0205078 0.0413603
1 0.828125 0.62546 0.0214844 0.0487132
1 0.167236 0.772978 0.0258789 0.0496324
0 0.258545 0.845588 0.0258789 0.0422794
1 0.418945 0.962316 0.0273438 0.0441176
1 0.513916 0.682904 0.0297852 0.0496324
1 0.645264 0.387868 0.0239258 0.0459559
1 0.130371 0.137408 0.0244141 0.0450368
1 0.169434 0.0165441 0.0273438 0.0330882
1 0.460449 0.673254 0.0263672 0.0487132
1 0.0734863 0.253676 0.0268555 0.0533088
1 0.19873 0.361673 0.0244141 0.0413603
1 0.206299 0.855239 0.0288086 0.0505515
1 0.0649414 0.905331 0.0244141 0.0441176
0 0.318359 0.877298 0.0253906 0.0487132
1 0.990967 0.761489 0.0180664 0.0413603
1 0.912598 0.591452 0.0234375 0.0340074
1 0.117676 0.159926 0.0244141 0.0459559
1 0.377441 0.371324 0.0263672 0.0514706
1 0.852295 0.262408 0.027832 0.0431985
1 0.755615 0.789062 0.0258789 0.046875
1 0.762939 0.886029 0.0239258 0.0404412
1 0.39502 0.870864 0.0244141 0.0487132
1 0.886719 0.237132 0.0332031 0.0496324
1 0.672363 0.0556066 0.0244141 0.0431985
1 0.14624 0.588695 0.0268555 0.0487132
1 0.598633 0.300551 0.0234375 0.0441176
1 0.596924 0.22886 0.0200195 0.0441176
1 0.159912 0.498162 0.0258789 0.0477941
1 0.197266 0.534926 0.0253906 0.0477941
1 0.416504 0.78171 0.0224609 0.0450368
1 0.564941 0.379596 0.0234375 0.0459559
1 0.992188 0.552849 0.015625 0.0487132
1 0.457764 0.106618 0.0249023 0.0441176
1 0.126465 0.503217 0.0214844 0.0450368
1 0.879883 0.823989 0.0234375 0.0487132
1 0.612549 0.252757 0.0229492 0.0422794
1 0.991455 0.181066 0.0170898 0.0422794
1 0.457764 0.171415 0.0200195 0.0413603
0 0.269531 0.984375 0.0273438 0.03125
1 0.230713 0.345588 0.0249023 0.0477941
1 0.406738 0.346967 0.0263672 0.046875
1 0.408447 0.205423 0.0258789 0.046875
1 0.813232 0.444853 0.0268555 0.0441176
1 0.394531 0.115349 0.0253906 0.046875
1 0.855469 0.679228 0.0234375 0.0422794
1 0.531738 0.806526 0.0244141 0.0431985
1 0.092041 0.035386 0.0327148 0.0542279
1 0.222656 0.0762868 0.0263672 0.0477941
1 0.941406 0.693474 0.0234375 0.0431985
1 0.590576 0.365349 0.0249023 0.0450368
1 0.0681152 0.799632 0.0229492 0.0441176
1 0.946777 0.316636 0.0263672 0.0450368
1 0.776855 0.866728 0.0234375 0.0422794
1 0.185547 0.461857 0.0263672 0.0487132
1 0.713623 0.47886 0.0249023 0.0459559
1 0.0424805 0.929228 0.0253906 0.0459559
1 0.532471 0.339154 0.0249023 0.0459559
1 0.832031 0.949908 0.0263672 0.0450368
1 0.942383 0.727482 0.0234375 0.0413603
1 0.145752 0.303768 0.027832 0.0505515
1 0.919434 0.839614 0.0263672 0.0487132
1 0.458984 0.498621 0.0253906 0.0431985
1 0.403076 0.159467 0.0229492 0.046875
1 0.572266 0.104779 0.0244141 0.0422794
1 0.796631 0.403033 0.0239258 0.0431985
1 0.183594 0.380515 0.0234375 0.0441176
1 0.804688 0.238511 0.0263672 0.0487132
1 0.914795 0.551011 0.0249023 0.0431985
1 0.408203 0.537684 0.0253906 0.0459559
1 0.877441 0.705423 0.0234375 0.0450368
1 0.0297852 0.886489 0.0273438 0.046875
1 0.153564 0.227941 0.0268555 0.0496324
1 0.57666 0.24954 0.0224609 0.0413603
1 0.960938 0.220588 0.0253906 0.0386029
1 0.280273 0.191176 0.0234375 0.0422794
1 0.855469 0.867647 0.0263672 0.0477941
1 0.972656 0.189338 0.0253906 0.0422794
1 0.223877 0.792739 0.0268555 0.046875
1 0.0935059 0.813419 0.027832 0.0514706
1 0.531006 0.269761 0.0258789 0.0450368
1 0.498779 0.175551 0.0249023 0.0477941
1 0.981201 0.735294 0.0219727 0.0404412
1 0.932617 0.332721 0.0234375 0.0422794
1 0.361328 0.164982 0.0244141 0.0450368
1 0.239258 0.0289522 0.0253906 0.0450368
1 0.678467 0.136949 0.027832 0.0514706
1 0.804688 0.295496 0.0253906 0.0450368
1 0.109131 0.53079 0.0268555 0.0487132
1 0.132324 0.629136 0.0263672 0.0505515
1 0.332031 0.200827 0.0253906 0.0450368
1 0.780518 0.274816 0.0258789 0.0459559
1 0.306641 0.119485 0.0263672 0.0459559
1 0.483643 0.134191 0.0249023 0.0477941
1 0.209229 0.307904 0.0258789 0.0496324
1 0.963867 0.754596 0.0234375 0.0459559
1 0.917236 0.616268 0.0249023 0.0413603
1 0.31665 0.24954 0.0258789 0.0450368
1 0.414062 0.463695 0.0273438 0.0487132
1 0.986816 0.935662 0.0263672 0.0514706
1 0.365723 0.203585 0.0224609 0.0431985
1 0.44165 0.471967 0.0219727 0.0450368
1 0.268555 0.215533 0.0253906 0.0450368
