1 0.858643 0.0840993 0.0219727 0.046875
0 0.533691 0.919118 0.03125 0.0477941
0 0.835938 0.122702 0.0214844 0.046875
0 0.101318 0.0225184 0.0336914 0.0450368
1 0.963135 0.871324 0.0249023 0.0441176
0 0.962402 0.866268 0.0283203 0.046875
1 0.101562 0.0234375 0.0332031 0.046875
0 0.799316 0.595129 0.0283203 0.0505515
0 0.189453 0.54136 0.0341797 0.0698529
0 0.811523 0.117647 0.0234375 0.0477941
1 0.785889 0.926011 0.0258789 0.0487132
0 0.569092 0.597426 0.0288086 0.0514706
1 0.109131 0.387408 0.0288086 0.0634191
0 0.922607 0.976562 0.027832 0.0431985
1 0.811768 0.119945 0.0219727 0.0487132
1 0.310547 0.240349 0.03125 0.0542279
1 0.923584 0.976562 0.0297852 0.0431985
0 0.828857 0.623162 0.0249023 0.0496324
1 0.56958 0.596507 0.027832 0.0496324
1 0.528076 0.274816 0.0209961 0.0386029
1 0.835205 0.125 0.0219727 0.0459559
0 0.872559 0.746324 0.0283203 0.0496324
1 0.947021 0.559283 0.0297852 0.046875
1 0.202881 0.957261 0.0307617 0.0523897
0 0.309814 0.240349 0.0307617 0.0542279
1 0.832031 0.77068 0.0292969 0.0560662
1 0.529297 0.306526 0.0214844 0.0431985
1 0.872559 0.745404 0.0283203 0.0477941
1 0.385254 0.254136 0.0283203 0.046875
0 0.202148 0.957261 0.0283203 0.0487132
1 0.988281 0.172335 0.0234375 0.0505515
1 0.800049 0.594669 0.0268555 0.0496324
1 0.91626 0.495404 0.0249023 0.0477941
1 0.829102 0.624081 0.0234375 0.0477941
0 0.934326 0.882812 0.0249023 0.0413603
0 0.258789 0.846967 0.0273438 0.0505515
0 0.0849609 0.238971 0.0351562 0.0625
0 0.439209 0.882353 0.0336914 0.0588235
1 0.415527 0.454963 0.0244141 0.0459559
0 0.164795 0.772518 0.0288086 0.0542279
0 0.108887 0.389246 0.0283203 0.0615809
1 0.377441 0.366728 0.0234375 0.0422794
0 0.0222168 0.193474 0.0336914 0.0670956
1 0.39502 0.341452 0.0244141 0.0413603
1 0.188965 0.54136 0.0341797 0.0661765
1 0.689941 0.390165 0.03125 0.0652574
1 0.826416 0.954504 0.0297852 0.0505515
