0 0.85791 0.863511 0.0263672 0.046875
1 0.871094 0.116728 0.0185547 0.0386029
1 0.492188 0.669577 0.0205078 0.0395221
0 0.834473 0.862592 0.0185547 0.0376838
0 0.587646 0.36489 0.0219727 0.0330882
1 0.587646 0.36489 0.0209961 0.0330882
1 0.476562 0.667279 0.0195312 0.0404412
0 0.68042 0.105699 0.0219727 0.0386029
0 0.775879 0.713235 0.0234375 0.0459559
0 0.912354 0.982537 0.0297852 0.0349265
1 0.824951 0.955882 0.0297852 0.0496324
1 0.879883 0.824449 0.0234375 0.0441176
0 0.786621 0.59421 0.0283203 0.046875
1 0.740723 0.163603 0.0224609 0.0422794
1 0.857666 0.863051 0.0249023 0.0459559
1 0.731689 0.115349 0.0229492 0.0413603
1 0.806885 0.186581 0.0219727 0.0386029
0 0.877441 0.721967 0.0263672 0.0450368
0 0.827393 0.804228 0.0268555 0.0514706
1 0.557129 0.881434 0.0263672 0.0441176
0 0.880371 0.824908 0.0234375 0.0487132
0 0.828125 0.622702 0.0234375 0.0505515
1 0.856445 0.252757 0.0234375 0.0441176
1 0.828857 0.622702 0.0219727 0.046875
1 0.916992 0.492647 0.0234375 0.0459559
1 0.381836 0.786765 0.0214844 0.0404412
1 0.439453 0.88557 0.0273438 0.046875
1 0.576172 0.391085 0.0214844 0.0340074
0 0.557129 0.884191 0.0263672 0.0441176
1 0.407471 0.538143 0.0229492 0.0376838
0 0.755127 0.924173 0.0297852 0.0505515
0 0.825684 0.955882 0.0283203 0.0496324
1 0.534668 0.330882 0.0244141 0.0477941
1 0.0185547 0.196232 0.0253906 0.0505515
1 0.25708 0.84375 0.0249023 0.0441176
1 0.678955 0.0611213 0.0229492 0.0395221
1 0.754639 0.923713 0.0288086 0.0533088
1 0.301025 0.665901 0.0219727 0.0413603
1 0.237305 0.714154 0.0234375 0.0441176
1 0.0908203 0.0307904 0.0322266 0.0487132
1 0.389893 0.664062 0.0219727 0.0431985
1 0.929688 0.563879 0.0253906 0.0450368
1 0.402832 0.210018 0.0224609 0.046875
0 0.755615 0.789522 0.0249023 0.0422794
1 0.838379 0.12454 0.0234375 0.0431985
1 0.316162 0.648438 0.0209961 0.0395221
1 0.525635 0.0680147 0.0258789 0.0441176
1 0.926514 0.855699 0.0249023 0.0459559
1 0.88208 0.0863971 0.0200195 0.0422794
0 0.565918 0.601103 0.0263672 0.0459559
1 0.371094 0.539522 0.0253906 0.0459559
1 0.210205 0.0795037 0.0258789 0.0487132
1 0.69043 0.384191 0.0273438 0.0477941
1 0.0786133 0.237592 0.0263672 0.0487132
1 0.414062 0.457261 0.0253906 0.0450368
1 0.0148926 0.981618 0.0258789 0.0367647
1 0.571533 0.102941 0.0239258 0.0441176
1 0.09375 0.602482 0.0234375 0.0450368
1 0.378174 0.690257 0.0219727 0.0441176
1 0.858643 0.0836397 0.0200195 0.0422794
1 0.145508 0.587316 0.0195312 0.0422794
1 0.391357 0.87454 0.0229492 0.0487132
1 0.172363 0.0193015 0.0292969 0.0386029
1 0.524902 0.268382 0.0244141 0.0459559
1 0.196533 0.943474 0.0258789 0.0487132
1 0.809082 0.119026 0.0224609 0.0431985
1 0.0314941 0.410846 0.0209961 0.0386029
1 0.318359 0.159007 0.0224609 0.0477941
1 0.0969238 0.359375 0.0258789 0.0459559
1 0.812012 0.301471 0.0244141 0.0422794
1 0.101074 0.523897 0.0244141 0.0459559
1 0.988281 0.174632 0.0214844 0.0496324
1 0.594727 0.295956 0.0234375 0.0404412
1 0.897705 0.106158 0.0219727 0.0450368
1 0.196777 0.530331 0.0224609 0.0422794
1 0.410156 0.339614 0.0253906 0.0450368
1 0.785645 0.272059 0.0234375 0.0459559
1 0.0246582 0.4375 0.0229492 0.0404412
1 0.120605 0.822151 0.0253906 0.046875
1 0.132324 0.608915 0.0205078 0.0413603
1 0.506104 0.180147 0.0258789 0.0459559
1 0.187256 0.483456 0.0239258 0.0441176
1 0.377686 0.368107 0.0249023 0.0431985
1 0.418701 0.943474 0.0258789 0.0505515
1 0.153564 0.28125 0.0249023 0.0404412
1 0.805176 0.209559 0.0224609 0.0404412
1 0.159912 0.487592 0.0219727 0.0395221
1 0.98291 0.918658 0.0283203 0.0542279
1 0.335449 0.183364 0.0224609 0.046875
1 0.147949 0.234835 0.0244141 0.0431985
1 0.0947266 0.814798 0.0273438 0.0505515
1 0.164062 0.77068 0.0263672 0.046875
1 0.583984 0.25 0.0234375 0.0422794
1 0.23877 0.346048 0.0273438 0.0505515
1 0.312988 0.246783 0.0253906 0.0450368
1 0.205322 0.313879 0.0239258 0.046875
1 0.229004 0.763787 0.0244141 0.0459559
