1 0.533691 0.918658 0.0283203 0.0560662
1 0.784668 0.925092 0.0263672 0.0450368
1 0.101318 0.0234375 0.0336914 0.046875
1 0.810791 0.119945 0.0219727 0.046875
1 0.921875 0.977022 0.0292969 0.0459559
0 0.101074 0.0225184 0.0341797 0.0450368
0 0.534424 0.919118 0.0297852 0.0496324
0 0.810791 0.117647 0.0239258 0.0477941
0 0.189697 0.54136 0.034668 0.0680147
0 0.568604 0.597426 0.0288086 0.0514706
1 0.108887 0.387408 0.0292969 0.0634191
1 0.835938 0.12454 0.0234375 0.0450368
0 0.921875 0.977022 0.03125 0.0459559
0 0.798584 0.595129 0.027832 0.0487132
1 0.569092 0.596507 0.027832 0.0496324
1 0.310547 0.240809 0.03125 0.0533088
1 0.202393 0.957261 0.0307617 0.0523897
1 0.96582 0.87546 0.0234375 0.046875
1 0.98877 0.172335 0.0224609 0.0505515
1 0.799316 0.59421 0.0263672 0.0487132
1 0.917236 0.493566 0.0249023 0.0496324
1 0.945312 0.561121 0.0283203 0.0487132
0 0.310059 0.240809 0.03125 0.0551471
0 0.830322 0.77068 0.0297852 0.0560662
0 0.828857 0.623162 0.0249023 0.0477941
0 0.438232 0.882353 0.0336914 0.0551471
0 0.966309 0.874081 0.0234375 0.0514706
0 0.826416 0.953585 0.0297852 0.0523897
1 0.528809 0.307445 0.0224609 0.0450368
1 0.828857 0.62454 0.0219727 0.046875
1 0.385742 0.253217 0.0283203 0.046875
0 0.872559 0.746324 0.0283203 0.0477941
1 0.527588 0.272059 0.0209961 0.0386029
1 0.415527 0.454963 0.0244141 0.0459559
0 0.0852051 0.23943 0.0336914 0.0615809
0 0.201904 0.957261 0.027832 0.046875
0 0.934326 0.883272 0.0249023 0.0422794
1 0.377686 0.367188 0.0239258 0.0431985
0 0.258789 0.847426 0.0263672 0.0514706
0 0.108643 0.389246 0.0288086 0.0615809
0 0.165039 0.773438 0.0273438 0.0523897
1 0.189209 0.54182 0.034668 0.0652574
1 0.395508 0.339614 0.0244141 0.0431985
0 0.0219727 0.193015 0.0332031 0.0661765
1 0.826416 0.954504 0.0297852 0.0505515
1 0.689941 0.390165 0.0302734 0.0652574
