1 0.3125 0.893382 0.0273438 0.0477941
1 0.396729 0.35432 0.0375977 0.0505515
0 0.0961914 0.0252757 0.0283203 0.0431985
1 0.882812 0.242188 0.0214844 0.046875
0 0.917236 0.494026 0.0249023 0.0450368
1 0.858643 0.0840993 0.0219727 0.0450368
1 0.164062 0.772059 0.0292969 0.0551471
0 0.544189 0.904412 0.0307617 0.0477941
1 0.93457 0.879596 0.0234375 0.0422794
1 0.858643 0.253676 0.0219727 0.0404412
1 0.772705 0.924632 0.0288086 0.0514706
1 0.0961914 0.0238971 0.0302734 0.0459559
0 0.410645 0.909007 0.0234375 0.0459559
0 0.689453 0.388327 0.0292969 0.0597426
0 0.258789 0.845588 0.0253906 0.0496324
0 0.773438 0.921875 0.0283203 0.0514706
1 0.258789 0.846048 0.0263672 0.0487132
1 0.826416 0.955882 0.0297852 0.0514706
0 0.567627 0.597426 0.0297852 0.0533088
1 0.920898 0.97886 0.03125 0.0422794
0 0.199463 0.95818 0.0317383 0.0523897
0 0.563721 0.0785846 0.0219727 0.0450368
1 0.828857 0.623162 0.0219727 0.0477941
0 0.933594 0.881434 0.0253906 0.0422794
1 0.544434 0.904871 0.0273438 0.046875
0 0.921143 0.980239 0.0327148 0.0395221
1 0.917236 0.492647 0.0297852 0.0477941
1 0.104004 0.382353 0.0292969 0.0588235
0 0.795898 0.592371 0.0253906 0.046875
1 0.786133 0.272978 0.0234375 0.0459559
1 0.810791 0.119485 0.0219727 0.0459559
1 0.9375 0.565257 0.0263672 0.0477941
0 0.438965 0.884651 0.0234375 0.0487132
0 0.171631 0.0229779 0.0288086 0.0422794
1 0.824219 0.776195 0.0253906 0.046875
1 0.568848 0.598346 0.0273438 0.0477941
1 0.989014 0.172794 0.0219727 0.0496324
1 0.519531 0.201287 0.0224609 0.0422794
0 0.757324 0.789062 0.0234375 0.0413603
1 0.83667 0.124081 0.0219727 0.0422794
1 0.171387 0.0220588 0.0283203 0.0422794
0 0.0852051 0.238971 0.0317383 0.0551471
0 0.193848 0.0611213 0.0283203 0.0487132
1 0.866211 0.857077 0.0234375 0.046875
1 0.410156 0.908088 0.0224609 0.0477941
1 0.879639 0.827206 0.0249023 0.0441176
0 0.229736 0.338235 0.0229492 0.0514706
0 0.0219727 0.193934 0.0302734 0.0588235
0 0.871826 0.744026 0.0268555 0.046875
0 0.104492 0.382812 0.0273438 0.0523897
0 0.826416 0.954044 0.0297852 0.0514706
1 0.872559 0.740809 0.0263672 0.0514706
1 0.199219 0.95864 0.0292969 0.0514706
0 0.165039 0.77114 0.0292969 0.0496324
1 0.524902 0.270221 0.0224609 0.0404412
0 0.828857 0.622702 0.0249023 0.0487132
1 0.804688 0.301011 0.0234375 0.046875
0 0.769531 0.763327 0.0253906 0.0413603
1 0.528076 0.309743 0.0209961 0.0404412
1 0.391602 0.871783 0.0234375 0.0487132
1 0.689697 0.386949 0.0297852 0.0606618
0 0.209961 0.318474 0.0244141 0.0523897
1 0.311279 0.244945 0.0268555 0.046875
1 0.97583 0.893382 0.0268555 0.0477941
1 0.414795 0.455882 0.0249023 0.0441176
1 0.392822 0.233915 0.0258789 0.046875
1 0.378174 0.368566 0.0258789 0.0459559
1 0.408447 0.339614 0.0239258 0.0450368
1 0.189453 0.54182 0.0302734 0.0560662
