1 0.763428 0.0698529 0.0219727 0.0477941
1 0.450684 0.508272 0.0195312 0.0386029
1 0.275146 0.199908 0.019043 0.0376838
1 0.619141 0.883272 0.0214844 0.0367647
0 0.362305 0.6875 0.0273438 0.0496324
1 0.0344238 0.900735 0.0288086 0.0625
1 0.124023 0.476103 0.0224609 0.0441176
1 0.076416 0.248162 0.027832 0.0514706
1 0.561279 0.610754 0.0229492 0.0450368
1 0.393066 0.657169 0.0244141 0.0459559
1 0.469238 0.116268 0.0322266 0.0487132
1 0.853027 0.078125 0.0205078 0.0422794
1 0.362305 0.68704 0.0273438 0.0505515
1 0.116699 0.159007 0.0234375 0.0441176
0 0.463623 0.671415 0.0268555 0.046875
1 0.0646973 0.801471 0.0239258 0.0404412
0 0.619141 0.984375 0.0292969 0.03125
0 0.19751 0.532169 0.0239258 0.0459559
0 0.878906 0.0808824 0.0234375 0.0422794
1 0.989014 0.819853 0.019043 0.0422794
1 0.659912 0.0133272 0.0209961 0.0266544
1 0.381592 0.787224 0.0219727 0.0413603
0 0.828857 0.824908 0.0219727 0.0450368
1 0.733643 0.184743 0.0219727 0.0441176
1 0.0866699 0.599724 0.0239258 0.046875
1 0.979004 0.441176 0.0234375 0.0404412
0 0.325439 0.630055 0.0249023 0.0450368
0 0.0869141 0.600184 0.0244141 0.0496324
1 0.462891 0.671875 0.0253906 0.0459559
1 0.259033 0.846048 0.0288086 0.0487132
1 0.63208 0.881893 0.0209961 0.0395221
1 0.840576 0.682904 0.0219727 0.0404412
1 0.12793 0.139246 0.0224609 0.0395221
1 0.187988 0.378676 0.0224609 0.0404412
1 0.0930176 0.8125 0.0268555 0.0477941
1 0.538086 0.50046 0.0234375 0.0431985
1 0.531982 0.461397 0.0239258 0.0441176
1 0.706299 0.653952 0.0239258 0.0431985
0 0.092041 0.0358456 0.0327148 0.0496324
1 0.171143 0.015625 0.0268555 0.03125
0 0.352783 0.801471 0.0219727 0.0459559
1 0.0183105 0.463235 0.0258789 0.0514706
1 0.092041 0.0344669 0.0307617 0.0523897
1 0.175537 0.829044 0.0258789 0.0441176
1 0.781006 0.6875 0.0258789 0.0477941
1 0.125732 0.491728 0.0229492 0.0533088
0 0.0759277 0.24954 0.027832 0.0487132
1 0.646484 0.389706 0.0253906 0.0441176
1 0.828125 0.824449 0.0214844 0.0459559
1 0.672852 0.711397 0.0234375 0.0459559
1 0.742188 0.914982 0.0234375 0.046875
1 0.667969 0.392923 0.0224609 0.0450368
1 0.372803 0.536765 0.027832 0.0477941
1 0.727051 0.63511 0.0224609 0.0441176
1 0.0947266 0.349724 0.0263672 0.0450368
1 0.693359 0.383732 0.0253906 0.046875
1 0.510498 0.681066 0.0268555 0.0459559
1 0.157959 0.5 0.0219727 0.0441176
1 0.197266 0.533088 0.0253906 0.0441176
1 0.910889 0.503217 0.0249023 0.0431985
1 0.606201 0.015625 0.0258789 0.03125
1 0.712891 0.476562 0.0253906 0.0431985
1 0.437256 0.882812 0.0258789 0.0487132
1 0.854004 0.680607 0.0205078 0.0376838
1 0.730957 0.100184 0.0244141 0.0459559
1 0.885986 0.237132 0.0297852 0.0459559
1 0.232178 0.347426 0.0219727 0.0459559
0 0.297852 0.671875 0.0283203 0.0477941
1 0.377686 0.371324 0.0258789 0.0477941
0 0.012207 0.205882 0.0224609 0.0514706
0 0.235107 0.710018 0.0249023 0.046875
1 0.145752 0.588235 0.0258789 0.0459559
0 0.258057 0.846507 0.0268555 0.0422794
1 0.991455 0.761029 0.0170898 0.0404412
1 0.960938 0.216452 0.0234375 0.0340074
1 0.195312 0.925551 0.0244141 0.0441176
1 0.457031 0.498162 0.0234375 0.0404412
1 0.855469 0.867647 0.0253906 0.0459559
1 0.879883 0.824449 0.0234375 0.0459559
1 0.80249 0.169118 0.0229492 0.0459559
1 0.128418 0.828585 0.0263672 0.0505515
1 0.761719 0.884191 0.0224609 0.0367647
1 0.992676 0.547794 0.0146484 0.0459559
1 0.589111 0.362132 0.0249023 0.0441176
1 0.851562 0.261949 0.0263672 0.0422794
0 0.269775 0.984375 0.027832 0.03125
1 0.0324707 0.409926 0.0249023 0.0441176
1 0.69043 0.446232 0.0234375 0.0450368
0 0.316406 0.880055 0.0253906 0.0487132
1 0.395264 0.871324 0.0268555 0.0533088
1 0.520508 0.0698529 0.0234375 0.0441176
1 0.152588 0.228401 0.0268555 0.0505515
1 0.783447 0.59375 0.0258789 0.0441176
1 0.766846 0.0850184 0.0200195 0.0395221
1 0.945312 0.318015 0.0253906 0.0422794
1 0.694824 0.73943 0.0205078 0.046875
1 0.83374 0.126838 0.0249023 0.0422794
1 0.877441 0.710478 0.0234375 0.0422794
1 0.186768 0.465533 0.0258789 0.046875
1 0.755859 0.789062 0.0253906 0.0450368
1 0.777588 0.870864 0.0219727 0.0395221
1 0.205566 0.855239 0.0283203 0.046875
1 0.410156 0.537684 0.0263672 0.0459559
1 0.360352 0.168199 0.0253906 0.0422794
1 0.678711 0.13511 0.0273438 0.0459559
1 0.613037 0.252298 0.0209961 0.0413603
1 0.971191 0.196232 0.0234375 0.0376838
1 0.164795 0.772518 0.0258789 0.0487132
1 0.761475 0.0491728 0.0219727 0.0395221
1 0.53418 0.339154 0.0234375 0.0441176
1 0.458496 0.108915 0.0244141 0.046875
1 0.0144043 0.980239 0.0249023 0.0395221
1 0.92041 0.841912 0.0263672 0.0459559
1 0.308594 0.127757 0.0273438 0.0514706
1 0.828125 0.624081 0.0253906 0.0514706
1 0.417969 0.960938 0.0273438 0.0487132
1 0.675293 0.058364 0.0244141 0.0413603
1 0.407715 0.34329 0.0263672 0.0450368
1 0.572266 0.10432 0.0234375 0.0413603
1 0.806885 0.297794 0.0239258 0.0422794
1 0.991455 0.176471 0.0170898 0.0441176
1 0.804688 0.232077 0.0234375 0.0450368
1 0.408203 0.204963 0.0253906 0.0459559
1 0.797363 0.40579 0.0224609 0.0413603
1 0.597412 0.22886 0.0209961 0.0422794
1 0.223877 0.788143 0.0268555 0.0450368
1 0.933594 0.330882 0.0214844 0.0404412
1 0.781982 0.273438 0.0258789 0.0450368
1 0.108887 0.529412 0.0253906 0.0477941
1 0.197754 0.365809 0.0224609 0.0386029
1 0.598145 0.300551 0.0244141 0.0441176
1 0.146973 0.303768 0.0253906 0.046875
1 0.444092 0.471967 0.0229492 0.0431985
1 0.814209 0.442555 0.0249023 0.0413603
1 0.5 0.175092 0.0253906 0.046875
1 0.567627 0.386949 0.0239258 0.0422794
1 0.0402832 0.922794 0.0258789 0.0441176
1 0.39502 0.119945 0.0244141 0.0431985
1 0.132812 0.62546 0.0253906 0.046875
1 0.828125 0.953585 0.0263672 0.0450368
1 0.220215 0.0758272 0.0263672 0.0487132
1 0.964111 0.752757 0.0249023 0.0422794
1 0.803223 0.105239 0.0234375 0.0431985
1 0.414551 0.461857 0.0263672 0.0487132
1 0.916992 0.55239 0.0234375 0.0441176
1 0.577881 0.24954 0.0219727 0.046875
1 0.362305 0.202665 0.0224609 0.0413603
1 0.0305176 0.88511 0.0258789 0.0441176
1 0.985107 0.932445 0.0249023 0.0523897
1 0.483154 0.132812 0.0239258 0.046875
1 0.316406 0.25 0.0253906 0.0441176
1 0.529297 0.269761 0.0234375 0.0450368
1 0.981201 0.733915 0.0219727 0.0376838
1 0.20752 0.311121 0.0234375 0.0450368
1 0.332764 0.19807 0.0249023 0.0450368
1 0.403076 0.159007 0.0229492 0.0459559
1 0.242188 0.0257353 0.0253906 0.0459559
