0 0.859375 0.0854779 0.0234375 0.0441176
0 0.312744 0.893382 0.0297852 0.0514706
1 0.558594 0.0744485 0.0214844 0.0422794
1 0.0852051 0.238971 0.0317383 0.0588235
0 0.541748 0.90671 0.0307617 0.0487132
1 0.797119 0.591912 0.0258789 0.0459559
1 0.858643 0.253676 0.0219727 0.0386029
0 0.776367 0.920956 0.0273438 0.0514706
0 0.920898 0.979779 0.03125 0.0404412
1 0.259033 0.846507 0.0268555 0.0514706
0 0.214111 0.319393 0.0229492 0.0450368
0 0.543457 0.0588235 0.0185547 0.0404412
1 0.0969238 0.0243566 0.0327148 0.0487132
1 0.810791 0.119945 0.0219727 0.0450368
1 0.542236 0.908548 0.027832 0.046875
0 0.797363 0.59329 0.0253906 0.046875
1 0.171631 0.0220588 0.0288086 0.0441176
0 0.567627 0.597426 0.0297852 0.0533088
1 0.568848 0.597886 0.0273438 0.0487132
0 0.258789 0.846507 0.0263672 0.0514706
0 0.409668 0.90625 0.0224609 0.0441176
1 0.520264 0.203125 0.0209961 0.0422794
0 0.199951 0.959099 0.0317383 0.0542279
0 0.0849609 0.238971 0.0332031 0.0569853
1 0.776855 0.921415 0.0273438 0.0523897
0 0.391357 0.870864 0.0209961 0.046875
1 0.92041 0.977941 0.03125 0.0441176
1 0.934326 0.879596 0.0249023 0.0441176
0 0.871826 0.744026 0.0268555 0.046875
1 0.824951 0.775276 0.0249023 0.0487132
1 0.10498 0.383732 0.0292969 0.0597426
1 0.828857 0.623621 0.0219727 0.046875
1 0.989014 0.172794 0.0219727 0.0496324
0 0.826416 0.954504 0.0297852 0.0523897
1 0.826416 0.954963 0.0297852 0.0514706
1 0.525146 0.269761 0.0219727 0.0395221
0 0.0219727 0.193474 0.03125 0.0615809
1 0.917236 0.493107 0.0249023 0.0487132
1 0.83667 0.124081 0.0219727 0.0422794
1 0.199951 0.95864 0.0297852 0.0514706
0 0.105469 0.383732 0.0302734 0.0579044
1 0.528076 0.310202 0.0209961 0.0395221
1 0.391602 0.871783 0.0234375 0.0487132
0 0.828857 0.622702 0.0249023 0.0487132
1 0.785156 0.272978 0.0234375 0.0459559
0 0.171875 0.0229779 0.0283203 0.0422794
0 0.559082 0.0721507 0.0205078 0.0395221
1 0.871826 0.741728 0.0249023 0.0514706
0 0.164795 0.77114 0.0288086 0.0496324
0 0.438965 0.884651 0.0234375 0.046875
1 0.939941 0.564338 0.0263672 0.0496324
1 0.879883 0.827206 0.0234375 0.0422794
0 0.191162 0.0542279 0.027832 0.0551471
1 0.803223 0.300551 0.0234375 0.0441176
1 0.86792 0.853401 0.0249023 0.046875
1 0.414795 0.454963 0.0239258 0.0441176
1 0.311279 0.244485 0.0268555 0.0459559
1 0.689941 0.386949 0.0302734 0.0606618
1 0.974121 0.890625 0.0263672 0.0422794
1 0.408936 0.340993 0.0229492 0.0459559
1 0.392334 0.238051 0.0268555 0.0514706
1 0.37793 0.369026 0.0253906 0.0450368
1 0.189209 0.54182 0.0317383 0.0597426
