0 0.838867 0.764706 0.0234375 0.0477941
1 0.439453 0.880974 0.0332031 0.0597426
0 0.924072 0.975643 0.0297852 0.046875
0 0.101807 0.0234375 0.0356445 0.046875
1 0.30957 0.238051 0.0283203 0.0588235
1 0.839844 0.764706 0.0253906 0.0459559
0 0.936035 0.880055 0.0234375 0.0395221
1 0.794189 0.925092 0.0229492 0.0487132
0 0.189453 0.54182 0.0351562 0.0726103
0 0.800049 0.59421 0.027832 0.0523897
1 0.102051 0.0243566 0.0341797 0.0487132
0 0.858643 0.0836397 0.0249023 0.0496324
0 0.525391 0.20818 0.0253906 0.046875
1 0.93457 0.881893 0.0234375 0.0395221
0 0.872559 0.745404 0.0263672 0.0477941
1 0.41626 0.454504 0.0297852 0.0579044
0 0.570068 0.597426 0.0297852 0.0551471
0 0.828857 0.624081 0.0249023 0.0496324
1 0.828857 0.62546 0.0219727 0.0487132
0 0.258301 0.846967 0.0302734 0.0542279
1 0.308838 0.904412 0.0307617 0.0551471
0 0.202637 0.957721 0.0292969 0.0514706
1 0.872559 0.744485 0.0263672 0.0459559
1 0.987549 0.172794 0.0249023 0.0551471
1 0.924316 0.976103 0.0283203 0.0441176
1 0.801025 0.594669 0.0258789 0.0496324
0 0.308594 0.238051 0.0302734 0.0588235
0 0.439453 0.881434 0.0341797 0.0606618
0 0.165039 0.772518 0.0283203 0.0560662
1 0.203125 0.95818 0.03125 0.0560662
0 0.0849609 0.238051 0.0361328 0.0588235
1 0.953857 0.556985 0.0268555 0.0496324
1 0.956299 0.86489 0.0249023 0.0441176
1 0.689941 0.389706 0.03125 0.0661765
1 0.825684 0.952665 0.0263672 0.046875
1 0.916504 0.496324 0.0263672 0.0477941
0 0.0224609 0.193015 0.0332031 0.0661765
0 0.109131 0.388327 0.0307617 0.0615809
1 0.189209 0.54182 0.034668 0.0670956
