1 0.807861 0.988051 0.0297852 0.0238971
1 0.565186 0.602482 0.027832 0.046875
1 0.327637 0.163603 0.0292969 0.0496324
0 0.609375 0.0133272 0.0253906 0.0266544
0 0.654785 0.011489 0.0283203 0.0229779
1 0.855469 0.253676 0.0234375 0.0422794
0 0.911621 0.983456 0.03125 0.0330882
1 0.588379 0.36443 0.0244141 0.0431985
0 0.196533 0.940257 0.027832 0.0422794
0 0.680908 0.108915 0.0239258 0.0395221
0 0.0168457 0.19761 0.027832 0.0533088
0 0.739746 0.168199 0.0234375 0.0477941
1 0.681152 0.106158 0.0244141 0.0413603
0 0.258301 0.844669 0.0253906 0.0441176
1 0.877197 0.719669 0.0249023 0.0459559
0 0.834473 0.861673 0.0205078 0.0413603
0 0.522705 0.0684743 0.0258789 0.046875
0 0.571777 0.391544 0.0205078 0.0367647
0 0.678467 0.0597426 0.0219727 0.0422794
1 0.879883 0.824908 0.0234375 0.0450368
0 0.828125 0.621324 0.0263672 0.0514706
1 0.238037 0.712776 0.0229492 0.046875
1 0.0175781 0.196691 0.0253906 0.0496324
0 0.731934 0.112132 0.0224609 0.0459559
0 0.375977 0.692555 0.0234375 0.0450368
0 0.390625 0.659926 0.0244141 0.0422794
1 0.740234 0.169118 0.0253906 0.0459559
0 0.440674 0.884651 0.027832 0.046875
0 0.825684 0.955882 0.0283203 0.0496324
0 0.410156 0.340074 0.0263672 0.0459559
0 0.752686 0.922794 0.027832 0.0477941
0 0.778564 0.70818 0.0258789 0.0431985
1 0.414795 0.45818 0.0268555 0.0450368
0 0.496094 0.673713 0.0224609 0.0477941
0 0.405518 0.205882 0.0258789 0.0496324
0 0.877441 0.720588 0.0283203 0.0477941
1 0.371582 0.539982 0.0263672 0.046875
0 0.880371 0.824908 0.0234375 0.0505515
1 0.439941 0.88557 0.0283203 0.046875
0 0.300781 0.66682 0.0234375 0.0450368
1 0.196533 0.940257 0.0268555 0.0459559
1 0.4104 0.340533 0.027832 0.046875
1 0.534912 0.331342 0.0258789 0.0505515
0 0.857178 0.86443 0.0249023 0.046875
0 0.588379 0.36443 0.0234375 0.0395221
1 0.829102 0.622243 0.0234375 0.0477941
1 0.258545 0.845588 0.0288086 0.0459559
1 0.573486 0.390625 0.0219727 0.0386029
1 0.825928 0.955882 0.0297852 0.0477941
1 0.678467 0.0606618 0.0239258 0.0404412
1 0.522217 0.0689338 0.0249023 0.0459559
1 0.381104 0.786765 0.0229492 0.0422794
1 0.571777 0.102022 0.0263672 0.0477941
1 0.91626 0.494485 0.0297852 0.0477941
1 0.314941 0.149816 0.0244141 0.0441176
0 0.474365 0.670496 0.0219727 0.0450368
1 0.0776367 0.23989 0.0273438 0.0496324
1 0.652344 0.397059 0.0224609 0.0422794
0 0.785156 0.59421 0.0292969 0.046875
1 0.928955 0.563879 0.0268555 0.0450368
0 0.55835 0.883272 0.0258789 0.0459559
0 0.826416 0.807904 0.0249023 0.0533088
1 0.0144043 0.981618 0.0258789 0.0367647
1 0.838135 0.12454 0.0249023 0.0450368
1 0.666016 0.395221 0.0214844 0.0422794
0 0.755615 0.788603 0.0258789 0.0441176
1 0.806152 0.179688 0.0224609 0.0413603
1 0.0964355 0.356618 0.0249023 0.0459559
1 0.925781 0.85432 0.0263672 0.046875
1 0.88208 0.0863971 0.0219727 0.0422794
1 0.211182 0.0790441 0.0258789 0.0514706
1 0.752441 0.922794 0.0263672 0.0496324
0 0.319336 0.645221 0.0234375 0.0441176
1 0.196533 0.53079 0.0229492 0.0413603
1 0.391602 0.875 0.0234375 0.0496324
1 0.188232 0.480699 0.0249023 0.0459559
1 0.0913086 0.0321691 0.0332031 0.0514706
1 0.171875 0.0183824 0.0292969 0.0367647
1 0.164062 0.770221 0.0263672 0.0441176
1 0.0930176 0.601103 0.0219727 0.0441176
0 0.56543 0.602941 0.0273438 0.0459559
1 0.59668 0.295037 0.0234375 0.0441176
1 0.525635 0.268842 0.0258789 0.0487132
1 0.37793 0.368107 0.0253906 0.0450368
1 0.157715 0.491728 0.0234375 0.0422794
1 0.811523 0.301471 0.0253906 0.0441176
1 0.858643 0.0836397 0.0219727 0.0441176
1 0.80835 0.118107 0.0219727 0.0450368
1 0.146484 0.585018 0.0205078 0.0431985
1 0.335449 0.184283 0.0253906 0.0450368
1 0.102051 0.523438 0.0244141 0.046875
1 0.691162 0.38557 0.0258789 0.046875
1 0.151611 0.287684 0.0258789 0.0441176
1 0.989014 0.175092 0.0219727 0.0505515
1 0.132812 0.609375 0.0214844 0.0422794
1 0.897461 0.107077 0.0234375 0.0450368
1 0.123535 0.822151 0.0263672 0.0450368
1 0.147949 0.234375 0.0263672 0.0441176
1 0.0224609 0.442096 0.0224609 0.0422794
1 0.785156 0.271599 0.0253906 0.046875
1 0.80542 0.210478 0.0239258 0.0422794
1 0.505127 0.17693 0.0268555 0.0487132
1 0.03125 0.410386 0.0234375 0.0413603
1 0.58252 0.245864 0.0234375 0.0431985
1 0.0944824 0.815257 0.0288086 0.0514706
1 0.419434 0.945312 0.0263672 0.0487132
1 0.23877 0.345588 0.0283203 0.0514706
1 0.227539 0.769301 0.0253906 0.0459559
1 0.98291 0.919118 0.0283203 0.0551471
1 0.205078 0.314338 0.0244141 0.0477941
1 0.313965 0.247243 0.0253906 0.0441176
