0 0.858398 0.0836397 0.0234375 0.0459559
0 0.837646 0.764706 0.0249023 0.0459559
1 0.958008 0.867188 0.0234375 0.0395221
1 0.838379 0.764706 0.0263672 0.0459559
0 0.189697 0.54182 0.034668 0.0707721
1 0.258545 0.845588 0.0307617 0.0551471
1 0.102295 0.0238971 0.0336914 0.0477941
0 0.101807 0.0229779 0.034668 0.0459559
1 0.570068 0.596507 0.0288086 0.0514706
1 0.309082 0.903033 0.0283203 0.0523897
1 0.109619 0.386949 0.0297852 0.0643382
1 0.923584 0.975643 0.0297852 0.0431985
1 0.310303 0.240349 0.0297852 0.0579044
0 0.799805 0.594669 0.0283203 0.0533088
0 0.525391 0.209099 0.0244141 0.046875
0 0.924072 0.976562 0.0297852 0.046875
0 0.56958 0.597426 0.0317383 0.0551471
1 0.384766 0.259191 0.0292969 0.0496324
0 0.825684 0.953585 0.0263672 0.0505515
1 0.828857 0.625 0.0219727 0.0477941
0 0.258545 0.846967 0.0297852 0.0542279
0 0.791992 0.925092 0.0234375 0.0487132
1 0.953125 0.556066 0.0332031 0.0514706
0 0.872559 0.746324 0.0263672 0.0477941
1 0.801025 0.59421 0.0258789 0.0505515
0 0.93457 0.882812 0.0234375 0.0395221
1 0.872559 0.745404 0.0263672 0.0459559
0 0.202881 0.957261 0.0317383 0.0523897
1 0.37793 0.367647 0.0214844 0.0422794
0 0.309082 0.238511 0.0302734 0.0560662
1 0.987549 0.173254 0.0249023 0.0560662
0 0.438965 0.881893 0.0341797 0.0560662
0 0.828857 0.624081 0.0249023 0.0496324
0 0.164795 0.772518 0.0288086 0.0560662
1 0.390381 0.347426 0.0209961 0.0404412
1 0.203125 0.95818 0.03125 0.0542279
0 0.0849609 0.238051 0.0351562 0.0588235
1 0.825684 0.953585 0.0283203 0.0487132
1 0.416016 0.454963 0.0253906 0.0496324
1 0.916504 0.495864 0.0263672 0.046875
0 0.108887 0.387868 0.0302734 0.0625
0 0.0224609 0.193474 0.0332031 0.0670956
1 0.689941 0.389706 0.03125 0.0661765
1 0.189209 0.542279 0.034668 0.0661765
