0 0.791504 0.926471 0.0244141 0.0477941
1 0.309082 0.901654 0.0273438 0.0496324
1 0.950684 0.556526 0.03125 0.0487132
0 0.525391 0.209559 0.0234375 0.0459559
0 0.189697 0.54136 0.034668 0.0716912
1 0.109619 0.387408 0.0297852 0.0634191
0 0.101807 0.0234375 0.034668 0.046875
1 0.439209 0.880515 0.0297852 0.0588235
0 0.799072 0.595129 0.0288086 0.0523897
1 0.102051 0.0243566 0.0341797 0.0487132
1 0.56958 0.596507 0.0288086 0.0514706
0 0.922607 0.977022 0.027832 0.0441176
1 0.310303 0.240349 0.0297852 0.0579044
0 0.56958 0.597886 0.0317383 0.0542279
1 0.923584 0.975643 0.0297852 0.0431985
1 0.95874 0.868107 0.0249023 0.0395221
1 0.79126 0.925092 0.0249023 0.0505515
0 0.872559 0.746324 0.0283203 0.0477941
1 0.38501 0.258272 0.0288086 0.0496324
1 0.83667 0.765625 0.0268555 0.0459559
0 0.309326 0.238511 0.0307617 0.0560662
0 0.828857 0.623162 0.0249023 0.0496324
0 0.259033 0.847426 0.027832 0.0514706
1 0.828857 0.62454 0.0219727 0.0487132
1 0.800049 0.594669 0.0268555 0.0496324
0 0.93457 0.882353 0.0234375 0.0404412
1 0.376953 0.367647 0.0214844 0.0422794
1 0.203125 0.95818 0.03125 0.0542279
0 0.202637 0.95818 0.0283203 0.0505515
1 0.987549 0.173254 0.0249023 0.0560662
0 0.439453 0.882353 0.0332031 0.0569853
0 0.0852051 0.23943 0.034668 0.0615809
1 0.416016 0.454963 0.0253906 0.0496324
1 0.872559 0.744945 0.0283203 0.0450368
1 0.91626 0.495404 0.0249023 0.0459559
0 0.164795 0.772518 0.0288086 0.0560662
1 0.391602 0.345129 0.0224609 0.0431985
0 0.108887 0.388327 0.0302734 0.0615809
1 0.825684 0.953585 0.0283203 0.0487132
1 0.689941 0.389706 0.0302734 0.0661765
0 0.0222168 0.193015 0.0327148 0.0680147
1 0.189453 0.54182 0.0341797 0.0670956
