1 0.80542 0.988051 0.0297852 0.0238971
0 0.0961914 0.588695 0.0283203 0.0523897
0 0.101807 0.373162 0.0249023 0.0441176
0 0.205078 0.317555 0.0273438 0.0542279
0 0.825928 0.953585 0.0297852 0.0487132
1 0.875 0.727941 0.0253906 0.0441176
1 0.197754 0.95818 0.0283203 0.046875
0 0.874268 0.728401 0.0249023 0.0450368
1 0.835938 0.866268 0.0205078 0.0395221
0 0.915771 0.981158 0.0297852 0.0376838
1 0.172363 0.0206801 0.0283203 0.0395221
1 0.204102 0.0749081 0.0263672 0.0450368
0 0.929688 0.869026 0.0253906 0.046875
1 0.929688 0.869945 0.0253906 0.0450368
1 0.258301 0.84421 0.0244141 0.0450368
0 0.0212402 0.194393 0.0258789 0.0505515
1 0.917236 0.492188 0.0297852 0.046875
1 0.0930176 0.027114 0.0327148 0.0450368
1 0.882812 0.241728 0.0214844 0.0459559
0 0.197754 0.956801 0.0283203 0.0459559
1 0.178223 0.485294 0.0273438 0.0422794
1 0.932129 0.56296 0.0263672 0.0431985
0 0.0959473 0.533088 0.0288086 0.0514706
0 0.0852051 0.238051 0.0307617 0.0533088
1 0.98877 0.173713 0.0224609 0.0496324
1 0.771484 0.733456 0.0214844 0.0459559
1 0.838379 0.12454 0.0234375 0.0487132
1 0.858643 0.253676 0.0219727 0.0422794
1 0.196777 0.532169 0.0253906 0.0459559
1 0.55249 0.894761 0.0258789 0.0431985
1 0.828857 0.623162 0.0219727 0.0477941
1 0.44043 0.884651 0.0234375 0.046875
1 0.825928 0.955882 0.0297852 0.0496324
1 0.690674 0.386949 0.0268555 0.0477941
1 0.0952148 0.587316 0.0283203 0.0496324
1 0.789551 0.592371 0.0253906 0.0450368
1 0.858398 0.0831801 0.0234375 0.0487132
1 0.810059 0.119945 0.0234375 0.0450368
1 0.80957 0.300092 0.0263672 0.0450368
1 0.86084 0.862592 0.0234375 0.0487132
0 0.163818 0.77068 0.0297852 0.0560662
1 0.826416 0.788143 0.0249023 0.0487132
0 0.203613 0.0726103 0.0253906 0.0477941
1 0.880615 0.826746 0.0249023 0.046875
1 0.567627 0.599724 0.0258789 0.046875
1 0.237305 0.341912 0.0273438 0.0477941
1 0.786133 0.271599 0.0234375 0.0487132
1 0.51416 0.192555 0.0244141 0.046875
1 0.766357 0.924173 0.0268555 0.0542279
1 0.524414 0.268842 0.0234375 0.0413603
1 0.981934 0.911765 0.0283203 0.0533088
1 0.536621 0.0565257 0.0263672 0.0413603
1 0.206299 0.315257 0.0249023 0.0477941
1 0.391357 0.871783 0.0219727 0.0487132
1 0.755859 0.789062 0.0244141 0.0450368
1 0.396973 0.222886 0.0224609 0.0450368
1 0.528564 0.310662 0.0229492 0.0404412
1 0.374023 0.539062 0.0244141 0.0431985
1 0.569336 0.0946691 0.0234375 0.0441176
1 0.415527 0.926471 0.0244141 0.0459559
1 0.378418 0.368107 0.0244141 0.0431985
1 0.415283 0.457721 0.0249023 0.0441176
1 0.397705 0.539062 0.0219727 0.0413603
1 0.409668 0.340533 0.0244141 0.0431985
1 0.311523 0.245864 0.0273438 0.0431985
