0 0.780029 0.696232 0.0239258 0.0450368
1 0.590576 0.238971 0.0249023 0.0477941
1 0.193848 0.844669 0.0458984 0.0441176
1 0.804932 0.314798 0.0229492 0.0487132
1 0.85791 0.0813419 0.0205078 0.0395221
1 0.780273 0.695312 0.0234375 0.0450368
1 0.747559 0.921875 0.0234375 0.0422794
1 0.856934 0.866268 0.0263672 0.0505515
0 0.689453 0.729779 0.0214844 0.0441176
1 0.881348 0.0813419 0.0205078 0.0395221
1 0.730957 0.105239 0.0283203 0.0487132
1 0.833496 0.863511 0.0205078 0.0413603
0 0.895264 0.110294 0.0200195 0.0404412
1 0.559814 0.876379 0.0268555 0.0450368
1 0.00561523 0.331801 0.0112305 0.0441176
0 0.747803 0.922794 0.0249023 0.0441176
1 0.807129 0.113971 0.0234375 0.0404412
1 0.564453 0.605699 0.0283203 0.0496324
1 0.713379 0.649357 0.0244141 0.0358456
1 0.912598 0.50046 0.0234375 0.046875
0 0.880371 0.823529 0.0234375 0.0477941
0 0.076416 0.245404 0.0317383 0.0533088
1 0.895264 0.109375 0.0219727 0.0386029
0 0.0153809 0.200368 0.0258789 0.0533088
0 0.804199 0.172794 0.0244141 0.0441176
1 0.739258 0.176011 0.0234375 0.0487132
1 0.755859 0.79136 0.0273438 0.0459559
0 0.806885 0.11443 0.0239258 0.0431985
1 0.989014 0.819853 0.019043 0.0422794
0 0.739014 0.175551 0.0239258 0.0459559
0 0.755615 0.788603 0.0249023 0.0441176
0 0.237061 0.710938 0.0258789 0.0431985
0 0.466309 0.11443 0.0205078 0.0395221
1 0.83667 0.125 0.0249023 0.0441176
0 0.31543 0.88511 0.0253906 0.0459559
1 0.0766602 0.244485 0.0302734 0.0514706
0 0.409668 0.340533 0.0263672 0.0450368
1 0.503662 0.67693 0.0258789 0.0505515
1 0.409668 0.340533 0.0273438 0.046875
0 0.730469 0.104779 0.0253906 0.0459559
1 0.0146484 0.200827 0.0263672 0.0579044
1 0.37207 0.538603 0.0273438 0.0477941
1 0.570801 0.105239 0.0244141 0.0450368
1 0.259521 0.846507 0.0288086 0.0459559
0 0.257812 0.845588 0.0263672 0.0422794
0 0.828125 0.819393 0.0253906 0.0413603
0 0.521729 0.0684743 0.0249023 0.0450368
0 0.481934 0.131893 0.0224609 0.0413603
1 0.380859 0.787224 0.0244141 0.046875
1 0.678223 0.0602022 0.0244141 0.0413603
1 0.852295 0.261029 0.0249023 0.0422794
0 0.39209 0.657629 0.0244141 0.046875
0 0.503662 0.676471 0.0258789 0.0514706
0 0.856201 0.866728 0.0249023 0.0459559
1 0.521484 0.0689338 0.0234375 0.0441176
1 0.377686 0.369485 0.0268555 0.0459559
1 0.879883 0.824449 0.0234375 0.0459559
0 0.536377 0.491268 0.0239258 0.0431985
1 0.688721 0.72932 0.0209961 0.046875
0 0.535645 0.464154 0.0234375 0.0386029
0 0.269287 0.984375 0.0268555 0.03125
1 0.482178 0.130055 0.0209961 0.0431985
1 0.534424 0.334099 0.0239258 0.0505515
1 0.312256 0.136029 0.0288086 0.0477941
0 0.559814 0.878676 0.0268555 0.0459559
1 0.0144043 0.980699 0.0249023 0.0386029
1 0.589111 0.363971 0.0239258 0.0459559
0 0.609863 0.0142463 0.0234375 0.0284926
1 0.406982 0.203125 0.0268555 0.0496324
1 0.651367 0.397059 0.0234375 0.0422794
1 0.679199 0.127757 0.0263672 0.0459559
1 0.196045 0.53171 0.0249023 0.0450368
1 0.197021 0.931985 0.0268555 0.0441176
0 0.879883 0.0840993 0.0234375 0.0395221
1 0.15625 0.49954 0.0244141 0.0487132
1 0.992188 0.757812 0.015625 0.0395221
0 0.369385 0.693015 0.0249023 0.0459559
0 0.467529 0.671415 0.0268555 0.0487132
1 0.440918 0.884651 0.0273438 0.046875
1 0.803711 0.171875 0.0234375 0.0422794
0 0.672363 0.714154 0.0224609 0.0422794
1 0.724609 0.634191 0.0214844 0.0404412
1 0.697266 0.450368 0.0253906 0.0422794
1 0.968018 0.741728 0.0219727 0.0422794
1 0.828857 0.623621 0.0219727 0.046875
1 0.1875 0.473805 0.0244141 0.046875
1 0.799805 0.409926 0.0234375 0.0367647
1 0.0944824 0.352482 0.027832 0.0487132
1 0.922852 0.846967 0.0234375 0.0413603
0 0.322998 0.63511 0.0219727 0.0422794
1 0.203369 0.852022 0.0258789 0.0441176
1 0.709717 0.472886 0.0229492 0.0395221
1 0.824951 0.954963 0.027832 0.0459559
0 0.299561 0.667739 0.0258789 0.046875
1 0.813232 0.442096 0.0268555 0.0441176
1 0.784424 0.59421 0.027832 0.046875
1 0.248047 0.0234375 0.0234375 0.0413603
1 0.876465 0.717831 0.0263672 0.0459559
0 0.564941 0.606158 0.0263672 0.0487132
1 0.39209 0.875919 0.0253906 0.0514706
1 0.924072 0.563879 0.0249023 0.0431985
1 0.213867 0.0785846 0.0253906 0.0505515
1 0.989746 0.175551 0.0205078 0.0477941
1 0.334473 0.189798 0.0263672 0.0487132
1 0.61084 0.248162 0.0205078 0.0404412
1 0.570801 0.388787 0.0234375 0.0422794
1 0.171875 0.0179228 0.0302734 0.0358456
1 0.669189 0.392463 0.0219727 0.0422794
1 0.22583 0.778952 0.0258789 0.0487132
1 0.145752 0.585938 0.0229492 0.046875
1 0.0178223 0.451287 0.0239258 0.0496324
1 0.0314941 0.409926 0.0249023 0.0441176
1 0.580078 0.248621 0.0234375 0.0431985
1 0.16333 0.772059 0.0258789 0.0477941
1 0.0913086 0.0326287 0.0332031 0.0542279
1 0.149658 0.233456 0.027832 0.0441176
1 0.597656 0.230699 0.0205078 0.0422794
1 0.126953 0.826746 0.0263672 0.0487132
1 0.597656 0.299173 0.0253906 0.0450368
1 0.148926 0.298713 0.0283203 0.0441176
1 0.0927734 0.814338 0.0273438 0.0514706
1 0.179199 0.834559 0.0263672 0.0459559
1 0.237305 0.346048 0.0283203 0.0542279
1 0.5271 0.269301 0.0258789 0.0496324
1 0.811035 0.301011 0.0263672 0.0431985
1 0.804443 0.214154 0.0239258 0.0422794
1 0.691406 0.38511 0.0253906 0.0459559
1 0.104736 0.528952 0.0249023 0.046875
1 0.502686 0.175551 0.0249023 0.0477941
1 0.0922852 0.599265 0.0244141 0.0477941
1 0.314453 0.249081 0.0263672 0.0477941
1 0.783936 0.27114 0.0268555 0.0477941
1 0.983643 0.924632 0.0268555 0.0514706
1 0.133057 0.618107 0.0249023 0.046875
1 0.981201 0.734375 0.019043 0.0404412
1 0.205811 0.313879 0.0258789 0.0487132
1 0.418945 0.953125 0.0273438 0.0496324
