1 0.30957 0.238511 0.0292969 0.0579044
1 0.950684 0.556526 0.03125 0.0487132
0 0.525391 0.210018 0.0224609 0.0450368
0 0.791016 0.926471 0.0253906 0.0477941
0 0.101562 0.0225184 0.0341797 0.0450368
0 0.189697 0.54182 0.034668 0.0707721
1 0.309326 0.900735 0.0268555 0.0496324
1 0.102051 0.0238971 0.0332031 0.0477941
1 0.835938 0.764706 0.0253906 0.0477941
0 0.923584 0.976562 0.0297852 0.046875
0 0.799805 0.59421 0.0283203 0.0523897
1 0.790527 0.925092 0.0253906 0.0487132
1 0.923584 0.975643 0.0297852 0.0431985
1 0.385254 0.257812 0.0283203 0.0487132
0 0.56958 0.597426 0.0317383 0.0551471
1 0.959229 0.869026 0.0249023 0.0413603
0 0.872559 0.746324 0.0283203 0.0477941
1 0.828857 0.624081 0.0219727 0.0477941
0 0.93457 0.882353 0.0234375 0.0386029
0 0.828857 0.623162 0.0249023 0.0477941
1 0.801025 0.594669 0.0258789 0.0496324
1 0.988281 0.171875 0.0234375 0.0514706
1 0.203125 0.95818 0.03125 0.0542279
1 0.377441 0.367188 0.0214844 0.0413603
1 0.416016 0.454504 0.0253906 0.0487132
1 0.872559 0.744945 0.0263672 0.046875
0 0.164795 0.772518 0.027832 0.0560662
0 0.202393 0.957261 0.0288086 0.0505515
1 0.91626 0.495864 0.0249023 0.046875
0 0.310059 0.238971 0.0302734 0.0569853
0 0.0849609 0.238051 0.0361328 0.0588235
0 0.258789 0.847426 0.0283203 0.0514706
0 0.438965 0.881434 0.0341797 0.0569853
1 0.39209 0.34421 0.0224609 0.0431985
1 0.689941 0.389246 0.03125 0.0652574
0 0.109131 0.389706 0.0288086 0.0625
1 0.825684 0.953585 0.0283203 0.0487132
0 0.0219727 0.193015 0.0332031 0.0661765
1 0.189209 0.542279 0.034668 0.0661765
