0 0.102539 0.0243566 0.0361328 0.0487132
0 0.859375 0.082261 0.0234375 0.046875
0 0.189697 0.542279 0.034668 0.0716912
0 0.524414 0.206342 0.0234375 0.046875
1 0.801514 0.59329 0.0249023 0.0505515
1 0.109863 0.387408 0.0302734 0.0652574
0 0.381104 0.267463 0.0297852 0.0533088
1 0.309326 0.237592 0.027832 0.0579044
1 0.825928 0.952206 0.0249023 0.0404412
0 0.924805 0.975643 0.03125 0.0487132
1 0.102539 0.0252757 0.0341797 0.0505515
0 0.203857 0.957261 0.0317383 0.0542279
0 0.80249 0.930147 0.0249023 0.0459559
1 0.925049 0.975184 0.027832 0.0459559
1 0.438965 0.880515 0.0302734 0.0588235
0 0.259033 0.847886 0.0317383 0.0542279
1 0.381348 0.267923 0.0263672 0.0505515
0 0.825928 0.953125 0.0249023 0.0441176
0 0.84375 0.766085 0.0263672 0.046875
1 0.258301 0.847886 0.0302734 0.0542279
1 0.872559 0.745864 0.0263672 0.0487132
0 0.800781 0.59375 0.0263672 0.0496324
0 0.439453 0.881434 0.0341797 0.0569853
1 0.959473 0.555607 0.03125 0.0523897
1 0.416016 0.454504 0.0273438 0.0542279
0 0.308594 0.237132 0.0302734 0.0588235
0 0.570312 0.596967 0.0332031 0.0560662
0 0.0849609 0.238051 0.0361328 0.0606618
0 0.828857 0.623621 0.0249023 0.0505515
1 0.987549 0.172794 0.0249023 0.0569853
1 0.916504 0.497243 0.0263672 0.0477941
0 0.164795 0.772978 0.0288086 0.0569853
0 0.872559 0.746783 0.0263672 0.0487132
1 0.303711 0.90625 0.0292969 0.0588235
1 0.203857 0.957261 0.0317383 0.0579044
0 0.109131 0.387868 0.0307617 0.0625
0 0.0224609 0.193015 0.0332031 0.0661765
1 0.689941 0.389706 0.03125 0.0661765
1 0.189209 0.542279 0.0336914 0.0661765
