0 0.53833 0.912684 0.027832 0.0496324
1 0.797852 0.594669 0.0273438 0.0496324
1 0.858643 0.0845588 0.0200195 0.0441176
1 0.172607 0.0215993 0.0268555 0.0413603
1 0.882812 0.241268 0.0214844 0.046875
1 0.522217 0.207721 0.019043 0.0404412
0 0.189453 0.540901 0.0322266 0.0652574
1 0.569336 0.597426 0.0273438 0.0477941
1 0.407715 0.892463 0.0224609 0.0459559
1 0.858643 0.252298 0.0219727 0.0395221
0 0.407471 0.891544 0.0219727 0.0441176
0 0.39209 0.871783 0.0224609 0.0487132
1 0.777588 0.920496 0.0288086 0.0505515
0 0.568848 0.597886 0.0283203 0.046875
1 0.201172 0.957721 0.0302734 0.0514706
1 0.539062 0.913143 0.0253906 0.0450368
0 0.798096 0.594669 0.0268555 0.0459559
0 0.933594 0.882353 0.0253906 0.0422794
0 0.173096 0.0211397 0.0268555 0.0386029
1 0.920898 0.978401 0.03125 0.0431985
0 0.438721 0.883732 0.0239258 0.0450368
1 0.39209 0.872243 0.0205078 0.0441176
1 0.989014 0.172794 0.0219727 0.0477941
1 0.810791 0.119945 0.0219727 0.046875
1 0.828857 0.623621 0.0219727 0.046875
1 0.916992 0.493107 0.0234375 0.0487132
1 0.934326 0.880055 0.0249023 0.0431985
0 0.201172 0.959099 0.0273438 0.0487132
0 0.825684 0.773438 0.0263672 0.046875
1 0.836914 0.12454 0.0234375 0.0431985
1 0.525635 0.270221 0.0209961 0.0386029
1 0.943115 0.564338 0.0297852 0.0514706
0 0.258545 0.847426 0.0258789 0.0514706
1 0.528564 0.309743 0.0200195 0.0404412
0 0.828857 0.623162 0.0249023 0.0477941
0 0.777344 0.922335 0.0273438 0.0487132
0 0.872559 0.744026 0.0263672 0.0505515
0 0.165283 0.772059 0.027832 0.0496324
0 0.0852051 0.238511 0.0327148 0.0579044
1 0.388672 0.244945 0.0253906 0.0542279
1 0.785645 0.272978 0.0224609 0.0441176
1 0.415039 0.454963 0.0234375 0.0422794
0 0.107666 0.387868 0.027832 0.0569853
0 0.0222168 0.193015 0.0317383 0.0625
1 0.971924 0.883272 0.0249023 0.0422794
0 0.826416 0.954504 0.0297852 0.0523897
1 0.799805 0.297335 0.0234375 0.0431985
1 0.311035 0.243566 0.0283203 0.0459559
1 0.689941 0.389246 0.0302734 0.0634191
1 0.377686 0.369026 0.0249023 0.0450368
1 0.189453 0.542279 0.0332031 0.0606618
1 0.405273 0.337316 0.0234375 0.0422794
