0 0.94751 0.868566 0.0249023 0.0349265
0 0.524414 0.206342 0.0234375 0.046875
1 0.828857 0.62454 0.0219727 0.0487132
0 0.189453 0.542279 0.0351562 0.0735294
1 0.439453 0.880974 0.0292969 0.0597426
0 0.102051 0.0238971 0.0361328 0.0477941
1 0.102539 0.0252757 0.0341797 0.0505515
1 0.924072 0.974724 0.0297852 0.046875
1 0.825928 0.952206 0.0249023 0.0422794
1 0.843018 0.767004 0.0249023 0.046875
0 0.382324 0.267004 0.0292969 0.0542279
1 0.30957 0.238051 0.0283203 0.0588235
0 0.859375 0.082261 0.0234375 0.0487132
0 0.203613 0.957261 0.03125 0.0542279
1 0.800781 0.59375 0.0253906 0.0514706
0 0.259277 0.847886 0.03125 0.0542279
0 0.843018 0.767004 0.027832 0.046875
0 0.924805 0.975643 0.03125 0.0487132
0 0.825928 0.953125 0.0249023 0.0459559
0 0.800537 0.594669 0.0268555 0.0496324
1 0.958008 0.556526 0.03125 0.0523897
0 0.800781 0.929228 0.0253906 0.0459559
1 0.872559 0.746324 0.0263672 0.0477941
1 0.258301 0.847886 0.0302734 0.0542279
0 0.570068 0.597886 0.0327148 0.0560662
1 0.416504 0.454504 0.0302734 0.0597426
0 0.439453 0.881434 0.0341797 0.0588235
0 0.164551 0.772518 0.0283203 0.0560662
1 0.987549 0.172794 0.0249023 0.0569853
0 0.828857 0.623621 0.0249023 0.0505515
0 0.308594 0.237132 0.0302734 0.0588235
1 0.916504 0.496324 0.0263672 0.0477941
0 0.0849609 0.237592 0.0361328 0.0597426
0 0.872559 0.746324 0.0263672 0.0477941
1 0.204102 0.957261 0.03125 0.0560662
1 0.303711 0.905331 0.0283203 0.0569853
0 0.0224609 0.193474 0.0332031 0.0670956
1 0.689941 0.389706 0.03125 0.0661765
0 0.109375 0.387868 0.0302734 0.0625
1 0.189453 0.54182 0.0351562 0.0670956
