0 0.310791 0.242188 0.0297852 0.0505515
0 0.310791 0.897978 0.0297852 0.0533088
1 0.0849609 0.238971 0.0332031 0.0625
0 0.567871 0.596967 0.0302734 0.0542279
1 0.858643 0.0845588 0.0219727 0.0459559
0 0.536621 0.91682 0.0263672 0.0487132
0 0.189453 0.54136 0.0332031 0.0661765
1 0.523438 0.20864 0.0175781 0.0404412
0 0.79834 0.595588 0.0283203 0.0477941
0 0.921875 0.977022 0.03125 0.0422794
1 0.108643 0.387408 0.0297852 0.0634191
1 0.934326 0.880974 0.0249023 0.0450368
1 0.921875 0.977941 0.03125 0.0441176
0 0.439453 0.881434 0.0253906 0.0459559
1 0.568848 0.596967 0.0283203 0.0487132
1 0.799316 0.594669 0.0263672 0.0477941
1 0.20166 0.95818 0.03125 0.0542279
1 0.825928 0.954963 0.0297852 0.0514706
1 0.811035 0.119945 0.0234375 0.0487132
1 0.917236 0.493566 0.0249023 0.0496324
0 0.828857 0.772978 0.0297852 0.0533088
1 0.943604 0.563419 0.0297852 0.0496324
1 0.829102 0.624081 0.0234375 0.0477941
0 0.780762 0.921875 0.03125 0.0496324
0 0.828857 0.623162 0.0249023 0.0496324
0 0.201416 0.95818 0.027832 0.0487132
0 0.0849609 0.23943 0.0341797 0.0597426
1 0.528564 0.308824 0.0209961 0.0404412
1 0.988281 0.172335 0.0234375 0.0505515
0 0.934326 0.883272 0.0249023 0.0422794
1 0.835938 0.124081 0.0234375 0.0459559
0 0.872559 0.745864 0.0263672 0.0487132
1 0.5271 0.270221 0.0209961 0.0386029
0 0.258789 0.847886 0.0263672 0.0505515
1 0.399658 0.33364 0.0239258 0.0441176
1 0.415039 0.454963 0.0234375 0.0441176
0 0.108398 0.388787 0.0292969 0.0606618
0 0.165283 0.773897 0.0268555 0.0514706
1 0.310791 0.242647 0.0297852 0.0496324
0 0.0219727 0.193015 0.0332031 0.0661765
1 0.96875 0.880055 0.0253906 0.0487132
0 0.826416 0.954504 0.0297852 0.0523897
1 0.37793 0.367188 0.0244141 0.0450368
1 0.388428 0.24954 0.0268555 0.0487132
1 0.189209 0.542279 0.0336914 0.0625
1 0.689453 0.390165 0.03125 0.0652574
