0 0.189697 0.54182 0.0356445 0.0726103
1 0.795166 0.924173 0.0219727 0.046875
0 0.102051 0.0234375 0.0361328 0.046875
0 0.794678 0.925092 0.0229492 0.0487132
1 0.438965 0.880055 0.03125 0.0597426
0 0.859375 0.0827206 0.0234375 0.0477941
1 0.109619 0.386949 0.0297852 0.0643382
1 0.30957 0.237592 0.0292969 0.0597426
1 0.103271 0.0248162 0.0356445 0.0496324
0 0.799561 0.594669 0.027832 0.0533088
0 0.525146 0.207721 0.0258789 0.0477941
0 0.872559 0.746324 0.0263672 0.0477941
0 0.259521 0.848805 0.0307617 0.0542279
1 0.839844 0.764706 0.0253906 0.0459559
1 0.258545 0.847886 0.0297852 0.0523897
0 0.203125 0.957261 0.0322266 0.0542279
0 0.828857 0.623621 0.0249023 0.0487132
1 0.828857 0.625 0.0219727 0.0477941
1 0.93457 0.881893 0.0234375 0.0395221
1 0.416504 0.454504 0.0302734 0.0597426
1 0.987549 0.172794 0.0249023 0.0569853
1 0.308594 0.905331 0.03125 0.0569853
0 0.570068 0.597886 0.0327148 0.0560662
1 0.800781 0.594669 0.0253906 0.0496324
1 0.924316 0.975184 0.0283203 0.0441176
1 0.872559 0.745864 0.0263672 0.0450368
0 0.308594 0.238051 0.03125 0.0588235
0 0.164551 0.772518 0.0292969 0.0560662
0 0.0849609 0.237592 0.0371094 0.0597426
0 0.438965 0.881434 0.0351562 0.0588235
1 0.203613 0.957261 0.03125 0.0560662
1 0.95459 0.556985 0.0263672 0.0514706
1 0.825684 0.952665 0.0263672 0.0487132
1 0.916504 0.496324 0.0263672 0.0477941
0 0.109131 0.387868 0.0307617 0.0625
0 0.0222168 0.193015 0.0327148 0.0661765
1 0.689941 0.389706 0.0302734 0.0661765
1 0.955322 0.865809 0.0249023 0.0441176
1 0.189453 0.54182 0.0351562 0.0670956
