1 0.785645 0.925092 0.0273438 0.0487132
0 0.784424 0.924173 0.0288086 0.046875
1 0.523682 0.209559 0.0170898 0.0404412
1 0.101074 0.0234375 0.0341797 0.046875
1 0.922852 0.976562 0.03125 0.0450368
1 0.810791 0.119945 0.0219727 0.046875
0 0.567871 0.596967 0.0302734 0.0560662
1 0.109131 0.386949 0.0288086 0.0643382
0 0.101074 0.0225184 0.0341797 0.0450368
0 0.534424 0.919118 0.0297852 0.0496324
0 0.811035 0.117188 0.0234375 0.0487132
1 0.835938 0.12454 0.0214844 0.0450368
1 0.96582 0.875 0.0234375 0.0477941
0 0.189697 0.54182 0.034668 0.0689338
0 0.799316 0.595129 0.0283203 0.0487132
0 0.922852 0.977022 0.03125 0.0459559
1 0.569092 0.596507 0.027832 0.0496324
1 0.310547 0.240809 0.03125 0.0551471
1 0.202637 0.957261 0.0302734 0.0523897
1 0.917236 0.494026 0.0249023 0.0505515
0 0.96582 0.873162 0.0234375 0.0514706
0 0.310059 0.240349 0.03125 0.0542279
1 0.799805 0.595129 0.0273438 0.0487132
1 0.988281 0.172335 0.0234375 0.0505515
1 0.828857 0.624081 0.0219727 0.0477941
1 0.945312 0.560662 0.0283203 0.0477941
1 0.527588 0.272518 0.0209961 0.0376838
0 0.830322 0.77068 0.0297852 0.0560662
1 0.529053 0.308364 0.0209961 0.0413603
0 0.828857 0.623162 0.0249023 0.0496324
0 0.438721 0.882353 0.0327148 0.0569853
0 0.826416 0.953585 0.0297852 0.0523897
0 0.872559 0.746324 0.0283203 0.0477941
0 0.201904 0.957261 0.027832 0.046875
1 0.38623 0.254596 0.0263672 0.0477941
0 0.0849609 0.23943 0.0341797 0.0615809
1 0.415527 0.454963 0.0244141 0.0459559
0 0.934326 0.883272 0.0249023 0.0422794
0 0.258545 0.847886 0.0268555 0.0505515
1 0.377686 0.366728 0.0239258 0.0422794
0 0.165039 0.773897 0.0273438 0.0514706
0 0.108887 0.389246 0.0292969 0.0615809
0 0.0219727 0.193474 0.0332031 0.0652574
1 0.189209 0.54182 0.034668 0.0652574
1 0.395264 0.339614 0.0239258 0.0431985
1 0.689941 0.390165 0.03125 0.0652574
1 0.826416 0.954504 0.0297852 0.0505515
