0 0.189453 0.540901 0.0322266 0.0652574
0 0.537354 0.913143 0.0288086 0.0505515
1 0.858643 0.0831801 0.0219727 0.0450368
1 0.88208 0.241728 0.0219727 0.0477941
1 0.182129 0.035386 0.0390625 0.0487132
1 0.311523 0.89568 0.0273438 0.0487132
1 0.522461 0.207721 0.0195312 0.0422794
1 0.568848 0.596967 0.0273438 0.046875
0 0.567871 0.596507 0.0302734 0.0533088
1 0.85791 0.24954 0.0234375 0.0395221
0 0.797852 0.594669 0.0273438 0.0459559
1 0.798096 0.59329 0.0268555 0.0450368
1 0.920898 0.97886 0.03125 0.0422794
1 0.40625 0.889706 0.0224609 0.0459559
1 0.537842 0.914062 0.0258789 0.046875
1 0.934326 0.880055 0.0249023 0.0431985
1 0.201172 0.95818 0.0302734 0.0523897
0 0.438721 0.883272 0.0239258 0.0459559
0 0.920898 0.97932 0.03125 0.0413603
1 0.810791 0.119485 0.0219727 0.0459559
0 0.933594 0.882812 0.0253906 0.0413603
1 0.391357 0.871324 0.0200195 0.0459559
0 0.200928 0.95864 0.0317383 0.0533088
0 0.258301 0.847426 0.0263672 0.0514706
1 0.828857 0.62454 0.0219727 0.046875
0 0.82666 0.773438 0.0263672 0.0487132
1 0.916992 0.493566 0.0234375 0.0477941
1 0.989014 0.172335 0.0219727 0.0487132
1 0.835938 0.12454 0.0234375 0.0431985
1 0.943848 0.563419 0.0263672 0.0459559
0 0.828857 0.623162 0.0249023 0.0477941
0 0.165283 0.772059 0.027832 0.0477941
0 0.872559 0.744945 0.0263672 0.0487132
1 0.525635 0.269761 0.0219727 0.0395221
1 0.528564 0.308824 0.0229492 0.0441176
0 0.0849609 0.238971 0.0332031 0.0588235
1 0.785889 0.272059 0.0229492 0.0422794
0 0.777832 0.922335 0.0283203 0.0487132
1 0.388672 0.246783 0.0253906 0.0523897
1 0.415039 0.454963 0.0234375 0.0422794
0 0.10791 0.388327 0.0283203 0.0579044
0 0.0222168 0.192555 0.0327148 0.0634191
1 0.970947 0.884191 0.0249023 0.0441176
1 0.798096 0.295956 0.0239258 0.0422794
0 0.826416 0.953585 0.0297852 0.0523897
1 0.310791 0.243566 0.0288086 0.0477941
1 0.377686 0.369026 0.0249023 0.0450368
1 0.689941 0.389246 0.0302734 0.0634191
1 0.189209 0.542279 0.0327148 0.0625
1 0.405029 0.337316 0.0239258 0.0422794
