0 0.704346 0.261029 0.0180664 0.0349265
0 0.652344 0.611673 0.0175781 0.0340074
0 0.917969 0.83364 0.0185547 0.0386029
0 0.583252 0.186121 0.0161133 0.0321691
0 0.828857 0.624081 0.019043 0.0349265
0 0.395752 0.111673 0.0180664 0.0358456
0 0.881836 0.822151 0.015625 0.0340074
0 0.574463 0.255055 0.0170898 0.0340074
0 0.488281 0.423254 0.0195312 0.0358456
0 0.533203 0.631434 0.0253906 0.0330882
0 0.69043 0.742647 0.0195312 0.0422794
0 0.270996 0.983456 0.0214844 0.0330882
0 0.473877 0.274357 0.0180664 0.0358456
