1 0.0991211 0.0238971 0.0341797 0.0477941
1 0.79834 0.59421 0.0253906 0.0450368
1 0.172607 0.0215993 0.0268555 0.0413603
0 0.392334 0.871783 0.0219727 0.0487132
1 0.858643 0.0840993 0.0219727 0.0450368
1 0.858643 0.252298 0.0219727 0.0395221
0 0.438477 0.882812 0.0234375 0.046875
1 0.438721 0.882812 0.0249023 0.046875
1 0.522461 0.207261 0.0195312 0.0413603
1 0.568848 0.596507 0.0273438 0.0477941
0 0.920898 0.97886 0.03125 0.0422794
1 0.777588 0.921415 0.0288086 0.0505515
0 0.567871 0.596967 0.0302734 0.0542279
1 0.920898 0.97886 0.03125 0.0422794
0 0.797852 0.594669 0.0263672 0.0459559
1 0.407471 0.891544 0.0219727 0.0441176
0 0.17334 0.0215993 0.0273438 0.0376838
1 0.200439 0.95864 0.0288086 0.0496324
1 0.828857 0.624081 0.0219727 0.0477941
1 0.538818 0.914062 0.0258789 0.046875
1 0.934326 0.880055 0.0249023 0.0431985
1 0.810791 0.119945 0.0219727 0.046875
0 0.201172 0.959099 0.0283203 0.0487132
0 0.933594 0.882353 0.0253906 0.0422794
0 0.258545 0.847426 0.0258789 0.0514706
1 0.916992 0.494026 0.0234375 0.0487132
0 0.82666 0.773438 0.0263672 0.046875
0 0.165283 0.772059 0.027832 0.0477941
1 0.989014 0.172335 0.0219727 0.0487132
1 0.391602 0.871324 0.0205078 0.0459559
1 0.943115 0.563879 0.0297852 0.0505515
1 0.836914 0.124081 0.0234375 0.0441176
1 0.528076 0.309743 0.0209961 0.0404412
1 0.525635 0.269761 0.0209961 0.0395221
0 0.0849609 0.238971 0.0322266 0.0569853
0 0.828857 0.623162 0.0249023 0.0496324
0 0.872559 0.744026 0.0263672 0.0505515
0 0.777832 0.922335 0.0283203 0.0487132
1 0.785645 0.272978 0.0224609 0.0441176
1 0.388916 0.244945 0.0249023 0.0542279
0 0.107666 0.388327 0.027832 0.0579044
1 0.971924 0.882353 0.0249023 0.0422794
0 0.0222168 0.193474 0.0317383 0.0615809
1 0.415039 0.455423 0.0234375 0.0431985
0 0.826416 0.954504 0.0297852 0.0523897
1 0.799561 0.297335 0.0239258 0.0431985
1 0.311035 0.243566 0.0283203 0.0459559
1 0.377686 0.369026 0.0249023 0.0450368
1 0.689941 0.389246 0.03125 0.0634191
1 0.189209 0.54182 0.0327148 0.0615809
1 0.405273 0.337316 0.0234375 0.0422794
