1 0.82666 0.953585 0.03125 0.0487132
1 0.826416 0.772978 0.0297852 0.0533088
1 0.858643 0.0840993 0.0200195 0.0450368
1 0.165039 0.772059 0.0283203 0.0551471
1 0.882812 0.241728 0.0214844 0.0477941
0 0.797607 0.59421 0.0268555 0.046875
1 0.858643 0.252757 0.0219727 0.0404412
0 0.920898 0.97886 0.03125 0.0422794
0 0.391357 0.870864 0.0219727 0.046875
1 0.568848 0.597426 0.0273438 0.0477941
0 0.827393 0.775276 0.027832 0.046875
1 0.172363 0.0206801 0.0283203 0.0413603
0 0.567627 0.597426 0.0307617 0.0551471
1 0.797607 0.592831 0.0268555 0.0459559
1 0.408203 0.89614 0.0224609 0.0459559
1 0.521484 0.205882 0.0205078 0.0422794
1 0.810791 0.119945 0.0219727 0.046875
1 0.872559 0.743107 0.0263672 0.0505515
0 0.438721 0.883732 0.0239258 0.046875
0 0.258545 0.846967 0.0268555 0.0523897
1 0.777344 0.920956 0.0292969 0.0514706
1 0.200195 0.95864 0.0292969 0.0514706
0 0.200684 0.959559 0.0322266 0.0551471
1 0.828857 0.62454 0.0219727 0.0487132
1 0.917236 0.493566 0.0249023 0.0496324
1 0.934326 0.880055 0.0249023 0.0431985
1 0.920898 0.978401 0.03125 0.0431985
0 0.188232 0.0459559 0.027832 0.0459559
0 0.776855 0.921875 0.0283203 0.0496324
1 0.989014 0.172335 0.0219727 0.0487132
1 0.539795 0.911305 0.0249023 0.046875
1 0.525391 0.269761 0.0214844 0.0395221
0 0.871826 0.743107 0.0268555 0.0505515
1 0.836914 0.124081 0.0234375 0.0441176
0 0.164795 0.77114 0.0288086 0.0496324
1 0.528564 0.309743 0.0209961 0.0404412
0 0.828857 0.623621 0.0249023 0.0505515
0 0.0852051 0.238971 0.0327148 0.0569853
0 0.172119 0.0225184 0.0288086 0.0431985
1 0.942139 0.563419 0.0297852 0.0533088
1 0.39209 0.872243 0.0224609 0.0459559
0 0.826416 0.954504 0.0297852 0.0523897
0 0.0219727 0.193934 0.03125 0.0606618
0 0.106445 0.386949 0.0283203 0.0569853
1 0.416016 0.454963 0.0244141 0.0459559
1 0.785645 0.272978 0.0244141 0.0459559
1 0.311523 0.244026 0.0273438 0.0450368
1 0.390137 0.243107 0.0263672 0.0542279
1 0.972656 0.88511 0.0253906 0.0422794
1 0.801025 0.300551 0.0249023 0.0441176
1 0.37793 0.368566 0.0253906 0.0459559
1 0.689453 0.388787 0.03125 0.0625
1 0.406982 0.338695 0.0239258 0.0450368
1 0.189453 0.54182 0.0332031 0.0615809
