1 0.52417 0.210018 0.0180664 0.0413603
1 0.858643 0.0840993 0.0219727 0.0450368
0 0.832764 0.769301 0.027832 0.0533088
0 0.533691 0.919118 0.0302734 0.0477941
0 0.96167 0.866268 0.027832 0.0450368
0 0.101318 0.0225184 0.0336914 0.0450368
0 0.835938 0.122702 0.0214844 0.046875
0 0.567871 0.596967 0.0302734 0.0560662
1 0.811768 0.120404 0.0219727 0.0477941
1 0.101807 0.0234375 0.0336914 0.046875
1 0.785889 0.926471 0.0258789 0.0477941
1 0.963135 0.870404 0.0249023 0.0441176
0 0.799561 0.595129 0.027832 0.0487132
0 0.189697 0.54136 0.0336914 0.0698529
0 0.811523 0.118566 0.0234375 0.0477941
0 0.922607 0.976562 0.027832 0.0431985
0 0.826416 0.954044 0.0297852 0.0514706
1 0.528564 0.273438 0.0219727 0.0395221
1 0.835205 0.12546 0.0219727 0.0450368
1 0.310547 0.240349 0.03125 0.0542279
1 0.923584 0.975643 0.0297852 0.0431985
0 0.828857 0.623621 0.0249023 0.0487132
1 0.529297 0.309743 0.0224609 0.0404412
0 0.872559 0.745864 0.0283203 0.0487132
1 0.946777 0.561121 0.0263672 0.0487132
1 0.832031 0.77068 0.0292969 0.0560662
1 0.569092 0.596507 0.027832 0.0496324
1 0.202637 0.95818 0.0302734 0.0542279
0 0.309814 0.23989 0.0307617 0.0533088
1 0.872559 0.744945 0.0283203 0.046875
1 0.98877 0.172335 0.0224609 0.0505515
1 0.800049 0.595129 0.0268555 0.0487132
1 0.385742 0.255974 0.0253906 0.046875
1 0.828857 0.625 0.0219727 0.0477941
0 0.439209 0.882353 0.0336914 0.0569853
0 0.201904 0.957261 0.027832 0.0487132
0 0.934326 0.882812 0.0249023 0.0413603
1 0.415527 0.454963 0.0234375 0.0459559
1 0.91626 0.494945 0.0249023 0.046875
0 0.258789 0.846967 0.0273438 0.0505515
0 0.0852051 0.238971 0.034668 0.0606618
0 0.165283 0.773438 0.0268555 0.0523897
1 0.377441 0.367188 0.0234375 0.0431985
0 0.109131 0.389246 0.0288086 0.0615809
0 0.0222168 0.193474 0.0336914 0.0670956
1 0.189209 0.542279 0.034668 0.0661765
1 0.39502 0.341452 0.0244141 0.0413603
1 0.689941 0.389706 0.0302734 0.0625
1 0.825928 0.954504 0.0297852 0.0505515
