1 0.12793 0.488511 0.0175781 0.0450368
0 0.619141 0.983915 0.0322266 0.0248162
0 0.756592 0.789062 0.027832 0.0487132
1 0.828857 0.825368 0.0200195 0.0514706
0 0.726562 0.633272 0.0214844 0.0422794
0 0.561279 0.519301 0.0219727 0.0367647
1 0.98584 0.763787 0.0205078 0.0367647
1 0.833496 0.863971 0.0205078 0.0404412
1 0.975586 0.433824 0.0234375 0.0441176
1 0.4104 0.539522 0.0239258 0.0459559
1 0.381104 0.785846 0.0249023 0.0459559
1 0.989014 0.820772 0.019043 0.0422794
0 0.440918 0.884651 0.0283203 0.0487132
1 0.856445 0.866268 0.0234375 0.0487132
1 0.360596 0.181985 0.0200195 0.0441176
1 0.854736 0.0776654 0.0200195 0.0413603
0 0.608887 0.0137868 0.0234375 0.0275735
1 0.414062 0.460018 0.0263672 0.046875
0 0.880371 0.823529 0.0234375 0.0477941
0 0.196777 0.533088 0.0244141 0.0477941
1 0.893799 0.120404 0.0219727 0.0404412
1 0.880371 0.0795037 0.0205078 0.0395221
1 0.0769043 0.245404 0.0307617 0.0533088
0 0.381348 0.788143 0.0263672 0.0487132
0 0.013916 0.201746 0.0268555 0.0579044
0 0.828857 0.82261 0.0219727 0.0459559
1 0.73584 0.179228 0.0234375 0.0441176
1 0.910889 0.499081 0.0249023 0.0441176
0 0.710205 0.649816 0.0229492 0.0404412
1 0.0141602 0.202665 0.0253906 0.0560662
0 0.535889 0.498162 0.0249023 0.0441176
0 0.856201 0.867647 0.0268555 0.0459559
0 0.55957 0.877298 0.0273438 0.0450368
0 0.392334 0.65625 0.0249023 0.0477941
1 0.196533 0.532629 0.0249023 0.0450368
1 0.520996 0.0689338 0.0234375 0.0422794
1 0.377686 0.370404 0.0258789 0.0441176
1 0.710205 0.649357 0.0219727 0.0413603
0 0.879883 0.082261 0.0234375 0.0395221
1 0.767578 0.0868566 0.0214844 0.0395221
1 0.879883 0.824449 0.0234375 0.0459559
1 0.886719 0.236213 0.0263672 0.0441176
1 0.259766 0.846967 0.0283203 0.046875
1 0.755859 0.79136 0.0253906 0.0459559
1 0.693359 0.445312 0.0234375 0.0431985
1 0.691895 0.730239 0.0224609 0.0450368
1 0.72998 0.102941 0.0234375 0.0459559
1 0.440186 0.886029 0.0288086 0.0514706
0 0.507568 0.680147 0.0249023 0.0459559
1 0.876465 0.714154 0.0234375 0.0422794
1 0.744873 0.920956 0.0249023 0.0441176
1 0.921875 0.559283 0.0253906 0.0395221
1 0.372559 0.537684 0.0273438 0.0496324
0 0.673096 0.713235 0.0229492 0.0422794
1 0.571045 0.106158 0.0219727 0.0413603
0 0.23584 0.711397 0.0244141 0.0459559
1 0.76001 0.0565257 0.0209961 0.0376838
1 0.677734 0.0588235 0.0224609 0.0404412
1 0.186035 0.470588 0.0253906 0.0459559
1 0.991699 0.761029 0.0166016 0.0404412
0 0.258301 0.846507 0.0263672 0.0422794
1 0.921143 0.845129 0.0249023 0.0413603
1 0.393555 0.875 0.0273438 0.0533088
1 0.589355 0.363511 0.0224609 0.0450368
1 0.359131 0.198989 0.0200195 0.0413603
1 0.780029 0.692555 0.0258789 0.0487132
1 0.196289 0.931066 0.0263672 0.0441176
0 0.563721 0.609835 0.0239258 0.046875
1 0.835205 0.12546 0.0249023 0.0431985
1 0.647949 0.391544 0.0224609 0.0441176
1 0.798584 0.408088 0.0219727 0.0386029
1 0.990967 0.176011 0.0180664 0.046875
1 0.726318 0.633272 0.0219727 0.0422794
1 0.409424 0.341912 0.0268555 0.0459559
1 0.310059 0.130515 0.0263672 0.0496324
1 0.71167 0.476103 0.0249023 0.0386029
0 0.269775 0.984375 0.0268555 0.03125
1 0.156982 0.501838 0.0229492 0.0477941
1 0.460693 0.109835 0.0219727 0.0450368
1 0.224609 0.784467 0.0273438 0.0487132
1 0.805664 0.110294 0.0234375 0.0441176
0 0.315918 0.881893 0.0244141 0.046875
0 0.365723 0.689338 0.0244141 0.0477941
1 0.0944824 0.351103 0.0288086 0.0496324
1 0.851562 0.261949 0.0263672 0.0422794
0 0.076416 0.246324 0.0327148 0.0551471
1 0.679688 0.130974 0.0273438 0.0431985
0 0.533203 0.462316 0.0234375 0.0422794
0 0.465576 0.670956 0.0258789 0.0477941
1 0.828857 0.62546 0.0219727 0.0487132
0 0.324219 0.632812 0.0234375 0.0431985
1 0.534424 0.338235 0.0229492 0.0441176
1 0.813232 0.442555 0.0249023 0.0413603
1 0.1521 0.229779 0.0268555 0.0514706
1 0.0185547 0.45818 0.0253906 0.0487132
1 0.783203 0.59375 0.0263672 0.0441176
1 0.992188 0.540901 0.015625 0.046875
1 0.234619 0.348346 0.0258789 0.0514706
1 0.20459 0.85386 0.0263672 0.0441176
1 0.611816 0.250919 0.0195312 0.0386029
1 0.964844 0.748162 0.0234375 0.0441176
1 0.803223 0.171415 0.0234375 0.0450368
1 0.145508 0.587776 0.0244141 0.046875
1 0.0141602 0.981158 0.0244141 0.0376838
0 0.298584 0.669577 0.027832 0.046875
1 0.395264 0.127298 0.0219727 0.0413603
1 0.0905762 0.599724 0.0249023 0.0505515
1 0.163818 0.772518 0.0258789 0.0487132
1 0.407471 0.204044 0.0268555 0.0459559
1 0.824951 0.954504 0.0297852 0.0450368
1 0.0314941 0.409926 0.0258789 0.0441176
1 0.569824 0.387868 0.0234375 0.0404412
1 0.0917969 0.0330882 0.0332031 0.0551471
1 0.171631 0.0179228 0.027832 0.0358456
1 0.418945 0.955882 0.0273438 0.0477941
1 0.668701 0.391544 0.0219727 0.0422794
1 0.147949 0.30239 0.0283203 0.0477941
1 0.0302734 0.884651 0.0244141 0.0413603
1 0.177002 0.830882 0.0249023 0.0422794
1 0.12793 0.828125 0.0253906 0.0514706
1 0.691895 0.38511 0.0244141 0.0441176
1 0.5979 0.300092 0.0249023 0.0431985
1 0.402588 0.159926 0.0209961 0.0441176
1 0.0925293 0.81204 0.0258789 0.046875
1 0.107422 0.530331 0.0273438 0.0459559
1 0.578369 0.249081 0.0219727 0.0441176
1 0.0371094 0.917739 0.0244141 0.0413603
1 0.597656 0.230239 0.0205078 0.0413603
1 0.501221 0.174632 0.0249023 0.0459559
1 0.810303 0.299173 0.0249023 0.0395221
1 0.132812 0.622243 0.0253906 0.0459559
1 0.216797 0.0772059 0.0253906 0.0477941
1 0.80542 0.226103 0.0249023 0.0441176
1 0.333984 0.192555 0.0253906 0.046875
1 0.782715 0.271599 0.0263672 0.0450368
1 0.245361 0.0248162 0.0258789 0.0459559
1 0.48291 0.131893 0.0224609 0.0450368
1 0.31543 0.249081 0.0273438 0.0477941
1 0.206543 0.313419 0.0263672 0.0496324
1 0.980469 0.734835 0.0214844 0.0395221
1 0.984375 0.929228 0.0263672 0.0514706
1 0.528076 0.270221 0.0239258 0.0477941
