1 0.523682 0.209099 0.0180664 0.0413603
0 0.310303 0.898438 0.0307617 0.0523897
0 0.784424 0.924173 0.0288086 0.0450368
1 0.101318 0.0234375 0.0336914 0.046875
0 0.858643 0.0840993 0.0219727 0.046875
1 0.922607 0.977022 0.0297852 0.0459559
1 0.810791 0.119945 0.0219727 0.046875
1 0.109375 0.386949 0.0292969 0.0625
0 0.101074 0.0225184 0.0341797 0.0450368
0 0.534424 0.919118 0.0297852 0.0496324
0 0.569336 0.598346 0.03125 0.0533088
0 0.189697 0.54136 0.0336914 0.0680147
0 0.811035 0.117188 0.0234375 0.0487132
1 0.835938 0.12454 0.0214844 0.0450368
1 0.96582 0.875 0.0234375 0.0477941
0 0.922607 0.975643 0.0297852 0.0431985
1 0.310547 0.240809 0.03125 0.0533088
1 0.202393 0.957261 0.0307617 0.0523897
1 0.569092 0.596507 0.027832 0.0496324
0 0.799316 0.595129 0.0283203 0.0487132
1 0.917236 0.493566 0.0249023 0.0496324
1 0.799805 0.59421 0.0273438 0.0487132
1 0.945312 0.561121 0.0283203 0.0487132
0 0.309814 0.240349 0.0307617 0.0523897
0 0.830322 0.77068 0.0297852 0.0560662
1 0.828857 0.623621 0.0219727 0.046875
1 0.98877 0.172335 0.0224609 0.0505515
1 0.528809 0.307904 0.0224609 0.0441176
0 0.96582 0.873621 0.0234375 0.0505515
1 0.415527 0.454963 0.0234375 0.0459559
0 0.438721 0.882812 0.0336914 0.0542279
1 0.527588 0.272059 0.0209961 0.0386029
0 0.872559 0.746324 0.0263672 0.0477941
1 0.38623 0.254596 0.0263672 0.0477941
0 0.828857 0.623162 0.0249023 0.0477941
0 0.0852051 0.238051 0.0356445 0.0588235
0 0.826416 0.953585 0.0297852 0.0523897
0 0.201904 0.95818 0.027832 0.046875
0 0.258789 0.846967 0.0273438 0.0487132
1 0.377441 0.367188 0.0244141 0.0431985
0 0.934326 0.883272 0.0249023 0.0422794
0 0.108887 0.389246 0.0292969 0.0615809
0 0.165283 0.773438 0.027832 0.0523897
0 0.0219727 0.193015 0.0332031 0.0661765
1 0.189453 0.54182 0.0341797 0.0652574
1 0.39502 0.339614 0.0244141 0.0431985
1 0.826416 0.954504 0.0297852 0.0505515
1 0.689941 0.389706 0.03125 0.0643382
