0 0.0964355 0.0252757 0.0288086 0.0450368
1 0.882812 0.241728 0.0214844 0.0459559
0 0.858643 0.0840993 0.0200195 0.0450368
0 0.917236 0.493566 0.0249023 0.0459559
1 0.858643 0.254136 0.0200195 0.0395221
1 0.164062 0.772059 0.0292969 0.0551471
0 0.543457 0.90579 0.0302734 0.0487132
1 0.0964355 0.0238971 0.0307617 0.0459559
1 0.93457 0.879596 0.0234375 0.0422794
0 0.775879 0.920956 0.0263672 0.0514706
0 0.258789 0.846507 0.0253906 0.0514706
0 0.921143 0.979779 0.0327148 0.0404412
1 0.410156 0.90579 0.0214844 0.046875
1 0.828857 0.623621 0.0219727 0.046875
1 0.258789 0.846507 0.0263672 0.0496324
0 0.543213 0.0588235 0.0219727 0.0404412
1 0.810791 0.119485 0.0219727 0.0459559
0 0.933594 0.881434 0.0234375 0.0422794
1 0.776367 0.920496 0.0273438 0.0523897
0 0.410156 0.908088 0.0224609 0.0441176
0 0.567627 0.597886 0.0297852 0.0542279
0 0.22876 0.338235 0.0219727 0.0477941
0 0.391113 0.871324 0.0205078 0.0477941
1 0.568848 0.597426 0.0273438 0.0477941
0 0.199463 0.95864 0.0317383 0.0533088
0 0.758301 0.787224 0.0224609 0.0395221
1 0.92041 0.977941 0.03125 0.0441176
1 0.825928 0.955882 0.0297852 0.0496324
1 0.917236 0.493107 0.0297852 0.0487132
1 0.104492 0.382812 0.0292969 0.0597426
1 0.989014 0.172794 0.0219727 0.0496324
1 0.519531 0.202665 0.0214844 0.0431985
1 0.171631 0.0225184 0.0288086 0.0431985
1 0.83667 0.124081 0.0219727 0.0422794
1 0.824219 0.775735 0.0253906 0.0477941
0 0.0852051 0.238971 0.0317383 0.0569853
1 0.784668 0.273438 0.0224609 0.046875
0 0.796875 0.592831 0.0253906 0.0459559
0 0.561768 0.0749081 0.0209961 0.0431985
1 0.543701 0.907629 0.027832 0.0487132
1 0.525146 0.269761 0.0219727 0.0395221
0 0.171631 0.0225184 0.0288086 0.0431985
0 0.105225 0.382812 0.0297852 0.0560662
0 0.826416 0.954044 0.0297852 0.0514706
1 0.872803 0.741728 0.0249023 0.0496324
1 0.199707 0.95864 0.0292969 0.0514706
0 0.0219727 0.193474 0.0302734 0.0597426
1 0.879639 0.828125 0.0249023 0.0441176
1 0.938965 0.565257 0.0263672 0.0477941
0 0.438965 0.884651 0.0234375 0.046875
0 0.871826 0.743566 0.0249023 0.0459559
0 0.769531 0.764706 0.0253906 0.0404412
1 0.528564 0.309743 0.0219727 0.0404412
1 0.391602 0.871783 0.0234375 0.0487132
1 0.867188 0.855239 0.0234375 0.046875
0 0.21167 0.319393 0.0249023 0.0505515
0 0.164795 0.77114 0.0288086 0.0514706
0 0.828857 0.622702 0.0249023 0.0487132
1 0.803955 0.301011 0.0229492 0.0450368
0 0.193115 0.0560662 0.027832 0.0533088
1 0.311279 0.244485 0.0268555 0.0459559
1 0.975098 0.891544 0.0263672 0.0441176
1 0.689941 0.386949 0.0302734 0.0606618
1 0.414795 0.455423 0.0239258 0.0431985
1 0.392578 0.235754 0.0253906 0.0505515
1 0.408447 0.340074 0.0229492 0.0441176
1 0.37793 0.369026 0.0253906 0.0450368
1 0.189453 0.54182 0.03125 0.0579044
