0 0.552246 0.883272 0.0234375 0.0349265
1 0.185303 0.442555 0.019043 0.0376838
0 0.433105 0.794577 0.0205078 0.0413603
1 0.0646973 0.905331 0.0239258 0.0441176
1 0.454346 0.164982 0.0249023 0.0431985
0 0.36499 0.0404412 0.0268555 0.03125
1 0.99292 0.303309 0.012207 0.0496324
0 0.638916 0.559283 0.0219727 0.0358456
0 0.347168 0.51011 0.0205078 0.0404412
1 0.353516 0.844669 0.0205078 0.0386029
1 0.967773 0.193474 0.0234375 0.0450368
0 0.93457 0.488971 0.0234375 0.0367647
0 0.396729 0.863971 0.0219727 0.0422794
1 0.395508 0.863971 0.0195312 0.0404412
0 0.126221 0.504596 0.0229492 0.0404412
1 0.35498 0.800092 0.0283203 0.0431985
0 0.109619 0.886489 0.019043 0.0340074
1 0.766357 0.0431985 0.0180664 0.0349265
1 0.210938 0.637868 0.0214844 0.0386029
0 0.514648 0.685202 0.0273438 0.0431985
0 0.0583496 0.875 0.0239258 0.0422794
0 0.154297 0.227941 0.0244141 0.0441176
1 0.665039 0.392463 0.0195312 0.0386029
0 0.592285 0.369945 0.0195312 0.0413603
0 0.670654 0.982077 0.0229492 0.0321691
1 0.7854 0.679688 0.0258789 0.0487132
1 0.0361328 0.40625 0.0263672 0.0441176
1 0.980469 0.447151 0.0205078 0.0413603
0 0.821777 0.824908 0.0185547 0.0376838
1 0.432373 0.795496 0.0200195 0.0413603
1 0.133301 0.134651 0.0234375 0.0395221
0 0.651123 0.339154 0.0200195 0.0349265
0 0.665039 0.392923 0.0195312 0.0395221
1 0.234619 0.0284926 0.0239258 0.0422794
0 0.224121 0.0776654 0.0244141 0.0450368
0 0.463623 0.881893 0.0229492 0.0413603
0 0.543457 0.418658 0.0166016 0.0413603
0 0.045166 0.931066 0.0209961 0.0386029
1 0.195068 0.914982 0.0239258 0.0413603
1 0.645264 0.387868 0.0200195 0.0404412
0 0.601562 0.015625 0.0234375 0.03125
0 0.702637 0.651654 0.0224609 0.0386029
1 0.463379 0.882353 0.0224609 0.0404412
1 0.501953 0.92739 0.0195312 0.0386029
1 0.767578 0.198529 0.0185547 0.03125
1 0.797363 0.0969669 0.0205078 0.0376838
1 0.683838 0.444853 0.0219727 0.0367647
0 0.598877 0.301011 0.0209961 0.0376838
0 0.325928 0.622243 0.0219727 0.0441176
0 0.83667 0.68796 0.0200195 0.0413603
1 0.181885 0.462316 0.0209961 0.0404412
0 0.133057 0.134651 0.0229492 0.0431985
0 0.0368652 0.405331 0.0258789 0.0459559
0 0.684814 0.445312 0.0219727 0.0340074
0 0.0820312 0.601103 0.0263672 0.0514706
0 0.755127 0.789522 0.0239258 0.0441176
0 0.207031 0.607996 0.0224609 0.0413603
0 0.563721 0.375 0.0209961 0.0404412
0 0.556885 0.610294 0.0249023 0.0404412
0 0.0720215 0.255974 0.0239258 0.0505515
0 0.0656738 0.90579 0.0219727 0.0413603
1 0.852295 0.263327 0.0219727 0.0340074
1 0.593018 0.369945 0.0209961 0.0413603
0 0.880371 0.825827 0.0205078 0.046875
1 0.095459 0.344669 0.0239258 0.0422794
0 0.0703125 0.797794 0.0214844 0.0404412
0 0.0437012 0.547794 0.0200195 0.0386029
1 0.118164 0.160386 0.0253906 0.0431985
0 0.602295 0.451287 0.0209961 0.0367647
0 0.234619 0.701746 0.019043 0.0413603
1 0.0710449 0.255515 0.027832 0.0551471
0 0.172363 0.79182 0.0185547 0.0376838
0 0.0412598 0.120404 0.0229492 0.0367647
1 0.878174 0.0790441 0.0219727 0.0422794
0 0.395508 0.113051 0.0234375 0.0459559
0 0.763184 0.892923 0.0244141 0.0413603
0 0.509277 0.0165441 0.0195312 0.0330882
0 0.616211 0.887868 0.0234375 0.0441176
1 0.394531 0.113511 0.0224609 0.0431985
1 0.815674 0.483915 0.019043 0.0340074
0 0.207275 0.854779 0.0249023 0.0441176
1 0.126953 0.502757 0.0214844 0.0386029
1 0.99292 0.560202 0.0141602 0.0431985
1 0.881348 0.825827 0.0234375 0.046875
1 0.223389 0.0772059 0.0229492 0.0422794
1 0.729492 0.18796 0.0195312 0.0413603
0 0.856934 0.679228 0.0185547 0.0404412
1 0.0703125 0.798254 0.0214844 0.0413603
0 0.360596 0.163603 0.0229492 0.0386029
0 0.223389 0.796415 0.0239258 0.0413603
1 0.679199 0.142004 0.0205078 0.0395221
0 0.784668 0.680607 0.0244141 0.0487132
1 0.0822754 0.602022 0.0249023 0.0477941
0 0.645264 0.390625 0.0200195 0.0386029
0 0.348145 0.800551 0.0214844 0.0441176
1 0.514404 0.684743 0.0258789 0.0441176
0 0.296387 0.675092 0.0205078 0.0542279
1 0.871826 0.26011 0.0219727 0.0330882
1 0.914795 0.548254 0.0219727 0.0376838
1 0.36792 0.795496 0.0209961 0.0413603
1 0.940674 0.694393 0.0219727 0.0376838
0 0.61792 0.980699 0.0229492 0.0386029
1 0.755371 0.787684 0.0244141 0.0441176
1 0.347168 0.51057 0.0195312 0.0431985
1 0.365479 0.842831 0.0219727 0.0386029
1 0.360107 0.161305 0.0219727 0.0413603
1 0.688232 0.179228 0.0200195 0.0330882
1 0.200439 0.360294 0.0229492 0.0404412
0 0.536377 0.504136 0.0219727 0.0358456
1 0.490723 0.941176 0.0205078 0.0367647
0 0.235107 0.0298713 0.0239258 0.0450368
0 0.168945 0.0165441 0.0273438 0.0330882
1 0.0439453 0.931985 0.0214844 0.0367647
1 0.305664 0.117188 0.0234375 0.0450368
1 0.48877 0.360294 0.0234375 0.0404412
0 0.304688 0.118107 0.0253906 0.0450368
0 0.642578 0.886489 0.0253906 0.0487132
1 0.828125 0.626379 0.0205078 0.0431985
1 0.155029 0.22886 0.0249023 0.0477941
0 0.776611 0.862592 0.0239258 0.0413603
1 0.146484 0.301471 0.0234375 0.0404412
1 0.703613 0.193015 0.0205078 0.0386029
0 0.606689 0.486673 0.0219727 0.0376838
0 0.735596 0.909926 0.0219727 0.0441176
0 0.423828 0.880055 0.0244141 0.0431985
1 0.561035 0.300092 0.0185547 0.0376838
0 0.0549316 0.111213 0.0229492 0.0422794
1 0.71582 0.482996 0.0234375 0.0413603
1 0.48291 0.884651 0.0224609 0.0431985
1 0.330078 0.200827 0.0224609 0.0413603
1 0.598389 0.300092 0.0209961 0.0395221
0 0.0134277 0.981158 0.0219727 0.0376838
1 0.37085 0.539522 0.0229492 0.0459559
1 0.921143 0.618566 0.0219727 0.0386029
1 0.910156 0.590993 0.0214844 0.0349265
1 0.757568 0.21829 0.0180664 0.0340074
1 0.419922 0.963235 0.0263672 0.0441176
1 0.85083 0.082261 0.0219727 0.0395221
1 0.0588379 0.876379 0.0219727 0.0395221
1 0.228516 0.342831 0.0224609 0.0422794
1 0.729004 0.633732 0.0224609 0.0431985
1 0.991699 0.761029 0.0166016 0.0404412
0 0.0927734 0.0372243 0.03125 0.0487132
0 0.459473 0.674632 0.0234375 0.0441176
0 0.0168457 0.467371 0.0249023 0.0487132
1 0.211914 0.306526 0.0234375 0.0431985
1 0.0285645 0.891544 0.0229492 0.0441176
1 0.785645 0.0500919 0.0166016 0.0376838
1 0.781982 0.585938 0.0239258 0.0431985
0 0.0935059 0.813879 0.0209961 0.0413603
1 0.612549 0.251379 0.0209961 0.0376838
1 0.927979 0.331801 0.0219727 0.0367647
1 0.282959 0.185202 0.0249023 0.0431985
1 0.802246 0.168199 0.0234375 0.0367647
1 0.146729 0.590074 0.0229492 0.0441176
1 0.368164 0.207261 0.0205078 0.0413603
1 0.838379 0.942555 0.0263672 0.0505515
1 0.402832 0.160846 0.0224609 0.0404412
1 0.570801 0.212776 0.0205078 0.0358456
1 0.0517578 0.813419 0.0253906 0.0422794
1 0.498779 0.34375 0.0200195 0.0367647
1 0.108887 0.532169 0.0244141 0.0422794
1 0.546875 0.316636 0.0224609 0.0358456
1 0.834229 0.547794 0.0219727 0.0330882
1 0.572754 0.105699 0.0224609 0.0404412
0 0.121582 0.471507 0.0234375 0.0386029
0 0.319092 0.87454 0.0249023 0.0487132
0 0.656738 0.306066 0.0205078 0.0386029
1 0.855469 0.867647 0.0253906 0.0459559
0 0.127686 0.828125 0.0219727 0.0459559
1 0.918945 0.837316 0.0234375 0.0459559
1 0.163086 0.494945 0.0234375 0.0413603
1 0.406982 0.538143 0.0229492 0.0413603
1 0.801514 0.0487132 0.019043 0.0349265
1 0.46167 0.174632 0.0200195 0.0386029
1 0.445557 0.153952 0.0219727 0.0376838
1 0.267578 0.215993 0.0244141 0.0422794
1 0.197998 0.535846 0.0249023 0.0459559
1 0.583252 0.201746 0.0209961 0.0340074
1 0.132812 0.632353 0.0244141 0.0441176
1 0.405762 0.346967 0.0244141 0.0431985
1 0.410889 0.205882 0.0239258 0.0422794
1 0.889893 0.238511 0.0219727 0.0395221
0 0.268555 0.983915 0.0273438 0.0321691
1 0.596436 0.231158 0.0180664 0.0376838
0 0.259033 0.846507 0.0249023 0.0422794
1 0.315918 0.252298 0.0253906 0.0487132
1 0.520264 0.0735294 0.0229492 0.0441176
1 0.415527 0.778033 0.0205078 0.0431985
1 0.375 0.36443 0.0253906 0.0450368
1 0.964844 0.755515 0.0214844 0.0441176
1 0.497559 0.17693 0.0234375 0.0431985
1 0.575439 0.251838 0.0200195 0.0367647
1 0.531006 0.340074 0.0209961 0.0386029
1 0.779297 0.274357 0.0214844 0.0395221
1 0.94458 0.732996 0.0200195 0.0395221
1 0.412598 0.464154 0.0253906 0.0477941
1 0.803467 0.294118 0.0229492 0.0386029
1 0.459473 0.105699 0.0234375 0.0386029
1 0.832031 0.129596 0.0253906 0.0404412
1 0.990723 0.1875 0.0185547 0.0422794
1 0.829834 0.516544 0.0219727 0.0404412
1 0.794434 0.400735 0.0224609 0.0404412
1 0.981201 0.741268 0.0200195 0.0376838
1 0.960938 0.223346 0.0234375 0.0386029
1 0.532471 0.272059 0.0239258 0.0422794
1 0.441406 0.472426 0.0224609 0.0441176
1 0.98999 0.129596 0.0170898 0.0422794
1 0.182129 0.384651 0.0224609 0.0413603
1 0.987793 0.939798 0.0244141 0.0450368
1 0.971924 0.182904 0.0219727 0.0386029
0 0.0102539 0.214154 0.0205078 0.0477941
1 0.483887 0.13511 0.0224609 0.0422794
1 0.814697 0.448529 0.0219727 0.0404412
1 0.51709 0.82261 0.0224609 0.0422794
1 0.94751 0.316176 0.0249023 0.0441176
1 0.533203 0.802849 0.0244141 0.0431985
