1 0.450684 0.505974 0.0185547 0.0376838
0 0.535889 0.500919 0.0268555 0.0441176
0 0.354736 0.799173 0.0239258 0.0413603
1 0.835938 0.983456 0.0292969 0.0294118
1 0.762451 0.0689338 0.0219727 0.0477941
1 0.467773 0.116728 0.03125 0.0496324
0 0.393311 0.657169 0.0239258 0.0441176
1 0.878906 0.0795037 0.0214844 0.0395221
1 0.562012 0.611213 0.0224609 0.0441176
1 0.126953 0.140165 0.0224609 0.0376838
1 0.854004 0.0772059 0.0205078 0.0404412
1 0.938965 0.714154 0.0185547 0.0404412
0 0.828857 0.824449 0.0219727 0.0459559
1 0.0769043 0.246783 0.0297852 0.0523897
1 0.0344238 0.902114 0.0288086 0.0615809
0 0.619629 0.983456 0.0302734 0.0294118
1 0.659424 0.0133272 0.0200195 0.0266544
1 0.364014 0.688419 0.027832 0.0496324
0 0.364014 0.68796 0.0258789 0.0505515
0 0.878906 0.0808824 0.0234375 0.0404412
0 0.0180664 0.461397 0.0273438 0.0514706
1 0.233154 0.348346 0.0209961 0.0459559
1 0.985107 0.765625 0.0200195 0.0386029
1 0.463623 0.670956 0.0249023 0.0459559
1 0.532471 0.461397 0.0239258 0.0441176
0 0.464355 0.670956 0.0263672 0.0477941
1 0.190918 0.377298 0.0234375 0.0358456
1 0.381348 0.787684 0.0244141 0.0441176
1 0.853271 0.681066 0.0219727 0.0349265
1 0.538086 0.50046 0.0234375 0.0431985
1 0.833496 0.866268 0.0205078 0.0395221
1 0.761963 0.884191 0.0219727 0.0367647
1 0.989746 0.819853 0.0185547 0.0441176
1 0.607422 0.0160846 0.0253906 0.0321691
0 0.235107 0.710938 0.0249023 0.046875
1 0.125 0.490809 0.0234375 0.0514706
0 0.0915527 0.0358456 0.034668 0.0533088
1 0.0180664 0.461857 0.0263672 0.0523897
0 0.325195 0.630974 0.0253906 0.0450368
1 0.259521 0.846967 0.0288086 0.0487132
1 0.0622559 0.806526 0.0239258 0.0395221
1 0.734375 0.182445 0.0214844 0.0450368
1 0.672852 0.711857 0.0234375 0.0450368
1 0.457031 0.497243 0.0224609 0.0404412
1 0.171387 0.0160846 0.0283203 0.0321691
1 0.175781 0.829504 0.0253906 0.0431985
1 0.0917969 0.0349265 0.0332031 0.0551471
1 0.70752 0.653033 0.0234375 0.0431985
1 0.510742 0.679688 0.0273438 0.046875
0 0.0761719 0.247702 0.0292969 0.0487132
1 0.978027 0.440257 0.0234375 0.0422794
1 0.0883789 0.599265 0.0253906 0.0496324
1 0.646973 0.390165 0.0244141 0.0431985
1 0.372803 0.536765 0.027832 0.0477941
1 0.960205 0.214154 0.0219727 0.0349265
1 0.885986 0.237132 0.027832 0.0441176
1 0.780518 0.689798 0.0268555 0.0487132
1 0.730469 0.101103 0.0234375 0.0459559
1 0.910156 0.5 0.0263672 0.0441176
1 0.157715 0.50046 0.0224609 0.046875
1 0.0944824 0.350184 0.027832 0.0477941
1 0.828125 0.823529 0.0214844 0.0477941
0 0.29834 0.671415 0.0292969 0.0487132
1 0.377686 0.371324 0.0258789 0.0477941
1 0.94458 0.320772 0.0219727 0.0404412
0 0.316162 0.880055 0.0249023 0.0487132
0 0.27002 0.984375 0.0273438 0.03125
0 0.258057 0.846507 0.0268555 0.0441176
1 0.777344 0.871324 0.0214844 0.0386029
1 0.195312 0.928309 0.0253906 0.0441176
1 0.712891 0.476103 0.0253906 0.0404412
1 0.876465 0.712316 0.0234375 0.0422794
1 0.588623 0.362592 0.0239258 0.0431985
1 0.393311 0.869945 0.0288086 0.0560662
1 0.0319824 0.409926 0.0258789 0.0459559
1 0.417236 0.959559 0.0268555 0.0477941
1 0.679199 0.133732 0.0263672 0.0450368
1 0.197021 0.533088 0.0258789 0.0459559
1 0.74292 0.915901 0.0249023 0.046875
1 0.991699 0.761029 0.0166016 0.0404412
0 0.0129395 0.204504 0.0229492 0.0542279
1 0.76709 0.0854779 0.0205078 0.0386029
1 0.69043 0.446232 0.0234375 0.0450368
1 0.851562 0.261949 0.0263672 0.0422794
1 0.727051 0.63557 0.0224609 0.0450368
1 0.360107 0.169577 0.0239258 0.0413603
1 0.410156 0.538143 0.0253906 0.0450368
1 0.802246 0.169577 0.0224609 0.0450368
1 0.145508 0.587776 0.0263672 0.046875
1 0.196533 0.367188 0.0219727 0.0376838
1 0.152344 0.22886 0.0273438 0.0514706
1 0.668457 0.392463 0.0224609 0.0441176
1 0.970947 0.197151 0.0219727 0.0376838
1 0.833496 0.129596 0.0234375 0.0404412
1 0.439453 0.883732 0.0273438 0.046875
1 0.520264 0.0693934 0.0229492 0.0431985
1 0.692627 0.384651 0.0239258 0.0450368
1 0.0927734 0.81204 0.0263672 0.0487132
1 0.612549 0.251838 0.0200195 0.0404412
1 0.694824 0.735754 0.0205078 0.046875
1 0.759766 0.0528493 0.0214844 0.0395221
1 0.992676 0.545956 0.0146484 0.0477941
1 0.676758 0.0579044 0.0234375 0.0404412
1 0.783447 0.59421 0.0258789 0.0431985
1 0.187012 0.466912 0.0263672 0.0477941
1 0.879883 0.824449 0.0234375 0.0459559
1 0.572266 0.105239 0.0234375 0.0413603
1 0.755859 0.789062 0.0253906 0.0450368
1 0.309326 0.130055 0.0288086 0.0523897
1 0.855469 0.867647 0.0253906 0.0459559
1 0.205566 0.85432 0.0273438 0.0450368
1 0.0144043 0.980699 0.0249023 0.0386029
1 0.128418 0.828585 0.0263672 0.0505515
1 0.534668 0.338695 0.0234375 0.0450368
1 0.917969 0.553768 0.0234375 0.0431985
1 0.797363 0.40671 0.0224609 0.0413603
1 0.92041 0.842831 0.0263672 0.0441176
1 0.933594 0.331342 0.0205078 0.0395221
1 0.828125 0.62454 0.0253906 0.0523897
1 0.164551 0.772518 0.0253906 0.0487132
1 0.459473 0.110294 0.0234375 0.0477941
1 0.407715 0.204504 0.0263672 0.046875
1 0.146729 0.303768 0.0258789 0.0487132
1 0.224365 0.787224 0.027832 0.0487132
1 0.991455 0.176471 0.0170898 0.0441176
1 0.39502 0.120404 0.0234375 0.0441176
1 0.218506 0.0762868 0.0258789 0.0496324
1 0.598145 0.299632 0.0244141 0.0441176
1 0.781982 0.273438 0.0258789 0.0450368
1 0.804443 0.230239 0.0239258 0.0450368
1 0.567871 0.387868 0.0244141 0.0422794
1 0.444824 0.472886 0.0224609 0.0413603
1 0.0390625 0.920496 0.0263672 0.0450368
1 0.414062 0.460938 0.0263672 0.0505515
1 0.596924 0.22932 0.0200195 0.0431985
1 0.964844 0.751838 0.0253906 0.0441176
1 0.807617 0.298713 0.0234375 0.0422794
1 0.500488 0.174632 0.0263672 0.0459559
1 0.108643 0.528952 0.0268555 0.0487132
1 0.813232 0.442555 0.0249023 0.0431985
1 0.407959 0.342371 0.0268555 0.046875
1 0.82666 0.953585 0.0263672 0.0450368
1 0.132812 0.62454 0.0263672 0.0487132
1 0.803467 0.106158 0.0229492 0.0431985
1 0.361084 0.201746 0.0229492 0.0431985
1 0.577881 0.25 0.0219727 0.0459559
1 0.0307617 0.884651 0.0253906 0.0431985
1 0.483154 0.132812 0.0239258 0.046875
1 0.316162 0.25 0.0258789 0.0459559
1 0.985107 0.931526 0.0268555 0.0523897
1 0.333252 0.195772 0.0249023 0.0459559
1 0.40332 0.159007 0.0224609 0.0459559
1 0.981201 0.734375 0.0219727 0.0386029
1 0.207031 0.31204 0.0244141 0.046875
1 0.528809 0.27068 0.0244141 0.046875
1 0.244385 0.0252757 0.0258789 0.0450368
