0 0.858643 0.0845588 0.0200195 0.0459559
1 0.882812 0.241268 0.0214844 0.046875
0 0.990723 0.415441 0.0185547 0.0367647
0 0.977295 0.89568 0.0297852 0.0487132
0 0.804932 0.303768 0.0229492 0.0450368
1 0.83667 0.868566 0.0200195 0.0367647
0 0.7854 0.273438 0.0249023 0.0431985
0 0.545654 0.905331 0.0249023 0.0496324
1 0.858643 0.254596 0.0219727 0.0404412
1 0.0959473 0.0243566 0.0288086 0.0431985
0 0.917236 0.493107 0.0249023 0.0450368
1 0.92041 0.97886 0.03125 0.0422794
0 0.810791 0.118107 0.0219727 0.046875
1 0.543457 0.058364 0.0244141 0.0413603
0 0.259033 0.845588 0.0258789 0.0496324
1 0.3125 0.892463 0.0283203 0.0496324
0 0.825684 0.777114 0.0263672 0.0450368
0 0.171875 0.0225184 0.0273438 0.0413603
1 0.810791 0.119485 0.0219727 0.0459559
1 0.196045 0.0611213 0.0258789 0.046875
0 0.439453 0.88557 0.0234375 0.0487132
1 0.828857 0.623621 0.0219727 0.0487132
1 0.772461 0.922794 0.0273438 0.0496324
1 0.825928 0.955882 0.0297852 0.0496324
0 0.920898 0.980699 0.03125 0.0386029
1 0.786133 0.272518 0.0234375 0.046875
1 0.259033 0.845588 0.0258789 0.0477941
0 0.565186 0.0804228 0.0229492 0.0431985
1 0.54541 0.90671 0.0263672 0.0487132
0 0.567627 0.596967 0.0297852 0.0542279
1 0.917236 0.492647 0.0297852 0.0477941
0 0.689453 0.388327 0.0283203 0.0597426
1 0.83667 0.12454 0.0219727 0.0431985
1 0.519043 0.201287 0.0224609 0.0404412
0 0.79541 0.592371 0.0263672 0.046875
0 0.772461 0.923713 0.0273438 0.0496324
0 0.933594 0.881434 0.0234375 0.0422794
0 0.195312 0.0629596 0.0263672 0.046875
1 0.989014 0.172794 0.0219727 0.0496324
0 0.198975 0.95864 0.0317383 0.0533088
1 0.568359 0.597886 0.0273438 0.0487132
1 0.824219 0.777114 0.0253906 0.046875
1 0.936768 0.565717 0.0268555 0.046875
0 0.756592 0.789522 0.0239258 0.0422794
0 0.0852051 0.238971 0.0307617 0.0533088
1 0.524658 0.269761 0.0219727 0.0413603
1 0.198975 0.95864 0.0297852 0.0514706
0 0.826416 0.954044 0.0297852 0.0514706
1 0.865723 0.857996 0.0234375 0.046875
0 0.0224609 0.193474 0.0273438 0.0523897
0 0.871826 0.743566 0.0249023 0.0459559
1 0.171631 0.0220588 0.0268555 0.0404412
1 0.804688 0.30193 0.0234375 0.046875
0 0.231201 0.339154 0.0229492 0.0496324
1 0.528076 0.310662 0.0209961 0.0404412
1 0.872559 0.740809 0.0263672 0.0496324
1 0.879883 0.826287 0.0234375 0.0441176
0 0.828857 0.622702 0.0249023 0.0505515
1 0.690186 0.387408 0.0297852 0.0597426
1 0.410156 0.909926 0.0224609 0.0441176
0 0.769775 0.761489 0.0249023 0.0413603
0 0.164795 0.770221 0.0297852 0.0514706
0 0.104004 0.382812 0.0263672 0.0505515
1 0.391357 0.871324 0.0229492 0.0477941
1 0.976562 0.894761 0.0253906 0.0505515
0 0.209229 0.318934 0.0258789 0.0496324
1 0.311279 0.245404 0.0268555 0.0459559
1 0.414795 0.456342 0.0249023 0.0450368
1 0.393066 0.233456 0.0253906 0.0459559
1 0.189941 0.542279 0.0292969 0.0551471
1 0.378662 0.368566 0.0258789 0.0459559
1 0.408936 0.340074 0.0239258 0.0459559
