1 0.0944824 0.556985 0.0258789 0.0569853
1 0.548828 0.899357 0.0273438 0.0431985
1 0.882812 0.242188 0.0205078 0.046875
0 0.771484 0.745864 0.0253906 0.046875
0 0.859375 0.0850184 0.0253906 0.046875
1 0.0214844 0.193934 0.0273438 0.0551471
0 0.0961914 0.577206 0.0253906 0.0422794
0 0.7854 0.273897 0.0249023 0.0441176
1 0.0856934 0.238051 0.0288086 0.0514706
1 0.378418 0.539062 0.0205078 0.0321691
1 0.858643 0.255515 0.0200195 0.0404412
1 0.103516 0.378676 0.0292969 0.0551471
0 0.917969 0.981618 0.03125 0.0367647
0 0.198975 0.0689338 0.0249023 0.0441176
1 0.690186 0.386029 0.027832 0.0551471
0 0.567139 0.596507 0.0297852 0.0533088
0 0.0852051 0.238971 0.0307617 0.0533088
1 0.811035 0.116728 0.0205078 0.0441176
0 0.810791 0.118566 0.0219727 0.0459559
1 0.0935059 0.0280331 0.0327148 0.046875
1 0.917236 0.492188 0.027832 0.046875
1 0.807861 0.300092 0.0229492 0.0413603
0 0.690186 0.387408 0.027832 0.0560662
0 0.197998 0.95864 0.0307617 0.0514706
1 0.835938 0.866268 0.0205078 0.0395221
0 0.0219727 0.194393 0.0263672 0.0505515
1 0.786133 0.271599 0.0234375 0.046875
1 0.791016 0.589614 0.0253906 0.046875
1 0.836914 0.125 0.0234375 0.0441176
1 0.933594 0.565257 0.0234375 0.0477941
1 0.439941 0.883732 0.0244141 0.0487132
1 0.824951 0.783088 0.0268555 0.0496324
0 0.102295 0.378217 0.0268555 0.0505515
0 0.207275 0.317096 0.0268555 0.0533088
0 0.828857 0.622702 0.0249023 0.0487132
1 0.825928 0.955882 0.0297852 0.0496324
1 0.207275 0.315257 0.0268555 0.0496324
1 0.828857 0.623621 0.0219727 0.046875
1 0.989014 0.173254 0.0219727 0.0487132
1 0.199951 0.0689338 0.0258789 0.0441176
0 0.872803 0.735754 0.0249023 0.046875
1 0.171875 0.0215993 0.0273438 0.0395221
0 0.82666 0.954963 0.0283203 0.0496324
1 0.0952148 0.577665 0.0263672 0.0431985
1 0.234619 0.340074 0.0268555 0.0477941
1 0.568359 0.599265 0.0273438 0.0477941
1 0.258301 0.845129 0.0253906 0.046875
1 0.198486 0.959559 0.0288086 0.0496324
1 0.516846 0.19807 0.0209961 0.0413603
1 0.872559 0.734835 0.0263672 0.0487132
0 0.931152 0.873621 0.0283203 0.046875
0 0.0939941 0.545496 0.0268555 0.0450368
1 0.770996 0.746324 0.0234375 0.0477941
1 0.524414 0.269301 0.0234375 0.0404412
1 0.195312 0.537224 0.0292969 0.0560662
1 0.980469 0.90579 0.0263672 0.0523897
0 0.164307 0.770221 0.0288086 0.0514706
1 0.527588 0.310202 0.0209961 0.0413603
1 0.863281 0.861673 0.0253906 0.0487132
1 0.755859 0.789062 0.0244141 0.0450368
1 0.542969 0.0569853 0.0253906 0.0459559
1 0.880371 0.826746 0.0234375 0.046875
1 0.567871 0.0863971 0.0244141 0.0441176
1 0.39502 0.227941 0.0244141 0.0441176
1 0.77002 0.925551 0.0273438 0.0514706
1 0.391113 0.871324 0.0234375 0.0496324
1 0.412109 0.918199 0.0234375 0.0441176
1 0.415283 0.457721 0.0258789 0.0459559
1 0.378906 0.368566 0.0253906 0.0441176
1 0.311035 0.245404 0.0283203 0.0459559
1 0.40918 0.340074 0.0244141 0.0441176
