1 0.140869 0.598805 0.0229492 0.0505515
1 0.38916 0.670037 0.0185547 0.0441176
1 0.587158 0.365349 0.0209961 0.0321691
1 0.381836 0.786765 0.0214844 0.0404412
1 0.825928 0.803309 0.0249023 0.0514706
1 0.03125 0.411765 0.0185547 0.0367647
0 0.776367 0.715074 0.0234375 0.0441176
0 0.787598 0.59329 0.0263672 0.0450368
1 0.80542 0.1875 0.019043 0.0367647
1 0.825928 0.955882 0.0297852 0.0496324
1 0.879639 0.825368 0.0249023 0.0441176
0 0.880371 0.824908 0.0234375 0.046875
1 0.857666 0.863051 0.0249023 0.0459559
1 0.0244141 0.43704 0.0214844 0.0358456
1 0.681152 0.100184 0.0244141 0.0404412
1 0.756836 0.924632 0.03125 0.0514706
0 0.82666 0.803309 0.0263672 0.0514706
1 0.917236 0.494026 0.027832 0.046875
0 0.828857 0.621783 0.0249023 0.0487132
1 0.828857 0.622702 0.0219727 0.046875
0 0.756104 0.924173 0.0297852 0.0487132
0 0.877441 0.722426 0.0263672 0.0459559
0 0.912354 0.982996 0.0297852 0.0340074
1 0.534424 0.330882 0.0239258 0.0441176
1 0.740967 0.161305 0.0229492 0.0395221
1 0.439941 0.88511 0.0263672 0.0459559
1 0.37915 0.688419 0.0209961 0.0422794
0 0.566406 0.601103 0.0273438 0.0477941
0 0.825684 0.954963 0.0283203 0.0496324
0 0.755615 0.789522 0.0249023 0.0422794
1 0.0810547 0.235294 0.0273438 0.0477941
1 0.556641 0.883272 0.0263672 0.0441176
1 0.679443 0.0606618 0.0219727 0.0386029
1 0.92749 0.856618 0.0249023 0.0477941
1 0.256836 0.84375 0.0253906 0.0441176
1 0.0187988 0.195772 0.0258789 0.0514706
1 0.857178 0.253676 0.0249023 0.0422794
1 0.527588 0.0680147 0.0258789 0.0441176
1 0.929688 0.563419 0.0253906 0.0441176
1 0.320068 0.163143 0.0200195 0.0450368
1 0.731689 0.116268 0.0219727 0.0413603
1 0.838379 0.12454 0.0234375 0.0431985
1 0.406494 0.538143 0.0239258 0.0413603
1 0.237549 0.714154 0.0249023 0.0441176
1 0.0905762 0.03125 0.0336914 0.0496324
1 0.690674 0.384651 0.0268555 0.046875
1 0.0146484 0.981618 0.0253906 0.0367647
1 0.172119 0.0202206 0.0297852 0.0404412
1 0.88208 0.0863971 0.0200195 0.0422794
1 0.0981445 0.361213 0.0253906 0.0477941
1 0.371094 0.539522 0.0253906 0.0459559
1 0.858643 0.0836397 0.0200195 0.0422794
1 0.14502 0.588695 0.0205078 0.0431985
1 0.571289 0.10386 0.0234375 0.0441176
1 0.391846 0.874081 0.0229492 0.0496324
1 0.100586 0.524357 0.0253906 0.0487132
1 0.988281 0.174632 0.0214844 0.0496324
1 0.0939941 0.601562 0.0239258 0.0450368
1 0.524658 0.268382 0.0249023 0.0477941
1 0.197021 0.945312 0.027832 0.0487132
1 0.809082 0.118566 0.0224609 0.0422794
1 0.208984 0.0799632 0.0253906 0.0477941
1 0.414307 0.457261 0.0249023 0.0450368
1 0.401855 0.213235 0.0234375 0.0459559
1 0.334961 0.182904 0.0214844 0.0459559
1 0.897705 0.106158 0.0219727 0.0431985
1 0.593262 0.292279 0.0234375 0.0441176
1 0.13208 0.608915 0.0209961 0.0413603
1 0.98291 0.917739 0.0283203 0.0560662
1 0.196777 0.530331 0.0234375 0.0441176
1 0.812012 0.30193 0.0244141 0.0413603
1 0.806641 0.209559 0.0214844 0.0367647
1 0.786133 0.272059 0.0234375 0.0441176
1 0.506592 0.182445 0.0258789 0.046875
1 0.37793 0.368107 0.0253906 0.0431985
1 0.410156 0.340074 0.0253906 0.0459559
1 0.584473 0.253676 0.0224609 0.0404412
1 0.1875 0.483915 0.0244141 0.0450368
1 0.15332 0.278033 0.0253906 0.0413603
1 0.1604 0.486673 0.0239258 0.0431985
1 0.418213 0.943474 0.0258789 0.0505515
1 0.164307 0.77068 0.0268555 0.0487132
1 0.0952148 0.814338 0.0273438 0.0514706
1 0.147949 0.235294 0.0253906 0.0441176
1 0.119629 0.821232 0.0244141 0.0487132
1 0.23877 0.345129 0.0283203 0.0505515
1 0.312256 0.247243 0.0249023 0.0459559
1 0.205078 0.314338 0.0244141 0.0477941
1 0.230713 0.761949 0.0249023 0.0459559
