0 0.151611 0.295496 0.027832 0.046875
1 0.879883 0.824449 0.0234375 0.0441176
1 0.807617 0.988051 0.0283203 0.0238971
1 0.0766602 0.244026 0.0292969 0.0487132
1 0.564453 0.60432 0.0283203 0.046875
1 0.749756 0.922335 0.0249023 0.0487132
0 0.092041 0.600184 0.0229492 0.0459559
1 0.248047 0.0202206 0.0224609 0.0404412
1 0.162109 0.768382 0.0253906 0.0514706
0 0.877441 0.71921 0.0283203 0.0505515
1 0.811279 0.43704 0.027832 0.0450368
1 0.991699 0.759651 0.0166016 0.0413603
0 0.824951 0.955882 0.0268555 0.0477941
1 0.0197754 0.446232 0.0229492 0.046875
0 0.678467 0.0597426 0.0219727 0.0404412
1 0.414795 0.459099 0.0268555 0.0450368
0 0.314941 0.886029 0.0253906 0.0441176
0 0.828125 0.621783 0.0253906 0.0505515
0 0.739502 0.172794 0.0229492 0.0496324
0 0.811035 0.438419 0.0234375 0.0386029
1 0.731201 0.10386 0.0249023 0.0477941
1 0.381104 0.787684 0.0239258 0.0459559
0 0.440674 0.884191 0.0297852 0.0514706
0 0.834473 0.863511 0.0205078 0.0413603
1 0.571289 0.105699 0.0273438 0.0514706
0 0.162842 0.772059 0.0258789 0.0477941
1 0.802246 0.410846 0.0234375 0.0367647
0 0.0146484 0.981158 0.0253906 0.0376838
1 0.259521 0.846507 0.027832 0.0459559
0 0.750488 0.921415 0.0263672 0.046875
1 0.146484 0.585478 0.0214844 0.0459559
0 0.609375 0.0137868 0.0253906 0.0275735
0 0.731201 0.105699 0.0249023 0.0459559
1 0.410156 0.340074 0.0273438 0.0477941
1 0.521484 0.0693934 0.0244141 0.0450368
1 0.739502 0.174632 0.0239258 0.0496324
1 0.877197 0.71829 0.0249023 0.0450368
1 0.68042 0.118107 0.0249023 0.046875
0 0.410156 0.340074 0.0253906 0.0459559
0 0.406006 0.202206 0.0258789 0.0496324
1 0.588623 0.36489 0.0239258 0.0441176
1 0.824951 0.954963 0.027832 0.0459559
0 0.267822 0.984835 0.0268555 0.0303309
0 0.521973 0.0684743 0.0244141 0.0450368
0 0.090332 0.0340074 0.0341797 0.0514706
1 0.371582 0.539522 0.0263672 0.0496324
1 0.314453 0.141085 0.0273438 0.0450368
1 0.853027 0.258272 0.0234375 0.0422794
1 0.534668 0.332721 0.0244141 0.0514706
0 0.470947 0.672794 0.0258789 0.0477941
1 0.13208 0.611213 0.0219727 0.0422794
1 0.0952148 0.35432 0.0273438 0.046875
0 0.196777 0.53125 0.0234375 0.0441176
1 0.924072 0.850643 0.0249023 0.0413603
0 0.0314941 0.410386 0.0249023 0.0431985
1 0.914062 0.499081 0.0234375 0.0477941
1 0.183838 0.836397 0.0239258 0.0441176
0 0.501221 0.674173 0.0239258 0.0523897
1 0.927246 0.564338 0.0263672 0.0441176
0 0.146484 0.585018 0.0205078 0.0431985
1 0.829102 0.622702 0.0234375 0.046875
1 0.148682 0.234375 0.0268555 0.0422794
0 0.187744 0.476103 0.0249023 0.0459559
0 0.257324 0.845588 0.0263672 0.0441176
0 0.371094 0.693474 0.0234375 0.0431985
0 0.784912 0.594669 0.0288086 0.0459559
1 0.10376 0.525276 0.0249023 0.046875
1 0.678467 0.0602022 0.0239258 0.0413603
1 0.202637 0.850643 0.0244141 0.0431985
0 0.39209 0.658548 0.0244141 0.0450368
1 0.37793 0.368566 0.0253906 0.0459559
1 0.471436 0.672335 0.0258789 0.0487132
0 0.0192871 0.446691 0.0258789 0.0459559
1 0.838135 0.12454 0.0249023 0.0450368
1 0.440674 0.886949 0.0297852 0.0496324
0 0.880371 0.823989 0.0234375 0.0487132
0 0.0766602 0.243566 0.03125 0.0496324
1 0.212646 0.0790441 0.0258789 0.0514706
1 0.651855 0.397059 0.0234375 0.0441176
0 0.237549 0.710938 0.0249023 0.0413603
1 0.125977 0.824908 0.0263672 0.0487132
0 0.197021 0.932445 0.0249023 0.0431985
0 0.755615 0.788603 0.0249023 0.0441176
1 0.0935059 0.815257 0.027832 0.0514706
1 0.0915527 0.0326287 0.0336914 0.0542279
1 0.858643 0.0827206 0.0200195 0.0422794
1 0.571045 0.390165 0.0229492 0.0413603
1 0.881348 0.0840993 0.0205078 0.0413603
1 0.335938 0.186121 0.0253906 0.046875
0 0.827393 0.81296 0.0249023 0.0487132
1 0.171875 0.0183824 0.03125 0.0367647
1 0.804199 0.174632 0.0244141 0.0422794
0 0.156738 0.495404 0.0234375 0.0459559
1 0.500732 0.674173 0.0258789 0.0505515
0 0.322021 0.637868 0.0239258 0.0422794
1 0.226562 0.774816 0.0253906 0.0459559
0 0.559814 0.880974 0.0258789 0.0450368
0 0.300293 0.66682 0.0244141 0.046875
0 0.857178 0.866268 0.0249023 0.0450368
1 0.598389 0.230699 0.0200195 0.0404412
0 0.56543 0.604779 0.0273438 0.0459559
1 0.0925293 0.601562 0.0239258 0.046875
1 0.808838 0.117188 0.0229492 0.0431985
0 0.0161133 0.198529 0.0263672 0.0533088
1 0.668213 0.392923 0.0219727 0.0431985
1 0.610596 0.247702 0.0200195 0.0413603
1 0.238281 0.346048 0.0283203 0.0523897
1 0.151611 0.293658 0.027832 0.0431985
1 0.391602 0.875 0.0244141 0.0514706
1 0.526611 0.269301 0.0258789 0.0496324
1 0.59668 0.297794 0.0234375 0.0441176
1 0.581543 0.247243 0.0234375 0.0422794
1 0.989014 0.175551 0.0219727 0.0477941
1 0.811768 0.301471 0.0268555 0.0422794
1 0.896973 0.106158 0.0234375 0.0431985
1 0.205566 0.313879 0.0253906 0.0487132
1 0.691162 0.38557 0.0249023 0.046875
1 0.80542 0.210938 0.0249023 0.0431985
1 0.503662 0.175551 0.0249023 0.0477941
1 0.314453 0.247702 0.0263672 0.046875
1 0.784912 0.27114 0.0258789 0.0459559
1 0.983643 0.921415 0.0268555 0.0542279
1 0.419922 0.948529 0.0263672 0.0496324
