0 0.82666 0.955423 0.0283203 0.0542279
0 0.858643 0.0836397 0.0219727 0.0459559
0 0.533691 0.919118 0.0302734 0.0477941
0 0.568359 0.597426 0.0302734 0.0569853
0 0.101562 0.0225184 0.0341797 0.0450368
1 0.102051 0.0234375 0.0332031 0.046875
0 0.96167 0.866268 0.027832 0.0450368
0 0.189697 0.540901 0.0336914 0.0689338
0 0.835938 0.122702 0.0214844 0.046875
1 0.785889 0.926011 0.0258789 0.0487132
0 0.799316 0.595129 0.0283203 0.0505515
1 0.528564 0.273438 0.0219727 0.0395221
1 0.961914 0.871324 0.0234375 0.0422794
0 0.921875 0.977022 0.0292969 0.0459559
0 0.811523 0.118566 0.0234375 0.0477941
1 0.529297 0.306066 0.0214844 0.0422794
1 0.835205 0.12546 0.0219727 0.0450368
1 0.923584 0.975643 0.0297852 0.0431985
1 0.310547 0.23989 0.03125 0.0533088
0 0.828857 0.623162 0.0249023 0.0477941
0 0.872559 0.746324 0.0283203 0.0496324
1 0.832764 0.77068 0.0297852 0.0560662
1 0.202881 0.957261 0.0297852 0.0542279
1 0.946777 0.560662 0.0263672 0.0477941
0 0.30957 0.23989 0.03125 0.0533088
1 0.56958 0.596507 0.027832 0.0496324
1 0.800049 0.594669 0.0268555 0.0496324
1 0.385742 0.255515 0.0253906 0.0477941
0 0.259033 0.846967 0.0268555 0.0505515
1 0.872559 0.745404 0.0283203 0.0477941
0 0.439209 0.882353 0.0336914 0.0569853
1 0.988281 0.172335 0.0234375 0.0505515
1 0.91626 0.495404 0.0249023 0.0477941
0 0.202148 0.957261 0.0273438 0.0487132
1 0.828857 0.62454 0.0219727 0.046875
0 0.0852051 0.23943 0.034668 0.0615809
0 0.934326 0.882812 0.0249023 0.0395221
0 0.165283 0.773897 0.0268555 0.0514706
1 0.415527 0.454963 0.0234375 0.0459559
1 0.377686 0.366728 0.0229492 0.0422794
0 0.109131 0.389246 0.0288086 0.0615809
0 0.0222168 0.193474 0.0336914 0.0670956
1 0.689941 0.390165 0.03125 0.0652574
1 0.189209 0.54182 0.0336914 0.0652574
1 0.39502 0.341452 0.0244141 0.0413603
1 0.825928 0.954504 0.0297852 0.0505515
