0 0.179443 0.0330882 0.034668 0.0496324
1 0.858643 0.0836397 0.0219727 0.0459559
1 0.882812 0.241728 0.0214844 0.0477941
1 0.311279 0.89568 0.027832 0.0487132
1 0.165039 0.772059 0.0283203 0.0551471
1 0.824951 0.774357 0.0268555 0.0487132
1 0.871094 0.846048 0.0214844 0.0395221
1 0.858643 0.252757 0.0219727 0.0404412
0 0.827393 0.775735 0.027832 0.0459559
0 0.391113 0.870864 0.0214844 0.046875
1 0.568848 0.597426 0.0273438 0.0477941
1 0.408447 0.896599 0.0219727 0.046875
1 0.826416 0.954963 0.0297852 0.0533088
1 0.172119 0.0211397 0.0288086 0.0404412
0 0.567627 0.597426 0.0307617 0.0551471
1 0.797607 0.592831 0.0268555 0.0459559
1 0.521484 0.205423 0.0205078 0.0431985
1 0.777344 0.920956 0.0292969 0.0514706
1 0.810791 0.119485 0.0219727 0.0477941
0 0.258545 0.847426 0.0268555 0.0514706
0 0.438721 0.884651 0.0239258 0.046875
0 0.200684 0.959099 0.03125 0.0542279
1 0.540283 0.910846 0.0249023 0.0459559
1 0.200439 0.95864 0.0288086 0.0514706
0 0.871826 0.742647 0.0268555 0.0496324
0 0.164307 0.772059 0.0288086 0.0533088
1 0.917236 0.493566 0.0249023 0.0496324
1 0.934326 0.880055 0.0249023 0.0431985
1 0.989014 0.172794 0.0219727 0.0496324
1 0.828857 0.624081 0.0219727 0.0477941
0 0.188477 0.0473346 0.0283203 0.046875
1 0.872559 0.743107 0.0263672 0.0505515
0 0.828857 0.623162 0.0249023 0.0496324
1 0.921143 0.978401 0.0327148 0.0431985
0 0.776855 0.921875 0.0273438 0.0496324
1 0.525391 0.270221 0.0214844 0.0404412
1 0.836914 0.124081 0.0234375 0.0441176
1 0.528564 0.310202 0.0209961 0.0413603
0 0.172119 0.0229779 0.0288086 0.0422794
0 0.0849609 0.238511 0.0322266 0.0560662
1 0.39209 0.872243 0.0224609 0.0459559
1 0.941406 0.563419 0.0292969 0.0533088
0 0.826416 0.954504 0.0297852 0.0523897
0 0.0222168 0.193474 0.0307617 0.0597426
0 0.106201 0.386949 0.027832 0.0569853
1 0.785645 0.272978 0.0234375 0.0459559
1 0.415039 0.455423 0.0234375 0.0431985
1 0.972656 0.886029 0.0253906 0.0404412
1 0.390137 0.243107 0.0263672 0.0542279
1 0.801514 0.300551 0.0239258 0.0441176
1 0.311523 0.244026 0.0283203 0.0450368
1 0.689941 0.389246 0.03125 0.0634191
1 0.37793 0.368566 0.0253906 0.0459559
1 0.407471 0.338695 0.0239258 0.0450368
1 0.189453 0.542279 0.0322266 0.0588235
