1 0.857666 0.249081 0.0219727 0.0386029
1 0.858643 0.0845588 0.0219727 0.0459559
1 0.311035 0.896599 0.0273438 0.0487132
1 0.921143 0.978401 0.0327148 0.0431985
1 0.798828 0.59421 0.0253906 0.046875
1 0.522705 0.20818 0.019043 0.0413603
1 0.568848 0.596967 0.0273438 0.0487132
1 0.536865 0.915441 0.0249023 0.0477941
0 0.189697 0.54182 0.0327148 0.0634191
0 0.567871 0.596967 0.0302734 0.0542279
1 0.828857 0.62454 0.0219727 0.046875
1 0.404785 0.888327 0.0224609 0.0431985
0 0.200928 0.95864 0.0317383 0.0533088
1 0.390625 0.870404 0.0205078 0.0441176
1 0.200684 0.95864 0.0283203 0.0496324
1 0.810791 0.119945 0.0219727 0.046875
0 0.438965 0.882353 0.0244141 0.0441176
0 0.258545 0.847426 0.0258789 0.0514706
0 0.798096 0.595129 0.0268555 0.046875
1 0.917236 0.493107 0.0249023 0.0487132
1 0.989014 0.172794 0.0219727 0.0496324
0 0.920898 0.97886 0.03125 0.0422794
1 0.943848 0.563419 0.0263672 0.0459559
1 0.528564 0.309743 0.0209961 0.0404412
1 0.835938 0.124081 0.0234375 0.0441176
1 0.526611 0.269761 0.0209961 0.0395221
0 0.827148 0.772978 0.03125 0.0533088
0 0.828857 0.623162 0.0249023 0.0477941
1 0.786377 0.272059 0.0229492 0.0404412
0 0.872559 0.745864 0.0263672 0.0487132
0 0.165283 0.772059 0.027832 0.0496324
0 0.933594 0.882812 0.0253906 0.0413603
1 0.796875 0.293199 0.0234375 0.0404412
1 0.969482 0.882353 0.0249023 0.0459559
0 0.778564 0.921875 0.0307617 0.0496324
0 0.0852051 0.238971 0.0336914 0.0606618
1 0.415039 0.455423 0.0234375 0.0431985
1 0.310791 0.243107 0.0288086 0.0487132
0 0.108398 0.388787 0.0283203 0.0588235
1 0.189453 0.54182 0.0332031 0.0615809
1 0.388184 0.246783 0.0263672 0.0505515
0 0.0222168 0.192555 0.0327148 0.0652574
1 0.689941 0.389246 0.0302734 0.0634191
1 0.377686 0.369026 0.0249023 0.0450368
0 0.826416 0.954504 0.0297852 0.0523897
1 0.402832 0.334099 0.0224609 0.0431985
