0 0.876465 0.71829 0.0283203 0.0505515
1 0.979736 0.738051 0.0200195 0.0367647
1 0.808105 0.988051 0.0292969 0.0238971
1 0.0766602 0.244026 0.0292969 0.0487132
1 0.197266 0.931526 0.0273438 0.046875
1 0.0146484 0.97886 0.0292969 0.0422794
1 0.879883 0.824449 0.0234375 0.0441176
0 0.678467 0.0597426 0.0219727 0.0404412
1 0.169922 0.817096 0.0195312 0.0367647
1 0.411133 0.539982 0.0263672 0.0431985
0 0.535889 0.472426 0.0219727 0.0459559
1 0.564453 0.605239 0.0283203 0.046875
1 0.196533 0.532169 0.0239258 0.0441176
0 0.812012 0.439338 0.0244141 0.0404412
0 0.828125 0.621783 0.0253906 0.0505515
1 0.783936 0.59329 0.0307617 0.0487132
1 0.414795 0.459099 0.0268555 0.0450368
0 0.0319824 0.409467 0.0239258 0.0431985
1 0.410156 0.340533 0.0273438 0.046875
1 0.992188 0.757353 0.015625 0.0404412
0 0.0148926 0.980699 0.0288086 0.0386029
1 0.811035 0.438419 0.0283203 0.0459559
1 0.739258 0.175551 0.0234375 0.0477941
1 0.0314941 0.410386 0.0249023 0.0431985
0 0.315186 0.886029 0.0258789 0.0459559
1 0.853271 0.257353 0.0249023 0.0404412
0 0.784424 0.59329 0.0288086 0.046875
1 0.371826 0.539062 0.0258789 0.046875
0 0.739502 0.173254 0.0219727 0.0487132
0 0.834473 0.862592 0.0205078 0.0395221
0 0.090332 0.0344669 0.0341797 0.0523897
0 0.196777 0.53125 0.0234375 0.0441176
0 0.470703 0.672335 0.0253906 0.046875
1 0.570801 0.104779 0.0244141 0.0459559
1 0.259521 0.846507 0.027832 0.0459559
0 0.441162 0.884651 0.0297852 0.0487132
1 0.534668 0.332721 0.0234375 0.0496324
0 0.187744 0.476103 0.0249023 0.0459559
0 0.749512 0.922335 0.0263672 0.046875
1 0.381104 0.787684 0.0239258 0.0459559
1 0.313721 0.140165 0.0268555 0.0431985
0 0.609375 0.0137868 0.0253906 0.0275735
0 0.146484 0.585938 0.0205078 0.0431985
0 0.268799 0.984835 0.0258789 0.0303309
1 0.248535 0.0211397 0.0224609 0.0422794
0 0.501465 0.673254 0.0244141 0.0523897
0 0.521973 0.0684743 0.0244141 0.0450368
0 0.731201 0.105699 0.0249023 0.0459559
1 0.0192871 0.447151 0.0239258 0.046875
1 0.521484 0.0689338 0.0244141 0.0441176
1 0.679688 0.119485 0.0253906 0.0459559
1 0.914062 0.5 0.0234375 0.0477941
0 0.0192871 0.44761 0.0258789 0.0459559
0 0.196777 0.931526 0.0253906 0.0431985
1 0.377686 0.368107 0.0249023 0.0450368
0 0.40625 0.201746 0.0253906 0.0505515
1 0.801758 0.410846 0.0234375 0.0367647
1 0.163574 0.772059 0.0253906 0.0459559
0 0.370605 0.693474 0.0234375 0.0431985
1 0.589355 0.363051 0.0234375 0.0422794
1 0.0949707 0.353401 0.0268555 0.046875
1 0.440674 0.886029 0.0297852 0.0496324
1 0.146484 0.585478 0.0214844 0.0459559
0 0.0766602 0.244026 0.03125 0.0505515
1 0.923584 0.849265 0.0249023 0.0404412
1 0.678467 0.0602022 0.0239258 0.0413603
1 0.824951 0.954963 0.027832 0.0459559
1 0.877197 0.717831 0.0249023 0.0459559
0 0.392334 0.658088 0.0239258 0.0441176
1 0.828857 0.622702 0.0219727 0.046875
0 0.410156 0.340074 0.0253906 0.0441176
1 0.837646 0.12454 0.0249023 0.0450368
0 0.880371 0.823989 0.0234375 0.046875
0 0.237549 0.710478 0.0249023 0.0422794
1 0.471191 0.671875 0.0263672 0.0477941
1 0.651855 0.397518 0.0224609 0.0431985
0 0.257324 0.845588 0.0253906 0.0441176
0 0.156494 0.495864 0.0239258 0.0450368
1 0.927246 0.564338 0.0263672 0.0441176
1 0.0932617 0.815257 0.0273438 0.0496324
1 0.131836 0.611673 0.0224609 0.0413603
1 0.858643 0.0831801 0.0200195 0.0413603
0 0.755615 0.789062 0.0258789 0.0431985
1 0.202393 0.851103 0.0249023 0.0441176
1 0.148682 0.234375 0.0268555 0.0422794
1 0.104004 0.526654 0.0253906 0.0459559
1 0.18335 0.836857 0.0239258 0.0450368
1 0.335938 0.18704 0.0253906 0.046875
1 0.212891 0.0790441 0.0253906 0.0514706
1 0.0913086 0.0326287 0.0332031 0.0542279
0 0.827148 0.81296 0.0234375 0.046875
1 0.571045 0.389706 0.0229492 0.0404412
1 0.881348 0.0836397 0.0205078 0.0404412
0 0.322754 0.636949 0.0244141 0.0422794
1 0.803955 0.173713 0.0249023 0.0422794
1 0.171875 0.0183824 0.0302734 0.0367647
0 0.857178 0.866268 0.0249023 0.0450368
0 0.300293 0.66682 0.0244141 0.046875
0 0.559814 0.880055 0.0258789 0.0450368
0 0.0161133 0.198989 0.0263672 0.0523897
0 0.56543 0.605239 0.0273438 0.0450368
1 0.125977 0.824908 0.0263672 0.0487132
1 0.500732 0.674173 0.0258789 0.0505515
1 0.808838 0.116728 0.0229492 0.0422794
1 0.668213 0.392923 0.0219727 0.0431985
1 0.526611 0.269301 0.0258789 0.0477941
1 0.598633 0.230699 0.0195312 0.0404412
1 0.391602 0.875919 0.0244141 0.0514706
1 0.151367 0.294577 0.0283203 0.0431985
1 0.226562 0.775276 0.0253906 0.046875
1 0.610596 0.247702 0.0200195 0.0395221
1 0.238037 0.346048 0.027832 0.0523897
1 0.0922852 0.601103 0.0244141 0.0477941
1 0.581055 0.247243 0.0234375 0.0422794
1 0.59668 0.298254 0.0234375 0.0431985
1 0.896729 0.106158 0.0219727 0.0431985
1 0.989014 0.175551 0.0219727 0.0477941
1 0.811768 0.301011 0.0268555 0.0413603
1 0.205566 0.313879 0.0253906 0.0487132
1 0.691162 0.38557 0.0249023 0.046875
1 0.80542 0.211857 0.0249023 0.0413603
1 0.503174 0.175551 0.0249023 0.0477941
1 0.314453 0.248162 0.0263672 0.0459559
1 0.983643 0.921415 0.0268555 0.0523897
1 0.784912 0.27114 0.0258789 0.0459559
1 0.419922 0.949449 0.0263672 0.0496324
