0 0.856201 0.0785846 0.019043 0.0376838
1 0.414307 0.459559 0.0258789 0.0441176
0 0.835205 0.128217 0.0249023 0.0395221
1 0.911865 0.5 0.0249023 0.0422794
1 0.98999 0.819853 0.0170898 0.0404412
1 0.564941 0.607077 0.0283203 0.0487132
0 0.760986 0.0611213 0.0200195 0.0340074
1 0.806152 0.113051 0.0234375 0.0422794
1 0.856934 0.866268 0.0234375 0.0487132
0 0.726562 0.633732 0.0205078 0.0431985
0 0.893799 0.117647 0.0219727 0.0386029
0 0.833496 0.863971 0.0205078 0.0404412
1 0.886719 0.235754 0.0263672 0.0431985
0 0.780518 0.693015 0.0239258 0.0441176
0 0.377441 0.369945 0.0244141 0.0431985
1 0.736816 0.17739 0.0244141 0.0441176
0 0.440918 0.88557 0.0283203 0.046875
0 0.311523 0.131893 0.0292969 0.046875
0 0.805908 0.112132 0.0239258 0.0441176
1 0.746826 0.921415 0.0239258 0.0431985
1 0.710938 0.649357 0.0224609 0.0395221
1 0.99292 0.538143 0.0141602 0.0450368
1 0.380859 0.787224 0.0253906 0.046875
0 0.880371 0.823529 0.0234375 0.0477941
0 0.746826 0.921875 0.0258789 0.0422794
1 0.780518 0.692555 0.0239258 0.046875
1 0.0297852 0.88511 0.0234375 0.0386029
1 0.377686 0.369485 0.0258789 0.0441176
0 0.729492 0.10432 0.0234375 0.0450368
0 0.689453 0.72886 0.0214844 0.0459559
1 0.72998 0.103401 0.0234375 0.0450368
0 0.521484 0.0684743 0.0244141 0.0431985
1 0.0766602 0.244485 0.03125 0.0533088
0 0.236328 0.710938 0.0253906 0.0431985
1 0.0349121 0.912684 0.0219727 0.0349265
1 0.410156 0.341452 0.0273438 0.0450368
0 0.409424 0.341452 0.0268555 0.0450368
0 0.755859 0.789062 0.0253906 0.0431985
1 0.72583 0.633272 0.0219727 0.0422794
1 0.650391 0.394301 0.0214844 0.0422794
1 0.83667 0.12546 0.0249023 0.0450368
1 0.678223 0.0597426 0.0234375 0.0404412
1 0.879883 0.824449 0.0234375 0.0459559
1 0.196045 0.532629 0.0249023 0.0450368
0 0.829102 0.820772 0.0234375 0.0422794
1 0.312256 0.132353 0.0268555 0.0477941
1 0.259766 0.846967 0.0283203 0.046875
1 0.520996 0.0693934 0.0234375 0.0431985
1 0.440674 0.886949 0.0288086 0.0514706
1 0.570801 0.105699 0.0224609 0.0422794
1 0.372314 0.538143 0.0268555 0.0487132
0 0.258057 0.846507 0.0258789 0.0422794
0 0.608887 0.0137868 0.0224609 0.0275735
0 0.39209 0.657169 0.0244141 0.0459559
1 0.0136719 0.201746 0.0263672 0.0597426
1 0.679688 0.130515 0.0263672 0.0441176
1 0.696533 0.448529 0.0229492 0.0367647
0 0.559814 0.878217 0.0268555 0.046875
0 0.856201 0.866728 0.0249023 0.0459559
1 0.588867 0.363971 0.0234375 0.0441176
0 0.0761719 0.245404 0.0332031 0.0551471
0 0.315918 0.882812 0.0244141 0.046875
0 0.535889 0.494026 0.0249023 0.0431985
1 0.992188 0.759651 0.015625 0.0395221
1 0.463379 0.111673 0.0205078 0.0431985
1 0.53418 0.335478 0.0234375 0.0496324
0 0.269775 0.984375 0.0268555 0.03125
1 0.225342 0.78079 0.0258789 0.0487132
0 0.710938 0.649816 0.0234375 0.0386029
0 0.367432 0.691636 0.0249023 0.046875
1 0.799072 0.409926 0.0219727 0.0367647
1 0.813232 0.442096 0.0249023 0.0422794
0 0.879883 0.0827206 0.0234375 0.0404412
1 0.196533 0.931985 0.0268555 0.0441176
0 0.672363 0.714614 0.0224609 0.0413603
1 0.876709 0.716452 0.0249023 0.0431985
1 0.851562 0.261029 0.0253906 0.0422794
1 0.710938 0.475184 0.0244141 0.0404412
1 0.921875 0.845588 0.0234375 0.0404412
1 0.828857 0.62454 0.0219727 0.046875
0 0.466064 0.671415 0.0239258 0.0487132
1 0.187012 0.471967 0.0244141 0.0450368
1 0.0942383 0.352022 0.0283203 0.0496324
1 0.156494 0.501838 0.0239258 0.0477941
1 0.803223 0.171875 0.0234375 0.0441176
1 0.78418 0.59375 0.0273438 0.0441176
1 0.824951 0.954963 0.0297852 0.0459559
0 0.564453 0.607537 0.0253906 0.0496324
0 0.53418 0.463235 0.0234375 0.0404412
1 0.922607 0.561121 0.0249023 0.0413603
1 0.0144043 0.980699 0.0239258 0.0386029
1 0.966553 0.744945 0.0219727 0.0431985
1 0.392578 0.875919 0.0263672 0.0514706
1 0.407227 0.203585 0.0273438 0.0487132
0 0.299316 0.668658 0.0263672 0.046875
1 0.246094 0.0229779 0.0273438 0.0441176
1 0.570312 0.388327 0.0234375 0.0413603
1 0.611328 0.25 0.0195312 0.0386029
1 0.203125 0.852941 0.0253906 0.0441176
1 0.171875 0.0179228 0.0292969 0.0358456
1 0.668701 0.392004 0.0219727 0.0413603
0 0.505859 0.679228 0.0263672 0.0477941
0 0.323975 0.634191 0.0239258 0.0422794
1 0.395264 0.129136 0.0209961 0.0395221
1 0.989746 0.175551 0.0205078 0.0459559
1 0.0178223 0.455882 0.0239258 0.0477941
1 0.598145 0.299632 0.0244141 0.0441176
1 0.150879 0.231618 0.0273438 0.0477941
1 0.145508 0.586857 0.0244141 0.046875
1 0.147217 0.301011 0.0297852 0.046875
1 0.0917969 0.0330882 0.0332031 0.0551471
1 0.57959 0.248621 0.0224609 0.0431985
1 0.235596 0.346507 0.0268555 0.0533088
1 0.21582 0.0776654 0.0253906 0.0487132
1 0.16333 0.772518 0.0258789 0.0487132
1 0.127197 0.828125 0.0258789 0.0496324
1 0.482422 0.131893 0.0214844 0.0431985
1 0.0314941 0.409926 0.0258789 0.0441176
1 0.803955 0.222886 0.0229492 0.0431985
1 0.597656 0.230239 0.0205078 0.0413603
1 0.333984 0.192096 0.0253906 0.0477941
1 0.402588 0.159926 0.0209961 0.0422794
1 0.106689 0.530331 0.0258789 0.0459559
1 0.691406 0.384651 0.0244141 0.0450368
1 0.0922852 0.8125 0.0263672 0.0496324
1 0.178467 0.83318 0.0258789 0.0450368
1 0.0913086 0.600184 0.0244141 0.0496324
1 0.501953 0.175092 0.0253906 0.046875
1 0.527344 0.270221 0.0253906 0.0477941
1 0.810059 0.300551 0.0253906 0.0404412
1 0.315186 0.249081 0.0268555 0.0477941
1 0.419189 0.954504 0.027832 0.0505515
1 0.132568 0.620864 0.0249023 0.0450368
1 0.783203 0.27114 0.0263672 0.0441176
1 0.206055 0.313419 0.0263672 0.0496324
1 0.981201 0.734375 0.0200195 0.0404412
1 0.983643 0.928309 0.0268555 0.0514706
