0 0.835938 0.127298 0.0253906 0.0395221
0 0.856934 0.0799632 0.0205078 0.0386029
1 0.857178 0.866268 0.0249023 0.0487132
1 0.195557 0.845588 0.0473633 0.0441176
0 0.780273 0.694393 0.0234375 0.0450368
1 0.730957 0.104779 0.0283203 0.0477941
1 0.989014 0.820312 0.0170898 0.0413603
0 0.689453 0.72886 0.0214844 0.0422794
1 0.912598 0.498621 0.0234375 0.0450368
1 0.737793 0.175092 0.0224609 0.046875
0 0.834473 0.863511 0.0205078 0.0395221
1 0.711426 0.649816 0.0244141 0.0404412
1 0.74707 0.921415 0.0234375 0.0431985
1 0.564453 0.606158 0.0283203 0.0487132
1 0.806396 0.113971 0.0229492 0.0404412
0 0.738281 0.175551 0.0244141 0.0441176
0 0.747314 0.922794 0.0249023 0.0422794
1 0.394287 0.132812 0.0209961 0.0358456
1 0.887451 0.236213 0.0268555 0.0441176
1 0.409668 0.340993 0.0273438 0.0459559
0 0.311279 0.134191 0.0297852 0.0459559
0 0.236816 0.710938 0.0253906 0.0431985
0 0.0756836 0.244485 0.0322266 0.0533088
1 0.50415 0.677849 0.0258789 0.0505515
0 0.803711 0.172335 0.0234375 0.0431985
1 0.755859 0.79136 0.0263672 0.0459559
1 0.83667 0.125 0.0249023 0.0441176
1 0.780273 0.693934 0.0234375 0.0459559
0 0.755859 0.789062 0.0253906 0.0431985
0 0.880371 0.823529 0.0234375 0.0477941
0 0.712158 0.649357 0.0239258 0.0376838
1 0.377686 0.369945 0.0258789 0.0450368
1 0.076416 0.244485 0.0307617 0.0514706
1 0.37207 0.538143 0.0273438 0.0487132
1 0.402588 0.159926 0.0200195 0.0422794
0 0.806152 0.113511 0.0234375 0.0431985
0 0.258545 0.846507 0.0258789 0.0459559
1 0.688721 0.728401 0.0200195 0.046875
1 0.521484 0.0693934 0.0234375 0.0431985
1 0.3125 0.13511 0.0273438 0.0477941
1 0.381104 0.787224 0.0249023 0.046875
0 0.315674 0.882812 0.0239258 0.046875
0 0.72998 0.105239 0.0244141 0.0450368
0 0.828125 0.819853 0.0253906 0.0404412
1 0.879883 0.824449 0.0234375 0.0459559
0 0.48291 0.132812 0.0224609 0.0413603
0 0.39209 0.657629 0.0244141 0.046875
1 0.259766 0.846967 0.0283203 0.046875
1 0.678223 0.0602022 0.0234375 0.0395221
1 0.570801 0.105699 0.0234375 0.0441176
1 0.0141602 0.200827 0.0263672 0.0579044
1 0.724609 0.634191 0.0214844 0.0404412
0 0.521973 0.0684743 0.0244141 0.0431985
0 0.269287 0.984375 0.0258789 0.03125
1 0.651611 0.397059 0.0229492 0.0422794
1 0.440918 0.884651 0.0273438 0.046875
0 0.409668 0.340533 0.0263672 0.0450368
1 0.588867 0.363971 0.0234375 0.0441176
0 0.609863 0.0137868 0.0224609 0.0275735
1 0.852295 0.261029 0.0249023 0.0422794
1 0.406982 0.203585 0.0268555 0.0487132
0 0.465576 0.113971 0.0200195 0.0404412
0 0.559814 0.878676 0.0268555 0.0459559
1 0.53418 0.334559 0.0234375 0.0496324
0 0.536621 0.492188 0.0244141 0.0431985
0 0.856201 0.866728 0.0249023 0.0441176
1 0.196289 0.532169 0.0253906 0.0459559
0 0.368896 0.692555 0.0249023 0.046875
1 0.482422 0.130974 0.0214844 0.0431985
1 0.992188 0.758732 0.015625 0.0395221
1 0.679199 0.128217 0.0263672 0.0450368
1 0.0146484 0.980699 0.0244141 0.0386029
0 0.466797 0.671415 0.0253906 0.0487132
0 0.535156 0.463695 0.0234375 0.0395221
1 0.696777 0.449449 0.0244141 0.0422794
1 0.803223 0.171875 0.0234375 0.0422794
0 0.879883 0.0831801 0.0234375 0.0395221
1 0.197266 0.931985 0.0273438 0.0441176
1 0.15625 0.50046 0.0244141 0.0487132
0 0.504395 0.677849 0.0263672 0.0505515
1 0.828857 0.623621 0.0219727 0.046875
0 0.672363 0.714154 0.0224609 0.0422794
1 0.0944824 0.352022 0.027832 0.0496324
1 0.799561 0.409926 0.0229492 0.0367647
1 0.824951 0.954963 0.027832 0.0441176
1 0.921875 0.846048 0.0234375 0.0413603
1 0.247803 0.0229779 0.0239258 0.0404412
1 0.967041 0.743566 0.0219727 0.0422794
1 0.334473 0.190717 0.0263672 0.0487132
1 0.710938 0.471967 0.0234375 0.0395221
0 0.323486 0.634651 0.0229492 0.0431985
0 0.299316 0.667739 0.0263672 0.046875
1 0.783936 0.59375 0.027832 0.0441176
1 0.813232 0.441636 0.0268555 0.0431985
1 0.989746 0.175551 0.0205078 0.0459559
1 0.187012 0.473346 0.0244141 0.0459559
1 0.876709 0.716912 0.0249023 0.0459559
1 0.22583 0.779871 0.0258789 0.0487132
0 0.564453 0.606158 0.0263672 0.0487132
1 0.171875 0.0179228 0.0302734 0.0358456
1 0.669189 0.392463 0.0219727 0.0422794
1 0.570801 0.388787 0.0234375 0.0422794
1 0.923584 0.56296 0.0249023 0.0413603
1 0.214111 0.0785846 0.0249023 0.0505515
1 0.202881 0.852941 0.0258789 0.0441176
1 0.392334 0.875919 0.0258789 0.0514706
1 0.611328 0.24954 0.0195312 0.0395221
1 0.597656 0.299173 0.0244141 0.0431985
1 0.580078 0.248621 0.0224609 0.0431985
1 0.803711 0.21829 0.0234375 0.0431985
1 0.145752 0.586397 0.0239258 0.0477941
1 0.0915527 0.0326287 0.0327148 0.0542279
1 0.149658 0.232996 0.027832 0.0450368
1 0.597656 0.230699 0.0205078 0.0422794
1 0.148682 0.300092 0.0288086 0.0450368
1 0.126953 0.827206 0.0263672 0.0477941
1 0.0180664 0.453585 0.0244141 0.0505515
1 0.03125 0.409926 0.0253906 0.0441176
1 0.237061 0.346507 0.027832 0.0533088
1 0.163086 0.772059 0.0263672 0.0477941
1 0.691406 0.384651 0.0244141 0.0450368
1 0.811035 0.301011 0.0263672 0.0413603
1 0.178955 0.834559 0.0258789 0.0459559
1 0.0925293 0.813419 0.027832 0.0514706
1 0.314697 0.249081 0.0268555 0.0477941
1 0.502441 0.175551 0.0244141 0.0459559
1 0.5271 0.269761 0.0249023 0.0487132
1 0.132812 0.619026 0.0244141 0.046875
1 0.092041 0.600184 0.0249023 0.0496324
1 0.105469 0.529871 0.0253906 0.046875
1 0.783691 0.27114 0.0263672 0.0459559
1 0.983643 0.925551 0.0268555 0.0514706
1 0.981201 0.734375 0.019043 0.0404412
1 0.205811 0.313879 0.0268555 0.0487132
1 0.418945 0.953585 0.0273438 0.0487132
