0 0.100098 0.0225184 0.0341797 0.0450368
1 0.523438 0.209099 0.0175781 0.0413603
0 0.799072 0.595588 0.0288086 0.0496324
1 0.858643 0.0840993 0.0219727 0.046875
0 0.567871 0.597426 0.0302734 0.0551471
0 0.189697 0.540901 0.0336914 0.0670956
0 0.310547 0.241728 0.0302734 0.0514706
0 0.310791 0.897978 0.0307617 0.0533088
1 0.921875 0.977482 0.0332031 0.0450368
0 0.921875 0.977941 0.03125 0.0422794
1 0.202148 0.959099 0.03125 0.0560662
0 0.5354 0.91682 0.0297852 0.0505515
1 0.569092 0.596507 0.027832 0.0496324
1 0.799316 0.59421 0.0263672 0.0487132
1 0.917236 0.493566 0.0249023 0.0496324
1 0.398682 0.334559 0.0249023 0.0404412
0 0.828857 0.623162 0.0249023 0.0496324
0 0.438232 0.883732 0.0307617 0.0542279
1 0.989014 0.172335 0.0219727 0.0505515
1 0.943604 0.56296 0.0297852 0.0505515
0 0.20166 0.95818 0.0283203 0.0505515
0 0.0852051 0.238971 0.0336914 0.0606618
1 0.811035 0.119945 0.0234375 0.0487132
0 0.828857 0.772059 0.0297852 0.0551471
1 0.828857 0.624081 0.0219727 0.0477941
1 0.825928 0.954044 0.0297852 0.0514706
1 0.528564 0.307904 0.0229492 0.0441176
0 0.782471 0.921875 0.0317383 0.0496324
1 0.415283 0.455423 0.0239258 0.0450368
0 0.934326 0.883272 0.0249023 0.0441176
1 0.836914 0.124081 0.0234375 0.0459559
0 0.872559 0.746324 0.0283203 0.0496324
1 0.310791 0.242188 0.0307617 0.0505515
1 0.5271 0.27068 0.0209961 0.0395221
0 0.165283 0.773897 0.0268555 0.0514706
0 0.108398 0.388787 0.0292969 0.0606618
1 0.96875 0.878676 0.0253906 0.0477941
0 0.258545 0.846967 0.0268555 0.0505515
1 0.387939 0.25046 0.0268555 0.046875
1 0.37793 0.367647 0.0244141 0.0441176
0 0.0219727 0.192555 0.0332031 0.0652574
0 0.826416 0.953585 0.0297852 0.0523897
1 0.189209 0.54182 0.034668 0.0652574
1 0.689941 0.389706 0.03125 0.0643382
