0 0.78833 0.927849 0.0268555 0.0487132
0 0.835938 0.123162 0.0214844 0.0459559
0 0.948486 0.560202 0.0268555 0.0450368
0 0.101562 0.0225184 0.0341797 0.0450368
1 0.102051 0.0234375 0.0332031 0.046875
1 0.834473 0.126379 0.0234375 0.0450368
0 0.568359 0.596967 0.0302734 0.0560662
1 0.96167 0.870864 0.0249023 0.0413603
1 0.787598 0.926011 0.0263672 0.0487132
0 0.813965 0.118566 0.0234375 0.0477941
0 0.189453 0.540901 0.0341797 0.0689338
1 0.109375 0.386949 0.0292969 0.0625
0 0.960938 0.868566 0.0253906 0.0441176
0 0.833496 0.77068 0.03125 0.0505515
1 0.813232 0.119945 0.0219727 0.0487132
0 0.82666 0.954044 0.0283203 0.0514706
1 0.310059 0.23989 0.03125 0.0551471
0 0.799316 0.595129 0.0283203 0.0505515
1 0.832764 0.769301 0.0297852 0.0533088
1 0.94751 0.561121 0.0249023 0.046875
1 0.569092 0.596507 0.027832 0.0496324
1 0.872559 0.745404 0.0283203 0.0477941
0 0.30957 0.23943 0.0302734 0.0542279
0 0.922607 0.977022 0.0297852 0.0459559
1 0.203125 0.957261 0.0302734 0.0542279
0 0.828857 0.623621 0.0249023 0.0487132
1 0.385254 0.255055 0.0283203 0.046875
1 0.91626 0.495864 0.0249023 0.046875
1 0.828857 0.625 0.0219727 0.0477941
1 0.800049 0.594669 0.0268555 0.0496324
0 0.872559 0.745864 0.0283203 0.0487132
1 0.988281 0.171875 0.0234375 0.0514706
0 0.258789 0.846967 0.0283203 0.0505515
0 0.439453 0.881434 0.0332031 0.0588235
0 0.0849609 0.238051 0.0361328 0.0588235
0 0.202393 0.957261 0.027832 0.0487132
0 0.934326 0.882812 0.0249023 0.0395221
0 0.164551 0.772518 0.0283203 0.0542279
1 0.415527 0.454963 0.0244141 0.0477941
0 0.109131 0.389706 0.0288086 0.0606618
1 0.377197 0.367188 0.0219727 0.0413603
0 0.0222168 0.193474 0.0336914 0.0670956
1 0.826416 0.954504 0.0297852 0.0505515
1 0.689941 0.389706 0.0302734 0.0643382
1 0.394043 0.34329 0.0253906 0.0413603
1 0.189453 0.54182 0.0341797 0.0652574
