1 0.878906 0.0795037 0.0214844 0.0395221
0 0.363525 0.6875 0.0258789 0.0514706
1 0.762939 0.0698529 0.0219727 0.0477941
1 0.694824 0.483456 0.0185547 0.0330882
1 0.853027 0.0776654 0.0205078 0.0413603
1 0.450684 0.508272 0.0195312 0.0386029
1 0.835938 0.985294 0.0283203 0.0294118
1 0.0766602 0.247702 0.0292969 0.0523897
1 0.561768 0.610754 0.0229492 0.0450368
1 0.393066 0.657169 0.0244141 0.0459559
0 0.829102 0.824449 0.0234375 0.0459559
1 0.0341797 0.900735 0.0292969 0.0625
0 0.464111 0.671415 0.0268555 0.046875
0 0.619385 0.983915 0.0288086 0.0303309
1 0.325928 0.630055 0.0258789 0.0413603
0 0.325195 0.630515 0.0253906 0.0441176
1 0.659424 0.0133272 0.0209961 0.0266544
1 0.834473 0.866728 0.0185547 0.0386029
1 0.363037 0.6875 0.027832 0.0514706
1 0.984375 0.765625 0.0205078 0.0367647
0 0.878906 0.0808824 0.0234375 0.0404412
0 0.353027 0.80239 0.0224609 0.0459559
1 0.989746 0.819853 0.0185547 0.0441176
1 0.127441 0.139706 0.0224609 0.0386029
1 0.841553 0.682904 0.0219727 0.0386029
1 0.19043 0.378217 0.0234375 0.0358456
0 0.234863 0.710478 0.0253906 0.0477941
1 0.467529 0.881434 0.0268555 0.0459559
1 0.734131 0.183824 0.0219727 0.0441176
1 0.463135 0.671415 0.0249023 0.046875
1 0.259521 0.846967 0.0288086 0.0487132
1 0.381592 0.787684 0.0229492 0.0422794
1 0.092041 0.0344669 0.0317383 0.0542279
1 0.979004 0.440257 0.0234375 0.0422794
1 0.171143 0.0160846 0.027832 0.0321691
0 0.092041 0.0358456 0.0336914 0.0514706
0 0.29834 0.670956 0.0283203 0.0477941
1 0.232422 0.347886 0.0214844 0.046875
1 0.125 0.490809 0.0234375 0.0533088
1 0.372803 0.536305 0.027832 0.0487132
1 0.538086 0.50046 0.0234375 0.0431985
1 0.175537 0.829044 0.0258789 0.0441176
1 0.0871582 0.599265 0.0249023 0.0477941
0 0.0759277 0.248621 0.0288086 0.0487132
1 0.707031 0.653033 0.0234375 0.0431985
1 0.672852 0.711857 0.0234375 0.0450368
1 0.761963 0.884191 0.0219727 0.0367647
0 0.258057 0.846507 0.0258789 0.0441176
1 0.606689 0.015625 0.0258789 0.03125
1 0.910889 0.503217 0.0249023 0.0431985
1 0.0634766 0.803309 0.0253906 0.0441176
1 0.532471 0.461397 0.0239258 0.0441176
1 0.0183105 0.462776 0.0268555 0.0523897
1 0.510742 0.680147 0.0273438 0.0477941
1 0.457031 0.498162 0.0234375 0.0404412
1 0.85376 0.681066 0.0219727 0.0367647
1 0.742676 0.915441 0.0244141 0.0459559
1 0.730469 0.100643 0.0234375 0.0450368
1 0.727051 0.63557 0.0224609 0.0450368
1 0.960205 0.215074 0.0219727 0.0349265
1 0.377686 0.371324 0.0258789 0.0477941
1 0.991699 0.761029 0.0166016 0.0404412
1 0.780518 0.688879 0.0268555 0.0487132
0 0.27002 0.984375 0.0283203 0.03125
1 0.157715 0.5 0.0224609 0.0459559
1 0.885986 0.236673 0.0297852 0.0450368
1 0.0944824 0.350184 0.027832 0.0459559
1 0.646973 0.389706 0.0244141 0.0441176
1 0.828125 0.823529 0.0214844 0.0477941
1 0.713135 0.476562 0.0249023 0.0413603
1 0.944336 0.319853 0.0234375 0.0404412
0 0.0126953 0.204963 0.0224609 0.0533088
0 0.316406 0.880055 0.0253906 0.0487132
1 0.851562 0.262408 0.0263672 0.0413603
1 0.39502 0.873162 0.0273438 0.0514706
1 0.80249 0.169118 0.0229492 0.0459559
1 0.195557 0.928309 0.0249023 0.0441176
1 0.679199 0.134191 0.0263672 0.0459559
1 0.992676 0.546875 0.0146484 0.0459559
1 0.833008 0.129596 0.0234375 0.0404412
1 0.0927734 0.81204 0.0273438 0.0487132
1 0.197021 0.532629 0.0258789 0.046875
1 0.667969 0.392923 0.0224609 0.0450368
1 0.145508 0.587776 0.0253906 0.046875
1 0.777344 0.871324 0.0214844 0.0404412
1 0.69458 0.737592 0.0200195 0.046875
1 0.69043 0.446232 0.0234375 0.0450368
1 0.766846 0.0854779 0.0200195 0.0404412
1 0.877441 0.711857 0.0234375 0.0431985
1 0.692627 0.384191 0.0239258 0.0459559
1 0.970947 0.197151 0.0219727 0.0376838
1 0.41748 0.960018 0.0263672 0.046875
1 0.760254 0.0514706 0.0224609 0.0404412
1 0.152344 0.228401 0.0273438 0.0505515
1 0.879883 0.823989 0.0234375 0.046875
1 0.520508 0.0693934 0.0234375 0.0431985
1 0.612549 0.251838 0.0209961 0.0422794
1 0.783447 0.59421 0.0258789 0.0431985
1 0.360352 0.168658 0.0244141 0.0413603
1 0.410156 0.537684 0.0263672 0.0459559
1 0.0322266 0.409926 0.0253906 0.0459559
1 0.588623 0.362132 0.0249023 0.0441176
1 0.438721 0.882812 0.0258789 0.046875
1 0.67627 0.058364 0.0234375 0.0413603
1 0.128662 0.829044 0.0268555 0.0514706
1 0.308838 0.129136 0.027832 0.0505515
1 0.855469 0.867647 0.0253906 0.0459559
1 0.0141602 0.980699 0.0253906 0.0386029
1 0.187012 0.465993 0.0263672 0.0477941
1 0.205566 0.855239 0.0283203 0.046875
1 0.828125 0.624081 0.0253906 0.0514706
1 0.755859 0.789062 0.0253906 0.0450368
1 0.53418 0.339154 0.0234375 0.0441176
1 0.92041 0.842831 0.0263672 0.0459559
1 0.571777 0.10432 0.0234375 0.0413603
1 0.807617 0.298254 0.0234375 0.0413603
1 0.164551 0.772518 0.0263672 0.0487132
1 0.933594 0.331342 0.0205078 0.0395221
1 0.408203 0.204963 0.0253906 0.0459559
1 0.19751 0.365809 0.0229492 0.0386029
1 0.797119 0.40625 0.0229492 0.0404412
1 0.804443 0.231158 0.0239258 0.0450368
1 0.407715 0.342831 0.0263672 0.0459559
1 0.458984 0.109375 0.0253906 0.0477941
1 0.781982 0.273438 0.0258789 0.0450368
1 0.991455 0.176471 0.0170898 0.0441176
1 0.597168 0.22886 0.0205078 0.0422794
1 0.224609 0.788143 0.0283203 0.0487132
1 0.146729 0.304228 0.0258789 0.0477941
1 0.218994 0.0758272 0.0258789 0.0487132
1 0.827393 0.953585 0.0268555 0.0450368
1 0.598145 0.300092 0.0244141 0.0450368
1 0.0395508 0.921415 0.0263672 0.0450368
1 0.916992 0.553309 0.0234375 0.0441176
1 0.964111 0.752298 0.0249023 0.0431985
1 0.5 0.174632 0.0263672 0.0459559
1 0.813965 0.442555 0.0263672 0.0413603
1 0.414062 0.461397 0.0263672 0.0496324
1 0.444336 0.472426 0.0234375 0.0422794
1 0.567383 0.386949 0.0234375 0.0422794
1 0.39502 0.120404 0.0244141 0.0441176
1 0.108887 0.528952 0.0263672 0.0487132
1 0.803467 0.105239 0.0229492 0.0431985
1 0.132568 0.625 0.0258789 0.0477941
1 0.577881 0.25 0.0219727 0.0459559
1 0.0305176 0.88511 0.0258789 0.0441176
1 0.361816 0.202206 0.0224609 0.0422794
1 0.985107 0.931526 0.0249023 0.0523897
1 0.483643 0.132812 0.0239258 0.046875
1 0.316406 0.25 0.0253906 0.0441176
1 0.333008 0.197151 0.0244141 0.0450368
1 0.528809 0.270221 0.0244141 0.0459559
1 0.981201 0.733915 0.0219727 0.0376838
1 0.207275 0.311581 0.0239258 0.0459559
1 0.403076 0.159007 0.0229492 0.0459559
1 0.24292 0.0257353 0.0258789 0.0459559
