1 0.310059 0.897978 0.0302734 0.0533088
0 0.10083 0.0225184 0.034668 0.0450368
1 0.783936 0.923254 0.0288086 0.0487132
0 0.858643 0.0840993 0.0219727 0.046875
1 0.101074 0.0234375 0.0341797 0.046875
1 0.921875 0.977482 0.03125 0.0450368
0 0.310547 0.898438 0.03125 0.0542279
0 0.567871 0.596507 0.0302734 0.0551471
0 0.189453 0.54136 0.0341797 0.0680147
0 0.811035 0.117647 0.0234375 0.0496324
1 0.810791 0.119485 0.0219727 0.0477941
1 0.108887 0.387408 0.0302734 0.0634191
0 0.533936 0.919118 0.0268555 0.0514706
0 0.922852 0.976562 0.03125 0.0431985
1 0.835938 0.12454 0.0234375 0.0450368
0 0.966553 0.875 0.0249023 0.0496324
0 0.783936 0.923254 0.0307617 0.0487132
1 0.568848 0.597886 0.0283203 0.0505515
0 0.798584 0.595129 0.027832 0.0487132
1 0.202148 0.957261 0.03125 0.0542279
0 0.310303 0.240349 0.0307617 0.0523897
1 0.799805 0.594669 0.0273438 0.0496324
1 0.310547 0.240809 0.03125 0.0533088
1 0.98877 0.172335 0.0224609 0.0505515
1 0.94458 0.561581 0.027832 0.0496324
1 0.829102 0.62454 0.0234375 0.046875
1 0.967285 0.87546 0.0234375 0.046875
1 0.917236 0.494026 0.0249023 0.0505515
0 0.438232 0.882812 0.0327148 0.0542279
0 0.828857 0.623621 0.0249023 0.0487132
0 0.201904 0.957261 0.027832 0.0487132
1 0.528809 0.307904 0.0224609 0.0441176
0 0.934326 0.883272 0.0249023 0.0422794
0 0.830322 0.772059 0.0297852 0.0551471
1 0.415527 0.454963 0.0244141 0.0459559
1 0.527344 0.272059 0.0214844 0.0386029
0 0.872559 0.746324 0.0263672 0.0477941
0 0.0849609 0.238971 0.0341797 0.0606618
0 0.258789 0.847886 0.0263672 0.0505515
1 0.386475 0.253217 0.0268555 0.0487132
0 0.826416 0.953585 0.0297852 0.0523897
1 0.377441 0.367188 0.0244141 0.0431985
0 0.165283 0.772978 0.027832 0.0514706
1 0.395996 0.339154 0.0244141 0.0422794
0 0.108643 0.388787 0.0297852 0.0606618
0 0.0222168 0.193474 0.0336914 0.0670956
1 0.826416 0.954044 0.0297852 0.0514706
1 0.189209 0.54182 0.034668 0.0652574
1 0.689941 0.389706 0.03125 0.0661765
