0 0.990967 0.415441 0.0180664 0.0367647
1 0.882812 0.242188 0.0205078 0.046875
0 0.824951 0.783088 0.027832 0.0477941
0 0.917236 0.492647 0.0249023 0.0422794
1 0.858643 0.251838 0.0219727 0.0386029
1 0.387451 0.782169 0.0249023 0.0441176
0 0.858643 0.0840993 0.0219727 0.0450368
1 0.835938 0.866728 0.0205078 0.0386029
1 0.811035 0.116268 0.0205078 0.0431985
0 0.234131 0.340074 0.0268555 0.0533088
0 0.919434 0.980699 0.03125 0.0386029
1 0.690186 0.386949 0.027832 0.0551471
1 0.548096 0.897978 0.0268555 0.0459559
1 0.917236 0.491728 0.027832 0.0459559
1 0.807861 0.300551 0.0219727 0.0404412
0 0.770264 0.924632 0.0268555 0.0514706
1 0.83667 0.125 0.0219727 0.0422794
1 0.770508 0.750919 0.0234375 0.0459559
0 0.567139 0.596967 0.0288086 0.0523897
1 0.234619 0.340074 0.0268555 0.0477941
0 0.199219 0.0680147 0.0253906 0.0459559
1 0.824951 0.78171 0.027832 0.0505515
0 0.197998 0.95864 0.0317383 0.0533088
0 0.786133 0.27114 0.0234375 0.0459559
1 0.0935059 0.027114 0.0327148 0.046875
1 0.828857 0.623621 0.0219727 0.046875
0 0.810791 0.118107 0.0219727 0.0450368
0 0.791748 0.590993 0.0258789 0.0459559
1 0.933594 0.565717 0.0234375 0.046875
1 0.199463 0.0675551 0.0258789 0.046875
1 0.568359 0.598805 0.0263672 0.046875
1 0.989014 0.173254 0.0219727 0.0487132
1 0.756348 0.789522 0.0244141 0.0441176
0 0.690186 0.387868 0.027832 0.0551471
1 0.439941 0.883732 0.0244141 0.0487132
0 0.0222168 0.193934 0.0268555 0.0514706
1 0.872803 0.736673 0.0249023 0.0487132
1 0.171875 0.0211397 0.0273438 0.0386029
0 0.0849609 0.238971 0.03125 0.0533088
0 0.75708 0.79136 0.0239258 0.0441176
1 0.19458 0.538143 0.0297852 0.0560662
0 0.932129 0.877298 0.0263672 0.046875
1 0.517578 0.198529 0.0214844 0.0404412
0 0.77002 0.751379 0.0244141 0.0450368
1 0.258545 0.845129 0.0258789 0.046875
0 0.207275 0.316176 0.0268555 0.0533088
1 0.198486 0.959559 0.0288086 0.0496324
0 0.102539 0.378676 0.0273438 0.0514706
0 0.828857 0.622702 0.0249023 0.0487132
1 0.524902 0.269301 0.0234375 0.0404412
0 0.872803 0.737132 0.0249023 0.0459559
0 0.82666 0.954963 0.0283203 0.0496324
1 0.542969 0.0574449 0.0253906 0.0450368
1 0.864014 0.861673 0.0249023 0.046875
1 0.880371 0.827206 0.0234375 0.0477941
1 0.770508 0.925092 0.0273438 0.0505515
1 0.979736 0.904412 0.0268555 0.0496324
0 0.164551 0.77068 0.0292969 0.0523897
1 0.567139 0.0859375 0.0239258 0.0431985
1 0.394287 0.22932 0.0249023 0.0431985
1 0.528076 0.309743 0.0219727 0.0404412
1 0.391357 0.871324 0.0229492 0.0496324
1 0.411621 0.91636 0.0234375 0.0441176
1 0.415283 0.457721 0.0258789 0.0477941
1 0.378906 0.368107 0.0253906 0.0431985
1 0.311768 0.245864 0.0288086 0.046875
1 0.40918 0.340074 0.0244141 0.0441176
