1 0.309814 0.238971 0.0297852 0.0569853
0 0.858643 0.0836397 0.0219727 0.0459559
0 0.835938 0.122702 0.0214844 0.046875
0 0.189453 0.54136 0.0341797 0.0698529
1 0.833496 0.767463 0.0283203 0.0514706
1 0.102051 0.0238971 0.0332031 0.0477941
0 0.960938 0.868566 0.0253906 0.0422794
0 0.101807 0.0229779 0.034668 0.0459559
1 0.788574 0.925092 0.0273438 0.0505515
1 0.834473 0.125919 0.0234375 0.0459559
1 0.960938 0.870864 0.0253906 0.0413603
0 0.834229 0.77068 0.0297852 0.0505515
1 0.109619 0.387408 0.0288086 0.0634191
0 0.788818 0.925551 0.0268555 0.0514706
1 0.94751 0.561121 0.0249023 0.046875
1 0.923584 0.975643 0.0297852 0.0431985
1 0.56958 0.596507 0.0288086 0.0514706
0 0.799072 0.595129 0.0288086 0.0523897
0 0.922607 0.976103 0.027832 0.0441176
0 0.82666 0.954044 0.0283203 0.0514706
0 0.569092 0.597426 0.0288086 0.0533088
1 0.81543 0.119026 0.0234375 0.046875
0 0.816406 0.117647 0.0234375 0.0459559
1 0.872559 0.745864 0.0283203 0.046875
1 0.385254 0.255515 0.0283203 0.0477941
1 0.202881 0.957261 0.0307617 0.0542279
1 0.828857 0.62454 0.0219727 0.0487132
1 0.800049 0.595129 0.0268555 0.0505515
0 0.872559 0.746324 0.0283203 0.0477941
0 0.309814 0.238971 0.0307617 0.0551471
0 0.828857 0.623162 0.0249023 0.0496324
0 0.259033 0.846967 0.027832 0.0505515
1 0.988281 0.172335 0.0234375 0.0505515
0 0.164795 0.772518 0.027832 0.0542279
0 0.0849609 0.238051 0.0361328 0.0588235
0 0.93457 0.882812 0.0234375 0.0395221
0 0.202393 0.957261 0.027832 0.0487132
1 0.91626 0.495864 0.0249023 0.046875
0 0.439453 0.881434 0.0332031 0.0588235
1 0.416016 0.455423 0.0253906 0.0487132
0 0.109131 0.389706 0.0288086 0.0625
1 0.377197 0.367647 0.0219727 0.0422794
0 0.0222168 0.193474 0.0336914 0.0670956
1 0.689941 0.389706 0.0302734 0.0661765
1 0.825928 0.954504 0.0297852 0.0505515
1 0.393311 0.34329 0.0258789 0.0413603
1 0.189209 0.54182 0.0336914 0.0652574
