0 0.313721 0.887408 0.0258789 0.0431985
1 0.196289 0.936581 0.0283203 0.0459559
0 0.681396 0.110294 0.0249023 0.0404412
1 0.871826 0.117188 0.019043 0.0376838
1 0.807861 0.988051 0.0297852 0.0238971
0 0.655029 0.011489 0.0288086 0.0229779
0 0.405029 0.204504 0.0258789 0.0542279
1 0.0151367 0.198989 0.0263672 0.0523897
1 0.564941 0.60432 0.0263672 0.0431985
1 0.162109 0.769301 0.0273438 0.0496324
1 0.879639 0.824908 0.0249023 0.0450368
0 0.610596 0.0124081 0.0249023 0.0248162
1 0.0151367 0.980699 0.0253906 0.0386029
0 0.0771484 0.241728 0.0302734 0.0496324
1 0.588623 0.36489 0.0239258 0.0422794
1 0.473145 0.670956 0.0224609 0.0477941
0 0.196777 0.53125 0.0234375 0.0422794
0 0.522705 0.0684743 0.0249023 0.046875
1 0.197021 0.53079 0.0239258 0.0431985
0 0.0151367 0.980699 0.0292969 0.0386029
0 0.834473 0.862592 0.0205078 0.0413603
1 0.0769043 0.240809 0.027832 0.0496324
0 0.268066 0.985754 0.0283203 0.0284926
0 0.146729 0.585018 0.0200195 0.0413603
0 0.410156 0.339614 0.0253906 0.0450368
0 0.588379 0.36443 0.0234375 0.0395221
0 0.156982 0.493107 0.0239258 0.0431985
1 0.188721 0.841912 0.0229492 0.0404412
0 0.678467 0.0597426 0.0219727 0.0422794
1 0.406006 0.204044 0.0258789 0.0496324
1 0.498779 0.673713 0.0239258 0.0514706
1 0.854492 0.256893 0.0234375 0.0413603
0 0.77832 0.704963 0.0234375 0.0422794
1 0.381104 0.786765 0.0229492 0.0441176
0 0.188721 0.47886 0.0249023 0.0459559
0 0.440674 0.884191 0.0297852 0.0514706
1 0.606934 0.244485 0.0205078 0.0386029
1 0.371826 0.539522 0.0258789 0.0477941
1 0.157471 0.493566 0.0239258 0.0422794
0 0.828125 0.621324 0.0253906 0.0514706
0 0.825684 0.955882 0.0283203 0.0477941
1 0.825684 0.955882 0.0283203 0.0477941
1 0.534912 0.331801 0.0249023 0.0496324
1 0.414795 0.459099 0.0268555 0.0450368
1 0.259277 0.846507 0.0283203 0.0459559
1 0.124268 0.823529 0.0268555 0.0496324
1 0.440674 0.886949 0.0288086 0.0496324
1 0.828857 0.622243 0.0219727 0.0477941
1 0.410156 0.340533 0.0273438 0.046875
0 0.877441 0.719669 0.0283203 0.0477941
1 0.132812 0.610294 0.0214844 0.0422794
0 0.375244 0.693015 0.0229492 0.0441176
1 0.572021 0.102482 0.0258789 0.046875
1 0.572266 0.390625 0.0224609 0.0386029
0 0.16333 0.771599 0.0258789 0.046875
0 0.237305 0.711397 0.0253906 0.0404412
1 0.678955 0.0602022 0.0239258 0.0413603
0 0.391846 0.658088 0.0219727 0.0441176
0 0.499512 0.672794 0.0234375 0.0514706
1 0.928955 0.563879 0.0268555 0.0450368
0 0.257324 0.844669 0.0253906 0.0441176
1 0.740234 0.170956 0.0234375 0.0477941
1 0.600586 0.231618 0.0195312 0.0386029
0 0.0168457 0.19761 0.0258789 0.0496324
0 0.751465 0.921875 0.0263672 0.0496324
1 0.731689 0.106158 0.0239258 0.0487132
1 0.751465 0.921875 0.0263672 0.0496324
1 0.521729 0.0693934 0.0249023 0.0450368
1 0.652344 0.397518 0.0224609 0.0431985
1 0.202881 0.851562 0.0229492 0.0395221
1 0.915771 0.496324 0.0297852 0.0477941
0 0.880371 0.824908 0.0234375 0.0505515
0 0.195801 0.9375 0.0253906 0.0422794
1 0.146729 0.585478 0.0209961 0.0441176
1 0.925781 0.852941 0.0263672 0.0441176
1 0.0214844 0.446232 0.0224609 0.0413603
0 0.4729 0.670496 0.0219727 0.046875
1 0.314697 0.14568 0.0229492 0.046875
1 0.03125 0.410846 0.0234375 0.0422794
0 0.300537 0.66636 0.0239258 0.0459559
1 0.838135 0.12454 0.0249023 0.0450368
1 0.0961914 0.356158 0.0263672 0.046875
1 0.0932617 0.602022 0.0234375 0.0459559
0 0.558838 0.881434 0.0258789 0.0459559
0 0.826416 0.809743 0.0249023 0.0514706
1 0.211914 0.0795037 0.0263672 0.0523897
1 0.103027 0.523897 0.0244141 0.0477941
0 0.857178 0.865349 0.0249023 0.046875
0 0.785156 0.594669 0.0292969 0.0459559
0 0.755615 0.788603 0.0258789 0.0441176
1 0.0939941 0.815257 0.0288086 0.0533088
1 0.151611 0.290901 0.0268555 0.0431985
1 0.667236 0.393842 0.0209961 0.0413603
1 0.88208 0.0859375 0.0219727 0.0413603
1 0.391357 0.875 0.0239258 0.0496324
1 0.0913086 0.0321691 0.0332031 0.0514706
1 0.171875 0.0183824 0.0292969 0.0367647
1 0.596924 0.296875 0.0229492 0.0422794
0 0.56543 0.603401 0.0273438 0.0450368
1 0.377686 0.369026 0.0249023 0.0450368
0 0.320557 0.642004 0.0229492 0.0413603
1 0.858643 0.0831801 0.0200195 0.0431985
1 0.147949 0.234375 0.0273438 0.0422794
1 0.525635 0.268842 0.0258789 0.0487132
1 0.804688 0.17739 0.0214844 0.0422794
1 0.80835 0.118566 0.0219727 0.0441176
1 0.811768 0.30239 0.0249023 0.0422794
1 0.989014 0.175551 0.0219727 0.0496324
1 0.335449 0.184743 0.0253906 0.0459559
1 0.691406 0.38557 0.0253906 0.046875
1 0.226807 0.77114 0.0249023 0.0459559
1 0.582031 0.246324 0.0234375 0.0422794
1 0.238525 0.346507 0.027832 0.0514706
1 0.897461 0.106618 0.0234375 0.0441176
1 0.80542 0.211397 0.0249023 0.0422794
1 0.50415 0.175551 0.0258789 0.0496324
1 0.785156 0.27114 0.0253906 0.0459559
1 0.205322 0.314338 0.0249023 0.0477941
1 0.419434 0.947151 0.0263672 0.0487132
1 0.983643 0.919577 0.027832 0.0560662
1 0.314209 0.247702 0.0258789 0.0450368
