0 0.532227 0.630055 0.0234375 0.0321691
0 0.57251 0.207721 0.0131836 0.0367647
0 0.917236 0.834559 0.0200195 0.0386029
0 0.199463 0.945312 0.0170898 0.0395221
0 0.552002 0.514706 0.0200195 0.03125
0 0.491699 0.423254 0.0205078 0.0321691
0 0.991455 0.139246 0.0170898 0.0413603
0 0.942139 0.376838 0.0170898 0.0349265
0 0.207275 0.85386 0.0170898 0.0386029
0 0.574951 0.253676 0.0170898 0.0349265
0 0.4729 0.273438 0.0180664 0.0358456
0 0.828857 0.625 0.019043 0.0349265
0 0.69043 0.742188 0.0195312 0.0395221
0 0.395508 0.111213 0.0205078 0.0386029
0 0.270264 0.982996 0.0219727 0.0340074
