0 0.859375 0.0845588 0.0205078 0.0459559
1 0.518799 0.200827 0.0209961 0.0358456
1 0.882812 0.242188 0.0214844 0.046875
1 0.793701 0.590993 0.027832 0.0496324
1 0.387695 0.783088 0.0244141 0.0441176
1 0.312256 0.892463 0.027832 0.0496324
1 0.920166 0.97886 0.0327148 0.0422794
1 0.0947266 0.0261949 0.0322266 0.046875
1 0.163818 0.771599 0.0297852 0.0560662
0 0.810791 0.118566 0.0219727 0.0459559
0 0.171875 0.0220588 0.0273438 0.0404412
0 0.197021 0.0629596 0.0239258 0.046875
1 0.858643 0.254596 0.0200195 0.0404412
0 0.920898 0.979779 0.03125 0.0404412
0 0.793701 0.591912 0.0268555 0.0477941
0 0.825928 0.778493 0.0249023 0.0459559
1 0.196777 0.0629596 0.0253906 0.046875
1 0.810303 0.119945 0.0219727 0.0450368
0 0.771484 0.924173 0.0273438 0.0505515
0 0.567627 0.596967 0.0297852 0.0542279
0 0.439453 0.884651 0.0244141 0.0487132
0 0.231689 0.339614 0.0239258 0.0505515
0 0.19873 0.95864 0.03125 0.0533088
1 0.917236 0.492188 0.0297852 0.046875
0 0.933594 0.880515 0.0234375 0.0441176
1 0.565918 0.0836397 0.0234375 0.0422794
1 0.785889 0.272059 0.0229492 0.0459559
0 0.566406 0.0836397 0.0224609 0.0422794
1 0.543457 0.0579044 0.0244141 0.0422794
1 0.828857 0.623621 0.0219727 0.046875
0 0.689453 0.387868 0.0283203 0.0588235
1 0.568359 0.597886 0.0273438 0.0487132
1 0.83667 0.124081 0.0219727 0.0422794
1 0.989014 0.173254 0.0219727 0.0487132
0 0.0852051 0.238511 0.0307617 0.0542279
1 0.546143 0.904871 0.0258789 0.046875
1 0.771484 0.924173 0.0273438 0.0505515
1 0.258789 0.845588 0.0253906 0.0496324
1 0.824219 0.778952 0.0253906 0.046875
1 0.690186 0.386949 0.0288086 0.0588235
0 0.0222168 0.193934 0.027832 0.0533088
0 0.756592 0.790901 0.0239258 0.0413603
1 0.171387 0.0215993 0.0273438 0.0395221
1 0.524658 0.268842 0.0229492 0.0413603
0 0.871826 0.743107 0.0249023 0.0450368
1 0.865723 0.859835 0.0234375 0.046875
0 0.769775 0.757812 0.0258789 0.0413603
0 0.828857 0.622702 0.0249023 0.0487132
0 0.103271 0.381434 0.0297852 0.0533088
0 0.826416 0.954044 0.0297852 0.0514706
1 0.872559 0.740349 0.0263672 0.0487132
1 0.936035 0.565257 0.0263672 0.0459559
1 0.806396 0.301471 0.0229492 0.0459559
0 0.164795 0.770221 0.0297852 0.0514706
1 0.528076 0.310202 0.0219727 0.0413603
1 0.19873 0.95864 0.0292969 0.0496324
0 0.208496 0.317555 0.0263672 0.0505515
1 0.879883 0.826287 0.0234375 0.0459559
1 0.4104 0.911765 0.0219727 0.0404412
1 0.391357 0.871324 0.0229492 0.0496324
1 0.977295 0.898438 0.0249023 0.0505515
1 0.393555 0.232537 0.0244141 0.0441176
1 0.415283 0.457261 0.0249023 0.046875
1 0.311035 0.245404 0.0273438 0.0459559
1 0.408936 0.340074 0.0239258 0.0441176
1 0.378662 0.368107 0.0249023 0.0450368
1 0.19043 0.54182 0.0292969 0.0542279
