1 0.0974121 0.570772 0.0268555 0.0753676
1 0.876709 0.722886 0.0297852 0.0487132
1 0.0197754 0.194853 0.027832 0.0551471
0 0.566406 0.597886 0.0292969 0.0523897
1 0.804443 0.988051 0.0297852 0.0238971
0 0.0161133 0.980699 0.03125 0.0386029
1 0.0148926 0.982996 0.0297852 0.0340074
0 0.828857 0.622243 0.0249023 0.0496324
0 0.0915527 0.0289522 0.034668 0.0505515
0 0.163574 0.769761 0.0292969 0.0560662
1 0.739014 0.14614 0.0200195 0.0386029
0 0.914795 0.981158 0.027832 0.0321691
1 0.858643 0.253676 0.0219727 0.0386029
1 0.100586 0.367647 0.0234375 0.0441176
1 0.835938 0.865349 0.0214844 0.0395221
0 0.875732 0.725184 0.0268555 0.0459559
1 0.896729 0.108456 0.0219727 0.0404412
1 0.0854492 0.237592 0.0302734 0.0542279
1 0.196777 0.952665 0.0283203 0.0487132
1 0.172852 0.0206801 0.0292969 0.0413603
1 0.731689 0.124081 0.0200195 0.0386029
1 0.917236 0.493107 0.027832 0.046875
1 0.0917969 0.0280331 0.0341797 0.046875
0 0.0205078 0.195312 0.0263672 0.0505515
0 0.196533 0.952206 0.0307617 0.0514706
1 0.553223 0.891085 0.0263672 0.0431985
1 0.164795 0.77068 0.0288086 0.0523897
1 0.788086 0.592371 0.0253906 0.046875
1 0.884521 0.238511 0.0249023 0.0450368
1 0.772705 0.726103 0.0229492 0.0441176
1 0.828857 0.623162 0.0219727 0.0477941
1 0.530029 0.318474 0.0219727 0.0413603
1 0.931152 0.5625 0.0263672 0.0441176
1 0.257812 0.84421 0.0253906 0.0450368
1 0.690674 0.386949 0.0268555 0.0477941
1 0.988281 0.174173 0.0234375 0.0505515
1 0.838379 0.12454 0.0234375 0.046875
1 0.567139 0.600184 0.0268555 0.0477941
1 0.928955 0.863971 0.0249023 0.0459559
1 0.859375 0.0840993 0.0214844 0.0450368
0 0.205811 0.0767463 0.0258789 0.0487132
1 0.763672 0.924173 0.0292969 0.0560662
1 0.826416 0.794118 0.0249023 0.0496324
1 0.880615 0.825827 0.0249023 0.046875
1 0.885986 0.0891544 0.0200195 0.0404412
1 0.859375 0.862592 0.0253906 0.0505515
1 0.440186 0.884651 0.0249023 0.0487132
1 0.810303 0.119026 0.0229492 0.0450368
1 0.755615 0.788603 0.0258789 0.0441176
1 0.398682 0.220129 0.0239258 0.0450368
1 0.510498 0.191176 0.0249023 0.0441176
1 0.98291 0.913603 0.0283203 0.0514706
1 0.785645 0.271599 0.0234375 0.0487132
1 0.810791 0.299632 0.0249023 0.0459559
1 0.524902 0.268382 0.0244141 0.0441176
1 0.197266 0.530331 0.0244141 0.0459559
1 0.825928 0.955882 0.0297852 0.0496324
1 0.391846 0.872702 0.0229492 0.0505515
1 0.571289 0.0997243 0.0234375 0.046875
1 0.185303 0.485754 0.0219727 0.0431985
1 0.0976562 0.528952 0.0283203 0.0487132
1 0.166992 0.482996 0.0214844 0.0431985
1 0.372559 0.540441 0.0263672 0.0441176
1 0.416748 0.935202 0.0258789 0.0487132
1 0.095459 0.59329 0.0249023 0.046875
1 0.535156 0.0579044 0.0253906 0.0422794
1 0.414795 0.457261 0.0249023 0.0450368
1 0.378174 0.368107 0.0249023 0.0431985
1 0.238525 0.34329 0.027832 0.0505515
1 0.311035 0.245864 0.0273438 0.046875
1 0.205322 0.315257 0.0249023 0.0477941
1 0.409912 0.340074 0.0249023 0.0441176
1 0.401611 0.540441 0.0258789 0.0441176
