1 0.308594 0.243566 0.03125 0.0551471
1 0.785156 0.925092 0.0263672 0.046875
1 0.922607 0.977022 0.0297852 0.0459559
0 0.310303 0.898438 0.0307617 0.0542279
0 0.189453 0.54182 0.0341797 0.0689338
0 0.534424 0.919118 0.0307617 0.0496324
1 0.108887 0.387408 0.0292969 0.0634191
1 0.810791 0.119945 0.0219727 0.046875
0 0.101318 0.0225184 0.0336914 0.0450368
1 0.829834 0.772059 0.0297852 0.0551471
0 0.810791 0.117647 0.0239258 0.0477941
0 0.569336 0.598346 0.03125 0.0533088
1 0.96582 0.875 0.0234375 0.0477941
0 0.798828 0.595129 0.0292969 0.0487132
1 0.872559 0.745404 0.0263672 0.0459559
1 0.835938 0.12454 0.0234375 0.0450368
0 0.921875 0.977022 0.0292969 0.0441176
1 0.569092 0.596507 0.027832 0.0496324
1 0.202393 0.957261 0.0307617 0.0523897
0 0.96582 0.873621 0.0234375 0.0505515
1 0.799805 0.594669 0.0273438 0.0496324
0 0.438721 0.882353 0.0327148 0.0551471
0 0.826416 0.953585 0.0297852 0.0523897
0 0.831055 0.77068 0.03125 0.0560662
1 0.529053 0.308364 0.0209961 0.0413603
1 0.528076 0.272978 0.0209961 0.0386029
0 0.828857 0.623162 0.0249023 0.0496324
1 0.945312 0.560662 0.0292969 0.0477941
0 0.872559 0.746324 0.0263672 0.0477941
0 0.310059 0.240809 0.03125 0.0551471
1 0.829102 0.624081 0.0234375 0.0477941
1 0.988281 0.172335 0.0234375 0.0505515
1 0.415527 0.454963 0.0234375 0.0459559
1 0.917236 0.494026 0.0249023 0.0505515
1 0.38623 0.255055 0.0263672 0.0487132
0 0.0847168 0.238051 0.0356445 0.0588235
0 0.934326 0.882812 0.0249023 0.0413603
0 0.258789 0.847426 0.0273438 0.0514706
1 0.377686 0.367188 0.0239258 0.0431985
0 0.201904 0.957261 0.027832 0.046875
0 0.165039 0.773438 0.0273438 0.0523897
0 0.108887 0.389246 0.0292969 0.0615809
0 0.0219727 0.193015 0.0332031 0.0661765
1 0.395264 0.339614 0.0239258 0.0431985
1 0.825928 0.954044 0.0297852 0.0514706
1 0.189209 0.542279 0.034668 0.0661765
1 0.689941 0.390165 0.03125 0.0652574
