0 0.858643 0.0840993 0.0219727 0.0450368
1 0.810791 0.119945 0.0219727 0.046875
0 0.100586 0.0225184 0.0341797 0.0450368
1 0.921875 0.977022 0.0292969 0.0459559
0 0.811035 0.117188 0.0244141 0.0487132
0 0.568848 0.597886 0.0283203 0.0505515
0 0.310547 0.898438 0.03125 0.0542279
0 0.921875 0.976562 0.03125 0.0431985
0 0.189453 0.54182 0.0341797 0.0689338
0 0.535156 0.919118 0.0292969 0.0514706
1 0.835938 0.12454 0.0234375 0.0450368
1 0.569336 0.596507 0.0273438 0.0496324
1 0.310547 0.241268 0.0322266 0.0542279
0 0.783691 0.923254 0.0302734 0.0487132
1 0.202393 0.95818 0.0307617 0.0542279
0 0.966553 0.875 0.0249023 0.0496324
0 0.799316 0.594669 0.0283203 0.0496324
1 0.799805 0.59421 0.0273438 0.0487132
1 0.94458 0.561121 0.0297852 0.0487132
1 0.98877 0.172335 0.0224609 0.0505515
1 0.829102 0.624081 0.0234375 0.0459559
1 0.917236 0.494026 0.0249023 0.0505515
0 0.310303 0.241728 0.0317383 0.0551471
1 0.966309 0.87546 0.0234375 0.046875
1 0.529053 0.308364 0.0209961 0.0413603
0 0.828857 0.623162 0.0249023 0.0477941
1 0.527588 0.272059 0.0209961 0.0386029
1 0.385742 0.252298 0.0283203 0.046875
0 0.438232 0.882812 0.0327148 0.0542279
1 0.415527 0.455423 0.0244141 0.0450368
0 0.934326 0.883272 0.0249023 0.0441176
0 0.201904 0.95818 0.027832 0.0487132
1 0.377441 0.366728 0.0244141 0.0441176
0 0.0852051 0.23943 0.034668 0.0615809
0 0.830322 0.771599 0.0297852 0.0542279
0 0.872559 0.746324 0.0283203 0.0477941
1 0.395996 0.339614 0.0244141 0.0413603
0 0.258789 0.847426 0.0263672 0.0514706
0 0.826416 0.953585 0.0297852 0.0523897
0 0.108887 0.389246 0.0292969 0.0615809
0 0.165039 0.773438 0.0273438 0.0523897
1 0.189209 0.54182 0.034668 0.0670956
1 0.826416 0.954044 0.0297852 0.0514706
0 0.0222168 0.192555 0.0336914 0.0670956
1 0.689941 0.390165 0.03125 0.0652574
