0 0.858643 0.0836397 0.0219727 0.0459559
1 0.30957 0.238511 0.0292969 0.0579044
0 0.189697 0.54182 0.034668 0.0707721
1 0.109375 0.387408 0.0292969 0.0634191
0 0.101807 0.0229779 0.034668 0.0459559
1 0.438721 0.880974 0.0297852 0.0597426
1 0.102051 0.0238971 0.0332031 0.0477941
0 0.922607 0.977022 0.0297852 0.0441176
1 0.834473 0.767004 0.0283203 0.0505515
0 0.799316 0.594669 0.0283203 0.0514706
1 0.948486 0.560662 0.0249023 0.0477941
1 0.56958 0.596967 0.0288086 0.0505515
0 0.569336 0.597886 0.03125 0.0542279
0 0.872559 0.746324 0.0263672 0.0477941
1 0.789062 0.925092 0.0253906 0.0487132
1 0.38501 0.256434 0.0288086 0.0477941
0 0.828857 0.623621 0.0249023 0.0487132
0 0.818848 0.124081 0.0234375 0.0477941
1 0.923584 0.976562 0.0297852 0.0431985
0 0.259033 0.847426 0.027832 0.0514706
0 0.93457 0.883272 0.0234375 0.0386029
1 0.960938 0.869945 0.0253906 0.0413603
0 0.309814 0.23989 0.0307617 0.0569853
1 0.800293 0.594669 0.0263672 0.0496324
1 0.203125 0.95818 0.03125 0.0542279
0 0.202393 0.957261 0.0288086 0.0505515
1 0.828857 0.625 0.0219727 0.0477941
1 0.988281 0.172335 0.0234375 0.0523897
1 0.91626 0.495404 0.0249023 0.0459559
1 0.872559 0.745404 0.0263672 0.0459559
0 0.0852051 0.23943 0.034668 0.0615809
0 0.438965 0.881434 0.0341797 0.0588235
0 0.164795 0.772518 0.0288086 0.0560662
1 0.415771 0.455423 0.0249023 0.0487132
1 0.377197 0.367647 0.0219727 0.0422794
0 0.109131 0.389706 0.0288086 0.0625
0 0.0222168 0.193474 0.0336914 0.0670956
1 0.392334 0.342371 0.0229492 0.0431985
1 0.689941 0.390165 0.0302734 0.0652574
1 0.825684 0.953585 0.0283203 0.0487132
1 0.189209 0.542279 0.034668 0.0661765
