1 0.533691 0.918658 0.0283203 0.0560662
1 0.101074 0.0234375 0.0341797 0.046875
1 0.785156 0.925092 0.0263672 0.046875
1 0.810791 0.119945 0.0219727 0.046875
0 0.189453 0.540901 0.0332031 0.0689338
0 0.534424 0.919118 0.0307617 0.0496324
0 0.921875 0.977022 0.03125 0.0459559
0 0.101074 0.0225184 0.0341797 0.0450368
0 0.569336 0.597886 0.03125 0.0523897
1 0.109375 0.387408 0.0292969 0.0634191
1 0.922607 0.976562 0.0297852 0.0431985
0 0.798828 0.595588 0.0292969 0.0496324
1 0.835938 0.12454 0.0214844 0.0450368
0 0.811035 0.117647 0.0234375 0.0477941
1 0.829834 0.77114 0.0297852 0.0569853
1 0.569092 0.596507 0.027832 0.0496324
0 0.829102 0.623162 0.0234375 0.0477941
1 0.96582 0.87454 0.0234375 0.046875
1 0.310547 0.240349 0.03125 0.0542279
1 0.872559 0.745864 0.0283203 0.046875
1 0.202393 0.957261 0.0307617 0.0542279
0 0.96582 0.873162 0.0234375 0.0514706
0 0.826416 0.953585 0.0297852 0.0523897
0 0.830322 0.77068 0.0297852 0.0560662
0 0.872559 0.745864 0.0283203 0.0487132
0 0.309814 0.240809 0.0307617 0.0533088
1 0.945312 0.561121 0.0283203 0.0487132
1 0.799805 0.595129 0.0273438 0.0487132
1 0.98877 0.172335 0.0224609 0.0505515
1 0.528809 0.307445 0.0224609 0.0450368
1 0.528076 0.272518 0.0209961 0.0376838
1 0.38623 0.254596 0.0263672 0.0477941
1 0.828857 0.624081 0.0219727 0.0459559
1 0.917236 0.493566 0.0249023 0.0496324
1 0.415527 0.454963 0.0234375 0.0459559
0 0.202148 0.95818 0.0283203 0.046875
0 0.0849609 0.238051 0.0361328 0.0588235
0 0.934326 0.883272 0.0249023 0.0422794
0 0.438721 0.882353 0.0336914 0.0551471
0 0.258789 0.847426 0.0273438 0.0514706
0 0.165283 0.772978 0.027832 0.0514706
1 0.377197 0.367188 0.0239258 0.0431985
0 0.108643 0.389246 0.0288086 0.0615809
0 0.0219727 0.193015 0.0332031 0.0661765
1 0.395264 0.339614 0.0239258 0.0431985
1 0.826416 0.954044 0.0297852 0.0514706
1 0.189209 0.542279 0.034668 0.0661765
1 0.689941 0.390165 0.03125 0.0652574
