1 0.785645 0.926471 0.0263672 0.0477941
0 0.310303 0.898438 0.0307617 0.0542279
1 0.101318 0.0229779 0.0336914 0.0459559
1 0.0849609 0.238511 0.0332031 0.0615809
0 0.568359 0.596967 0.0302734 0.0560662
0 0.101318 0.0220588 0.0336914 0.0441176
0 0.533936 0.919118 0.0307617 0.0496324
0 0.189453 0.54182 0.0341797 0.0689338
1 0.810791 0.119945 0.0219727 0.046875
0 0.810791 0.118107 0.0239258 0.046875
0 0.921875 0.977022 0.03125 0.0459559
1 0.922852 0.976562 0.03125 0.0431985
1 0.830322 0.771599 0.0297852 0.0560662
1 0.872559 0.745404 0.0283203 0.0459559
1 0.835938 0.12454 0.0214844 0.0450368
0 0.798584 0.595588 0.027832 0.0496324
0 0.964844 0.873162 0.0234375 0.0514706
1 0.569092 0.596507 0.027832 0.0496324
0 0.831299 0.769761 0.0297852 0.0560662
1 0.310547 0.240349 0.03125 0.0542279
1 0.202881 0.957261 0.0307617 0.0542279
0 0.309814 0.23989 0.0307617 0.0533088
1 0.917236 0.494026 0.0249023 0.0505515
1 0.799805 0.594669 0.0273438 0.0496324
1 0.945312 0.560662 0.0283203 0.0496324
1 0.528076 0.272978 0.0209961 0.0386029
1 0.828857 0.624081 0.0219727 0.0477941
0 0.828857 0.622702 0.0249023 0.0487132
0 0.438721 0.882353 0.0336914 0.0551471
0 0.826416 0.953585 0.0297852 0.0523897
0 0.0852051 0.238051 0.0356445 0.0569853
0 0.872559 0.746324 0.0283203 0.0477941
1 0.988281 0.172335 0.0234375 0.0505515
1 0.385986 0.255055 0.0258789 0.0487132
1 0.529297 0.306985 0.0224609 0.0441176
0 0.202148 0.957261 0.0283203 0.0487132
1 0.415527 0.454963 0.0234375 0.0459559
0 0.934326 0.883272 0.0249023 0.0422794
0 0.165283 0.773897 0.0268555 0.0514706
0 0.258789 0.847426 0.0273438 0.0514706
0 0.108887 0.389246 0.0292969 0.0615809
1 0.377441 0.367188 0.0244141 0.0431985
0 0.0219727 0.193015 0.0332031 0.0661765
1 0.825928 0.954504 0.0297852 0.0505515
1 0.395264 0.339614 0.0239258 0.0431985
1 0.189209 0.542279 0.034668 0.0661765
1 0.689941 0.389706 0.03125 0.0643382
