0 0.171875 0.0206801 0.0292969 0.0413603
0 0.859375 0.0850184 0.0253906 0.046875
0 0.691406 0.387408 0.0263672 0.0523897
0 0.7854 0.273438 0.0249023 0.0450368
0 0.0959473 0.579504 0.0268555 0.0450368
0 0.567139 0.596967 0.0288086 0.0523897
1 0.0935059 0.548254 0.0249023 0.0579044
1 0.882812 0.241728 0.0205078 0.0459559
0 0.439697 0.88511 0.0249023 0.0459559
1 0.858643 0.0840993 0.0219727 0.046875
0 0.810791 0.118566 0.0219727 0.0459559
1 0.917236 0.982077 0.0297852 0.0358456
1 0.858643 0.255515 0.0200195 0.0404412
0 0.789551 0.591912 0.0253906 0.0441176
1 0.917236 0.491728 0.027832 0.0459559
1 0.929688 0.871324 0.0263672 0.0459559
1 0.835938 0.866268 0.0205078 0.0376838
1 0.789795 0.590533 0.0249023 0.0450368
1 0.932861 0.564338 0.0249023 0.0459559
0 0.0217285 0.194853 0.0258789 0.0496324
0 0.206543 0.317096 0.0263672 0.0514706
1 0.808594 0.299632 0.0234375 0.0404412
1 0.810059 0.116728 0.0205078 0.0441176
1 0.20166 0.0712316 0.0263672 0.0450368
1 0.440186 0.883732 0.0239258 0.046875
0 0.872803 0.732077 0.0249023 0.0450368
1 0.172363 0.0211397 0.0273438 0.0386029
0 0.82666 0.954963 0.0283203 0.0496324
1 0.828857 0.623162 0.0219727 0.0477941
1 0.0939941 0.0257353 0.0317383 0.0422794
0 0.197998 0.95818 0.027832 0.046875
0 0.0854492 0.238511 0.0302734 0.0523897
1 0.989014 0.173254 0.0219727 0.0487132
1 0.198242 0.959559 0.0283203 0.0477941
1 0.836914 0.12454 0.0234375 0.0431985
0 0.828857 0.622243 0.0249023 0.0496324
1 0.785156 0.272059 0.0234375 0.0477941
0 0.102051 0.377298 0.0253906 0.0505515
1 0.690674 0.387408 0.0268555 0.0505515
1 0.258545 0.844669 0.0249023 0.0459559
1 0.568115 0.599265 0.0258789 0.0459559
1 0.873535 0.731618 0.0263672 0.0477941
1 0.825684 0.955882 0.0283203 0.0496324
1 0.825928 0.786305 0.0249023 0.0487132
1 0.550781 0.897059 0.0253906 0.0422794
0 0.200928 0.0712316 0.0258789 0.0450368
1 0.195801 0.534007 0.0273438 0.0533088
1 0.206543 0.315257 0.0253906 0.0477941
1 0.235107 0.340074 0.0268555 0.0477941
0 0.93042 0.871324 0.0268555 0.0477941
0 0.0939941 0.539522 0.0268555 0.0459559
1 0.863281 0.861673 0.0234375 0.046875
1 0.095459 0.579963 0.0268555 0.0459559
1 0.769043 0.924632 0.0273438 0.0514706
1 0.771484 0.743107 0.0224609 0.046875
1 0.524658 0.269301 0.0229492 0.0404412
0 0.164551 0.77068 0.0292969 0.0523897
1 0.515137 0.196232 0.0205078 0.0431985
1 0.880371 0.826287 0.0234375 0.0459559
1 0.528076 0.309743 0.0209961 0.0404412
1 0.391357 0.871324 0.0229492 0.0477941
1 0.414062 0.921875 0.0224609 0.0441176
1 0.376465 0.539522 0.0224609 0.0404412
1 0.395508 0.225184 0.0234375 0.0459559
1 0.755859 0.789062 0.0244141 0.0450368
1 0.568359 0.0900735 0.0234375 0.0441176
1 0.394287 0.540441 0.0200195 0.0367647
1 0.981934 0.909007 0.0263672 0.0496324
1 0.415283 0.457721 0.0258789 0.0441176
1 0.541016 0.058364 0.0253906 0.0450368
1 0.378662 0.368107 0.0249023 0.0431985
1 0.409424 0.340533 0.0239258 0.0431985
1 0.311523 0.245864 0.0273438 0.0450368
