1 0.401611 0.348805 0.0415039 0.0487132
1 0.871826 0.117647 0.019043 0.0386029
1 0.329346 0.165901 0.0297852 0.0505515
0 0.912354 0.982996 0.0327148 0.0340074
0 0.654297 0.011489 0.0273438 0.0229779
0 0.236816 0.711857 0.0263672 0.0413603
1 0.806885 0.988051 0.0297852 0.0238971
0 0.610596 0.0128676 0.0239258 0.0257353
0 0.681152 0.108915 0.0244141 0.0395221
1 0.196533 0.846967 0.0288086 0.0376838
1 0.588623 0.36489 0.0249023 0.0422794
0 0.196289 0.940257 0.0273438 0.0422794
1 0.681152 0.106158 0.0234375 0.0413603
1 0.236816 0.711397 0.0244141 0.0441176
0 0.0170898 0.19807 0.0283203 0.0542279
0 0.834473 0.862592 0.0205078 0.0413603
1 0.564941 0.60386 0.0273438 0.0441176
1 0.877197 0.719669 0.0249023 0.0459559
0 0.523193 0.0684743 0.0249023 0.046875
1 0.855469 0.253217 0.0253906 0.0431985
1 0.496582 0.674173 0.0224609 0.046875
0 0.678467 0.0592831 0.0209961 0.0413603
0 0.731689 0.112132 0.0229492 0.0459559
0 0.25708 0.844669 0.0258789 0.0441176
1 0.879883 0.824449 0.0234375 0.0459559
1 0.017334 0.196691 0.027832 0.0551471
0 0.828857 0.621324 0.0268555 0.0514706
1 0.602783 0.240349 0.0209961 0.0431985
0 0.440674 0.884191 0.0297852 0.0514706
0 0.778564 0.70818 0.0258789 0.0431985
1 0.414795 0.45818 0.0268555 0.0450368
0 0.587891 0.36443 0.0234375 0.0395221
0 0.496582 0.674173 0.0234375 0.0487132
0 0.877441 0.720129 0.0283203 0.0487132
0 0.825684 0.955882 0.0283203 0.0496324
0 0.376221 0.692555 0.0239258 0.0450368
0 0.391113 0.659467 0.0244141 0.0431985
0 0.857178 0.86443 0.0249023 0.046875
0 0.410156 0.340074 0.0263672 0.0459559
0 0.752686 0.922794 0.027832 0.0477941
1 0.740234 0.169118 0.0253906 0.0459559
1 0.371582 0.539062 0.0263672 0.046875
1 0.196289 0.940257 0.0273438 0.0459559
0 0.405518 0.205423 0.0258789 0.0505515
0 0.880371 0.824908 0.0234375 0.0505515
1 0.4104 0.340533 0.027832 0.046875
1 0.829102 0.622243 0.0234375 0.0477941
1 0.381348 0.786765 0.0224609 0.0422794
0 0.301025 0.66682 0.0239258 0.0450368
1 0.678955 0.0602022 0.0239258 0.0413603
1 0.825928 0.955882 0.0297852 0.0477941
1 0.440186 0.887408 0.0288086 0.0505515
1 0.314941 0.149357 0.0244141 0.0450368
1 0.258545 0.845588 0.0288086 0.0459559
1 0.534912 0.331342 0.0258789 0.0505515
1 0.91626 0.495404 0.0297852 0.0477941
1 0.522217 0.0689338 0.0249023 0.0459559
0 0.474365 0.670496 0.0219727 0.0450368
0 0.7854 0.59421 0.0288086 0.046875
1 0.0773926 0.23989 0.027832 0.0496324
1 0.572998 0.390625 0.0229492 0.0386029
1 0.572021 0.102941 0.0258789 0.0459559
1 0.0146484 0.981618 0.0253906 0.0367647
1 0.652344 0.397518 0.0224609 0.0431985
1 0.928955 0.564338 0.0268555 0.0441176
0 0.826416 0.807904 0.0249023 0.0533088
1 0.164062 0.77114 0.0263672 0.0459559
0 0.755615 0.788603 0.0258789 0.0441176
1 0.188232 0.480699 0.0249023 0.0459559
1 0.838379 0.12454 0.0234375 0.0450368
1 0.196777 0.530331 0.0234375 0.0422794
1 0.0964355 0.356618 0.0249023 0.0459559
0 0.558594 0.882812 0.0263672 0.046875
1 0.925781 0.85432 0.0263672 0.046875
1 0.211182 0.0790441 0.0258789 0.0514706
0 0.565918 0.602941 0.0273438 0.0459559
1 0.666016 0.395221 0.0214844 0.0422794
1 0.806152 0.179688 0.0224609 0.0413603
1 0.881104 0.0863971 0.0219727 0.0422794
1 0.0913086 0.03125 0.0332031 0.0514706
1 0.391357 0.875 0.0239258 0.0514706
1 0.752441 0.922794 0.0263672 0.0496324
0 0.319336 0.645221 0.0234375 0.0441176
1 0.171875 0.0188419 0.0292969 0.0376838
1 0.157715 0.492188 0.0234375 0.0431985
1 0.0932617 0.601103 0.0224609 0.0441176
1 0.525391 0.268842 0.0253906 0.0487132
1 0.858643 0.0836397 0.0219727 0.0441176
1 0.37793 0.368107 0.0253906 0.0450368
1 0.811523 0.301471 0.0253906 0.0441176
1 0.59668 0.295037 0.0234375 0.0441176
1 0.146484 0.585478 0.0205078 0.0441176
1 0.808594 0.118107 0.0214844 0.0450368
1 0.151855 0.288143 0.0263672 0.0450368
1 0.335693 0.183824 0.0258789 0.0459559
1 0.132812 0.609375 0.0214844 0.0422794
1 0.102295 0.523897 0.0239258 0.0477941
1 0.123779 0.822151 0.0268555 0.0450368
1 0.988281 0.175092 0.0214844 0.0505515
1 0.897461 0.106158 0.0234375 0.0450368
1 0.691162 0.386029 0.0249023 0.0477941
1 0.147949 0.234375 0.0263672 0.0441176
1 0.03125 0.409926 0.0234375 0.0422794
1 0.0224609 0.442555 0.0224609 0.0413603
1 0.505127 0.17693 0.0268555 0.0487132
1 0.0942383 0.815257 0.0292969 0.0533088
1 0.80542 0.210478 0.0239258 0.0422794
1 0.419189 0.945772 0.0268555 0.0496324
1 0.23877 0.346507 0.0283203 0.0514706
1 0.785156 0.271599 0.0253906 0.046875
1 0.227539 0.769301 0.0253906 0.0459559
1 0.58252 0.245864 0.0234375 0.0431985
1 0.205322 0.314338 0.0249023 0.0477941
1 0.98291 0.919577 0.0283203 0.0560662
1 0.313721 0.247243 0.0258789 0.0459559
