1 0.185547 0.0399816 0.0253906 0.0450368
1 0.0986328 0.0238971 0.0341797 0.0477941
1 0.311279 0.89568 0.027832 0.0487132
1 0.172852 0.0215993 0.0263672 0.0413603
1 0.882812 0.241268 0.0214844 0.046875
1 0.858643 0.0836397 0.0219727 0.0441176
0 0.185791 0.0409007 0.0249023 0.0450368
0 0.391602 0.870864 0.0224609 0.046875
1 0.798096 0.59329 0.0258789 0.0450368
1 0.568848 0.596967 0.0273438 0.046875
1 0.858643 0.252298 0.0219727 0.0395221
1 0.521973 0.206801 0.0195312 0.0422794
0 0.438477 0.882812 0.0234375 0.046875
0 0.172363 0.0211397 0.0273438 0.0386029
0 0.567871 0.597426 0.0302734 0.0533088
0 0.798096 0.594669 0.0268555 0.0459559
1 0.777588 0.921415 0.0288086 0.0505515
1 0.407959 0.893382 0.0219727 0.0459559
1 0.539062 0.912684 0.0253906 0.0459559
0 0.827393 0.774357 0.027832 0.0450368
1 0.200439 0.95864 0.0288086 0.0514706
1 0.810791 0.119945 0.0219727 0.046875
0 0.200928 0.95864 0.0317383 0.0533088
1 0.920898 0.97886 0.03125 0.0422794
0 0.933594 0.882353 0.0253906 0.0422794
1 0.828857 0.623621 0.0219727 0.046875
1 0.934326 0.880055 0.0249023 0.0431985
0 0.258545 0.847426 0.0268555 0.0514706
1 0.916992 0.493566 0.0234375 0.0477941
1 0.525635 0.269301 0.0219727 0.0404412
1 0.989014 0.172335 0.0219727 0.0487132
0 0.828857 0.622702 0.0249023 0.0487132
1 0.528564 0.309743 0.0209961 0.0422794
1 0.836914 0.12454 0.0234375 0.0431985
1 0.391602 0.872243 0.0214844 0.0459559
1 0.943115 0.563879 0.0297852 0.0505515
0 0.777344 0.922335 0.0283203 0.0487132
0 0.0852051 0.238511 0.0327148 0.0579044
0 0.872559 0.743566 0.0263672 0.0496324
0 0.165039 0.772059 0.0283203 0.0496324
1 0.388916 0.244945 0.0258789 0.0560662
0 0.107422 0.387868 0.0273438 0.0569853
0 0.0222168 0.193015 0.0317383 0.0606618
0 0.826416 0.954504 0.0297852 0.0523897
1 0.785645 0.272518 0.0234375 0.0431985
1 0.415039 0.455423 0.0234375 0.0431985
1 0.971924 0.883272 0.0249023 0.0422794
1 0.311279 0.244026 0.027832 0.0450368
1 0.689941 0.389246 0.03125 0.0634191
1 0.799805 0.298713 0.0234375 0.0422794
1 0.377686 0.369026 0.0249023 0.0450368
1 0.189453 0.542279 0.0322266 0.0606618
1 0.405273 0.337776 0.0234375 0.0431985
