1 0.77002 0.755515 0.0273438 0.0441176
1 0.793945 0.590993 0.0273438 0.0496324
1 0.858643 0.0845588 0.0200195 0.0441176
0 0.80542 0.304228 0.0200195 0.0459559
0 0.259033 0.845588 0.0297852 0.0514706
1 0.882812 0.242188 0.0214844 0.046875
1 0.0952148 0.0243566 0.0302734 0.0413603
1 0.933594 0.879596 0.0253906 0.0422794
1 0.518799 0.201287 0.0209961 0.0367647
1 0.3125 0.891544 0.0283203 0.0514706
1 0.835938 0.867647 0.0185547 0.0367647
0 0.920898 0.979779 0.03125 0.0404412
1 0.858643 0.254596 0.0219727 0.0404412
1 0.92041 0.978401 0.03125 0.0431985
1 0.438965 0.883732 0.0234375 0.0487132
0 0.771973 0.924173 0.0273438 0.0505515
0 0.171875 0.0220588 0.0273438 0.0404412
0 0.567627 0.596967 0.0297852 0.0523897
0 0.439453 0.884651 0.0244141 0.0487132
0 0.793945 0.591912 0.0263672 0.0477941
1 0.825928 0.955882 0.0297852 0.0496324
1 0.917236 0.492188 0.027832 0.046875
1 0.810547 0.119485 0.0214844 0.0441176
1 0.543457 0.0579044 0.0244141 0.0422794
1 0.565918 0.0831801 0.0234375 0.0431985
1 0.785889 0.272059 0.0229492 0.0459559
0 0.565918 0.0827206 0.0224609 0.0422794
1 0.828857 0.623621 0.0219727 0.046875
0 0.689941 0.388327 0.0283203 0.0579044
0 0.933594 0.881434 0.0234375 0.0441176
0 0.198975 0.95818 0.0317383 0.0523897
0 0.196777 0.0620404 0.0253906 0.046875
1 0.83667 0.12454 0.0219727 0.0413603
0 0.871826 0.743566 0.0249023 0.0459559
1 0.771484 0.924173 0.0273438 0.0487132
1 0.258789 0.845588 0.0263672 0.0496324
1 0.568359 0.598346 0.0273438 0.0477941
1 0.989014 0.172794 0.0219727 0.0496324
0 0.756592 0.790901 0.0239258 0.0413603
1 0.546143 0.904871 0.0258789 0.046875
0 0.231689 0.339614 0.0239258 0.0505515
0 0.769531 0.758732 0.0253906 0.0413603
1 0.171631 0.0215993 0.0268555 0.0395221
0 0.828857 0.622702 0.0249023 0.0487132
0 0.0852051 0.238511 0.0307617 0.0542279
0 0.0227051 0.193934 0.027832 0.0533088
1 0.524658 0.269301 0.0219727 0.0404412
1 0.690186 0.386949 0.0288086 0.0569853
0 0.826416 0.954963 0.0297852 0.0514706
1 0.824219 0.778033 0.0253906 0.046875
1 0.805664 0.30239 0.0234375 0.0459559
1 0.936035 0.565717 0.0263672 0.046875
1 0.19873 0.95864 0.0292969 0.0496324
1 0.528076 0.310662 0.0209961 0.0404412
1 0.865723 0.858915 0.0234375 0.046875
1 0.4104 0.911765 0.0219727 0.0422794
1 0.872803 0.740349 0.0249023 0.0487132
0 0.164795 0.770221 0.0297852 0.0514706
1 0.879883 0.826287 0.0234375 0.0459559
0 0.103516 0.381434 0.0263672 0.0514706
1 0.391357 0.871324 0.0229492 0.0477941
0 0.208496 0.317555 0.0263672 0.0505515
1 0.311279 0.245404 0.027832 0.0459559
1 0.977295 0.897978 0.0249023 0.0496324
1 0.393311 0.232996 0.0249023 0.0450368
1 0.415283 0.457261 0.0249023 0.046875
1 0.408936 0.340074 0.0239258 0.0441176
1 0.190186 0.54136 0.0297852 0.0551471
1 0.378906 0.367647 0.0253906 0.0459559
