0 0.310791 0.242188 0.0297852 0.0505515
1 0.858643 0.0840993 0.0219727 0.046875
1 0.934326 0.880515 0.0249023 0.0441176
0 0.189697 0.54182 0.0327148 0.0652574
1 0.523193 0.20864 0.0180664 0.0404412
0 0.798584 0.595129 0.027832 0.0487132
1 0.921875 0.977941 0.0332031 0.0441176
1 0.825928 0.954963 0.0297852 0.0514706
1 0.798584 0.594669 0.0258789 0.0477941
1 0.536377 0.915901 0.0249023 0.0487132
0 0.920898 0.977941 0.03125 0.0422794
0 0.439453 0.881434 0.0253906 0.0459559
1 0.201904 0.95818 0.0307617 0.0542279
1 0.568848 0.596507 0.0273438 0.0477941
0 0.201416 0.959099 0.027832 0.0487132
1 0.943115 0.563419 0.0297852 0.0496324
1 0.828857 0.625 0.0219727 0.0477941
1 0.917236 0.493566 0.0249023 0.0496324
0 0.780273 0.922335 0.03125 0.0487132
1 0.98877 0.172335 0.0224609 0.0505515
0 0.828857 0.623621 0.0249023 0.0487132
0 0.828125 0.772059 0.03125 0.0551471
1 0.811035 0.119945 0.0234375 0.0487132
0 0.258545 0.846967 0.0268555 0.0505515
1 0.835938 0.124081 0.0234375 0.0459559
0 0.872559 0.745864 0.0263672 0.0487132
1 0.528564 0.309743 0.0209961 0.0404412
0 0.0849609 0.238971 0.0341797 0.0606618
0 0.934326 0.883272 0.0249023 0.0422794
0 0.165283 0.772059 0.027832 0.0477941
1 0.526611 0.269761 0.0209961 0.0395221
0 0.108398 0.389246 0.0292969 0.0597426
1 0.415039 0.454963 0.0234375 0.0441176
1 0.400391 0.334099 0.0234375 0.0431985
1 0.310791 0.243107 0.0297852 0.0487132
0 0.0217285 0.193015 0.0327148 0.0643382
1 0.969482 0.880055 0.0249023 0.0487132
0 0.826416 0.954504 0.0297852 0.0523897
1 0.189209 0.542279 0.0336914 0.0625
1 0.388428 0.24954 0.0258789 0.0487132
1 0.37793 0.368107 0.0244141 0.0450368
1 0.689941 0.389706 0.03125 0.0643382
