1 0.30957 0.238511 0.0292969 0.0579044
0 0.959473 0.867647 0.0263672 0.0404412
1 0.439453 0.880515 0.0322266 0.0588235
1 0.950684 0.556526 0.03125 0.0487132
1 0.308838 0.901654 0.0268555 0.0496324
0 0.101807 0.0229779 0.034668 0.0459559
1 0.102295 0.0238971 0.0336914 0.0477941
1 0.109375 0.387408 0.0292969 0.0634191
0 0.525391 0.209559 0.0234375 0.0459559
0 0.189697 0.54136 0.034668 0.0716912
1 0.83667 0.764706 0.0268555 0.0477941
0 0.791016 0.925092 0.0253906 0.0505515
1 0.828857 0.625 0.0219727 0.0477941
1 0.791016 0.925092 0.0244141 0.0487132
1 0.959229 0.869026 0.0249023 0.0395221
0 0.56958 0.597886 0.0317383 0.0542279
1 0.38501 0.258272 0.0288086 0.0496324
0 0.922607 0.977022 0.027832 0.0441176
0 0.799805 0.594669 0.0273438 0.0514706
1 0.800781 0.594669 0.0253906 0.0496324
0 0.82666 0.953585 0.0283203 0.0505515
1 0.91626 0.495404 0.0249023 0.0459559
1 0.872559 0.745404 0.0283203 0.0459559
1 0.987549 0.173254 0.0249023 0.0560662
1 0.377686 0.367647 0.0219727 0.0422794
0 0.310059 0.238971 0.0302734 0.0569853
0 0.258789 0.846967 0.0273438 0.0505515
0 0.93457 0.883272 0.0234375 0.0386029
0 0.872559 0.746324 0.0283203 0.0477941
1 0.415771 0.454504 0.0249023 0.0487132
1 0.203369 0.95818 0.0307617 0.0542279
0 0.202393 0.95818 0.0288086 0.0487132
0 0.438965 0.881434 0.0341797 0.0569853
0 0.829102 0.623621 0.0234375 0.0487132
0 0.0852051 0.23943 0.034668 0.0615809
0 0.164551 0.772518 0.0283203 0.0560662
1 0.391602 0.344669 0.0224609 0.0422794
0 0.108887 0.388327 0.0302734 0.0615809
1 0.689453 0.389706 0.03125 0.0661765
1 0.825684 0.953585 0.0283203 0.0487132
0 0.0219727 0.193015 0.0332031 0.0661765
1 0.189453 0.54182 0.0341797 0.0670956
