1 0.611328 0.0124081 0.0253906 0.0248162
0 0.834473 0.862592 0.0185547 0.0376838
1 0.858398 0.863511 0.0234375 0.046875
1 0.476074 0.667739 0.0195312 0.0413603
0 0.587646 0.36443 0.0219727 0.0340074
0 0.91626 0.493566 0.0249023 0.0459559
1 0.492676 0.670037 0.0205078 0.0404412
0 0.680908 0.105699 0.0219727 0.0404412
0 0.775879 0.712316 0.0234375 0.0459559
0 0.857666 0.863051 0.0249023 0.0459559
1 0.740723 0.163603 0.0234375 0.0422794
0 0.678467 0.0597426 0.0209961 0.0422794
1 0.879639 0.824908 0.0249023 0.0450368
1 0.731445 0.115809 0.0234375 0.0422794
0 0.827393 0.804228 0.0268555 0.0533088
1 0.856201 0.252757 0.0249023 0.0441176
0 0.912354 0.982996 0.0297852 0.0340074
1 0.807373 0.18704 0.0229492 0.0395221
0 0.877441 0.721048 0.0263672 0.046875
1 0.557129 0.881434 0.0273438 0.0441176
1 0.829102 0.622702 0.0234375 0.046875
0 0.880371 0.824908 0.0234375 0.0487132
0 0.786621 0.59421 0.0283203 0.046875
1 0.381592 0.786765 0.0219727 0.0404412
1 0.917236 0.494485 0.027832 0.0477941
0 0.755127 0.923713 0.0297852 0.0496324
1 0.439453 0.886029 0.0273438 0.0459559
1 0.575928 0.391085 0.0209961 0.0340074
1 0.407715 0.537684 0.0224609 0.0386029
0 0.557129 0.884191 0.0273438 0.0441176
0 0.828857 0.621783 0.0249023 0.0505515
1 0.0185547 0.195772 0.0253906 0.0514706
1 0.678711 0.0606618 0.0234375 0.0404412
1 0.534668 0.330423 0.0244141 0.0487132
1 0.25708 0.84375 0.0258789 0.0441176
1 0.30127 0.66636 0.0224609 0.0422794
0 0.825684 0.954963 0.0283203 0.0496324
1 0.0905762 0.0317096 0.0336914 0.0487132
1 0.838379 0.124081 0.0234375 0.0441176
1 0.40332 0.209559 0.0234375 0.0477941
0 0.755615 0.789062 0.0249023 0.0431985
1 0.237305 0.713235 0.0234375 0.0477941
1 0.69043 0.384191 0.0273438 0.0477941
1 0.929688 0.563879 0.0263672 0.0450368
1 0.88208 0.0863971 0.0200195 0.0422794
1 0.389648 0.663603 0.0224609 0.0441176
1 0.52417 0.0680147 0.0239258 0.0441176
1 0.571533 0.102941 0.0239258 0.0441176
1 0.316162 0.647059 0.0209961 0.0404412
1 0.197021 0.943474 0.027832 0.0487132
0 0.565918 0.601562 0.0263672 0.046875
1 0.75415 0.923713 0.0288086 0.0533088
1 0.0146484 0.981618 0.0253906 0.0367647
1 0.378174 0.690257 0.0219727 0.0441176
1 0.414062 0.457261 0.0253906 0.0450368
1 0.926514 0.855239 0.0268555 0.046875
1 0.371094 0.539062 0.0253906 0.0450368
1 0.210205 0.0795037 0.0258789 0.0487132
1 0.078125 0.238511 0.0273438 0.0487132
1 0.859375 0.0831801 0.0205078 0.0431985
1 0.09375 0.601562 0.0234375 0.0450368
1 0.172119 0.0193015 0.0288086 0.0386029
1 0.391602 0.874081 0.0234375 0.0496324
1 0.145752 0.587316 0.0200195 0.0422794
1 0.03125 0.410386 0.0214844 0.0395221
1 0.809326 0.118107 0.0219727 0.0431985
1 0.524902 0.268382 0.0244141 0.0477941
1 0.812012 0.301471 0.0244141 0.0422794
1 0.0969238 0.358915 0.0258789 0.046875
1 0.318115 0.158548 0.0229492 0.0487132
1 0.897705 0.106158 0.0219727 0.0450368
1 0.101318 0.523897 0.0249023 0.0477941
1 0.595215 0.296415 0.0234375 0.0395221
1 0.988281 0.175092 0.0214844 0.0505515
1 0.410156 0.339614 0.0253906 0.0450368
1 0.785645 0.272059 0.0244141 0.0459559
1 0.197021 0.530331 0.0229492 0.0422794
1 0.0244141 0.43704 0.0234375 0.0413603
1 0.506348 0.179688 0.0263672 0.046875
1 0.121094 0.822151 0.0253906 0.046875
1 0.132324 0.608915 0.0214844 0.0413603
1 0.419189 0.943474 0.0258789 0.0505515
1 0.37793 0.368107 0.0253906 0.0431985
1 0.805664 0.210018 0.0234375 0.0413603
1 0.187256 0.482996 0.0239258 0.0450368
1 0.15332 0.282169 0.0244141 0.0422794
1 0.147705 0.235294 0.0249023 0.0422794
1 0.0947266 0.814798 0.0283203 0.0523897
1 0.159668 0.487592 0.0224609 0.0395221
1 0.98291 0.918658 0.0283203 0.0542279
1 0.583496 0.24954 0.0234375 0.0431985
1 0.164062 0.77068 0.0263672 0.046875
1 0.335449 0.182904 0.0224609 0.0477941
1 0.238525 0.345588 0.027832 0.0514706
1 0.205322 0.314338 0.0249023 0.0477941
1 0.312988 0.247243 0.0253906 0.0441176
1 0.22876 0.764706 0.0249023 0.0459559
