0 0.100098 0.0229779 0.0351562 0.0459559
0 0.567871 0.597426 0.0302734 0.0551471
1 0.933594 0.880515 0.0253906 0.0441176
1 0.523438 0.20864 0.0175781 0.0404412
0 0.798584 0.595588 0.027832 0.0477941
0 0.189697 0.54136 0.0336914 0.0680147
0 0.310547 0.241728 0.0302734 0.0514706
0 0.311035 0.897978 0.0302734 0.0533088
1 0.858643 0.0840993 0.0219727 0.046875
1 0.108643 0.386949 0.0297852 0.0625
0 0.921875 0.977022 0.03125 0.0422794
0 0.5354 0.91636 0.0297852 0.0496324
1 0.921875 0.977482 0.0332031 0.0450368
1 0.201904 0.95818 0.0307617 0.0542279
1 0.568848 0.596967 0.0273438 0.0487132
1 0.799316 0.59421 0.0263672 0.0487132
0 0.438721 0.882812 0.0307617 0.0542279
0 0.828857 0.623162 0.0249023 0.0496324
1 0.989014 0.172794 0.0219727 0.0496324
1 0.398438 0.335478 0.0253906 0.0422794
0 0.828857 0.772059 0.0297852 0.0551471
1 0.943848 0.56296 0.0283203 0.0505515
0 0.201416 0.95818 0.027832 0.0487132
1 0.917236 0.493566 0.0249023 0.0496324
1 0.528564 0.309283 0.0209961 0.0413603
1 0.811035 0.119945 0.0234375 0.0487132
1 0.829102 0.624081 0.0234375 0.0477941
0 0.781982 0.921415 0.0317383 0.0505515
1 0.527344 0.27068 0.0214844 0.0395221
0 0.934326 0.883272 0.0249023 0.0422794
0 0.0849609 0.238971 0.0341797 0.0606618
0 0.872559 0.745864 0.0263672 0.0487132
1 0.415283 0.454963 0.0239258 0.0459559
1 0.835938 0.124081 0.0234375 0.0459559
1 0.311035 0.242188 0.0302734 0.0505515
1 0.826416 0.954044 0.0297852 0.0514706
0 0.108398 0.388787 0.0292969 0.0606618
0 0.165039 0.773897 0.0273438 0.0514706
0 0.258789 0.847886 0.0263672 0.0505515
0 0.826416 0.954504 0.0297852 0.0523897
1 0.96875 0.879136 0.0253906 0.046875
0 0.0219727 0.192555 0.0332031 0.0652574
1 0.377686 0.367188 0.0239258 0.0450368
1 0.387939 0.25046 0.0268555 0.0487132
1 0.189209 0.54182 0.034668 0.0652574
1 0.689941 0.389706 0.03125 0.0661765
