1 0.0766602 0.244026 0.0292969 0.0487132
1 0.171143 0.813879 0.0200195 0.0358456
1 0.749756 0.922335 0.0249023 0.0487132
0 0.926514 0.849265 0.0268555 0.0441176
0 0.0922852 0.599724 0.0234375 0.046875
0 0.315186 0.886949 0.0249023 0.0441176
1 0.991699 0.758732 0.0166016 0.0413603
1 0.811279 0.4375 0.027832 0.0441176
0 0.877441 0.71921 0.0283203 0.0505515
0 0.677979 0.0592831 0.0219727 0.0413603
0 0.0942383 0.815257 0.0283203 0.0533088
0 0.824951 0.955882 0.0268555 0.0477941
0 0.162842 0.772059 0.0258789 0.0477941
1 0.414795 0.459099 0.0268555 0.0450368
0 0.588379 0.36443 0.0234375 0.0413603
1 0.0195312 0.446691 0.0234375 0.0459559
0 0.811035 0.43796 0.0234375 0.0395221
1 0.163818 0.77114 0.0258789 0.0459559
0 0.440674 0.884191 0.0297852 0.0514706
0 0.739502 0.172794 0.0219727 0.0496324
1 0.410156 0.340074 0.0273438 0.0477941
1 0.802246 0.409467 0.0224609 0.0376838
1 0.571289 0.105699 0.0273438 0.0514706
1 0.739502 0.174632 0.0239258 0.0477941
1 0.534668 0.332261 0.0244141 0.0505515
1 0.259521 0.846507 0.027832 0.0459559
1 0.521484 0.0689338 0.0244141 0.0441176
0 0.834473 0.863511 0.0205078 0.0413603
0 0.609375 0.0137868 0.0253906 0.0275735
0 0.750488 0.921415 0.0263672 0.046875
0 0.0146484 0.980699 0.0253906 0.0386029
1 0.588623 0.36489 0.0239258 0.0441176
1 0.853271 0.256893 0.0249023 0.0413603
1 0.146973 0.585478 0.0214844 0.0459559
1 0.371582 0.539062 0.0263672 0.0487132
1 0.381104 0.786765 0.0239258 0.0459559
1 0.877441 0.71829 0.0263672 0.0450368
1 0.68042 0.118107 0.0249023 0.046875
0 0.828857 0.621783 0.0249023 0.0505515
0 0.0314941 0.409926 0.0249023 0.0441176
0 0.268555 0.985294 0.0273438 0.0294118
1 0.313965 0.141085 0.0273438 0.0450368
1 0.914062 0.498162 0.0283203 0.0477941
1 0.924072 0.850184 0.0249023 0.0422794
0 0.731201 0.106158 0.0249023 0.0450368
1 0.824951 0.954963 0.027832 0.0459559
1 0.828857 0.622702 0.0219727 0.046875
0 0.187988 0.476562 0.0253906 0.046875
0 0.090332 0.0340074 0.0341797 0.0514706
0 0.196777 0.53171 0.0234375 0.0450368
0 0.470947 0.672335 0.0249023 0.046875
0 0.371094 0.693474 0.0234375 0.0431985
0 0.521973 0.0684743 0.0244141 0.0450368
1 0.377686 0.369026 0.0249023 0.0450368
0 0.146729 0.585938 0.0209961 0.0431985
0 0.410156 0.339614 0.0253906 0.0450368
0 0.406006 0.202665 0.0258789 0.0505515
1 0.0949707 0.35386 0.027832 0.0477941
1 0.131836 0.611213 0.0224609 0.0422794
0 0.391846 0.658548 0.0239258 0.0450368
1 0.184082 0.836857 0.0244141 0.0450368
1 0.927246 0.564338 0.0263672 0.0441176
1 0.651855 0.397518 0.0224609 0.0431985
0 0.0769043 0.243107 0.0317383 0.0505515
1 0.0935059 0.815257 0.027832 0.0514706
1 0.440674 0.886949 0.0297852 0.0496324
0 0.501221 0.673713 0.0239258 0.0533088
0 0.0192871 0.446691 0.0258789 0.0459559
1 0.104004 0.525735 0.0253906 0.0459559
1 0.837646 0.124081 0.0249023 0.0441176
1 0.471436 0.671875 0.0258789 0.0477941
1 0.571289 0.390625 0.0234375 0.0404412
1 0.678467 0.0602022 0.0239258 0.0413603
0 0.784424 0.592831 0.0288086 0.0477941
0 0.197266 0.932445 0.0253906 0.0431985
0 0.257568 0.845588 0.0258789 0.0441176
0 0.237549 0.710478 0.0249023 0.0422794
1 0.148438 0.234375 0.0263672 0.0422794
0 0.156738 0.495404 0.0244141 0.0459559
0 0.880371 0.823989 0.0234375 0.0487132
1 0.0913086 0.0326287 0.0332031 0.0542279
1 0.212402 0.0795037 0.0263672 0.0523897
1 0.202637 0.851562 0.0244141 0.0431985
1 0.858643 0.0831801 0.0200195 0.0413603
1 0.881348 0.0840993 0.0205078 0.0413603
1 0.125977 0.824908 0.0263672 0.0487132
0 0.755615 0.788603 0.0249023 0.0441176
0 0.827148 0.81296 0.0234375 0.046875
1 0.171875 0.0188419 0.0302734 0.0376838
1 0.335693 0.186121 0.0258789 0.046875
1 0.500244 0.673713 0.0258789 0.0514706
1 0.598389 0.230239 0.0200195 0.0395221
0 0.322021 0.638327 0.0239258 0.0413603
1 0.804199 0.174632 0.0244141 0.0422794
0 0.300293 0.66682 0.0244141 0.046875
0 0.559814 0.880974 0.0258789 0.0450368
1 0.668213 0.393382 0.0219727 0.0422794
1 0.0925293 0.601103 0.0249023 0.0477941
0 0.0161133 0.198529 0.0263672 0.0533088
1 0.80835 0.117188 0.0219727 0.0431985
1 0.226562 0.774357 0.0253906 0.0450368
0 0.857178 0.866268 0.0249023 0.0450368
0 0.565186 0.604779 0.0268555 0.0459559
1 0.610596 0.247243 0.0200195 0.0404412
1 0.526611 0.269301 0.0258789 0.0496324
1 0.238281 0.346048 0.0283203 0.0523897
1 0.151611 0.293658 0.027832 0.0431985
1 0.596924 0.297794 0.0229492 0.0441176
1 0.391357 0.875 0.0239258 0.0514706
1 0.896729 0.106158 0.0219727 0.0431985
1 0.581543 0.247243 0.0234375 0.0422794
1 0.989014 0.175551 0.0219727 0.0477941
1 0.811768 0.301471 0.0268555 0.0422794
1 0.691162 0.38557 0.0249023 0.046875
1 0.80542 0.210938 0.0249023 0.0431985
1 0.205566 0.313879 0.0253906 0.0487132
1 0.503662 0.175551 0.0249023 0.0477941
1 0.983643 0.921415 0.0268555 0.0542279
1 0.314453 0.248162 0.0263672 0.0459559
1 0.784912 0.27114 0.0258789 0.0459559
1 0.419922 0.948529 0.0263672 0.0496324
