1 0.0981445 0.569393 0.0263672 0.0762868
1 0.883545 0.102022 0.0200195 0.0422794
1 0.805664 0.988051 0.03125 0.0238971
1 0.876709 0.722426 0.0297852 0.0477941
0 0.0161133 0.980699 0.03125 0.0386029
0 0.566406 0.597886 0.0292969 0.0523897
0 0.914795 0.981158 0.027832 0.0321691
1 0.53125 0.319853 0.0234375 0.0404412
0 0.0200195 0.195772 0.0263672 0.0496324
1 0.83667 0.865349 0.0219727 0.0395221
0 0.163818 0.769761 0.0288086 0.0560662
1 0.858398 0.253217 0.0234375 0.0376838
1 0.0197754 0.194853 0.027832 0.0533088
0 0.875732 0.725184 0.027832 0.0459559
1 0.115479 0.814798 0.0209961 0.0376838
1 0.164551 0.770221 0.0283203 0.0514706
1 0.205811 0.0776654 0.0258789 0.046875
1 0.101562 0.815257 0.0253906 0.0386029
1 0.917969 0.493107 0.0283203 0.046875
1 0.0151367 0.982077 0.0283203 0.0358456
1 0.553467 0.890625 0.0268555 0.0422794
0 0.196533 0.951287 0.0307617 0.0514706
1 0.100586 0.366728 0.0244141 0.0441176
1 0.739014 0.147978 0.0209961 0.0386029
1 0.257568 0.84421 0.0258789 0.0450368
1 0.829102 0.622702 0.0234375 0.046875
1 0.196777 0.952206 0.0283203 0.0496324
1 0.884521 0.237132 0.0249023 0.0441176
0 0.206055 0.0767463 0.0253906 0.0487132
1 0.172607 0.0206801 0.0297852 0.0413603
1 0.896729 0.108456 0.0219727 0.0404412
1 0.788574 0.592371 0.0263672 0.046875
1 0.731689 0.122702 0.0219727 0.0395221
1 0.773438 0.724265 0.0234375 0.0441176
1 0.93042 0.5625 0.0268555 0.0459559
1 0.567383 0.600643 0.0273438 0.0487132
1 0.0917969 0.0289522 0.0341797 0.046875
1 0.838379 0.12454 0.0234375 0.0450368
1 0.762451 0.925092 0.0307617 0.0560662
1 0.39917 0.21875 0.0239258 0.0441176
1 0.0854492 0.237592 0.0302734 0.0542279
1 0.826416 0.795037 0.0249023 0.0496324
1 0.147949 0.237132 0.0224609 0.0404412
1 0.69043 0.386489 0.0273438 0.0487132
1 0.98877 0.174632 0.0224609 0.0496324
1 0.880615 0.825827 0.0249023 0.046875
1 0.858398 0.862592 0.0234375 0.0487132
1 0.859375 0.0845588 0.0214844 0.0441176
1 0.755615 0.789522 0.0249023 0.0441176
1 0.571533 0.100184 0.0239258 0.0477941
1 0.928955 0.862592 0.0249023 0.046875
1 0.80957 0.119026 0.0234375 0.0450368
1 0.885986 0.0882353 0.0200195 0.0404412
1 0.825928 0.955882 0.0297852 0.0496324
1 0.440674 0.884651 0.0249023 0.0487132
1 0.98291 0.914062 0.0283203 0.0523897
1 0.525146 0.268382 0.0249023 0.0459559
1 0.154297 0.26057 0.0214844 0.0376838
1 0.391846 0.873621 0.0229492 0.0505515
1 0.372559 0.540441 0.0273438 0.0459559
1 0.810791 0.300092 0.0249023 0.0450368
1 0.197021 0.529871 0.0239258 0.0450368
1 0.0979004 0.528033 0.0288086 0.0505515
1 0.785645 0.272059 0.0234375 0.0477941
1 0.185791 0.485294 0.0219727 0.0441176
1 0.509766 0.189798 0.0253906 0.046875
1 0.0949707 0.594669 0.0249023 0.0459559
1 0.416748 0.9375 0.0258789 0.0477941
1 0.414795 0.457721 0.0249023 0.0459559
1 0.534912 0.058364 0.0258789 0.0413603
1 0.378174 0.367647 0.0249023 0.0441176
1 0.165527 0.482996 0.0214844 0.0431985
1 0.402344 0.539982 0.0244141 0.0450368
1 0.310791 0.246324 0.027832 0.0477941
1 0.409912 0.340533 0.0249023 0.0450368
1 0.23877 0.342831 0.0283203 0.0496324
1 0.205566 0.314798 0.0244141 0.046875
