1 0.109619 0.387408 0.0297852 0.0634191
0 0.102051 0.0234375 0.0351562 0.046875
1 0.102295 0.0243566 0.0336914 0.0487132
0 0.189697 0.54182 0.034668 0.0707721
1 0.438965 0.880055 0.0302734 0.0597426
0 0.800781 0.59421 0.0263672 0.0487132
1 0.794922 0.925092 0.0224609 0.046875
0 0.872559 0.746324 0.0263672 0.0477941
0 0.858643 0.0827206 0.0249023 0.0496324
0 0.525391 0.207721 0.0253906 0.0477941
1 0.310303 0.23943 0.0297852 0.0597426
1 0.258301 0.847886 0.0292969 0.0523897
1 0.828857 0.625 0.0219727 0.0477941
1 0.839844 0.764706 0.0253906 0.0459559
1 0.416016 0.454963 0.0273438 0.0533088
0 0.56958 0.597886 0.0317383 0.0560662
0 0.258301 0.846967 0.0302734 0.0542279
0 0.203125 0.957261 0.03125 0.0542279
1 0.93457 0.881893 0.0234375 0.0395221
0 0.829102 0.623621 0.0234375 0.0487132
1 0.800781 0.594669 0.0253906 0.0496324
1 0.308838 0.904871 0.0307617 0.0560662
0 0.438965 0.881434 0.0341797 0.0569853
1 0.987549 0.173254 0.0249023 0.0560662
1 0.924316 0.975643 0.0283203 0.0431985
0 0.308594 0.238051 0.0302734 0.0588235
0 0.164795 0.772518 0.0288086 0.0560662
1 0.203369 0.957261 0.0307617 0.0542279
1 0.872559 0.745404 0.0263672 0.0459559
0 0.0849609 0.238051 0.0361328 0.0588235
1 0.95459 0.556985 0.0263672 0.0514706
1 0.91626 0.495864 0.0249023 0.046875
0 0.109131 0.388327 0.0297852 0.0615809
1 0.956299 0.865809 0.0249023 0.0441176
1 0.689941 0.389706 0.0302734 0.0661765
1 0.825684 0.952665 0.0263672 0.0487132
0 0.0222168 0.193015 0.0327148 0.0661765
1 0.189209 0.542279 0.034668 0.0661765
