0 0.834473 0.863051 0.0185547 0.0386029
1 0.612549 0.0128676 0.0258789 0.0257353
0 0.928223 0.857077 0.0283203 0.046875
1 0.0249023 0.43704 0.0205078 0.0321691
0 0.85791 0.863051 0.0263672 0.0459559
1 0.80542 0.188419 0.019043 0.0367647
1 0.825928 0.802849 0.0249023 0.0505515
0 0.788086 0.59329 0.0273438 0.0450368
1 0.379883 0.68704 0.0195312 0.0395221
1 0.85791 0.862592 0.0234375 0.0450368
1 0.879639 0.824449 0.0249023 0.0441176
0 0.776367 0.715533 0.0234375 0.0431985
0 0.877441 0.722886 0.0263672 0.0450368
0 0.82666 0.80239 0.0263672 0.0496324
0 0.828857 0.621783 0.0249023 0.0487132
1 0.53418 0.330882 0.0234375 0.0422794
0 0.880371 0.824908 0.0234375 0.046875
1 0.916992 0.492647 0.0234375 0.0459559
1 0.756836 0.925551 0.03125 0.0514706
0 0.756104 0.924173 0.0297852 0.0487132
1 0.828857 0.622243 0.0219727 0.0459559
1 0.740723 0.160386 0.0224609 0.0395221
0 0.912354 0.982537 0.0297852 0.0349265
1 0.681152 0.0992647 0.0234375 0.0404412
0 0.566406 0.600643 0.0263672 0.046875
1 0.857178 0.253676 0.0249023 0.0422794
0 0.755615 0.789522 0.0249023 0.0422794
1 0.556152 0.883272 0.0273438 0.0441176
1 0.92749 0.856618 0.0249023 0.0477941
1 0.440186 0.88511 0.0268555 0.0459559
1 0.679443 0.0611213 0.0219727 0.0376838
1 0.93042 0.563419 0.0249023 0.0441176
1 0.731689 0.116728 0.0219727 0.0422794
1 0.0812988 0.235294 0.0268555 0.0496324
1 0.25708 0.84375 0.0249023 0.0441176
1 0.838379 0.12454 0.0234375 0.0431985
1 0.690918 0.384651 0.0263672 0.046875
1 0.237549 0.715074 0.0249023 0.0441176
1 0.0908203 0.0298713 0.0332031 0.046875
0 0.825684 0.954963 0.0283203 0.0496324
1 0.320068 0.164522 0.0200195 0.0441176
1 0.526611 0.0675551 0.0239258 0.0431985
1 0.172119 0.019761 0.0288086 0.0395221
1 0.019043 0.195772 0.0253906 0.0496324
1 0.0146484 0.981618 0.0253906 0.0367647
1 0.88208 0.0868566 0.0200195 0.0413603
1 0.524658 0.267923 0.0239258 0.046875
1 0.858643 0.0836397 0.0200195 0.0422794
1 0.100586 0.524357 0.0253906 0.0487132
1 0.14502 0.588695 0.0205078 0.0431985
1 0.809326 0.119026 0.0219727 0.0431985
1 0.571045 0.103401 0.0229492 0.0431985
1 0.371094 0.539522 0.0253906 0.0459559
1 0.0939941 0.601562 0.0229492 0.0450368
1 0.988281 0.175092 0.0234375 0.0505515
1 0.40625 0.537684 0.0234375 0.0404412
1 0.0983887 0.361673 0.0258789 0.046875
1 0.334717 0.182904 0.0200195 0.0459559
1 0.391602 0.87454 0.0234375 0.0487132
1 0.401367 0.213695 0.0234375 0.0450368
1 0.209229 0.0799632 0.0249023 0.0477941
1 0.197021 0.945312 0.027832 0.0487132
1 0.414062 0.457261 0.0244141 0.0450368
1 0.897705 0.106618 0.0219727 0.0441176
1 0.98291 0.917739 0.0283203 0.0560662
1 0.593262 0.292279 0.0224609 0.0441176
1 0.196777 0.529871 0.0234375 0.0431985
1 0.806641 0.209559 0.0214844 0.0367647
1 0.785889 0.272059 0.0229492 0.0441176
1 0.132324 0.608456 0.0205078 0.0422794
1 0.812012 0.30193 0.0244141 0.0413603
1 0.506592 0.182904 0.0249023 0.0459559
1 0.584717 0.254136 0.0229492 0.0395221
1 0.37793 0.368107 0.0253906 0.0431985
1 0.187988 0.482996 0.0234375 0.0450368
1 0.417969 0.943474 0.0253906 0.0505515
1 0.409668 0.340074 0.0253906 0.0441176
1 0.15332 0.277574 0.0253906 0.0422794
1 0.147949 0.235294 0.0253906 0.0422794
1 0.164307 0.77068 0.0268555 0.0487132
1 0.160645 0.486213 0.0234375 0.0422794
1 0.095459 0.814338 0.0268555 0.0514706
1 0.23877 0.345129 0.0283203 0.0505515
1 0.119629 0.821232 0.0244141 0.0487132
1 0.312256 0.247243 0.0249023 0.0459559
1 0.230957 0.761949 0.0244141 0.0459559
1 0.205322 0.314798 0.0239258 0.046875
