0 0.733887 0.909007 0.0195312 0.0386029
0 0.914062 0.755515 0.0175781 0.0367647
1 0.394775 0.113051 0.0219727 0.0422794
1 0.0378418 0.404871 0.0239258 0.0413603
0 0.193848 0.201746 0.0185547 0.0376838
1 0.779541 0.274357 0.0219727 0.0376838
0 0.463135 0.882353 0.0219727 0.0367647
0 0.520508 0.0726103 0.0195312 0.0349265
0 0.206055 0.789522 0.015625 0.0349265
1 0.195312 0.43704 0.0185547 0.0358456
0 0.684326 0.444853 0.0219727 0.0330882
0 0.37085 0.54182 0.0180664 0.0395221
0 0.0627441 0.809743 0.0239258 0.0422794
0 0.00488281 0.52068 0.00976562 0.0413603
1 0.411621 0.466912 0.0195312 0.0404412
0 0.992188 0.3125 0.0136719 0.0441176
0 0.0078125 0.988051 0.015625 0.0238971
0 0.831055 0.130055 0.0234375 0.0303309
0 0.174072 0.802849 0.0151367 0.0395221
0 0.129639 0.189798 0.0200195 0.0376838
0 0.223877 0.0762868 0.0219727 0.0404412
0 0.703613 0.653033 0.0234375 0.0358456
0 0.58667 0.835478 0.0249023 0.0367647
0 0.0534668 0.814338 0.0200195 0.0367647
1 0.890625 0.237132 0.0214844 0.0386029
0 0.407471 0.538143 0.0200195 0.0431985
1 0.978027 0.891085 0.0234375 0.0395221
0 0.728271 0.192555 0.0170898 0.0395221
1 0.729248 0.632812 0.0219727 0.0413603
0 0.572266 0.107077 0.0205078 0.0358456
1 0.461426 0.253217 0.0195312 0.0340074
1 0.829102 0.517004 0.0234375 0.0376838
1 0.370605 0.20864 0.0205078 0.0386029
1 0.963867 0.863051 0.0234375 0.0275735
0 0.554932 0.611673 0.0209961 0.0395221
0 0.972656 0.178768 0.0214844 0.0376838
0 0.991211 0.121783 0.015625 0.0487132
0 0.441406 0.474265 0.0205078 0.0422794
1 0.328369 0.204044 0.0219727 0.0422794
1 0.198486 0.357996 0.0219727 0.0376838
0 0.835205 0.550092 0.0219727 0.0376838
0 0.0383301 0.405331 0.0229492 0.0422794
1 0.374023 0.363971 0.0234375 0.0404412
1 0.466309 0.268842 0.0185547 0.0358456
1 0.80249 0.046875 0.0200195 0.0367647
0 0.980469 0.447151 0.0205078 0.0395221
0 0.207031 0.606158 0.0205078 0.0395221
0 0.516602 0.823989 0.0234375 0.0413603
0 0.353027 0.84375 0.0205078 0.0367647
0 0.726562 0.126838 0.0185547 0.0422794
1 0.992676 0.759651 0.0146484 0.0395221
1 0.856445 0.867647 0.0234375 0.0386029
0 0.510498 0.0160846 0.019043 0.0321691
0 0.829834 0.516544 0.0219727 0.0404412
0 0.415527 0.777114 0.0185547 0.0413603
0 0.198486 0.537684 0.0229492 0.0441176
0 0.155273 0.228401 0.0234375 0.0413603
1 0.210449 0.303768 0.0214844 0.0431985
0 0.0991211 0.867647 0.0185547 0.0330882
0 0.109863 0.889706 0.0175781 0.0330882
0 0.652832 0.337776 0.0195312 0.0358456
0 0.779785 0.273438 0.0234375 0.0358456
0 0.856201 0.868566 0.0249023 0.0367647
0 0.878906 0.0767463 0.0205078 0.0413603
0 0.746582 0.716912 0.0205078 0.0330882
0 0.533936 0.802849 0.0229492 0.0413603
0 0.0654297 0.90671 0.0175781 0.0340074
0 0.601807 0.0151654 0.0219727 0.0303309
0 0.0961914 0.347886 0.0234375 0.0395221
0 0.803467 0.295037 0.0229492 0.0367647
0 0.942871 0.689798 0.0185547 0.0340074
1 0.22876 0.342371 0.0219727 0.0395221
0 0.519775 0.607996 0.0170898 0.0413603
1 0.596924 0.230699 0.019043 0.0349265
1 0.133789 0.630515 0.0224609 0.0404412
0 0.592285 0.371324 0.0185547 0.0386029
0 0.0588379 0.872243 0.0200195 0.0367647
1 0.834961 0.551471 0.0234375 0.0367647
0 0.268066 0.21829 0.0244141 0.0450368
1 0.516357 0.822151 0.0200195 0.0431985
0 0.597168 0.231158 0.0195312 0.0376838
0 0.00830078 0.839154 0.015625 0.0441176
0 0.914062 0.549632 0.0205078 0.0349265
1 0.98291 0.745404 0.0205078 0.0422794
0 0.118896 0.160846 0.0219727 0.0386029
0 0.329346 0.202665 0.0209961 0.0395221
0 0.402344 0.159926 0.0205078 0.0386029
1 0.315186 0.253676 0.0229492 0.0404412
1 0.814697 0.451287 0.0219727 0.0386029
0 0.223389 0.798254 0.0209961 0.0340074
1 0.459473 0.105699 0.0234375 0.0349265
1 0.781738 0.584099 0.0244141 0.0450368
0 0.0339355 0.537684 0.019043 0.0349265
0 0.934326 0.48943 0.0219727 0.0376838
1 0.499268 0.341452 0.019043 0.0358456
1 0.181641 0.386489 0.0214844 0.0376838
1 0.563232 0.30193 0.019043 0.0358456
0 0.563965 0.375 0.0205078 0.0404412
1 0.895996 0.340993 0.0205078 0.0386029
1 0.465576 0.175551 0.019043 0.0404412
0 0.76416 0.89568 0.0224609 0.0376838
1 0.926758 0.33318 0.0234375 0.0413603
0 0.207031 0.855239 0.0234375 0.0431985
1 0.48999 0.358915 0.0209961 0.0376838
1 0.919434 0.835938 0.0234375 0.0431985
0 0.36792 0.795496 0.019043 0.0376838
0 0.133301 0.134191 0.0214844 0.0404412
1 0.990967 0.186581 0.0180664 0.0404412
0 0.617432 0.977941 0.0209961 0.0404412
0 0.716064 0.482996 0.0209961 0.0413603
0 0.85083 0.0827206 0.0200195 0.0404412
0 0.540039 0.507812 0.0234375 0.0358456
0 0.125732 0.503676 0.0200195 0.0367647
0 0.0244141 0.696691 0.0195312 0.0477941
1 0.98999 0.130515 0.0170898 0.0404412
1 0.267822 0.217831 0.0229492 0.0422794
1 0.793457 0.401195 0.0205078 0.0413603
0 0.0283203 0.892923 0.0214844 0.0395221
0 0.0454102 0.930607 0.0205078 0.0340074
0 0.729004 0.633272 0.0224609 0.0422794
0 0.616943 0.888787 0.0209961 0.0422794
1 0.58374 0.200368 0.0209961 0.0330882
0 0.0090332 0.21875 0.0180664 0.0441176
0 0.0810547 0.600643 0.0214844 0.0450368
0 0.108643 0.53171 0.0219727 0.0395221
0 0.420898 0.876379 0.0195312 0.0413603
0 0.613037 0.250919 0.0180664 0.0367647
0 0.857178 0.680147 0.0170898 0.0367647
0 0.645996 0.391544 0.0205078 0.0404412
1 0.572021 0.213235 0.0219727 0.0349265
0 0.643311 0.889706 0.0209961 0.0404412
0 0.598389 0.300092 0.0200195 0.0376838
1 0.965576 0.758732 0.0219727 0.0450368
0 0.785889 0.67739 0.0249023 0.0496324
1 0.530029 0.340533 0.0200195 0.0358456
0 0.910156 0.589154 0.0205078 0.0349265
1 0.445312 0.155331 0.0224609 0.0367647
0 0.754883 0.788143 0.0234375 0.0431985
0 0.601562 0.448529 0.0195312 0.0367647
1 0.575439 0.252757 0.0219727 0.0367647
0 0.657227 0.302849 0.0195312 0.0358456
1 0.988281 0.941176 0.0234375 0.0404412
0 0.0410156 0.120404 0.0214844 0.0386029
0 0.828857 0.625919 0.0200195 0.0404412
1 0.971924 0.178768 0.0219727 0.0395221
0 0.168701 0.0160846 0.0249023 0.0321691
1 0.546875 0.316176 0.0214844 0.0349265
0 0.348145 0.801011 0.0205078 0.0413603
0 0.981934 0.741268 0.0185547 0.0376838
0 0.0554199 0.113511 0.0209961 0.0376838
0 0.258789 0.846048 0.0234375 0.0395221
0 0.0161133 0.46875 0.0224609 0.0441176
1 0.283447 0.183364 0.0219727 0.0431985
0 0.0942383 0.8125 0.0175781 0.0404412
0 0.269287 0.983915 0.0249023 0.0321691
0 0.881348 0.827206 0.0185547 0.0441176
0 0.606689 0.488971 0.0200195 0.0349265
1 0.943604 0.25 0.0249023 0.0404412
0 0.147217 0.298713 0.0268555 0.0349265
1 0.411621 0.205423 0.0224609 0.0431985
0 0.921875 0.619026 0.0175781 0.0358456
1 0.497559 0.175092 0.0244141 0.0413603
0 0.319336 0.873621 0.0234375 0.046875
0 0.0727539 0.255974 0.0234375 0.046875
0 0.127441 0.827206 0.0205078 0.0422794
0 0.776123 0.860294 0.0229492 0.0386029
1 0.532715 0.273438 0.0234375 0.0413603
1 0.959961 0.223346 0.0234375 0.0404412
0 0.39502 0.113511 0.0234375 0.0431985
1 0.483154 0.136949 0.0209961 0.0386029
0 0.37207 0.0372243 0.0234375 0.0321691
0 0.945312 0.733915 0.0214844 0.0358456
0 0.0925293 0.035386 0.0288086 0.0450368
0 0.0700684 0.797794 0.0200195 0.0386029
0 0.36084 0.162684 0.0205078 0.0386029
1 0.947021 0.316636 0.0249023 0.0450368
