1 0.0205078 0.193934 0.0283203 0.0569853
1 0.804932 0.988511 0.0307617 0.0229779
0 0.917969 0.982996 0.0283203 0.0340074
0 0.566895 0.596507 0.0283203 0.0514706
1 0.0942383 0.540441 0.0263672 0.0551471
1 0.771973 0.742647 0.0205078 0.0441176
1 0.0852051 0.237592 0.0297852 0.0523897
0 0.439941 0.88511 0.0244141 0.0459559
0 0.0957031 0.58318 0.0292969 0.046875
1 0.916504 0.982077 0.03125 0.0358456
0 0.206055 0.316636 0.0253906 0.0523897
0 0.873535 0.729779 0.0234375 0.0441176
1 0.882812 0.241728 0.0214844 0.0459559
0 0.82666 0.954504 0.0283203 0.0505515
1 0.873535 0.72886 0.0263672 0.0459559
0 0.0852051 0.238511 0.0307617 0.0542279
0 0.828857 0.622243 0.0249023 0.0496324
1 0.835938 0.866268 0.0205078 0.0395221
1 0.172119 0.0206801 0.027832 0.0395221
1 0.197998 0.959559 0.027832 0.0477941
0 0.0214844 0.194393 0.0263672 0.0505515
0 0.101807 0.375919 0.0249023 0.0496324
1 0.203125 0.0730699 0.0263672 0.0450368
1 0.932861 0.56296 0.0249023 0.0431985
1 0.929688 0.870404 0.0263672 0.0459559
1 0.917236 0.492188 0.0297852 0.046875
1 0.440186 0.883732 0.0239258 0.046875
0 0.197998 0.95818 0.027832 0.0450368
1 0.790039 0.591452 0.0244141 0.0431985
1 0.858643 0.0840993 0.0219727 0.046875
1 0.858643 0.254596 0.0219727 0.0422794
1 0.809326 0.300092 0.0249023 0.0413603
1 0.828857 0.623162 0.0219727 0.0477941
1 0.690674 0.387868 0.0268555 0.0477941
1 0.98877 0.173713 0.0224609 0.0496324
0 0.93042 0.869945 0.0268555 0.0487132
1 0.258545 0.84421 0.0249023 0.0450368
1 0.836914 0.12454 0.0234375 0.0431985
1 0.810059 0.116728 0.0205078 0.0441176
1 0.09375 0.0266544 0.0322266 0.0441176
1 0.825928 0.955882 0.0297852 0.0496324
1 0.0952148 0.58364 0.0283203 0.0477941
1 0.785156 0.272059 0.0234375 0.0477941
1 0.567627 0.599724 0.0258789 0.046875
0 0.0949707 0.536765 0.027832 0.0496324
1 0.551514 0.89614 0.0258789 0.0422794
1 0.862305 0.861673 0.0234375 0.0487132
0 0.202881 0.0712316 0.0249023 0.0487132
1 0.826416 0.786765 0.0249023 0.0477941
1 0.206299 0.314798 0.0249023 0.0487132
1 0.514893 0.195312 0.0219727 0.0450368
1 0.23584 0.340993 0.0273438 0.0477941
1 0.768066 0.924173 0.0263672 0.0523897
1 0.524414 0.269301 0.0234375 0.0404412
0 0.164551 0.769761 0.0292969 0.0542279
1 0.196045 0.532629 0.027832 0.0523897
1 0.391357 0.871783 0.0219727 0.0487132
1 0.880371 0.826746 0.0234375 0.046875
1 0.415039 0.923713 0.0234375 0.0441176
1 0.528076 0.309743 0.0219727 0.0404412
1 0.538086 0.0565257 0.0273438 0.0431985
1 0.755859 0.789062 0.0244141 0.0450368
1 0.981934 0.910386 0.0283203 0.0505515
1 0.395508 0.223346 0.0234375 0.0459559
1 0.568359 0.0923713 0.0224609 0.0431985
1 0.396484 0.539522 0.0205078 0.0386029
1 0.415283 0.457721 0.0249023 0.0441176
1 0.378662 0.368107 0.0249023 0.0431985
1 0.375488 0.539522 0.0224609 0.0422794
1 0.409668 0.340533 0.0244141 0.0431985
1 0.311523 0.245864 0.0273438 0.0431985
