1 0.858643 0.0827206 0.0219727 0.0459559
1 0.309326 0.899357 0.027832 0.0505515
0 0.82666 0.954504 0.0283203 0.0542279
0 0.858643 0.0836397 0.0219727 0.0459559
0 0.832764 0.768382 0.027832 0.0533088
0 0.960938 0.868566 0.0253906 0.0441176
0 0.835938 0.123162 0.0214844 0.0477941
1 0.529053 0.273897 0.0219727 0.0404412
0 0.811523 0.119026 0.0234375 0.046875
0 0.101562 0.0225184 0.0341797 0.0450368
1 0.101807 0.0234375 0.0336914 0.046875
1 0.786621 0.926011 0.0263672 0.0487132
1 0.109375 0.387408 0.0292969 0.0634191
0 0.799316 0.595129 0.0283203 0.0505515
1 0.811768 0.120404 0.0219727 0.0496324
1 0.528564 0.306526 0.0219727 0.0376838
0 0.921875 0.977022 0.0292969 0.0459559
1 0.835205 0.12546 0.0219727 0.0450368
1 0.923584 0.976562 0.0297852 0.0431985
0 0.872559 0.745864 0.0283203 0.0487132
1 0.832764 0.77068 0.0297852 0.0560662
0 0.828857 0.623162 0.0249023 0.0496324
0 0.309814 0.23943 0.0307617 0.0542279
1 0.962646 0.870404 0.0249023 0.0422794
1 0.310547 0.23989 0.0302734 0.0533088
1 0.947754 0.561581 0.0263672 0.0477941
0 0.258789 0.846967 0.0273438 0.0505515
1 0.569092 0.597426 0.0288086 0.0514706
0 0.202148 0.957261 0.0283203 0.0487132
1 0.385498 0.256434 0.0249023 0.0477941
0 0.439209 0.881434 0.0336914 0.0569853
1 0.203125 0.957261 0.0302734 0.0523897
1 0.829102 0.625 0.0234375 0.0477941
1 0.800049 0.594669 0.0268555 0.0496324
1 0.988281 0.172335 0.0234375 0.0505515
0 0.0852051 0.238051 0.0356445 0.0588235
0 0.164795 0.772518 0.0288086 0.0542279
1 0.872559 0.745864 0.0283203 0.046875
0 0.934326 0.882812 0.0249023 0.0395221
1 0.91626 0.495864 0.0249023 0.046875
1 0.415527 0.455423 0.0244141 0.0450368
0 0.108887 0.389246 0.0292969 0.0615809
0 0.0222168 0.193474 0.0336914 0.0670956
1 0.377441 0.367647 0.0224609 0.0422794
1 0.689941 0.389706 0.0302734 0.0643382
1 0.825928 0.954504 0.0297852 0.0505515
1 0.394531 0.342831 0.0253906 0.0422794
1 0.189209 0.54182 0.034668 0.0670956
