0 0.602295 0.0151654 0.0249023 0.0303309
1 0.233887 0.70864 0.0263672 0.0496324
1 0.878906 0.078125 0.0214844 0.0422794
1 0.00634766 0.912224 0.0126953 0.0395221
1 0.55957 0.611673 0.0273438 0.0505515
0 0.665527 0.391544 0.0244141 0.0441176
1 0.0510254 0.917739 0.0307617 0.0505515
1 0.355957 0.801471 0.0283203 0.0422794
0 0.0842285 0.599724 0.0268555 0.0523897
1 0.655029 0.313879 0.0200195 0.0450368
0 0.561035 0.517463 0.0205078 0.0404412
1 0.559814 0.877757 0.0268555 0.0459559
1 0.448486 0.165901 0.0219727 0.0413603
1 0.358643 0.682445 0.027832 0.0505515
1 0.108643 0.881434 0.0268555 0.0422794
0 0.607422 0.481158 0.0195312 0.0376838
0 0.756348 0.790441 0.0273438 0.0533088
0 0.979736 0.444393 0.0200195 0.0431985
0 0.616699 0.887408 0.0224609 0.0431985
1 0.702881 0.1875 0.0209961 0.0404412
0 0.0341797 0.409926 0.0253906 0.0496324
0 0.108398 0.880055 0.0253906 0.0376838
0 0.463135 0.881434 0.0219727 0.0422794
1 0.289307 0.772059 0.0239258 0.0386029
0 0.560303 0.876379 0.0258789 0.0450368
1 0.825684 0.827206 0.0234375 0.0477941
0 0.827393 0.826287 0.0249023 0.0459559
0 0.0107422 0.209559 0.0205078 0.0551471
1 0.601807 0.0142463 0.0258789 0.0284926
1 0.587891 0.212316 0.0214844 0.0404412
1 0.731689 0.191176 0.0258789 0.0551471
1 0.651855 0.339614 0.0234375 0.0376838
1 0.697754 0.379596 0.0244141 0.0404412
0 0.696533 0.744945 0.0209961 0.046875
1 0.799805 0.10386 0.0224609 0.0386029
0 0.288818 0.773438 0.0229492 0.0431985
1 0.393799 0.655331 0.0249023 0.0459559
0 0.0141602 0.980699 0.0253906 0.0386029
1 0.430176 0.88511 0.0263672 0.0441176
1 0.0810547 0.715074 0.0224609 0.0404412
1 0.727539 0.63511 0.0234375 0.0459559
1 0.364014 0.841452 0.0219727 0.0413603
0 0.296631 0.673713 0.0258789 0.0477941
1 0.666016 0.392463 0.0214844 0.0441176
1 0.766357 0.0859375 0.0200195 0.0413603
0 0.618408 0.982996 0.0268555 0.0340074
0 0.638184 0.880515 0.0234375 0.0441176
1 0.19458 0.918199 0.0258789 0.0459559
1 0.989014 0.819393 0.019043 0.0395221
0 0.878906 0.0776654 0.0234375 0.0431985
1 0.0112305 0.210938 0.0205078 0.0523897
1 0.367432 0.794118 0.0229492 0.0404412
1 0.738281 0.912224 0.0292969 0.0487132
1 0.696045 0.744026 0.0239258 0.046875
1 0.96875 0.677849 0.0205078 0.0340074
0 0.730469 0.189798 0.0253906 0.0487132
1 0.327148 0.62454 0.0253906 0.0450368
1 0.173828 0.827206 0.0273438 0.0496324
0 0.510498 0.0174632 0.019043 0.0349265
1 0.052002 0.811121 0.0239258 0.0413603
0 0.429688 0.883732 0.0253906 0.046875
1 0.686279 0.445312 0.0239258 0.0413603
0 0.419189 0.963695 0.027832 0.046875
1 0.673096 0.709099 0.0249023 0.046875
0 0.559326 0.610294 0.0229492 0.0441176
1 0.259277 0.845129 0.0283203 0.0487132
1 0.781982 0.683824 0.027832 0.0477941
1 0.47998 0.884651 0.0205078 0.0413603
1 0.013916 0.97932 0.0268555 0.0413603
1 0.384033 0.786765 0.0209961 0.0404412
1 0.838379 0.685662 0.0234375 0.0459559
1 0.297119 0.673713 0.027832 0.0496324
0 0.535156 0.503676 0.0253906 0.0422794
0 0.782715 0.682904 0.0263672 0.0477941
0 0.703857 0.652574 0.0258789 0.0477941
1 0.0581055 0.880974 0.0234375 0.0395221
0 0.673096 0.709559 0.0239258 0.0459559
1 0.0178223 0.465533 0.0258789 0.0505515
1 0.572021 0.216912 0.0219727 0.0404412
1 0.0839844 0.601562 0.0244141 0.0505515
0 0.359131 0.681985 0.0258789 0.0441176
1 0.703125 0.0367647 0.0214844 0.0349265
0 0.295654 0.803309 0.0219727 0.0441176
1 0.580078 0.207261 0.0214844 0.0395221
1 0.0336914 0.409007 0.0253906 0.0459559
0 0.349121 0.80239 0.0224609 0.0459559
1 0.764404 0.0450368 0.0219727 0.0404412
1 0.908447 0.506893 0.0249023 0.0413603
1 0.660156 0.0119485 0.0214844 0.0238971
1 0.80249 0.167739 0.0249023 0.0450368
0 0.234131 0.709099 0.0249023 0.0450368
1 0.371582 0.536305 0.0253906 0.0487132
0 0.728516 0.63557 0.0224609 0.046875
0 0.737793 0.911765 0.0273438 0.0477941
1 0.419434 0.963235 0.0283203 0.0459559
1 0.0957031 0.347886 0.0273438 0.046875
1 0.832031 0.127757 0.0253906 0.0422794
1 0.123047 0.473346 0.0234375 0.0422794
1 0.296387 0.803309 0.0244141 0.0441176
0 0.655518 0.310662 0.0219727 0.0386029
1 0.167969 0.773438 0.0253906 0.046875
1 0.432129 0.789062 0.0224609 0.0413603
0 0.529297 0.459559 0.0234375 0.0459559
1 0.828125 0.625 0.0214844 0.0477941
1 0.782715 0.589614 0.0263672 0.0431985
1 0.447021 0.151654 0.0209961 0.0404412
1 0.198975 0.361673 0.0239258 0.0413603
1 0.206543 0.856158 0.0283203 0.0487132
1 0.0651855 0.905331 0.0239258 0.0441176
1 0.514404 0.682904 0.0288086 0.0496324
1 0.762207 0.887868 0.0244141 0.0441176
1 0.12793 0.828585 0.0253906 0.0505515
1 0.645508 0.387408 0.0234375 0.0450368
1 0.39502 0.869945 0.0244141 0.046875
1 0.52002 0.0726103 0.0234375 0.0441176
1 0.755615 0.789062 0.0258789 0.046875
0 0.258057 0.847426 0.0258789 0.0441176
1 0.169434 0.0160846 0.0273438 0.0321691
1 0.732666 0.0965074 0.0249023 0.0459559
1 0.598389 0.300551 0.0229492 0.0441176
0 0.318604 0.876379 0.0258789 0.0487132
1 0.564453 0.378676 0.0234375 0.0459559
1 0.991455 0.762408 0.0170898 0.0413603
1 0.130859 0.136949 0.0244141 0.0459559
1 0.887695 0.237132 0.03125 0.0477941
1 0.852295 0.262868 0.0268555 0.0422794
1 0.989746 0.125919 0.0185547 0.0441176
1 0.14624 0.589614 0.0268555 0.0487132
1 0.911865 0.590993 0.0249023 0.0349265
1 0.596436 0.22886 0.0200195 0.0441176
1 0.689453 0.180607 0.0214844 0.0395221
1 0.879883 0.823989 0.0234375 0.0487132
1 0.0734863 0.254596 0.0268555 0.0533088
1 0.991455 0.181985 0.0170898 0.0422794
1 0.87793 0.704504 0.0234375 0.0450368
1 0.672363 0.0551471 0.0244141 0.0422794
1 0.117432 0.159467 0.0239258 0.0450368
1 0.459961 0.674173 0.0273438 0.0487132
1 0.197266 0.534926 0.0253906 0.0477941
1 0.855469 0.679228 0.0214844 0.0422794
1 0.612061 0.252757 0.0229492 0.0422794
1 0.2229 0.0767463 0.0258789 0.0487132
1 0.0422363 0.930147 0.0239258 0.0441176
1 0.126465 0.503217 0.0214844 0.0450368
1 0.376953 0.370864 0.0263672 0.0523897
1 0.160156 0.498162 0.0253906 0.0477941
1 0.394287 0.115349 0.0249023 0.046875
1 0.519531 0.827206 0.0214844 0.0404412
1 0.40918 0.204963 0.0253906 0.0459559
1 0.591064 0.365809 0.0239258 0.0441176
1 0.230469 0.345129 0.0244141 0.046875
1 0.992188 0.553768 0.015625 0.0487132
1 0.415527 0.78079 0.0224609 0.0450368
1 0.185303 0.461397 0.0258789 0.0477941
1 0.457764 0.106618 0.0249023 0.0441176
1 0.0681152 0.798713 0.0229492 0.0441176
1 0.941406 0.692555 0.0234375 0.0431985
0 0.269531 0.984375 0.0273438 0.03125
1 0.406738 0.346967 0.0263672 0.046875
1 0.458252 0.171875 0.0200195 0.0422794
1 0.804688 0.23943 0.0263672 0.046875
1 0.832764 0.949449 0.0268555 0.0459559
1 0.914062 0.550551 0.0234375 0.0422794
1 0.776855 0.865349 0.0224609 0.0413603
1 0.919434 0.838695 0.0263672 0.0487132
1 0.402832 0.159467 0.0224609 0.046875
1 0.932129 0.33318 0.0234375 0.0431985
1 0.145508 0.304228 0.0283203 0.0496324
1 0.0297852 0.886489 0.0273438 0.046875
1 0.23877 0.0289522 0.0253906 0.0450368
1 0.813232 0.444853 0.0249023 0.0441176
1 0.946777 0.316176 0.0263672 0.0459559
1 0.943115 0.72886 0.0219727 0.0422794
1 0.532959 0.340074 0.0258789 0.0459559
1 0.0927734 0.035386 0.03125 0.0523897
1 0.223877 0.793658 0.0268555 0.046875
1 0.576416 0.249081 0.0219727 0.0404412
1 0.459229 0.499081 0.0249023 0.0422794
1 0.572266 0.105239 0.0244141 0.0431985
1 0.981201 0.736213 0.0219727 0.0386029
1 0.796631 0.402574 0.0239258 0.0441176
1 0.714111 0.47932 0.0258789 0.046875
1 0.960938 0.221507 0.0253906 0.0386029
1 0.855469 0.867647 0.0253906 0.0477941
1 0.153564 0.227941 0.0268555 0.0496324
1 0.132568 0.629596 0.0258789 0.0496324
1 0.498535 0.175551 0.0263672 0.0533088
1 0.183594 0.381434 0.0234375 0.0441176
1 0.0939941 0.8125 0.0268555 0.0496324
1 0.531738 0.806066 0.0244141 0.0422794
1 0.281006 0.189798 0.0239258 0.0431985
1 0.108887 0.53079 0.0263672 0.0487132
1 0.407715 0.537684 0.0263672 0.0459559
1 0.306152 0.118566 0.0263672 0.0459559
1 0.53125 0.270221 0.0263672 0.0459559
1 0.332031 0.200827 0.0253906 0.0450368
1 0.678711 0.136949 0.0273438 0.0514706
1 0.361328 0.164522 0.0244141 0.0441176
1 0.804688 0.295496 0.0253906 0.0450368
1 0.972656 0.189338 0.0253906 0.0422794
1 0.780518 0.274816 0.0249023 0.0441176
1 0.964844 0.755515 0.0234375 0.0441176
1 0.31665 0.25046 0.0258789 0.0450368
1 0.483643 0.134191 0.0249023 0.0477941
1 0.209717 0.307904 0.0258789 0.0496324
1 0.917969 0.616728 0.0234375 0.0422794
1 0.366211 0.204504 0.0224609 0.0450368
1 0.413574 0.464154 0.0273438 0.0496324
1 0.986816 0.936581 0.0263672 0.0496324
1 0.268555 0.215993 0.0253906 0.0459559
1 0.441895 0.471967 0.0224609 0.0450368
