1 0.172852 0.0215993 0.0263672 0.0413603
1 0.311523 0.89568 0.0273438 0.046875
0 0.185303 0.0409007 0.0239258 0.0431985
1 0.858643 0.0840993 0.0200195 0.0450368
1 0.858643 0.252757 0.0219727 0.0386029
0 0.391846 0.871324 0.0219727 0.0477941
1 0.438721 0.883732 0.0239258 0.046875
0 0.438721 0.882812 0.0239258 0.0487132
0 0.798096 0.595129 0.0268555 0.046875
1 0.797852 0.59329 0.0263672 0.0450368
1 0.777588 0.921415 0.0288086 0.0505515
0 0.567871 0.596967 0.0302734 0.0542279
1 0.568848 0.596967 0.0273438 0.046875
1 0.521973 0.207261 0.0195312 0.0413603
1 0.407959 0.893382 0.0219727 0.0459559
0 0.933594 0.882353 0.0253906 0.0422794
0 0.172852 0.0206801 0.0263672 0.0395221
1 0.200928 0.95818 0.0307617 0.0523897
0 0.827393 0.774357 0.027832 0.0450368
1 0.810791 0.119945 0.0219727 0.046875
1 0.828857 0.624081 0.0219727 0.0477941
0 0.200928 0.959559 0.0317383 0.0533088
1 0.921143 0.978401 0.0327148 0.0431985
1 0.934326 0.880055 0.0249023 0.0431985
0 0.258545 0.847426 0.0268555 0.0514706
1 0.989014 0.172335 0.0219727 0.0487132
1 0.538818 0.913143 0.0258789 0.0450368
1 0.836914 0.12454 0.0234375 0.0431985
1 0.916992 0.494026 0.0234375 0.0487132
1 0.391846 0.872243 0.0209961 0.0459559
0 0.828857 0.623621 0.0249023 0.0505515
0 0.165283 0.772059 0.027832 0.0477941
1 0.942871 0.563419 0.0263672 0.0477941
1 0.525635 0.269761 0.0209961 0.0395221
1 0.528564 0.309743 0.0209961 0.0404412
0 0.0849609 0.238971 0.0322266 0.0569853
0 0.872559 0.744026 0.0263672 0.0505515
0 0.777344 0.922335 0.0273438 0.0487132
1 0.388672 0.244945 0.0253906 0.0560662
1 0.785645 0.272978 0.0224609 0.0441176
0 0.107666 0.387868 0.027832 0.0569853
0 0.0222168 0.193015 0.0317383 0.0606618
1 0.415039 0.455423 0.0234375 0.0431985
0 0.826416 0.954504 0.0297852 0.0523897
1 0.971924 0.883272 0.0249023 0.0422794
1 0.799805 0.297794 0.0234375 0.0422794
1 0.311279 0.244026 0.027832 0.0450368
1 0.689941 0.389246 0.0302734 0.0634191
1 0.377686 0.369026 0.0249023 0.0450368
1 0.405273 0.337316 0.0234375 0.0422794
1 0.189209 0.542279 0.0327148 0.0606618
