0 0.102295 0.0234375 0.0356445 0.046875
1 0.795654 0.926011 0.0229492 0.046875
0 0.189453 0.54182 0.0351562 0.0726103
1 0.30957 0.238051 0.0283203 0.0588235
0 0.799561 0.59421 0.027832 0.0523897
1 0.438965 0.880055 0.0302734 0.0597426
1 0.102539 0.0243566 0.0341797 0.0487132
1 0.109619 0.386949 0.0297852 0.0643382
0 0.858398 0.0831801 0.0234375 0.046875
0 0.828857 0.623621 0.0249023 0.0487132
0 0.525391 0.20818 0.0253906 0.046875
0 0.259033 0.848805 0.0307617 0.0542279
1 0.416504 0.454044 0.0302734 0.0588235
1 0.258545 0.847886 0.0297852 0.0523897
0 0.570068 0.597886 0.0327148 0.0579044
1 0.840576 0.764706 0.0249023 0.0441176
0 0.202881 0.95818 0.0288086 0.0505515
1 0.987549 0.172794 0.0249023 0.0551471
0 0.438965 0.881434 0.0351562 0.0588235
1 0.308594 0.90579 0.03125 0.0560662
0 0.164551 0.772518 0.0283203 0.0560662
1 0.828857 0.625 0.0219727 0.0477941
1 0.93457 0.881893 0.0234375 0.0395221
1 0.800781 0.594669 0.0253906 0.0496324
0 0.30835 0.238051 0.0307617 0.0588235
1 0.924316 0.975184 0.0283203 0.0422794
1 0.95459 0.556526 0.0263672 0.0505515
0 0.0852051 0.238971 0.034668 0.0625
1 0.203613 0.957261 0.03125 0.0560662
1 0.872559 0.745404 0.0263672 0.0459559
1 0.825684 0.952665 0.0263672 0.0487132
0 0.109131 0.387868 0.0307617 0.0625
1 0.91626 0.496324 0.0249023 0.0459559
0 0.0222168 0.193015 0.0327148 0.0661765
1 0.689941 0.389246 0.03125 0.0652574
1 0.955566 0.86489 0.0234375 0.0441176
1 0.189209 0.542279 0.034668 0.0661765
