0 0.654541 0.011489 0.0288086 0.0229779
0 0.313965 0.887408 0.0263672 0.0431985
0 0.911865 0.983915 0.0327148 0.0321691
1 0.807861 0.988051 0.0297852 0.0238971
0 0.0773926 0.241268 0.0317383 0.0523897
0 0.406006 0.204504 0.0268555 0.0523897
1 0.871826 0.116728 0.019043 0.0386029
1 0.189453 0.84329 0.0214844 0.0376838
1 0.681641 0.109835 0.0253906 0.0413603
0 0.0151367 0.980699 0.0292969 0.0386029
1 0.0151367 0.198989 0.0263672 0.0523897
1 0.879883 0.824908 0.0234375 0.0450368
0 0.678467 0.0597426 0.0219727 0.0422794
0 0.610596 0.0128676 0.0249023 0.0257353
0 0.267822 0.985294 0.0297852 0.0275735
0 0.522217 0.0684743 0.0249023 0.046875
1 0.162109 0.769301 0.0273438 0.0496324
0 0.587891 0.36443 0.0234375 0.0395221
1 0.587891 0.36443 0.0224609 0.0395221
1 0.564941 0.60432 0.0263672 0.0431985
0 0.77832 0.705423 0.0234375 0.0413603
0 0.499268 0.672794 0.0229492 0.0496324
1 0.187988 0.478401 0.0244141 0.0450368
0 0.834473 0.862592 0.0205078 0.0413603
1 0.196533 0.939338 0.0258789 0.0441176
1 0.606201 0.243566 0.0200195 0.0386029
1 0.0771484 0.240809 0.0283203 0.0496324
0 0.391602 0.658088 0.0214844 0.0441176
0 0.440674 0.884651 0.0288086 0.046875
1 0.406006 0.204504 0.0258789 0.0487132
1 0.854492 0.256893 0.0234375 0.0413603
0 0.237305 0.711397 0.0253906 0.0422794
1 0.473145 0.670496 0.0224609 0.046875
0 0.16333 0.771599 0.0258789 0.046875
0 0.825684 0.955882 0.0283203 0.0477941
0 0.25708 0.844669 0.0258789 0.0441176
1 0.825928 0.955882 0.0297852 0.0477941
0 0.375244 0.693015 0.0229492 0.0441176
1 0.0148926 0.981158 0.0258789 0.0376838
1 0.371826 0.539522 0.0258789 0.0459559
1 0.439941 0.88557 0.0283203 0.046875
1 0.829102 0.622243 0.0234375 0.0477941
1 0.731689 0.106618 0.0239258 0.0477941
1 0.414795 0.45864 0.0258789 0.0441176
1 0.259277 0.845588 0.0283203 0.0459559
1 0.928955 0.564338 0.0268555 0.0441176
0 0.828857 0.621324 0.0249023 0.0514706
1 0.600586 0.231618 0.0195312 0.0386029
1 0.740234 0.170496 0.0234375 0.046875
0 0.0168457 0.19761 0.0258789 0.0496324
1 0.534912 0.331342 0.0249023 0.0505515
0 0.196289 0.938419 0.0253906 0.0422794
0 0.751953 0.921875 0.0263672 0.0496324
0 0.473389 0.670496 0.0219727 0.046875
1 0.124268 0.823529 0.0268555 0.0496324
1 0.410645 0.340074 0.0263672 0.0459559
1 0.572021 0.103401 0.0258789 0.046875
0 0.300781 0.66636 0.0234375 0.0459559
1 0.202148 0.851562 0.0234375 0.0395221
1 0.197021 0.53079 0.0239258 0.0431985
1 0.381104 0.786765 0.0229492 0.0422794
1 0.521973 0.0693934 0.0244141 0.0450368
1 0.678955 0.0602022 0.0239258 0.0413603
1 0.498779 0.673254 0.0239258 0.0505515
0 0.877441 0.719669 0.0283203 0.0477941
1 0.751465 0.921875 0.0263672 0.0496324
1 0.652344 0.397518 0.0224609 0.0431985
1 0.915771 0.495864 0.0297852 0.0487132
0 0.880371 0.824908 0.0234375 0.0505515
1 0.572754 0.390625 0.0224609 0.0386029
1 0.157227 0.493566 0.0244141 0.0422794
1 0.925781 0.852941 0.0283203 0.0459559
1 0.314453 0.14568 0.0234375 0.046875
0 0.558594 0.882353 0.0253906 0.0459559
1 0.838135 0.12454 0.0249023 0.0450368
0 0.56543 0.603401 0.0273438 0.0450368
1 0.21167 0.0795037 0.0258789 0.0523897
0 0.857178 0.865349 0.0249023 0.046875
1 0.391602 0.875 0.0234375 0.0496324
1 0.0961914 0.355239 0.0263672 0.046875
0 0.7854 0.59421 0.0288086 0.0450368
1 0.172119 0.0183824 0.0297852 0.0367647
1 0.132812 0.610294 0.0214844 0.0422794
0 0.755615 0.788603 0.0258789 0.0441176
1 0.146729 0.585018 0.0209961 0.0431985
0 0.320557 0.642923 0.0229492 0.0431985
1 0.88208 0.0854779 0.0219727 0.0422794
1 0.667236 0.393842 0.0209961 0.0413603
0 0.826416 0.809743 0.0249023 0.0514706
1 0.020752 0.444853 0.0249023 0.0422794
1 0.0939941 0.815257 0.0288086 0.0533088
1 0.151611 0.290441 0.0268555 0.0441176
1 0.596436 0.296415 0.0229492 0.0431985
1 0.0913086 0.0317096 0.0332031 0.0523897
1 0.103027 0.523897 0.0244141 0.0477941
1 0.0932617 0.602022 0.0234375 0.0459559
1 0.03125 0.410386 0.0234375 0.0431985
1 0.858643 0.0831801 0.0219727 0.0431985
1 0.37793 0.368107 0.0253906 0.0450368
1 0.80542 0.177849 0.0219727 0.0413603
1 0.525635 0.268842 0.0258789 0.0487132
1 0.80835 0.118107 0.0219727 0.0450368
1 0.812012 0.301011 0.0263672 0.0431985
1 0.147705 0.234835 0.0268555 0.0431985
1 0.989014 0.175092 0.0219727 0.0505515
1 0.691162 0.38557 0.0249023 0.046875
1 0.335449 0.184743 0.0253906 0.0459559
1 0.897461 0.106618 0.0234375 0.0441176
1 0.58252 0.246324 0.0234375 0.0422794
1 0.805664 0.210938 0.0244141 0.0413603
1 0.227295 0.770221 0.0249023 0.0441176
1 0.238525 0.346048 0.027832 0.0505515
1 0.785156 0.27114 0.0253906 0.0459559
1 0.50415 0.176011 0.0258789 0.0487132
1 0.419678 0.946232 0.0258789 0.0487132
1 0.205566 0.314338 0.0244141 0.0477941
1 0.983643 0.919577 0.027832 0.0560662
1 0.314209 0.247243 0.0258789 0.0441176
