1 0.406006 0.174632 0.0239258 0.0533088
1 0.853271 0.0795037 0.0219727 0.0395221
0 0.366699 0.792739 0.0224609 0.0395221
0 0.852295 0.078125 0.0200195 0.0422794
0 0.560303 0.875919 0.0249023 0.0441176
1 0.464111 0.880974 0.0200195 0.0376838
1 0.460938 0.152114 0.0205078 0.0376838
0 0.124756 0.484375 0.0229492 0.0514706
1 0.44873 0.160846 0.0166016 0.0367647
1 0.981201 0.18796 0.0268555 0.0450368
1 0.449951 0.511489 0.0209961 0.0395221
0 0.0332031 0.410386 0.0244141 0.0487132
0 0.979736 0.441636 0.0200195 0.0431985
1 0.915039 0.589154 0.0234375 0.0330882
1 0.269043 0.215533 0.0234375 0.0413603
0 0.535889 0.501379 0.0239258 0.0431985
1 0.519775 0.827206 0.0209961 0.0349265
0 0.116699 0.161765 0.0234375 0.0459559
0 0.510498 0.0174632 0.0200195 0.0349265
1 0.12915 0.137868 0.0229492 0.0422794
1 0.704834 0.653493 0.0249023 0.0459559
1 0.979492 0.443015 0.0234375 0.0422794
0 0.560547 0.609375 0.0224609 0.0459559
1 0.538086 0.501379 0.0234375 0.0431985
1 0.360352 0.684743 0.0263672 0.0496324
0 0.293213 0.801471 0.0229492 0.0367647
0 0.15918 0.498621 0.0224609 0.0431985
0 0.0175781 0.463235 0.0273438 0.0569853
0 0.560059 0.517463 0.0205078 0.0386029
0 0.0856934 0.600184 0.0239258 0.0496324
0 0.417969 0.962776 0.0283203 0.0487132
0 0.520264 0.0689338 0.0239258 0.0441176
0 0.36084 0.683824 0.0263672 0.0477941
1 0.726807 0.63557 0.0219727 0.0431985
1 0.123535 0.474724 0.0234375 0.0431985
1 0.6604 0.0128676 0.0209961 0.0257353
0 0.727783 0.63557 0.0229492 0.0431985
1 0.393066 0.657169 0.0244141 0.0459559
1 0.530518 0.461397 0.0249023 0.0441176
0 0.781738 0.684283 0.0244141 0.046875
1 0.617432 0.88557 0.0209961 0.0395221
0 0.619141 0.984375 0.0273438 0.03125
0 0.325928 0.627298 0.0249023 0.0450368
1 0.092041 0.0349265 0.0336914 0.0551471
1 0.382568 0.787224 0.0209961 0.0395221
0 0.53125 0.460938 0.0244141 0.0450368
1 0.117188 0.161765 0.0234375 0.0422794
1 0.0180664 0.464154 0.0263672 0.0514706
0 0.290771 0.773897 0.0219727 0.0367647
1 0.530029 0.809743 0.0229492 0.0386029
0 0.73291 0.186121 0.0234375 0.0450368
0 0.878906 0.0804228 0.0234375 0.0431985
0 0.829102 0.825827 0.0234375 0.046875
1 0.259277 0.845588 0.0283203 0.0477941
1 0.174072 0.827206 0.027832 0.0477941
1 0.604736 0.0147059 0.0239258 0.0294118
1 0.0949707 0.349724 0.0268555 0.0450368
1 0.63501 0.880974 0.0209961 0.0395221
1 0.194824 0.921875 0.0253906 0.0459559
1 0.78125 0.685662 0.0253906 0.0459559
0 0.19751 0.532629 0.0239258 0.046875
1 0.170898 0.0165441 0.0273438 0.0330882
1 0.0327148 0.409467 0.0244141 0.0450368
1 0.706299 0.0248162 0.0219727 0.0404412
1 0.46167 0.672794 0.0258789 0.0477941
1 0.0664062 0.798254 0.0234375 0.0395221
1 0.0856934 0.599724 0.0239258 0.046875
1 0.740234 0.915441 0.0292969 0.0477941
1 0.731689 0.0992647 0.0249023 0.0459559
1 0.520508 0.0703125 0.0234375 0.0431985
1 0.197266 0.533088 0.0253906 0.0459559
1 0.66748 0.392463 0.0224609 0.0459559
1 0.695801 0.380974 0.0244141 0.0413603
1 0.67334 0.709559 0.0244141 0.0477941
1 0.827148 0.825827 0.0234375 0.046875
1 0.373047 0.536305 0.0273438 0.046875
1 0.418457 0.784007 0.0234375 0.0422794
1 0.15918 0.499081 0.0234375 0.0459559
1 0.989014 0.817555 0.0200195 0.0431985
0 0.351318 0.80239 0.0229492 0.0459559
0 0.0749512 0.251379 0.0258789 0.0487132
1 0.839844 0.683824 0.0214844 0.0441176
1 0.126709 0.502298 0.0209961 0.0450368
1 0.910156 0.504136 0.0253906 0.0431985
1 0.832764 0.127298 0.0249023 0.0431985
1 0.512451 0.681526 0.0297852 0.0487132
1 0.64624 0.389706 0.0249023 0.0441176
1 0.80249 0.168199 0.0249023 0.0459559
1 0.128662 0.828585 0.0258789 0.0505515
0 0.0925293 0.0367647 0.0336914 0.0514706
1 0.146484 0.588235 0.0234375 0.0477941
0 0.258057 0.846507 0.0258789 0.0422794
1 0.851562 0.262408 0.0263672 0.0413603
0 0.297852 0.672794 0.0273438 0.0477941
1 0.783203 0.59375 0.0253906 0.0441176
0 0.317139 0.879596 0.0239258 0.0459559
1 0.766357 0.0845588 0.0209961 0.0404412
1 0.94043 0.694393 0.0234375 0.0395221
1 0.377686 0.371324 0.0268555 0.0514706
1 0.940674 0.723346 0.0219727 0.0386029
1 0.885986 0.236673 0.0327148 0.0487132
1 0.689453 0.444853 0.0244141 0.0404412
1 0.277832 0.194393 0.0214844 0.0376838
1 0.755859 0.789062 0.0253906 0.0450368
1 0.165283 0.772518 0.0249023 0.0487132
1 0.308105 0.125 0.0263672 0.0496324
1 0.434814 0.883732 0.0249023 0.046875
1 0.186279 0.464614 0.0258789 0.046875
1 0.15332 0.228401 0.0273438 0.0505515
1 0.407471 0.345129 0.0268555 0.0450368
1 0.39502 0.871324 0.0263672 0.0496324
1 0.185059 0.380974 0.0224609 0.0413603
1 0.612061 0.252757 0.0209961 0.0422794
1 0.206055 0.855239 0.0292969 0.046875
1 0.828125 0.625 0.0234375 0.0514706
1 0.590088 0.363511 0.0249023 0.0450368
1 0.992676 0.550092 0.0146484 0.046875
1 0.0141602 0.980239 0.0244141 0.0395221
1 0.879639 0.823989 0.0249023 0.0487132
1 0.712891 0.477482 0.0253906 0.0431985
1 0.458252 0.107537 0.0249023 0.0459559
1 0.566406 0.383272 0.0244141 0.0441176
1 0.231445 0.347426 0.0234375 0.0477941
0 0.0112305 0.207721 0.0214844 0.0514706
1 0.0930176 0.8125 0.0268555 0.0496324
1 0.7771 0.869945 0.0219727 0.0413603
1 0.990967 0.761489 0.0180664 0.0413603
1 0.695557 0.742188 0.0219727 0.0450368
0 0.269531 0.984375 0.0273438 0.03125
1 0.458252 0.497702 0.0249023 0.0413603
1 0.802002 0.10386 0.0239258 0.0422794
1 0.597656 0.228401 0.0214844 0.0431985
1 0.533936 0.338695 0.0258789 0.0450368
1 0.854736 0.680607 0.0200195 0.0413603
0 0.234619 0.710478 0.0249023 0.0459559
1 0.598145 0.300551 0.0234375 0.0441176
1 0.577393 0.248621 0.0219727 0.046875
1 0.360352 0.16636 0.0253906 0.0441176
1 0.674561 0.0579044 0.0239258 0.0422794
1 0.762451 0.0477941 0.0219727 0.0404412
1 0.762207 0.883732 0.0224609 0.0376838
1 0.408936 0.537684 0.0258789 0.0459559
1 0.960938 0.217831 0.0234375 0.0367647
1 0.804932 0.233915 0.0249023 0.0450368
1 0.814209 0.443474 0.0249023 0.0413603
1 0.855469 0.867647 0.0253906 0.0459559
1 0.109131 0.529871 0.0258789 0.0487132
1 0.408203 0.204963 0.0253906 0.0477941
1 0.197998 0.36443 0.0229492 0.0395221
1 0.806396 0.297335 0.0249023 0.0431985
1 0.797607 0.404871 0.0239258 0.0413603
1 0.781494 0.273897 0.0258789 0.0459559
1 0.97168 0.192555 0.0234375 0.0395221
1 0.945312 0.317096 0.0253906 0.0441176
1 0.991455 0.177849 0.0170898 0.0431985
1 0.394531 0.115809 0.0224609 0.0441176
1 0.146729 0.303768 0.0258789 0.0487132
1 0.418457 0.960938 0.0273438 0.0487132
1 0.92041 0.840533 0.0263672 0.046875
1 0.678955 0.136489 0.027832 0.0487132
1 0.572266 0.10432 0.0244141 0.0413603
1 0.223877 0.790901 0.0258789 0.046875
1 0.877441 0.709099 0.0234375 0.0431985
1 0.0300293 0.886029 0.0258789 0.0459559
1 0.933594 0.332261 0.0214844 0.0413603
1 0.22168 0.0758272 0.0273438 0.0487132
1 0.442627 0.471967 0.0219727 0.0431985
1 0.132812 0.626838 0.0253906 0.0477941
1 0.403076 0.159467 0.0229492 0.046875
1 0.915527 0.55239 0.0234375 0.0422794
1 0.499268 0.175551 0.0258789 0.0477941
1 0.0410156 0.925551 0.0244141 0.0459559
1 0.332275 0.199449 0.0249023 0.0441176
1 0.964111 0.753676 0.0249023 0.0422794
1 0.414062 0.463235 0.0263672 0.0496324
1 0.530029 0.269301 0.0239258 0.0459559
1 0.316406 0.24954 0.0253906 0.0431985
1 0.483154 0.134191 0.0249023 0.0477941
1 0.830566 0.951746 0.0263672 0.046875
1 0.208008 0.309283 0.0234375 0.0450368
1 0.981201 0.734375 0.0219727 0.0386029
1 0.364014 0.203125 0.0219727 0.0404412
1 0.98584 0.934743 0.0263672 0.0514706
1 0.240967 0.0275735 0.0249023 0.0477941
