0 0.835938 0.123162 0.0214844 0.0459559
0 0.533691 0.919118 0.0302734 0.0477941
1 0.962402 0.871324 0.0234375 0.0441176
1 0.101807 0.0234375 0.0336914 0.046875
0 0.101562 0.0225184 0.0341797 0.0450368
1 0.0852051 0.238511 0.0336914 0.0634191
1 0.810791 0.120404 0.0219727 0.0477941
0 0.189697 0.54136 0.034668 0.0698529
1 0.785889 0.926471 0.0268555 0.0496324
0 0.832031 0.77114 0.0292969 0.0533088
0 0.96167 0.867188 0.027832 0.046875
0 0.810791 0.118107 0.0239258 0.0487132
1 0.923584 0.976562 0.0297852 0.0431985
0 0.569092 0.597426 0.0288086 0.0514706
0 0.826416 0.953585 0.0297852 0.0523897
1 0.835205 0.125 0.0219727 0.0441176
0 0.799316 0.595588 0.0283203 0.0496324
1 0.109131 0.387868 0.0288086 0.0643382
1 0.310547 0.240349 0.03125 0.0542279
1 0.528076 0.274816 0.0200195 0.0386029
1 0.56958 0.596507 0.027832 0.0496324
0 0.921875 0.977022 0.0292969 0.0459559
1 0.529297 0.309283 0.0224609 0.0395221
1 0.946777 0.561121 0.0263672 0.0487132
1 0.832031 0.77068 0.0292969 0.0560662
1 0.202881 0.957261 0.0307617 0.0523897
0 0.828857 0.623162 0.0249023 0.0477941
0 0.872559 0.747243 0.0283203 0.0496324
0 0.309814 0.240349 0.0307617 0.0542279
1 0.91626 0.494945 0.0249023 0.046875
1 0.828857 0.62454 0.0219727 0.046875
1 0.800049 0.595129 0.0268555 0.0487132
1 0.872559 0.745404 0.0283203 0.0477941
1 0.385742 0.255515 0.0253906 0.0477941
0 0.0849609 0.238051 0.0361328 0.0588235
1 0.988281 0.172335 0.0234375 0.0505515
0 0.258789 0.846967 0.0273438 0.0505515
0 0.202148 0.957261 0.0283203 0.0487132
0 0.164551 0.772518 0.0283203 0.0542279
0 0.439209 0.882353 0.0336914 0.0569853
1 0.415527 0.454963 0.0234375 0.0459559
0 0.934326 0.882812 0.0249023 0.0413603
0 0.108887 0.389706 0.0292969 0.0625
1 0.377441 0.367188 0.0234375 0.0431985
0 0.0222168 0.193015 0.0336914 0.0680147
1 0.39502 0.340993 0.0244141 0.0422794
1 0.689941 0.390165 0.0302734 0.0652574
1 0.189209 0.54182 0.034668 0.0670956
1 0.825928 0.954044 0.0297852 0.0514706
