1 0.13916 0.602941 0.0234375 0.0496324
1 0.388428 0.69807 0.0180664 0.0395221
1 0.680908 0.102482 0.0229492 0.0395221
1 0.611328 0.0128676 0.0253906 0.0257353
1 0.170654 0.801471 0.0219727 0.0459559
0 0.834473 0.862592 0.0205078 0.0395221
0 0.776367 0.712316 0.0234375 0.0459559
0 0.68042 0.107077 0.0229492 0.0395221
1 0.65918 0.396599 0.03125 0.046875
0 0.587891 0.36443 0.0224609 0.0358456
0 0.678467 0.0592831 0.0209961 0.0413603
1 0.740723 0.164522 0.0244141 0.0441176
1 0.731689 0.115349 0.0229492 0.0431985
0 0.912354 0.983456 0.0297852 0.0330882
0 0.731934 0.115809 0.0244141 0.0441176
0 0.880371 0.825827 0.0234375 0.0487132
0 0.75415 0.923713 0.0288086 0.0496324
0 0.877441 0.721048 0.0263672 0.046875
1 0.557617 0.881434 0.0273438 0.0441176
1 0.879883 0.824449 0.0234375 0.0441176
0 0.826416 0.806066 0.0249023 0.0533088
1 0.856201 0.252298 0.0249023 0.0431985
1 0.857666 0.863971 0.0249023 0.0477941
1 0.381104 0.786765 0.0209961 0.0404412
0 0.786621 0.59421 0.0283203 0.046875
1 0.807129 0.186581 0.0234375 0.0404412
1 0.408691 0.537224 0.0234375 0.0395221
0 0.828857 0.621783 0.0249023 0.0505515
1 0.475342 0.668658 0.0200195 0.0413603
1 0.828857 0.622702 0.0219727 0.046875
0 0.825684 0.954963 0.0283203 0.0496324
1 0.825928 0.955882 0.0297852 0.0496324
0 0.557373 0.884191 0.0268555 0.0441176
1 0.917236 0.494485 0.027832 0.0477941
1 0.439453 0.88557 0.0273438 0.046875
1 0.575928 0.391085 0.0209961 0.0340074
1 0.403809 0.20864 0.0234375 0.0496324
1 0.534912 0.330882 0.0249023 0.0496324
1 0.678711 0.0606618 0.0234375 0.0404412
0 0.755615 0.789062 0.0258789 0.0431985
1 0.0183105 0.196232 0.0258789 0.0523897
1 0.300781 0.66636 0.0224609 0.0422794
1 0.25708 0.84375 0.0258789 0.0441176
1 0.237305 0.712776 0.0234375 0.046875
1 0.378174 0.690717 0.0229492 0.0450368
1 0.49292 0.671415 0.0219727 0.0413603
0 0.565918 0.602022 0.0273438 0.0459559
1 0.838379 0.12454 0.0234375 0.0431985
1 0.31665 0.64614 0.0209961 0.0422794
1 0.88208 0.0863971 0.0200195 0.0422794
1 0.414062 0.457261 0.0253906 0.0450368
1 0.0908203 0.0317096 0.0332031 0.0487132
1 0.196045 0.941636 0.0268555 0.0487132
1 0.371094 0.539062 0.0253906 0.046875
1 0.389893 0.662684 0.0219727 0.0422794
1 0.858643 0.0836397 0.0200195 0.0441176
1 0.929688 0.563879 0.0263672 0.0450368
1 0.571777 0.102941 0.0244141 0.0441176
1 0.523926 0.0680147 0.0244141 0.0459559
1 0.317139 0.15671 0.0229492 0.0450368
1 0.691162 0.38557 0.0258789 0.046875
1 0.0935059 0.601103 0.0219727 0.0441176
1 0.926514 0.855239 0.0268555 0.046875
1 0.391602 0.874081 0.0234375 0.0496324
1 0.0966797 0.358915 0.0253906 0.046875
1 0.410156 0.339614 0.0253906 0.0450368
1 0.172119 0.0193015 0.0297852 0.0386029
1 0.210205 0.078125 0.0258789 0.0514706
1 0.0146484 0.981618 0.0253906 0.0367647
1 0.809326 0.118107 0.0219727 0.0431985
1 0.753906 0.923713 0.0283203 0.0533088
1 0.525146 0.268382 0.0249023 0.0477941
1 0.078125 0.238511 0.0273438 0.0487132
1 0.812012 0.301471 0.0244141 0.0422794
1 0.988281 0.174632 0.0214844 0.0496324
1 0.595703 0.296875 0.0244141 0.0404412
1 0.145752 0.586857 0.0200195 0.0431985
1 0.897705 0.106158 0.0219727 0.0450368
1 0.101807 0.523438 0.0239258 0.046875
1 0.196533 0.530331 0.0229492 0.0422794
1 0.0310059 0.409926 0.0219727 0.0404412
1 0.785645 0.272059 0.0234375 0.0459559
1 0.419189 0.943934 0.0258789 0.0496324
1 0.377686 0.368107 0.0249023 0.0431985
1 0.506104 0.179228 0.0258789 0.0459559
1 0.805664 0.210018 0.0234375 0.0413603
1 0.132324 0.609375 0.0214844 0.0422794
1 0.187012 0.482996 0.0244141 0.0450368
1 0.583008 0.247702 0.0234375 0.0431985
1 0.147949 0.235294 0.0253906 0.0441176
1 0.0236816 0.4375 0.0239258 0.0422794
1 0.0944824 0.815257 0.027832 0.0514706
1 0.98291 0.918658 0.0283203 0.0560662
1 0.12207 0.822151 0.0263672 0.046875
1 0.159424 0.488971 0.0219727 0.0404412
1 0.335449 0.182904 0.0234375 0.0459559
1 0.164062 0.77068 0.0263672 0.0450368
1 0.238525 0.346048 0.027832 0.0505515
1 0.313232 0.246783 0.0249023 0.0450368
1 0.152588 0.284007 0.0249023 0.0422794
1 0.205078 0.314338 0.0234375 0.0477941
1 0.228516 0.766544 0.0253906 0.0441176
