1 0.139648 0.602482 0.0234375 0.0487132
1 0.806396 0.988051 0.0307617 0.0238971
1 0.611328 0.0128676 0.0253906 0.0257353
0 0.689453 0.386489 0.0292969 0.046875
1 0.169922 0.799173 0.0214844 0.046875
0 0.834473 0.862592 0.0205078 0.0395221
0 0.574219 0.392923 0.0195312 0.0340074
0 0.440186 0.883732 0.0288086 0.0505515
0 0.91626 0.493566 0.0249023 0.0459559
0 0.680908 0.106158 0.0229492 0.0395221
0 0.775879 0.712316 0.0234375 0.0459559
1 0.740723 0.164062 0.0234375 0.0431985
0 0.731934 0.116268 0.0244141 0.0431985
0 0.678467 0.0592831 0.0209961 0.0413603
1 0.731689 0.115349 0.0229492 0.0431985
1 0.857666 0.863971 0.0249023 0.0459559
0 0.587646 0.36489 0.0219727 0.0349265
0 0.880371 0.824908 0.0234375 0.0487132
1 0.475586 0.668199 0.0195312 0.0422794
1 0.825928 0.955882 0.0297852 0.0477941
0 0.826416 0.805147 0.0249023 0.0533088
1 0.856201 0.252298 0.0249023 0.0431985
1 0.879883 0.824449 0.0234375 0.0441176
0 0.877441 0.721507 0.0263672 0.0459559
1 0.381348 0.786765 0.0214844 0.0404412
0 0.786621 0.59421 0.0283203 0.046875
1 0.557129 0.881434 0.0273438 0.0441176
0 0.912354 0.983456 0.0297852 0.0330882
0 0.754639 0.923254 0.0288086 0.0487132
1 0.916992 0.493107 0.0234375 0.046875
1 0.807129 0.186121 0.0234375 0.0395221
0 0.828125 0.622702 0.0234375 0.0505515
1 0.575928 0.391544 0.0209961 0.0349265
1 0.0185547 0.195772 0.0253906 0.0514706
1 0.828857 0.622243 0.0219727 0.0459559
1 0.439453 0.88557 0.0273438 0.046875
1 0.678711 0.0606618 0.0234375 0.0404412
1 0.407715 0.538143 0.0224609 0.0395221
1 0.534668 0.330882 0.0244141 0.0496324
0 0.557129 0.884191 0.0263672 0.0441176
0 0.825684 0.955423 0.0283203 0.0487132
1 0.492432 0.670037 0.0209961 0.0422794
1 0.256836 0.84375 0.0253906 0.0441176
1 0.403564 0.209559 0.0229492 0.0477941
1 0.301025 0.66636 0.0219727 0.0422794
1 0.0910645 0.03125 0.0336914 0.0514706
1 0.69043 0.384191 0.0273438 0.0477941
1 0.237061 0.713235 0.0239258 0.0441176
1 0.88208 0.0863971 0.0200195 0.0422794
1 0.838379 0.12454 0.0234375 0.0431985
1 0.929688 0.563419 0.0253906 0.0441176
0 0.755615 0.788603 0.0249023 0.0441176
1 0.196045 0.942555 0.027832 0.0487132
1 0.389648 0.663143 0.0224609 0.0431985
1 0.316406 0.646599 0.0205078 0.0395221
1 0.414062 0.457261 0.0253906 0.0450368
0 0.565918 0.602022 0.0263672 0.0459559
1 0.209961 0.0790441 0.0263672 0.0496324
1 0.378174 0.690717 0.0219727 0.0450368
1 0.926514 0.855239 0.0268555 0.046875
1 0.571777 0.102482 0.0244141 0.0450368
1 0.523926 0.0680147 0.0244141 0.0441176
1 0.754395 0.924173 0.0283203 0.0523897
1 0.858643 0.0831801 0.0200195 0.0431985
1 0.371094 0.539062 0.0253906 0.046875
1 0.172119 0.0193015 0.0288086 0.0386029
1 0.0146484 0.981618 0.0253906 0.0367647
1 0.524902 0.268382 0.0244141 0.0477941
1 0.078125 0.238051 0.0263672 0.0496324
1 0.0935059 0.600643 0.0219727 0.0431985
1 0.317627 0.157629 0.0229492 0.046875
1 0.0969238 0.358915 0.0249023 0.046875
1 0.391357 0.874081 0.0229492 0.0496324
1 0.595215 0.296415 0.0234375 0.0395221
1 0.809326 0.118107 0.0219727 0.0431985
1 0.812012 0.301471 0.0244141 0.0422794
1 0.897705 0.106618 0.0219727 0.0441176
1 0.145996 0.587316 0.0195312 0.0422794
1 0.410156 0.340074 0.0253906 0.0441176
1 0.101562 0.523897 0.0244141 0.0459559
1 0.988281 0.175092 0.0214844 0.0505515
1 0.785645 0.272059 0.0234375 0.0459559
1 0.03125 0.410386 0.0214844 0.0395221
1 0.196533 0.530331 0.0229492 0.0422794
1 0.506104 0.180147 0.0249023 0.0459559
1 0.419189 0.943474 0.0258789 0.0505515
1 0.37793 0.368107 0.0253906 0.0431985
1 0.805664 0.209559 0.0234375 0.0404412
1 0.583496 0.248162 0.0234375 0.0422794
1 0.0241699 0.43704 0.0239258 0.0413603
1 0.132568 0.608915 0.0209961 0.0413603
1 0.121338 0.822151 0.0258789 0.046875
1 0.187256 0.482996 0.0239258 0.0450368
1 0.148193 0.235294 0.0249023 0.0422794
1 0.98291 0.918658 0.0283203 0.0542279
1 0.159668 0.488511 0.0224609 0.0395221
1 0.0947266 0.815257 0.0273438 0.0514706
1 0.153076 0.282629 0.0249023 0.0431985
1 0.335449 0.183364 0.0224609 0.046875
1 0.164062 0.77114 0.0263672 0.0459559
1 0.239014 0.345129 0.027832 0.0505515
1 0.204834 0.314338 0.0239258 0.0477941
1 0.313232 0.247243 0.0249023 0.0441176
1 0.22876 0.764706 0.0249023 0.0459559
