0 0.126709 0.823989 0.0249023 0.0487132
1 0.407227 0.204504 0.0273438 0.0523897
1 0.4104 0.539982 0.0249023 0.0413603
1 0.681396 0.115809 0.0258789 0.0422794
1 0.807861 0.988051 0.0297852 0.0238971
1 0.162109 0.767463 0.0263672 0.0496324
1 0.879883 0.824449 0.0234375 0.0441176
0 0.314453 0.886949 0.0253906 0.0422794
0 0.0922852 0.599724 0.0224609 0.0450368
0 0.0942383 0.815257 0.0283203 0.0533088
0 0.778076 0.704044 0.0229492 0.0422794
0 0.440674 0.884191 0.0288086 0.0514706
0 0.739502 0.171875 0.0219727 0.0496324
1 0.878174 0.717831 0.0249023 0.0459559
0 0.825684 0.955882 0.0263672 0.0477941
0 0.132568 0.610754 0.0209961 0.0413603
0 0.0148926 0.980699 0.0288086 0.0386029
0 0.677979 0.0592831 0.0219727 0.0413603
0 0.610596 0.0133272 0.0239258 0.0266544
1 0.750244 0.921875 0.0249023 0.0496324
0 0.731201 0.107077 0.0249023 0.0431985
1 0.259277 0.846507 0.0273438 0.0459559
1 0.731201 0.10432 0.0239258 0.046875
0 0.40625 0.203125 0.0253906 0.0496324
0 0.522217 0.0684743 0.0249023 0.0450368
0 0.0314941 0.410846 0.0239258 0.0422794
1 0.588623 0.36443 0.0239258 0.0431985
1 0.414795 0.459559 0.0258789 0.0441176
1 0.132324 0.610754 0.0224609 0.0413603
1 0.146729 0.585018 0.0209961 0.0450368
1 0.0200195 0.445312 0.0224609 0.0450368
0 0.268066 0.985294 0.0273438 0.0294118
0 0.834473 0.862592 0.0205078 0.0413603
0 0.80957 0.436581 0.0234375 0.0386029
1 0.534668 0.332261 0.0244141 0.0505515
1 0.572021 0.10432 0.0249023 0.046875
1 0.410156 0.340533 0.0273438 0.046875
0 0.877441 0.71829 0.0263672 0.046875
1 0.371826 0.539062 0.0258789 0.046875
0 0.750732 0.920496 0.0249023 0.0505515
0 0.828857 0.621324 0.0249023 0.0514706
0 0.163086 0.772059 0.0253906 0.0459559
0 0.410156 0.339614 0.0253906 0.0450368
0 0.39209 0.658088 0.0224609 0.0441176
1 0.125488 0.823989 0.0263672 0.0487132
1 0.829102 0.622243 0.0234375 0.0477941
1 0.925049 0.852022 0.0249023 0.0441176
1 0.380859 0.786765 0.0234375 0.0459559
0 0.0200195 0.445312 0.0244141 0.0450368
1 0.739746 0.173254 0.0234375 0.0487132
1 0.825684 0.955423 0.0283203 0.046875
0 0.373047 0.692096 0.0214844 0.0422794
1 0.521973 0.0693934 0.0244141 0.0450368
1 0.854004 0.257812 0.0234375 0.0431985
1 0.914795 0.497243 0.027832 0.0477941
0 0.197021 0.53125 0.0229492 0.0422794
1 0.47168 0.671415 0.0234375 0.046875
1 0.928223 0.564338 0.0263672 0.0441176
0 0.500732 0.673713 0.0229492 0.0533088
0 0.0769043 0.242647 0.0307617 0.0496324
1 0.678711 0.0602022 0.0234375 0.0413603
0 0.256836 0.844669 0.0253906 0.0441176
0 0.188477 0.477022 0.0244141 0.0459559
1 0.0957031 0.355239 0.0263672 0.046875
1 0.651855 0.397518 0.0224609 0.0431985
0 0.146484 0.585018 0.0205078 0.0413603
1 0.212158 0.0795037 0.0268555 0.0523897
1 0.103271 0.524816 0.0249023 0.0459559
1 0.440186 0.88557 0.0288086 0.046875
0 0.47168 0.671415 0.0234375 0.046875
0 0.196533 0.933824 0.0239258 0.0404412
0 0.237061 0.711397 0.0249023 0.0404412
1 0.571777 0.390165 0.0224609 0.0395221
1 0.314453 0.142923 0.0253906 0.0450368
1 0.184814 0.838235 0.0229492 0.0422794
0 0.880371 0.823989 0.0234375 0.0487132
1 0.377686 0.369026 0.0249023 0.0450368
1 0.5 0.673713 0.0253906 0.0514706
1 0.0935059 0.815257 0.027832 0.0514706
0 0.784912 0.595129 0.0288086 0.0450368
0 0.156982 0.494485 0.0239258 0.0441176
1 0.838135 0.12454 0.0249023 0.0450368
1 0.202881 0.850643 0.0229492 0.0413603
1 0.148193 0.234375 0.0268555 0.0422794
0 0.755615 0.789062 0.0258789 0.0431985
1 0.599121 0.230699 0.0195312 0.0386029
0 0.559326 0.881434 0.0258789 0.0459559
0 0.826416 0.811581 0.0249023 0.0496324
1 0.881348 0.0850184 0.0205078 0.0413603
1 0.0927734 0.601562 0.0234375 0.0450368
1 0.0913086 0.0321691 0.0332031 0.0533088
1 0.171875 0.0183824 0.0302734 0.0367647
0 0.300293 0.66636 0.0244141 0.0459559
1 0.858643 0.0827206 0.0200195 0.0422794
0 0.0163574 0.198529 0.0258789 0.0514706
1 0.667969 0.393382 0.0214844 0.0422794
1 0.609863 0.247702 0.0205078 0.0395221
0 0.565186 0.60432 0.0268555 0.0450368
0 0.857178 0.865349 0.0249023 0.046875
1 0.804932 0.176471 0.0229492 0.0422794
0 0.321289 0.640165 0.0234375 0.0431985
1 0.151367 0.293658 0.0283203 0.0431985
1 0.808838 0.117647 0.0229492 0.0441176
1 0.526123 0.269301 0.0258789 0.0477941
1 0.238281 0.346507 0.0273438 0.0514706
1 0.391602 0.875919 0.0234375 0.0514706
1 0.226562 0.772978 0.0253906 0.0441176
1 0.335449 0.185662 0.0253906 0.0459559
1 0.596924 0.297335 0.0229492 0.0431985
1 0.691406 0.38557 0.0253906 0.0450368
1 0.811768 0.301011 0.0268555 0.0431985
1 0.582031 0.246783 0.0234375 0.0413603
1 0.989014 0.175092 0.0219727 0.0487132
1 0.896973 0.106618 0.0234375 0.0441176
1 0.205322 0.313879 0.0249023 0.0487132
1 0.503906 0.176011 0.0253906 0.0487132
1 0.80542 0.211857 0.0249023 0.0413603
1 0.784912 0.27114 0.0249023 0.0459559
1 0.983643 0.920496 0.027832 0.0542279
1 0.314209 0.247702 0.0258789 0.0450368
1 0.419678 0.94761 0.0258789 0.0496324
