1 0.534424 0.918658 0.027832 0.0560662
0 0.310547 0.898438 0.0302734 0.0523897
0 0.10083 0.0229779 0.034668 0.0459559
1 0.783203 0.923254 0.0302734 0.0487132
0 0.810791 0.117647 0.0239258 0.0496324
1 0.100586 0.0234375 0.0341797 0.046875
1 0.921875 0.977022 0.03125 0.0459559
0 0.533936 0.917279 0.0297852 0.0514706
0 0.799072 0.595129 0.0288086 0.0487132
0 0.967041 0.87546 0.0249023 0.0487132
0 0.189941 0.54136 0.0341797 0.0680147
1 0.108643 0.387408 0.0297852 0.0634191
0 0.567871 0.596967 0.0302734 0.0560662
1 0.810791 0.119485 0.0219727 0.0477941
0 0.921875 0.976562 0.03125 0.0431985
1 0.568604 0.597886 0.0288086 0.0505515
1 0.835938 0.12454 0.0234375 0.0450368
1 0.202148 0.95818 0.03125 0.0542279
1 0.310547 0.241268 0.03125 0.0523897
1 0.799805 0.59421 0.0273438 0.0487132
0 0.310303 0.241268 0.0307617 0.0523897
0 0.783203 0.923713 0.0322266 0.0496324
1 0.397217 0.337316 0.0239258 0.0404412
1 0.988281 0.172335 0.0234375 0.0505515
1 0.917236 0.493566 0.0249023 0.0496324
1 0.967285 0.877298 0.0234375 0.046875
0 0.828857 0.623621 0.0249023 0.0487132
1 0.94458 0.561581 0.0297852 0.0496324
0 0.438232 0.882812 0.0317383 0.0542279
1 0.528564 0.308824 0.0209961 0.0404412
1 0.829102 0.625 0.0234375 0.0477941
1 0.415527 0.454963 0.0234375 0.0459559
1 0.527344 0.27114 0.0214844 0.0386029
0 0.20166 0.95818 0.0283203 0.0487132
1 0.386963 0.252298 0.0268555 0.0487132
0 0.934326 0.883272 0.0249023 0.0441176
0 0.829834 0.772059 0.0297852 0.0533088
1 0.377441 0.367647 0.0244141 0.0441176
0 0.0852051 0.238971 0.034668 0.0606618
0 0.872559 0.745864 0.0283203 0.0487132
0 0.108643 0.388787 0.0297852 0.0606618
0 0.258545 0.846967 0.0268555 0.0505515
0 0.165283 0.772978 0.0288086 0.0496324
0 0.826416 0.953585 0.0297852 0.0523897
0 0.0222168 0.193015 0.0336914 0.0661765
1 0.825928 0.954044 0.0297852 0.0514706
1 0.189453 0.54182 0.0351562 0.0652574
1 0.689941 0.390165 0.03125 0.0652574
