0 0.859375 0.0850184 0.0253906 0.046875
0 0.917236 0.492188 0.0249023 0.0431985
1 0.09375 0.557904 0.0244141 0.0588235
0 0.7854 0.273438 0.0249023 0.0450368
1 0.882812 0.241728 0.0205078 0.0459559
0 0.810791 0.118107 0.0219727 0.046875
1 0.858643 0.0840993 0.0219727 0.046875
0 0.567139 0.596507 0.0288086 0.0533088
1 0.102783 0.37546 0.0258789 0.0505515
0 0.916992 0.982077 0.03125 0.0358456
0 0.102051 0.377298 0.0253906 0.0505515
1 0.440186 0.883732 0.0239258 0.0487132
0 0.691406 0.386949 0.0263672 0.0533088
1 0.917969 0.492188 0.0292969 0.046875
0 0.439453 0.88557 0.0244141 0.046875
1 0.690674 0.387868 0.027832 0.0533088
1 0.858643 0.255515 0.0200195 0.0404412
1 0.835938 0.866268 0.0205078 0.0376838
1 0.790283 0.590533 0.0239258 0.0450368
0 0.769531 0.925092 0.0263672 0.0523897
0 0.790527 0.591452 0.0253906 0.0450368
1 0.197998 0.959559 0.027832 0.0477941
1 0.80835 0.299632 0.0239258 0.0404412
1 0.785156 0.272059 0.0234375 0.0477941
0 0.207031 0.316636 0.0253906 0.0523897
1 0.810059 0.116728 0.0205078 0.0441176
1 0.0942383 0.0257353 0.03125 0.0422794
0 0.0219727 0.194393 0.0263672 0.0505515
1 0.171875 0.0211397 0.0273438 0.0386029
0 0.198486 0.959099 0.027832 0.046875
1 0.550293 0.897978 0.0263672 0.0422794
1 0.200928 0.0707721 0.0258789 0.0441176
1 0.825684 0.955882 0.0283203 0.0496324
1 0.932861 0.564338 0.0249023 0.0477941
1 0.828857 0.623621 0.0219727 0.046875
1 0.989014 0.173254 0.0219727 0.0487132
0 0.873535 0.732996 0.0263672 0.0450368
1 0.836914 0.12454 0.0234375 0.0431985
0 0.0854492 0.238511 0.0302734 0.0523897
1 0.567871 0.599265 0.0263672 0.0477941
0 0.199707 0.0707721 0.0253906 0.0441176
1 0.258545 0.844669 0.0249023 0.0459559
0 0.828857 0.622702 0.0249023 0.0487132
1 0.825684 0.785386 0.0263672 0.0487132
1 0.195801 0.534926 0.0283203 0.0551471
0 0.82666 0.954963 0.0283203 0.0496324
1 0.207031 0.314798 0.0253906 0.0487132
0 0.0939941 0.540441 0.0258789 0.0441176
1 0.873535 0.733456 0.0263672 0.0477941
1 0.234863 0.340074 0.0263672 0.0459559
1 0.863281 0.861673 0.0234375 0.046875
1 0.77002 0.924632 0.0273438 0.0514706
1 0.524658 0.269301 0.0229492 0.0404412
0 0.164307 0.770221 0.0288086 0.0514706
0 0.93042 0.871783 0.0268555 0.046875
1 0.527588 0.310202 0.0209961 0.0395221
1 0.515625 0.197151 0.0214844 0.0431985
1 0.377441 0.539522 0.0214844 0.0386029
1 0.392578 0.542279 0.0214844 0.0367647
1 0.0952148 0.578585 0.0263672 0.0450368
1 0.413574 0.920496 0.0224609 0.0450368
1 0.391113 0.871324 0.0234375 0.0477941
1 0.395264 0.226103 0.0229492 0.0441176
1 0.568359 0.0886949 0.0244141 0.0450368
1 0.981201 0.907629 0.0268555 0.0487132
1 0.771484 0.743566 0.0234375 0.0459559
1 0.755859 0.789062 0.0244141 0.0450368
1 0.880371 0.826287 0.0234375 0.0459559
1 0.541748 0.0565257 0.0258789 0.0450368
1 0.415283 0.457721 0.0258789 0.0459559
1 0.378662 0.368107 0.0249023 0.0431985
1 0.409668 0.340533 0.0244141 0.0431985
1 0.311768 0.245864 0.027832 0.0450368
