0 0.93457 0.488511 0.0234375 0.0358456
0 0.364258 0.0418199 0.0273438 0.0321691
0 0.102051 0.870864 0.0214844 0.0395221
0 0.175781 0.829044 0.0205078 0.0367647
1 0.395508 0.865349 0.0195312 0.0395221
0 0.098877 0.482077 0.0219727 0.0358456
1 0.168457 0.0174632 0.0283203 0.0349265
1 0.455322 0.16636 0.0249023 0.0441176
1 0.651123 0.340074 0.0200195 0.0349265
1 0.458984 0.675551 0.0273438 0.0496324
1 0.422852 0.882812 0.0234375 0.0413603
0 0.353516 0.844669 0.0195312 0.0367647
0 0.821777 0.827206 0.0205078 0.0404412
0 0.419434 0.963235 0.0273438 0.0477941
0 0.286133 0.77114 0.0175781 0.0386029
1 0.36792 0.798254 0.0209961 0.0413603
0 0.209961 0.636489 0.0185547 0.0358456
0 0.0517578 0.81296 0.0234375 0.0413603
0 0.647217 0.599265 0.0219727 0.0404412
1 0.764893 0.0868566 0.019043 0.0358456
1 0.601562 0.0147059 0.0214844 0.0294118
1 0.463379 0.496783 0.0224609 0.0358456
0 0.109863 0.886029 0.0185547 0.0330882
1 0.432373 0.794118 0.0200195 0.0404412
1 0.83667 0.686581 0.0200195 0.0422794
0 0.154297 0.228401 0.0244141 0.0450368
0 0.523438 0.482537 0.0185547 0.0349265
0 0.670654 0.982077 0.0239258 0.0321691
1 0.657227 0.306526 0.0195312 0.0413603
1 0.463379 0.882353 0.0224609 0.0404412
1 0.501953 0.92739 0.0195312 0.0386029
1 0.234619 0.0275735 0.0239258 0.0422794
1 0.133057 0.13511 0.0239258 0.0404412
1 0.0957031 0.344669 0.0244141 0.0422794
0 0.354004 0.680147 0.0195312 0.0422794
0 0.684814 0.444853 0.0219727 0.0349265
1 0.776367 0.861213 0.0234375 0.0422794
0 0.601562 0.0151654 0.0224609 0.0303309
0 0.0415039 0.119945 0.0224609 0.0376838
0 0.0581055 0.875919 0.0234375 0.0422794
0 0.556885 0.610294 0.0249023 0.0404412
0 0.602295 0.451287 0.0200195 0.0367647
0 0.563721 0.375 0.0209961 0.0404412
0 0.133301 0.13511 0.0234375 0.0441176
1 0.785156 0.680147 0.0253906 0.0477941
1 0.182617 0.461397 0.0214844 0.0404412
0 0.463623 0.881893 0.0229492 0.0413603
1 0.981201 0.447151 0.0200195 0.0413603
0 0.702637 0.651195 0.0234375 0.0376838
0 0.367676 0.795496 0.0214844 0.0413603
1 0.765625 0.0413603 0.0175781 0.0349265
1 0.0925293 0.0363051 0.0297852 0.0505515
0 0.224121 0.078125 0.0244141 0.0459559
1 0.79834 0.101562 0.0205078 0.0340074
0 0.125732 0.504136 0.0209961 0.0395221
1 0.0712891 0.255055 0.0273438 0.0542279
0 0.103271 0.290441 0.0219727 0.0477941
0 0.880371 0.825827 0.0205078 0.046875
1 0.126953 0.503217 0.0214844 0.0395221
0 0.0822754 0.601103 0.0268555 0.0514706
1 0.195068 0.914982 0.0239258 0.0413603
0 0.0703125 0.797794 0.0214844 0.0404412
1 0.683838 0.444393 0.0219727 0.0376838
0 0.045166 0.931066 0.0209961 0.0367647
0 0.83667 0.68796 0.0200195 0.0431985
0 0.856201 0.679228 0.019043 0.0404412
1 0.815674 0.484835 0.019043 0.0321691
0 0.17334 0.789062 0.0185547 0.0376838
0 0.326416 0.622702 0.0219727 0.0431985
1 0.365479 0.842831 0.0219727 0.0386029
1 0.852295 0.263327 0.0219727 0.0340074
1 0.665039 0.392463 0.0195312 0.0386029
0 0.0722656 0.255515 0.0234375 0.0496324
0 0.509277 0.0165441 0.0185547 0.0330882
0 0.776611 0.862592 0.0239258 0.0413603
0 0.762939 0.892004 0.0239258 0.0413603
1 0.0700684 0.798254 0.0219727 0.0413603
1 0.645264 0.387868 0.0200195 0.0404412
0 0.360596 0.162684 0.0229492 0.0422794
0 0.0366211 0.40579 0.0253906 0.0450368
0 0.394775 0.113971 0.0239258 0.0459559
1 0.118408 0.160386 0.0249023 0.0431985
0 0.168945 0.0170037 0.0283203 0.0340074
1 0.347412 0.509651 0.019043 0.0413603
0 0.223389 0.796415 0.0229492 0.0395221
1 0.881348 0.825827 0.0234375 0.046875
1 0.394531 0.113051 0.0224609 0.0441176
1 0.0825195 0.601562 0.0244141 0.0487132
0 0.784668 0.680607 0.0244141 0.0487132
1 0.878174 0.0795037 0.0219727 0.0413603
0 0.235107 0.0298713 0.0239258 0.0450368
0 0.207275 0.854779 0.0249023 0.0441176
1 0.305664 0.117188 0.0234375 0.0450368
0 0.207031 0.608456 0.0214844 0.0404412
0 0.0656738 0.90579 0.0219727 0.0413603
1 0.490723 0.941176 0.0205078 0.0367647
0 0.618164 0.980699 0.0234375 0.0386029
0 0.297607 0.807445 0.0200195 0.0376838
1 0.728516 0.634191 0.0224609 0.0422794
1 0.76709 0.198529 0.0195312 0.03125
1 0.223633 0.0772059 0.0234375 0.0441176
0 0.0546875 0.111673 0.0234375 0.0413603
1 0.592529 0.369485 0.0209961 0.0404412
1 0.48877 0.360754 0.0234375 0.0395221
0 0.65625 0.306066 0.0205078 0.0386029
0 0.606689 0.485754 0.0209961 0.0376838
1 0.0439453 0.931985 0.0214844 0.0367647
1 0.0588379 0.876379 0.0219727 0.0395221
0 0.616455 0.888327 0.0229492 0.0431985
1 0.108887 0.53171 0.0244141 0.0431985
1 0.872803 0.26011 0.0219727 0.0330882
1 0.359863 0.161305 0.0224609 0.0413603
1 0.154785 0.22886 0.0253906 0.0477941
1 0.514404 0.685202 0.0258789 0.0450368
1 0.940674 0.694393 0.0219727 0.0376838
1 0.200439 0.360294 0.0229492 0.0404412
0 0.304688 0.118566 0.0253906 0.0459559
0 0.642334 0.886489 0.0249023 0.0487132
1 0.419922 0.962316 0.0273438 0.0441176
1 0.146484 0.30193 0.0234375 0.0413603
0 0.423828 0.880974 0.0244141 0.0431985
1 0.22876 0.34421 0.0229492 0.0395221
1 0.80542 0.241728 0.0219727 0.0386029
0 0.296143 0.675551 0.0209961 0.0533088
1 0.561035 0.300551 0.0185547 0.0386029
1 0.755371 0.787684 0.0244141 0.0441176
1 0.729492 0.1875 0.0195312 0.0422794
1 0.21167 0.306526 0.0239258 0.0431985
0 0.459473 0.675092 0.0244141 0.0450368
1 0.48291 0.884651 0.0224609 0.0431985
1 0.282959 0.186121 0.0249023 0.0431985
0 0.73584 0.909926 0.0224609 0.0441176
1 0.330078 0.200827 0.0224609 0.0413603
1 0.0288086 0.890625 0.0234375 0.0441176
0 0.0927734 0.0376838 0.03125 0.0477941
1 0.993408 0.560202 0.0131836 0.0450368
1 0.598389 0.300092 0.0209961 0.0395221
0 0.0134277 0.981618 0.0219727 0.0367647
1 0.915039 0.548254 0.0234375 0.0376838
1 0.37085 0.539522 0.0219727 0.0459559
1 0.85083 0.082261 0.0219727 0.0395221
0 0.0166016 0.467371 0.0253906 0.0487132
1 0.678955 0.142004 0.0200195 0.0395221
0 0.3479 0.800551 0.0209961 0.0441176
1 0.991699 0.761489 0.0166016 0.0395221
1 0.782471 0.586397 0.0239258 0.0422794
1 0.828125 0.626379 0.0205078 0.0431985
0 0.536621 0.503676 0.0224609 0.0367647
1 0.146729 0.589614 0.0229492 0.0450368
1 0.052002 0.813419 0.0258789 0.0422794
1 0.838379 0.943474 0.0283203 0.046875
0 0.0935059 0.813879 0.0209961 0.0413603
1 0.546875 0.316636 0.0224609 0.0358456
1 0.927979 0.331801 0.0219727 0.0367647
1 0.785645 0.0505515 0.0166016 0.0386029
1 0.367676 0.207261 0.0205078 0.0413603
0 0.542236 0.424632 0.0200195 0.0422794
1 0.714355 0.481618 0.0224609 0.0404412
1 0.834229 0.547335 0.0219727 0.0321691
1 0.498535 0.34375 0.0205078 0.0367647
1 0.570557 0.213695 0.0209961 0.0358456
1 0.402832 0.160386 0.0224609 0.0413603
1 0.703125 0.192555 0.0205078 0.0395221
1 0.920898 0.617647 0.0234375 0.0386029
1 0.162598 0.494485 0.0224609 0.0441176
1 0.688721 0.179228 0.0200195 0.0330882
1 0.910156 0.590993 0.0214844 0.0349265
0 0.12793 0.828125 0.0214844 0.0441176
1 0.133057 0.632353 0.0239258 0.0441176
1 0.80127 0.0487132 0.0175781 0.0349265
1 0.197998 0.535846 0.0249023 0.0459559
1 0.572266 0.105699 0.0214844 0.0404412
1 0.919434 0.837316 0.0234375 0.0441176
1 0.855469 0.867647 0.0253906 0.0459559
1 0.802246 0.168658 0.0234375 0.0376838
1 0.612305 0.250919 0.0195312 0.0386029
1 0.757812 0.21829 0.0175781 0.0340074
1 0.267578 0.215533 0.0244141 0.0431985
1 0.445557 0.153952 0.0219727 0.0376838
1 0.405762 0.346967 0.0244141 0.0431985
0 0.318848 0.87454 0.0244141 0.0487132
1 0.582764 0.201746 0.0209961 0.0340074
0 0.121338 0.471048 0.0229492 0.0395221
1 0.889893 0.238511 0.0219727 0.0395221
1 0.461426 0.174173 0.0205078 0.0395221
1 0.410889 0.205882 0.0239258 0.0422794
1 0.415527 0.778493 0.0205078 0.0422794
1 0.315918 0.252298 0.0253906 0.0487132
1 0.406982 0.538143 0.0229492 0.0413603
1 0.596436 0.231158 0.0180664 0.0376838
0 0.258301 0.847886 0.0244141 0.0413603
1 0.94458 0.732537 0.0200195 0.0404412
1 0.520264 0.0730699 0.0229492 0.0431985
1 0.375 0.36489 0.0253906 0.0459559
1 0.49707 0.174632 0.0234375 0.0459559
1 0.459473 0.105699 0.0234375 0.0386029
0 0.268555 0.983915 0.0273438 0.0321691
1 0.964844 0.755974 0.0214844 0.0431985
1 0.990479 0.18796 0.0170898 0.0413603
1 0.575439 0.251838 0.0200195 0.0367647
1 0.531006 0.340074 0.0209961 0.0386029
1 0.832031 0.130055 0.0253906 0.0413603
1 0.802979 0.294118 0.0219727 0.0386029
1 0.98999 0.130055 0.0170898 0.0413603
1 0.779297 0.274816 0.0214844 0.0386029
1 0.82959 0.517004 0.0205078 0.0395221
1 0.412354 0.464154 0.0249023 0.0477941
1 0.981934 0.741268 0.0205078 0.0376838
1 0.794678 0.401195 0.0219727 0.0395221
1 0.182129 0.384651 0.0224609 0.0413603
1 0.960938 0.222886 0.0234375 0.0376838
1 0.531982 0.272518 0.0258789 0.0431985
1 0.517578 0.82307 0.0214844 0.0413603
1 0.483887 0.13511 0.0224609 0.0422794
0 0.0102539 0.213695 0.0205078 0.0487132
1 0.971924 0.183364 0.0219727 0.0395221
1 0.987793 0.939798 0.0244141 0.0450368
1 0.441406 0.472886 0.0224609 0.0431985
1 0.814209 0.448529 0.0219727 0.0404412
1 0.94751 0.316176 0.0249023 0.0441176
1 0.532715 0.802849 0.0244141 0.0431985
