0 0.015625 0.980239 0.0302734 0.0395221
1 0.86792 0.11489 0.0170898 0.0386029
1 0.85791 0.252757 0.0234375 0.0367647
1 0.804932 0.988051 0.0307617 0.0238971
1 0.883545 0.235294 0.0249023 0.0404412
1 0.837402 0.865349 0.0234375 0.0413603
1 0.141846 0.590993 0.019043 0.0422794
1 0.877197 0.722426 0.0297852 0.0496324
0 0.56665 0.598346 0.0297852 0.0533088
0 0.914062 0.982077 0.0283203 0.0340074
1 0.533203 0.323989 0.0214844 0.0450368
0 0.876465 0.724265 0.0283203 0.0477941
1 0.787598 0.592371 0.0263672 0.046875
1 0.917236 0.493107 0.027832 0.046875
1 0.553955 0.888327 0.0268555 0.0431985
1 0.132324 0.60386 0.0205078 0.0404412
1 0.0151367 0.981618 0.0273438 0.0367647
1 0.828857 0.622702 0.0219727 0.046875
1 0.400146 0.215993 0.0249023 0.0459559
1 0.566895 0.600643 0.0273438 0.0487132
1 0.773438 0.721048 0.0244141 0.046875
1 0.82666 0.796875 0.0263672 0.0514706
1 0.206787 0.0776654 0.0249023 0.046875
1 0.93042 0.5625 0.0268555 0.0459559
1 0.896729 0.107537 0.0219727 0.0422794
1 0.257568 0.84375 0.0239258 0.0441176
1 0.0195312 0.196232 0.0253906 0.0505515
1 0.233887 0.757812 0.0214844 0.0395221
1 0.172119 0.019761 0.027832 0.0395221
1 0.755615 0.788603 0.0258789 0.0441176
1 0.196533 0.949908 0.027832 0.0505515
1 0.838379 0.12454 0.0234375 0.0450368
1 0.880615 0.825827 0.0249023 0.046875
1 0.690674 0.386029 0.0268555 0.0477941
1 0.731201 0.119485 0.0219727 0.0441176
1 0.98877 0.175092 0.0224609 0.0487132
1 0.76001 0.926471 0.0288086 0.0551471
1 0.858398 0.861673 0.0234375 0.0487132
1 0.0915527 0.0298713 0.0336914 0.046875
1 0.571533 0.102941 0.0239258 0.0477941
1 0.740967 0.151195 0.0219727 0.0395221
1 0.533203 0.0611213 0.0253906 0.0413603
1 0.0983887 0.814798 0.0258789 0.0431985
1 0.859375 0.0840993 0.0214844 0.0431985
1 0.0852051 0.237132 0.0288086 0.0514706
1 0.440186 0.884651 0.0258789 0.046875
1 0.809082 0.118566 0.0224609 0.0441176
1 0.825928 0.955882 0.0297852 0.0496324
1 0.525146 0.268842 0.0249023 0.046875
1 0.117188 0.816176 0.0224609 0.0422794
1 0.164551 0.77068 0.0273438 0.0505515
1 0.884277 0.0886949 0.0205078 0.0413603
1 0.371582 0.539982 0.0263672 0.0450368
1 0.391846 0.873621 0.0229492 0.0487132
1 0.98291 0.914522 0.0283203 0.0533088
1 0.928955 0.860294 0.0249023 0.0477941
1 0.508545 0.18704 0.0249023 0.046875
1 0.197021 0.529871 0.0239258 0.0450368
1 0.811768 0.300092 0.0249023 0.0450368
1 0.098877 0.526654 0.027832 0.0496324
1 0.785645 0.272059 0.0234375 0.0477941
1 0.0947266 0.597886 0.0234375 0.0431985
1 0.186279 0.485294 0.0219727 0.0441176
1 0.0996094 0.36443 0.0253906 0.0450368
1 0.164062 0.483456 0.0214844 0.0441176
1 0.414795 0.457721 0.0249023 0.0441176
1 0.378174 0.367647 0.0249023 0.0441176
1 0.41626 0.939798 0.0258789 0.0505515
1 0.148193 0.235754 0.0229492 0.0395221
1 0.311035 0.245404 0.0273438 0.0496324
1 0.409668 0.339614 0.0253906 0.0450368
1 0.403809 0.538603 0.0234375 0.0441176
1 0.238525 0.34375 0.027832 0.0496324
1 0.205078 0.314798 0.0244141 0.046875
1 0.154541 0.267463 0.0219727 0.0404412
