1 0.0200195 0.194853 0.0283203 0.0551471
1 0.204346 0.0758272 0.0258789 0.046875
1 0.169434 0.483915 0.0195312 0.0395221
0 0.0148926 0.986213 0.0297852 0.0275735
1 0.804688 0.988051 0.03125 0.0238971
0 0.097168 0.530331 0.0283203 0.0514706
0 0.928955 0.867188 0.0268555 0.0487132
1 0.875732 0.725643 0.0268555 0.0450368
0 0.875 0.726562 0.0263672 0.046875
0 0.0854492 0.238051 0.03125 0.0533088
1 0.835938 0.86443 0.0214844 0.0395221
0 0.0925293 0.0294118 0.0336914 0.0477941
1 0.172852 0.0206801 0.0292969 0.0413603
1 0.858398 0.254136 0.0234375 0.0395221
1 0.0922852 0.0280331 0.0332031 0.046875
1 0.882812 0.242647 0.0234375 0.0441176
0 0.914062 0.981618 0.0292969 0.0367647
1 0.928955 0.866728 0.0249023 0.0459559
1 0.197021 0.955423 0.0288086 0.0487132
1 0.258301 0.84421 0.0244141 0.0450368
0 0.196777 0.955882 0.03125 0.0496324
0 0.020752 0.195312 0.0258789 0.0505515
0 0.163574 0.769761 0.0292969 0.0542279
1 0.917969 0.492647 0.0292969 0.0477941
1 0.828857 0.623162 0.0219727 0.0477941
1 0.838379 0.125 0.0234375 0.0477941
1 0.98877 0.173713 0.0224609 0.0514706
1 0.789062 0.592371 0.0253906 0.046875
1 0.55249 0.893382 0.0258789 0.0422794
1 0.932129 0.56296 0.0283203 0.046875
1 0.771973 0.729779 0.0224609 0.0441176
1 0.690674 0.386489 0.0268555 0.0487132
1 0.097168 0.53079 0.0263672 0.046875
1 0.184082 0.486673 0.0214844 0.0431985
1 0.858643 0.0827206 0.0219727 0.0459559
1 0.196777 0.53079 0.0244141 0.046875
1 0.44043 0.884651 0.0234375 0.046875
1 0.513428 0.192555 0.0249023 0.0450368
1 0.810059 0.119026 0.0234375 0.0450368
1 0.810059 0.300092 0.0253906 0.0450368
1 0.567627 0.600184 0.0258789 0.0459559
1 0.880615 0.825827 0.0249023 0.046875
1 0.825928 0.955882 0.0297852 0.0496324
0 0.20459 0.0753676 0.0253906 0.0477941
1 0.86084 0.862592 0.0234375 0.0487132
1 0.82666 0.79136 0.0263672 0.0496324
1 0.524414 0.268382 0.0234375 0.0422794
1 0.98291 0.913143 0.0283203 0.0523897
1 0.397461 0.221048 0.0224609 0.0450368
1 0.0957031 0.590533 0.0273438 0.0487132
1 0.765137 0.923254 0.0263672 0.0542279
1 0.391602 0.872702 0.0224609 0.0487132
1 0.786133 0.271599 0.0234375 0.0487132
1 0.536377 0.0569853 0.0249023 0.0404412
1 0.237793 0.342371 0.0273438 0.0487132
1 0.755859 0.789062 0.0253906 0.0450368
1 0.205811 0.315257 0.0249023 0.0477941
1 0.378662 0.368107 0.0249023 0.0431985
1 0.415283 0.457721 0.0249023 0.0441176
1 0.528809 0.31204 0.0224609 0.0413603
1 0.373047 0.540441 0.0244141 0.0459559
1 0.570801 0.0965074 0.0234375 0.0459559
1 0.409668 0.340533 0.0244141 0.0431985
1 0.41626 0.931526 0.0249023 0.046875
1 0.311523 0.246324 0.0273438 0.0441176
1 0.398926 0.539982 0.0234375 0.0431985
