1 0.197266 0.846507 0.046875 0.0441176
1 0.591064 0.237592 0.0239258 0.046875
1 0.833496 0.863511 0.0205078 0.0413603
1 0.98999 0.819853 0.0170898 0.0422794
1 0.886719 0.235754 0.0253906 0.0431985
0 0.833496 0.863511 0.0205078 0.0395221
1 0.856934 0.866268 0.0234375 0.0487132
1 0.911621 0.49954 0.0263672 0.0431985
0 0.780518 0.693015 0.0239258 0.0459559
1 0.564453 0.606618 0.0283203 0.0514706
1 0.806152 0.113051 0.0234375 0.0422794
0 0.746826 0.921875 0.0249023 0.0422794
0 0.688721 0.728401 0.0209961 0.0450368
1 0.736816 0.17693 0.0234375 0.046875
0 0.395508 0.131893 0.0214844 0.0376838
1 0.463623 0.112132 0.0200195 0.0422794
0 0.377441 0.369485 0.0253906 0.0441176
1 0.377686 0.369945 0.0258789 0.0450368
0 0.737061 0.17693 0.0249023 0.0450368
1 0.710938 0.648897 0.0224609 0.0404412
0 0.440918 0.88557 0.0283203 0.046875
1 0.730469 0.103401 0.0234375 0.046875
1 0.746826 0.921415 0.0239258 0.0431985
1 0.410156 0.340993 0.0263672 0.0441176
0 0.805908 0.112592 0.0239258 0.0450368
0 0.880371 0.823529 0.0234375 0.0477941
1 0.381104 0.787224 0.0249023 0.046875
1 0.780518 0.693015 0.0249023 0.0459559
1 0.312256 0.133272 0.0268555 0.0477941
0 0.755859 0.789062 0.0244141 0.0431985
0 0.483154 0.132812 0.0219727 0.0413603
0 0.311523 0.132353 0.0292969 0.0477941
1 0.0766602 0.244485 0.03125 0.0533088
1 0.372314 0.538143 0.0268555 0.0487132
0 0.236328 0.710938 0.0253906 0.0431985
1 0.835938 0.125 0.0253906 0.0441176
1 0.678223 0.0597426 0.0234375 0.0404412
0 0.828125 0.820312 0.0234375 0.0413603
0 0.729736 0.104779 0.0239258 0.0459559
0 0.076416 0.245864 0.0327148 0.0542279
1 0.521484 0.0693934 0.0234375 0.0431985
0 0.521484 0.0684743 0.0253906 0.0431985
1 0.879883 0.824449 0.0234375 0.0459559
0 0.409668 0.341452 0.0263672 0.0450368
0 0.315918 0.882812 0.0244141 0.046875
1 0.440674 0.886949 0.0288086 0.0514706
1 0.259766 0.846967 0.0283203 0.0450368
1 0.724609 0.634651 0.0214844 0.0413603
1 0.650879 0.39568 0.0224609 0.0431985
0 0.258301 0.846507 0.0253906 0.0459559
0 0.4646 0.112132 0.0209961 0.0422794
1 0.0141602 0.201287 0.0263672 0.0588235
0 0.609375 0.0137868 0.0224609 0.0275735
1 0.679199 0.129596 0.0263672 0.0441176
1 0.570801 0.105699 0.0234375 0.0441176
0 0.39209 0.65671 0.0244141 0.046875
1 0.39502 0.129596 0.0205078 0.0386029
1 0.589111 0.363971 0.0239258 0.0441176
0 0.559814 0.877757 0.0268555 0.0459559
0 0.856201 0.866728 0.0249023 0.0459559
0 0.269531 0.984375 0.0263672 0.03125
0 0.711426 0.649357 0.0234375 0.0395221
1 0.406982 0.203585 0.0268555 0.0487132
1 0.196045 0.532169 0.0249023 0.0459559
0 0.536377 0.493107 0.0239258 0.0431985
1 0.402832 0.159926 0.0205078 0.0422794
1 0.534424 0.335018 0.0239258 0.0505515
1 0.696777 0.448989 0.0224609 0.0376838
1 0.851562 0.261029 0.0253906 0.0422794
1 0.992188 0.759651 0.015625 0.0395221
0 0.879883 0.0831801 0.0234375 0.0395221
0 0.672363 0.714614 0.0224609 0.0413603
0 0.367676 0.691636 0.0244141 0.046875
1 0.799072 0.409007 0.0219727 0.0367647
1 0.921875 0.845588 0.0234375 0.0404412
1 0.710693 0.474724 0.0249023 0.0413603
1 0.828857 0.623621 0.0219727 0.046875
1 0.196533 0.931985 0.0268555 0.0441176
1 0.0942383 0.351562 0.0273438 0.0487132
1 0.225586 0.78079 0.0253906 0.0487132
1 0.803467 0.171875 0.0229492 0.0441176
1 0.876709 0.716452 0.0249023 0.0450368
0 0.466553 0.671415 0.0249023 0.0487132
1 0.334229 0.191176 0.0258789 0.0477941
1 0.246338 0.0229779 0.0268555 0.0441176
1 0.824951 0.954963 0.0297852 0.0441176
1 0.0146484 0.980699 0.0244141 0.0386029
1 0.187012 0.471967 0.0244141 0.0450368
0 0.53418 0.463235 0.0234375 0.0404412
1 0.392334 0.875919 0.0258789 0.0514706
0 0.505371 0.678768 0.0263672 0.0487132
1 0.156738 0.501838 0.0234375 0.0477941
1 0.813232 0.442096 0.0268555 0.0422794
1 0.966553 0.744945 0.0219727 0.0431985
0 0.299316 0.668658 0.0263672 0.046875
1 0.482422 0.130974 0.0214844 0.0431985
0 0.564453 0.607537 0.0263672 0.0496324
1 0.78418 0.59375 0.0273438 0.0441176
0 0.32373 0.634191 0.0234375 0.0422794
1 0.171875 0.0183824 0.0283203 0.0367647
1 0.989746 0.176011 0.0205078 0.046875
1 0.922607 0.561581 0.0249023 0.0422794
1 0.150391 0.232537 0.0273438 0.0459559
1 0.23584 0.346048 0.0273438 0.0523897
1 0.203125 0.852941 0.0253906 0.0441176
1 0.611328 0.24954 0.0195312 0.0395221
1 0.0917969 0.0326287 0.0332031 0.0542279
1 0.0178223 0.454963 0.0239258 0.0496324
1 0.570312 0.388787 0.0234375 0.0422794
1 0.668701 0.392463 0.0219727 0.0422794
1 0.215332 0.0776654 0.0253906 0.0487132
1 0.148438 0.301011 0.0283203 0.0450368
1 0.145752 0.586397 0.0239258 0.0459559
1 0.5979 0.299632 0.0249023 0.0441176
1 0.57959 0.248621 0.0224609 0.0431985
1 0.127197 0.828125 0.0258789 0.0496324
1 0.803955 0.221507 0.0229492 0.0441176
1 0.0314941 0.409926 0.0258789 0.0441176
1 0.16333 0.772518 0.0258789 0.046875
1 0.598145 0.230239 0.0205078 0.0413603
1 0.0925293 0.813419 0.0268555 0.0496324
1 0.178467 0.83364 0.0258789 0.0441176
1 0.106445 0.530331 0.0253906 0.0459559
1 0.691406 0.38511 0.0244141 0.0459559
1 0.0913086 0.599724 0.0244141 0.0487132
1 0.314941 0.249081 0.0263672 0.0477941
1 0.502197 0.175092 0.0249023 0.046875
1 0.810059 0.300092 0.0253906 0.0413603
1 0.527344 0.269761 0.0253906 0.0487132
1 0.132568 0.620404 0.0249023 0.0459559
1 0.206055 0.313879 0.0263672 0.0487132
1 0.783691 0.27114 0.0263672 0.0459559
1 0.981201 0.734375 0.0200195 0.0404412
1 0.983643 0.92739 0.0268555 0.0514706
1 0.418945 0.954504 0.0273438 0.0487132
