1 0.979736 0.447151 0.0200195 0.0431985
0 0.0839844 0.599724 0.0273438 0.0542279
0 0.638672 0.880974 0.0244141 0.0450368
0 0.605713 0.479779 0.0209961 0.0404412
0 0.666016 0.391544 0.0244141 0.0459559
1 0.654785 0.314338 0.0205078 0.0459559
0 0.602295 0.0165441 0.0268555 0.0330882
0 0.194092 0.917739 0.0258789 0.0431985
1 0.559814 0.877757 0.0268555 0.0459559
0 0.560547 0.516544 0.0205078 0.0404412
1 0.356689 0.801471 0.0288086 0.0422794
0 0.756348 0.790441 0.0273438 0.0533088
1 0.0510254 0.91682 0.0307617 0.0505515
1 0.695801 0.185202 0.0205078 0.0395221
0 0.979736 0.444393 0.0200195 0.0431985
1 0.358643 0.682445 0.027832 0.0505515
1 0.0612793 0.807904 0.0297852 0.0459559
0 0.616699 0.887408 0.0234375 0.0431985
1 0.703125 0.1875 0.0214844 0.0422794
1 0.652344 0.339614 0.0234375 0.0376838
0 0.696533 0.744945 0.0209961 0.046875
0 0.296631 0.674173 0.0288086 0.0487132
0 0.560303 0.876379 0.0258789 0.0450368
1 0.289062 0.772059 0.0244141 0.0386029
1 0.617188 0.886949 0.0214844 0.0441176
0 0.43042 0.884651 0.0268555 0.0450368
1 0.601807 0.0147059 0.0258789 0.0294118
1 0.800049 0.10386 0.0229492 0.0386029
0 0.0141602 0.980239 0.0253906 0.0395221
1 0.588135 0.213695 0.0219727 0.0413603
0 0.496582 0.934283 0.0224609 0.0413603
0 0.827148 0.826287 0.0234375 0.0459559
1 0.96875 0.677849 0.0205078 0.0321691
0 0.418701 0.963695 0.027832 0.046875
1 0.732178 0.190717 0.0258789 0.0542279
0 0.288818 0.773438 0.0229492 0.0431985
1 0.727539 0.63511 0.0234375 0.0459559
1 0.393555 0.65579 0.0253906 0.046875
0 0.010498 0.210018 0.0209961 0.0505515
1 0.766357 0.0854779 0.0209961 0.0404412
1 0.738281 0.914062 0.0292969 0.0487132
1 0.463135 0.881434 0.0219727 0.0422794
1 0.0112305 0.210478 0.0205078 0.0533088
1 0.82666 0.827206 0.0234375 0.0477941
1 0.697266 0.377757 0.0214844 0.0404412
1 0.194336 0.918199 0.0263672 0.0459559
0 0.673096 0.709099 0.0239258 0.046875
1 0.638672 0.880055 0.0224609 0.0450368
0 0.618896 0.982537 0.0258789 0.0349265
1 0.0812988 0.715533 0.0229492 0.0413603
1 0.66626 0.392463 0.0219727 0.0441176
0 0.878906 0.078125 0.0234375 0.0422794
0 0.782471 0.682904 0.0268555 0.0477941
1 0.36377 0.841452 0.0224609 0.0413603
0 0.730957 0.189338 0.0263672 0.0477941
1 0.052002 0.811121 0.0239258 0.0431985
1 0.989014 0.819393 0.019043 0.0413603
1 0.259277 0.845129 0.0283203 0.0487132
0 0.535156 0.503217 0.0253906 0.0413603
1 0.327148 0.624081 0.0253906 0.0441176
1 0.703125 0.0372243 0.0205078 0.0340074
0 0.510498 0.0174632 0.019043 0.0349265
1 0.175781 0.829504 0.0263672 0.046875
1 0.367432 0.794118 0.0229492 0.0404412
0 0.559326 0.610754 0.0229492 0.0450368
0 0.703857 0.652574 0.0258789 0.0496324
1 0.572021 0.217371 0.0219727 0.0413603
1 0.430664 0.88511 0.0273438 0.0441176
1 0.013916 0.97886 0.0268555 0.0422794
0 0.234375 0.709559 0.0253906 0.0441176
1 0.686768 0.445312 0.0239258 0.0413603
0 0.359131 0.682445 0.0258789 0.0450368
0 0.29541 0.803309 0.0224609 0.0441176
1 0.696045 0.744026 0.0239258 0.046875
1 0.383789 0.786765 0.0214844 0.0404412
1 0.0581055 0.880974 0.0234375 0.0413603
1 0.76416 0.0450368 0.0224609 0.0404412
1 0.47998 0.883732 0.0205078 0.0413603
1 0.0839844 0.601562 0.0244141 0.0505515
0 0.738281 0.912224 0.0273438 0.0487132
1 0.580078 0.207721 0.0214844 0.0386029
0 0.349365 0.80239 0.0219727 0.0459559
1 0.673096 0.70818 0.0249023 0.046875
1 0.838379 0.685662 0.0234375 0.0459559
1 0.660156 0.0119485 0.0214844 0.0238971
1 0.908447 0.506434 0.0249023 0.0422794
1 0.781738 0.684283 0.0283203 0.046875
1 0.832031 0.127757 0.0253906 0.0422794
1 0.297119 0.674173 0.027832 0.0487132
1 0.802246 0.167739 0.0253906 0.0450368
0 0.728516 0.636029 0.0224609 0.0459559
1 0.0178223 0.465533 0.0258789 0.0505515
1 0.123291 0.475184 0.0249023 0.0422794
1 0.167969 0.773438 0.0253906 0.0450368
1 0.0339355 0.409007 0.0249023 0.0459559
1 0.295898 0.802849 0.0234375 0.0431985
1 0.128174 0.828585 0.0258789 0.0505515
0 0.655518 0.311581 0.0219727 0.0386029
0 0.257812 0.847426 0.0253906 0.0441176
1 0.371338 0.536305 0.0258789 0.0487132
1 0.52002 0.0721507 0.0234375 0.0431985
1 0.0959473 0.347886 0.0268555 0.0487132
1 0.732666 0.0965074 0.0258789 0.0459559
0 0.529785 0.460018 0.0234375 0.0450368
1 0.198975 0.361673 0.0239258 0.0413603
1 0.762939 0.886489 0.0249023 0.0395221
1 0.432129 0.788143 0.0224609 0.0413603
1 0.206543 0.855699 0.0283203 0.0496324
1 0.645264 0.387408 0.0239258 0.0450368
1 0.782715 0.590074 0.0263672 0.0441176
1 0.446533 0.155331 0.0200195 0.0422794
1 0.828125 0.625919 0.0214844 0.0477941
1 0.514404 0.682904 0.0288086 0.0496324
1 0.0651855 0.905331 0.0239258 0.0441176
1 0.419434 0.963235 0.0273438 0.0441176
0 0.318359 0.877298 0.0253906 0.0487132
1 0.689453 0.180607 0.0214844 0.0395221
1 0.39502 0.869945 0.0244141 0.0487132
1 0.990723 0.125919 0.0185547 0.0441176
1 0.169434 0.0160846 0.0273438 0.0321691
1 0.130859 0.137408 0.0244141 0.0450368
1 0.0734863 0.253676 0.0268555 0.0533088
1 0.598389 0.300551 0.0229492 0.0441176
1 0.564453 0.379136 0.0234375 0.0450368
1 0.755615 0.789062 0.0258789 0.046875
1 0.990967 0.762408 0.0180664 0.0413603
1 0.887451 0.237132 0.0327148 0.0496324
1 0.852295 0.262868 0.0268555 0.0422794
1 0.911865 0.590993 0.0249023 0.0349265
1 0.117432 0.159467 0.0239258 0.0450368
1 0.14624 0.589614 0.0268555 0.0487132
1 0.596436 0.22886 0.0200195 0.0441176
1 0.672363 0.0551471 0.0244141 0.0422794
1 0.460205 0.673254 0.0268555 0.0487132
1 0.197266 0.534926 0.0253906 0.0477941
1 0.991455 0.181985 0.0170898 0.0422794
1 0.855469 0.679228 0.0234375 0.0422794
1 0.377197 0.370404 0.0268555 0.0514706
1 0.394531 0.115349 0.0253906 0.046875
1 0.0419922 0.930147 0.0244141 0.0441176
1 0.879883 0.823989 0.0234375 0.0487132
1 0.222656 0.0767463 0.0253906 0.0487132
1 0.612549 0.252757 0.0219727 0.0422794
1 0.877441 0.704963 0.0234375 0.0459559
1 0.159912 0.497243 0.0258789 0.0477941
1 0.126465 0.503217 0.0214844 0.0450368
1 0.230469 0.345129 0.0244141 0.046875
1 0.406738 0.346967 0.0273438 0.046875
1 0.457764 0.106618 0.0249023 0.0441176
1 0.591064 0.365809 0.0239258 0.0441176
1 0.416016 0.78079 0.0224609 0.0450368
1 0.519531 0.827206 0.0214844 0.0404412
1 0.0925293 0.0349265 0.0307617 0.0514706
1 0.804688 0.238971 0.0263672 0.0477941
1 0.776855 0.866268 0.0234375 0.0413603
1 0.941406 0.692555 0.0234375 0.0413603
1 0.185303 0.461397 0.0258789 0.0477941
1 0.992188 0.553768 0.015625 0.0487132
1 0.457764 0.172794 0.0200195 0.0422794
1 0.408936 0.205423 0.0258789 0.046875
1 0.813232 0.444853 0.0268555 0.0441176
1 0.943115 0.728401 0.0219727 0.0413603
1 0.914062 0.550551 0.0253906 0.0422794
1 0.239014 0.0289522 0.0249023 0.0450368
0 0.269287 0.984375 0.027832 0.03125
1 0.946777 0.316176 0.0263672 0.0459559
1 0.919434 0.838695 0.0263672 0.0487132
1 0.0681152 0.799632 0.0229492 0.0441176
1 0.40332 0.159926 0.0224609 0.0477941
1 0.145752 0.303768 0.027832 0.0505515
1 0.832764 0.949908 0.0268555 0.0450368
1 0.223877 0.793658 0.0268555 0.046875
1 0.932129 0.332721 0.0234375 0.0422794
1 0.029541 0.886489 0.027832 0.046875
1 0.532959 0.339614 0.0258789 0.046875
1 0.796387 0.402574 0.0244141 0.0441176
1 0.576416 0.24954 0.0219727 0.0413603
1 0.459229 0.499081 0.0249023 0.0422794
1 0.531738 0.806066 0.0244141 0.0422794
1 0.153809 0.228401 0.0273438 0.0505515
1 0.714111 0.47932 0.0258789 0.046875
1 0.531006 0.269761 0.0258789 0.0450368
1 0.960938 0.221507 0.0253906 0.0386029
1 0.572266 0.105239 0.0244141 0.0431985
1 0.855469 0.867647 0.0263672 0.0477941
1 0.0935059 0.813879 0.027832 0.0505515
1 0.183594 0.381434 0.0234375 0.0441176
1 0.132324 0.629596 0.0263672 0.0496324
1 0.281006 0.190257 0.0239258 0.0422794
1 0.981201 0.735294 0.0219727 0.0404412
1 0.678711 0.136949 0.0273438 0.0514706
1 0.407959 0.537684 0.0258789 0.0459559
1 0.361084 0.164522 0.0239258 0.0441176
1 0.498779 0.175092 0.0258789 0.046875
1 0.972656 0.189338 0.0253906 0.0422794
1 0.332031 0.200827 0.0253906 0.0450368
1 0.804688 0.295956 0.0253906 0.0459559
1 0.108887 0.53079 0.0263672 0.0487132
1 0.306152 0.118566 0.0263672 0.0459559
1 0.780518 0.274357 0.0249023 0.0450368
1 0.963867 0.755055 0.0234375 0.0450368
1 0.483643 0.133732 0.0249023 0.046875
1 0.316406 0.25046 0.0263672 0.0450368
1 0.209717 0.307904 0.0258789 0.0477941
1 0.917969 0.616728 0.0234375 0.0422794
1 0.366211 0.204504 0.0224609 0.0450368
1 0.413574 0.463695 0.0273438 0.0487132
1 0.986816 0.935662 0.0263672 0.0514706
1 0.268555 0.215074 0.0253906 0.0459559
1 0.441895 0.471967 0.0224609 0.0450368
