1 0.806885 0.988051 0.0297852 0.0238971
1 0.588379 0.36489 0.0244141 0.0422794
1 0.558594 0.880055 0.0292969 0.0487132
1 0.681641 0.107996 0.0263672 0.046875
1 0.408691 0.539062 0.0224609 0.0395221
1 0.871826 0.117188 0.019043 0.0395221
1 0.475098 0.668199 0.0234375 0.0422794
1 0.390869 0.659926 0.0249023 0.0404412
0 0.609375 0.0133272 0.0253906 0.0266544
0 0.196533 0.938879 0.0249023 0.0431985
0 0.258301 0.844669 0.0244141 0.0441176
0 0.654297 0.011489 0.0283203 0.0229779
0 0.911621 0.983915 0.03125 0.0321691
0 0.740234 0.167739 0.0234375 0.046875
0 0.834473 0.861673 0.0205078 0.0395221
1 0.740234 0.168199 0.0253906 0.0459559
0 0.390381 0.660846 0.0239258 0.0422794
1 0.877197 0.719669 0.0249023 0.0459559
1 0.6521 0.397518 0.0209961 0.0413603
0 0.778564 0.709099 0.0249023 0.0431985
0 0.680908 0.108456 0.0239258 0.0404412
0 0.300781 0.667279 0.0224609 0.0441176
0 0.376709 0.692096 0.0229492 0.0459559
1 0.879883 0.824908 0.0234375 0.0450368
0 0.474609 0.669577 0.0214844 0.0431985
1 0.855469 0.252298 0.0253906 0.0431985
0 0.877441 0.720588 0.0263672 0.0477941
0 0.828857 0.621324 0.0268555 0.0514706
0 0.440674 0.884651 0.0288086 0.0505515
1 0.495605 0.673254 0.0224609 0.0450368
1 0.573975 0.390625 0.0209961 0.0386029
1 0.414795 0.457721 0.0268555 0.0441176
0 0.495605 0.673713 0.0234375 0.0459559
0 0.410156 0.340074 0.0253906 0.0441176
0 0.405029 0.206342 0.0249023 0.0487132
0 0.75293 0.922794 0.0273438 0.0477941
0 0.572266 0.391544 0.0195312 0.0367647
1 0.238037 0.712776 0.0229492 0.046875
0 0.678467 0.0597426 0.0219727 0.0422794
1 0.665771 0.39568 0.0209961 0.0413603
0 0.857178 0.86443 0.0249023 0.046875
0 0.731934 0.11489 0.0234375 0.0459559
1 0.409668 0.340533 0.0273438 0.0450368
1 0.534912 0.331342 0.0258789 0.0505515
1 0.258545 0.845129 0.027832 0.046875
0 0.825684 0.955882 0.0283203 0.0477941
0 0.880371 0.824908 0.0234375 0.0505515
1 0.825928 0.955882 0.0297852 0.0477941
1 0.439941 0.88557 0.0273438 0.046875
1 0.829102 0.622243 0.0234375 0.0477941
1 0.678955 0.0606618 0.0239258 0.0404412
1 0.196289 0.941176 0.0263672 0.0459559
1 0.371826 0.539522 0.0258789 0.0459559
0 0.785889 0.59375 0.0297852 0.0477941
1 0.522705 0.0689338 0.0239258 0.0459559
0 0.826416 0.807445 0.0249023 0.0523897
1 0.805908 0.182904 0.0239258 0.0422794
1 0.0180664 0.196232 0.0253906 0.0505515
1 0.91626 0.494485 0.0297852 0.0477941
1 0.381348 0.786765 0.0224609 0.0422794
1 0.572021 0.102482 0.0258789 0.046875
0 0.587891 0.363971 0.0234375 0.0386029
1 0.315186 0.151654 0.0239258 0.0441176
0 0.318359 0.647059 0.0234375 0.0422794
0 0.55835 0.883732 0.0258789 0.0450368
0 0.755615 0.788603 0.0258789 0.0441176
1 0.838135 0.12454 0.0249023 0.0450368
1 0.929688 0.563879 0.0263672 0.0450368
1 0.0146484 0.981618 0.0253906 0.0367647
1 0.88208 0.0863971 0.0219727 0.0422794
1 0.925781 0.85432 0.0263672 0.046875
1 0.525391 0.268382 0.0253906 0.0477941
1 0.0773926 0.23943 0.0268555 0.0487132
1 0.0913086 0.03125 0.0332031 0.0514706
1 0.391602 0.875 0.0234375 0.0496324
1 0.752686 0.922794 0.0268555 0.0514706
1 0.211182 0.0790441 0.0258789 0.0514706
1 0.0932617 0.601103 0.0214844 0.0441176
1 0.858643 0.0836397 0.0219727 0.0441176
1 0.171875 0.0188419 0.0292969 0.0376838
1 0.811768 0.301471 0.0249023 0.0441176
1 0.596436 0.295037 0.0239258 0.0441176
1 0.196777 0.530331 0.0224609 0.0422794
1 0.0964355 0.357077 0.0249023 0.0450368
0 0.565918 0.602482 0.0273438 0.046875
1 0.809326 0.118107 0.0219727 0.0450368
1 0.37793 0.368566 0.0253906 0.0441176
1 0.691406 0.38557 0.0253906 0.046875
1 0.187988 0.481158 0.0244141 0.0450368
1 0.102051 0.523438 0.0234375 0.0450368
1 0.146484 0.585478 0.0205078 0.0422794
1 0.335449 0.183824 0.0253906 0.0441176
1 0.988281 0.175092 0.0234375 0.0505515
1 0.897461 0.106618 0.0234375 0.0459559
1 0.158203 0.491268 0.0224609 0.0413603
1 0.164062 0.770221 0.0263672 0.0441176
1 0.785156 0.271599 0.0244141 0.046875
1 0.132568 0.609835 0.0209961 0.0413603
1 0.505371 0.177849 0.0263672 0.046875
1 0.148193 0.234375 0.0258789 0.0441176
1 0.0310059 0.409467 0.0229492 0.0413603
1 0.151855 0.286765 0.0253906 0.0422794
1 0.805664 0.210478 0.0234375 0.0422794
1 0.419189 0.944853 0.0268555 0.0477941
1 0.58252 0.245404 0.0244141 0.0441176
1 0.123291 0.821691 0.0258789 0.0441176
1 0.0229492 0.441176 0.0224609 0.0422794
1 0.23877 0.345588 0.0273438 0.0514706
1 0.0947266 0.815257 0.0283203 0.0514706
1 0.228027 0.768382 0.0244141 0.0441176
1 0.98291 0.919118 0.0283203 0.0551471
1 0.205566 0.313879 0.0244141 0.046875
1 0.313477 0.247243 0.0253906 0.0441176
