1 0.396729 0.354779 0.0375977 0.0496324
1 0.882812 0.241728 0.0214844 0.0459559
0 0.858643 0.0840993 0.0200195 0.0450368
0 0.990967 0.415441 0.0180664 0.0367647
0 0.543945 0.0588235 0.0234375 0.0404412
1 0.858643 0.0840993 0.0219727 0.0450368
1 0.775391 0.921415 0.0283203 0.0542279
1 0.164062 0.772059 0.0292969 0.0551471
0 0.917236 0.493566 0.0249023 0.0441176
1 0.858643 0.254596 0.0200195 0.0404412
0 0.410645 0.909007 0.0234375 0.0441176
0 0.258789 0.846507 0.0253906 0.0496324
1 0.0964355 0.0238971 0.0307617 0.0459559
1 0.828857 0.624081 0.0219727 0.0477941
1 0.543945 0.90671 0.0273438 0.0487132
1 0.92041 0.97886 0.03125 0.0422794
0 0.689453 0.388327 0.0292969 0.0597426
0 0.544434 0.908548 0.0273438 0.0487132
1 0.258789 0.846048 0.0253906 0.0487132
1 0.568848 0.597886 0.0273438 0.0487132
1 0.917236 0.492647 0.0297852 0.0477941
0 0.774658 0.920496 0.0268555 0.0505515
0 0.563232 0.078125 0.0219727 0.0441176
1 0.938965 0.564338 0.03125 0.0477941
0 0.567627 0.597426 0.0297852 0.0533088
1 0.104492 0.382812 0.0292969 0.0579044
1 0.786133 0.272978 0.0234375 0.0459559
0 0.933594 0.881434 0.0234375 0.0422794
1 0.519531 0.202206 0.0214844 0.0422794
0 0.171631 0.0229779 0.0288086 0.0422794
1 0.810303 0.119945 0.0219727 0.0450368
0 0.199219 0.95818 0.03125 0.0523897
1 0.866211 0.856618 0.0234375 0.0477941
0 0.921143 0.980699 0.0327148 0.0386029
1 0.989014 0.172335 0.0219727 0.0487132
1 0.824219 0.777114 0.0253906 0.046875
0 0.229248 0.338235 0.0219727 0.0514706
0 0.796387 0.592831 0.0244141 0.0459559
0 0.0849609 0.238971 0.03125 0.0551471
0 0.438965 0.88557 0.0224609 0.046875
1 0.879639 0.827206 0.0249023 0.0441176
1 0.872559 0.742188 0.0263672 0.0505515
1 0.83667 0.124081 0.0219727 0.0422794
1 0.199219 0.95864 0.0292969 0.0496324
0 0.193604 0.0606618 0.027832 0.0496324
1 0.171387 0.0220588 0.0283203 0.0422794
0 0.0222168 0.193015 0.0297852 0.0588235
1 0.410156 0.907629 0.0224609 0.046875
0 0.104736 0.382353 0.0297852 0.0551471
0 0.757324 0.788143 0.0224609 0.0413603
1 0.524902 0.269301 0.0224609 0.0404412
1 0.528076 0.309743 0.0209961 0.0404412
0 0.871826 0.744026 0.0268555 0.046875
1 0.391357 0.871783 0.0229492 0.046875
0 0.164795 0.77114 0.0288086 0.0496324
1 0.804688 0.301471 0.0234375 0.0459559
1 0.690186 0.387408 0.0297852 0.0597426
0 0.828857 0.623162 0.0249023 0.0496324
0 0.769531 0.764246 0.0253906 0.0413603
0 0.826416 0.954044 0.0297852 0.0514706
0 0.210205 0.318474 0.0249023 0.0523897
1 0.97583 0.893382 0.0268555 0.0459559
1 0.311523 0.244945 0.0273438 0.046875
1 0.414795 0.455882 0.0249023 0.0441176
1 0.392578 0.233915 0.0253906 0.046875
1 0.378418 0.369026 0.0253906 0.0450368
1 0.408691 0.339614 0.0234375 0.0450368
1 0.189453 0.54182 0.0302734 0.0579044
