1 0.858398 0.0831801 0.0234375 0.046875
1 0.309082 0.899816 0.0283203 0.0496324
1 0.383789 0.359375 0.0253906 0.0459559
0 0.189697 0.54136 0.034668 0.0698529
0 0.789062 0.925551 0.0263672 0.0514706
0 0.568359 0.596507 0.03125 0.0569853
0 0.960938 0.868566 0.0253906 0.0422794
0 0.102051 0.0229779 0.0341797 0.0459559
1 0.78833 0.925092 0.0268555 0.0505515
0 0.799316 0.595588 0.0283203 0.0514706
1 0.102051 0.0238971 0.0332031 0.0477941
0 0.833496 0.77068 0.03125 0.0505515
1 0.834473 0.125919 0.0234375 0.0459559
1 0.109375 0.387408 0.0292969 0.0634191
1 0.923584 0.975643 0.0297852 0.0431985
0 0.81543 0.118107 0.0234375 0.046875
1 0.96167 0.870864 0.0249023 0.0413603
0 0.922607 0.976562 0.027832 0.0431985
1 0.832764 0.769301 0.0297852 0.0533088
0 0.872559 0.746324 0.0283203 0.0477941
0 0.309814 0.23943 0.0307617 0.0542279
1 0.310303 0.23943 0.0307617 0.0542279
1 0.56958 0.596048 0.0288086 0.0505515
0 0.828857 0.623621 0.0249023 0.0505515
1 0.94751 0.560662 0.0249023 0.0477941
0 0.258545 0.846967 0.0297852 0.0523897
1 0.203125 0.957261 0.0302734 0.0523897
1 0.385254 0.255515 0.0283203 0.0477941
1 0.829102 0.62454 0.0234375 0.0487132
0 0.164795 0.772518 0.027832 0.0542279
0 0.202148 0.957261 0.0283203 0.0487132
1 0.800049 0.594669 0.0268555 0.0496324
1 0.814697 0.119026 0.0219727 0.0487132
0 0.934326 0.882812 0.0249023 0.0395221
0 0.0849609 0.238051 0.0361328 0.0588235
1 0.988281 0.172335 0.0234375 0.0505515
1 0.872559 0.744945 0.0283203 0.046875
0 0.439453 0.881434 0.0341797 0.0588235
1 0.91626 0.495864 0.0249023 0.046875
1 0.415771 0.454963 0.0249023 0.0477941
0 0.109131 0.389246 0.0288086 0.0615809
0 0.0219727 0.193015 0.0332031 0.0680147
1 0.377197 0.367188 0.0219727 0.0413603
1 0.825684 0.954504 0.0283203 0.0505515
1 0.689941 0.389706 0.03125 0.0661765
1 0.393555 0.34329 0.0253906 0.0413603
1 0.189209 0.54182 0.034668 0.0652574
