1 0.858643 0.0845588 0.0219727 0.0459559
0 0.835938 0.122243 0.0214844 0.0459559
1 0.101562 0.0234375 0.0332031 0.046875
0 0.568359 0.597426 0.0302734 0.0551471
1 0.0849609 0.238511 0.0332031 0.0634191
1 0.52417 0.209559 0.0180664 0.0422794
0 0.533691 0.918658 0.03125 0.0487132
1 0.7854 0.926011 0.0258789 0.0487132
0 0.798828 0.595588 0.0273438 0.0477941
1 0.963379 0.872243 0.0234375 0.0441176
0 0.189697 0.540901 0.0336914 0.0689338
0 0.101318 0.0225184 0.0336914 0.0450368
0 0.964111 0.872243 0.0249023 0.0459559
1 0.810791 0.119945 0.0219727 0.046875
1 0.109131 0.387408 0.0288086 0.0634191
0 0.811035 0.117647 0.0234375 0.0477941
0 0.832031 0.768842 0.0292969 0.0542279
1 0.922607 0.976562 0.0297852 0.0431985
0 0.922607 0.977022 0.027832 0.0422794
1 0.835938 0.125 0.0214844 0.0441176
1 0.569092 0.596048 0.027832 0.0487132
1 0.831299 0.77068 0.0297852 0.0560662
0 0.829102 0.623162 0.0234375 0.0477941
0 0.82666 0.954044 0.0283203 0.0514706
1 0.310547 0.23989 0.03125 0.0533088
1 0.202637 0.957261 0.0302734 0.0523897
1 0.872559 0.745864 0.0283203 0.046875
0 0.309814 0.23989 0.0307617 0.0533088
0 0.872559 0.746324 0.0283203 0.0477941
0 0.439209 0.882353 0.0327148 0.0551471
1 0.947021 0.559743 0.0297852 0.0477941
1 0.528076 0.273897 0.0209961 0.0386029
1 0.98877 0.172335 0.0224609 0.0505515
1 0.799316 0.594669 0.0263672 0.0477941
0 0.0852051 0.238511 0.0356445 0.0579044
0 0.202148 0.957261 0.0283203 0.046875
1 0.529297 0.306526 0.0214844 0.0431985
1 0.828857 0.62454 0.0219727 0.046875
1 0.385986 0.255515 0.0258789 0.0477941
0 0.259033 0.846967 0.027832 0.0505515
0 0.934326 0.882812 0.0249023 0.0413603
1 0.91626 0.494945 0.0249023 0.046875
1 0.415527 0.454963 0.0244141 0.0459559
0 0.165283 0.772978 0.0288086 0.0514706
0 0.108887 0.389246 0.0283203 0.0615809
1 0.377686 0.366728 0.0239258 0.0441176
0 0.0219727 0.193015 0.0332031 0.0661765
1 0.825928 0.954504 0.0297852 0.0505515
1 0.39502 0.340533 0.0244141 0.0431985
1 0.189453 0.54182 0.0341797 0.0652574
1 0.689941 0.390165 0.0302734 0.0652574
