0 0.196289 0.929228 0.0273438 0.0459559
1 0.989746 0.818934 0.0185547 0.0441176
1 0.985107 0.763327 0.0200195 0.0358456
1 0.564941 0.609375 0.0283203 0.0477941
1 0.410645 0.539982 0.0234375 0.0450368
0 0.804688 0.111673 0.0214844 0.0431985
0 0.726562 0.633732 0.0205078 0.0431985
0 0.893799 0.118566 0.0219727 0.0441176
0 0.759766 0.0597426 0.0214844 0.0386029
1 0.759766 0.0579044 0.0214844 0.0367647
1 0.735596 0.180147 0.0239258 0.0459559
0 0.196533 0.532629 0.0239258 0.046875
0 0.75708 0.789522 0.0288086 0.0459559
0 0.767578 0.0877757 0.0205078 0.0395221
1 0.833496 0.863511 0.0205078 0.0395221
1 0.893799 0.119485 0.0219727 0.0404412
1 0.856445 0.866268 0.0234375 0.0487132
1 0.380859 0.785386 0.0244141 0.0450368
0 0.381104 0.787224 0.0258789 0.0487132
0 0.736328 0.178309 0.0224609 0.0477941
0 0.440918 0.88557 0.0283203 0.0487132
0 0.855469 0.0785846 0.0205078 0.0395221
0 0.780518 0.692555 0.0249023 0.046875
0 0.880615 0.823529 0.0249023 0.0477941
1 0.414551 0.459559 0.0263672 0.0477941
1 0.910889 0.499081 0.0249023 0.0441176
1 0.805664 0.111673 0.0234375 0.0450368
1 0.886719 0.236673 0.0253906 0.0431985
0 0.746094 0.921875 0.0263672 0.0441176
0 0.690674 0.730239 0.0229492 0.046875
0 0.408936 0.341452 0.0268555 0.0450368
0 0.729492 0.10386 0.0234375 0.0459559
1 0.0766602 0.244945 0.0302734 0.0523897
0 0.608398 0.0151654 0.0234375 0.0303309
1 0.755859 0.79136 0.0263672 0.0459559
0 0.521484 0.0684743 0.0244141 0.0431985
1 0.72998 0.102941 0.0234375 0.0459559
1 0.746094 0.920956 0.0253906 0.0441176
1 0.710938 0.648897 0.0214844 0.0404412
1 0.377441 0.369945 0.0253906 0.0431985
1 0.69458 0.445312 0.0229492 0.0413603
1 0.409912 0.341452 0.0268555 0.0450368
1 0.648926 0.391544 0.0224609 0.0441176
1 0.520996 0.0689338 0.0234375 0.0422794
0 0.829102 0.821691 0.0234375 0.0441176
0 0.0761719 0.245864 0.0322266 0.0542279
1 0.259766 0.846967 0.0283203 0.0450368
1 0.879883 0.823529 0.0234375 0.0459559
1 0.440674 0.886029 0.0288086 0.0514706
0 0.856201 0.866728 0.0249023 0.0459559
1 0.677734 0.0597426 0.0224609 0.0404412
0 0.236084 0.711397 0.0249023 0.0441176
1 0.780029 0.693015 0.0249023 0.0477941
1 0.462158 0.110754 0.0209961 0.0431985
1 0.72583 0.633272 0.0219727 0.0422794
1 0.835938 0.12546 0.0253906 0.0431985
1 0.196289 0.532169 0.0244141 0.0459559
0 0.392334 0.65671 0.0249023 0.046875
0 0.535889 0.495864 0.0249023 0.0431985
1 0.876465 0.715533 0.0234375 0.0431985
0 0.258057 0.847426 0.0268555 0.0441176
1 0.372314 0.538143 0.0268555 0.0487132
0 0.710449 0.649816 0.0224609 0.0386029
1 0.588867 0.363971 0.0234375 0.0441176
1 0.798828 0.409007 0.0214844 0.0367647
1 0.571045 0.105699 0.0229492 0.0422794
1 0.991699 0.76057 0.0166016 0.0395221
1 0.813232 0.442096 0.0249023 0.0422794
1 0.226074 0.783548 0.0283203 0.0487132
0 0.315918 0.882353 0.0244141 0.0477941
0 0.269531 0.984375 0.0273438 0.03125
0 0.560059 0.877298 0.0273438 0.046875
1 0.534424 0.337776 0.0229492 0.0450368
1 0.0144043 0.202206 0.0258789 0.0551471
1 0.679688 0.130515 0.0273438 0.0441176
1 0.311035 0.130974 0.0263672 0.0487132
1 0.196289 0.931066 0.0263672 0.0441176
0 0.879639 0.082261 0.0219727 0.0395221
1 0.711426 0.476103 0.0244141 0.0386029
1 0.392822 0.875919 0.0268555 0.0533088
0 0.672607 0.714154 0.0229492 0.0422794
1 0.921875 0.845588 0.0253906 0.0404412
1 0.156738 0.501838 0.0234375 0.0477941
1 0.851562 0.261029 0.0253906 0.0422794
0 0.366943 0.689798 0.0239258 0.046875
1 0.828857 0.625 0.0219727 0.0477941
1 0.360352 0.181526 0.0195312 0.0450368
1 0.186523 0.471048 0.0253906 0.046875
1 0.0944824 0.351562 0.027832 0.0487132
1 0.0302734 0.886029 0.0244141 0.0404412
0 0.564209 0.608456 0.0249023 0.0477941
1 0.783691 0.59421 0.0273438 0.0431985
0 0.466064 0.670037 0.0249023 0.0477941
1 0.992188 0.540441 0.015625 0.0477941
1 0.803223 0.170956 0.0234375 0.0441176
1 0.824951 0.954963 0.0297852 0.0459559
1 0.965576 0.745404 0.0219727 0.0422794
1 0.921875 0.560202 0.0253906 0.0413603
1 0.668701 0.392004 0.0219727 0.0413603
1 0.990234 0.176011 0.0195312 0.046875
0 0.53418 0.462776 0.0234375 0.0413603
1 0.406982 0.204044 0.0258789 0.0459559
0 0.506592 0.680147 0.0258789 0.0477941
1 0.611816 0.250919 0.0195312 0.0386029
1 0.570312 0.388327 0.0234375 0.0413603
1 0.0144043 0.980699 0.0249023 0.0386029
0 0.323975 0.634191 0.0239258 0.0422794
1 0.145508 0.586857 0.0244141 0.046875
1 0.163574 0.772518 0.0263672 0.0487132
0 0.299072 0.669118 0.0268555 0.0477941
1 0.204102 0.852941 0.0263672 0.0441176
1 0.235107 0.347426 0.0258789 0.0514706
1 0.151367 0.231158 0.0273438 0.0487132
1 0.0180664 0.457721 0.0244141 0.0477941
1 0.395508 0.128676 0.0214844 0.0404412
1 0.106934 0.530331 0.0253906 0.0459559
1 0.598145 0.300092 0.0244141 0.0431985
1 0.691406 0.38511 0.0244141 0.0441176
1 0.127686 0.828125 0.0258789 0.0514706
1 0.171631 0.0179228 0.027832 0.0358456
1 0.036377 0.91636 0.0239258 0.0386029
1 0.03125 0.409926 0.0253906 0.0441176
1 0.17749 0.830882 0.0239258 0.0422794
1 0.147217 0.301011 0.0288086 0.046875
1 0.579346 0.248621 0.0219727 0.0431985
1 0.245605 0.0234375 0.0263672 0.0450368
1 0.0910645 0.600184 0.0249023 0.0496324
1 0.0910645 0.0349265 0.034668 0.0551471
1 0.482422 0.131434 0.0224609 0.0441176
1 0.597656 0.230239 0.0195312 0.0413603
1 0.804688 0.224724 0.0234375 0.0431985
1 0.501709 0.174632 0.0249023 0.0459559
1 0.418701 0.954963 0.0288086 0.0496324
1 0.0922852 0.8125 0.0253906 0.0477941
1 0.216309 0.0776654 0.0253906 0.0487132
1 0.810303 0.299632 0.0249023 0.0404412
1 0.402588 0.160846 0.0209961 0.0422794
1 0.333984 0.192555 0.0253906 0.046875
1 0.132812 0.621783 0.0253906 0.0450368
1 0.527832 0.270221 0.0244141 0.0477941
1 0.983643 0.928309 0.0268555 0.0514706
1 0.783203 0.27114 0.0263672 0.0441176
1 0.315186 0.24954 0.0268555 0.046875
1 0.206543 0.313419 0.0263672 0.0477941
1 0.980469 0.734375 0.0205078 0.0404412
