1 0.140137 0.601103 0.0234375 0.0496324
0 0.587402 0.363971 0.0224609 0.0367647
0 0.775879 0.713695 0.0224609 0.0450368
1 0.611572 0.0124081 0.0249023 0.0248162
0 0.834473 0.863051 0.0185547 0.0386029
1 0.587646 0.36489 0.0209961 0.0330882
0 0.44043 0.884651 0.0273438 0.0450368
0 0.68042 0.105239 0.0219727 0.0395221
1 0.879883 0.825368 0.0234375 0.0441176
0 0.85791 0.863051 0.0234375 0.0459559
1 0.740723 0.163143 0.0234375 0.0413603
1 0.806396 0.18704 0.0219727 0.0395221
1 0.381592 0.786765 0.0209961 0.0404412
1 0.828857 0.622243 0.0219727 0.0459559
0 0.786865 0.59375 0.027832 0.0459559
1 0.731689 0.115809 0.0229492 0.0422794
1 0.576172 0.391085 0.0214844 0.0340074
1 0.916992 0.493107 0.0234375 0.046875
0 0.827393 0.803309 0.0268555 0.0514706
1 0.557129 0.882353 0.0273438 0.0441176
0 0.880371 0.824908 0.0234375 0.046875
0 0.912354 0.982996 0.0297852 0.0340074
0 0.557129 0.884191 0.0273438 0.0441176
1 0.439453 0.88511 0.0273438 0.0459559
0 0.877441 0.721967 0.0263672 0.046875
1 0.407471 0.537684 0.0229492 0.0386029
1 0.534424 0.329963 0.0239258 0.0477941
0 0.755127 0.924173 0.0297852 0.0505515
0 0.828857 0.621783 0.0249023 0.0505515
1 0.857178 0.253217 0.0249023 0.0431985
1 0.754639 0.924632 0.0288086 0.0514706
1 0.257324 0.84375 0.0253906 0.0441176
1 0.678955 0.0611213 0.0229492 0.0395221
1 0.30127 0.66636 0.0224609 0.0422794
0 0.565918 0.601562 0.0263672 0.046875
1 0.315918 0.648438 0.0205078 0.0376838
1 0.389893 0.664522 0.0229492 0.0422794
0 0.825684 0.955423 0.0283203 0.0487132
1 0.92749 0.856158 0.0249023 0.046875
1 0.929688 0.563419 0.0253906 0.0441176
1 0.237549 0.714154 0.0239258 0.0441176
1 0.0185547 0.196232 0.0253906 0.0505515
1 0.838379 0.12454 0.0234375 0.0431985
1 0.52417 0.0675551 0.0239258 0.0431985
1 0.402832 0.210938 0.0224609 0.046875
0 0.755615 0.789062 0.0249023 0.0431985
1 0.414062 0.457261 0.0244141 0.0450368
1 0.0788574 0.237132 0.0268555 0.0496324
1 0.197021 0.944393 0.027832 0.0487132
1 0.371094 0.539062 0.0253906 0.046875
1 0.88208 0.0863971 0.0200195 0.0422794
1 0.0146484 0.982077 0.0253906 0.0358456
1 0.0908203 0.0317096 0.0332031 0.0487132
1 0.097168 0.359835 0.0253906 0.046875
1 0.69043 0.384191 0.0273438 0.0477941
1 0.09375 0.600643 0.0214844 0.0431985
1 0.524902 0.267923 0.0244141 0.046875
1 0.391602 0.87454 0.0234375 0.0487132
1 0.858643 0.0840993 0.0200195 0.0431985
1 0.0310059 0.410846 0.0209961 0.0386029
1 0.172119 0.0193015 0.0288086 0.0386029
1 0.571533 0.102941 0.0239258 0.0441176
1 0.209961 0.0790441 0.0253906 0.0477941
1 0.378662 0.690257 0.0219727 0.0441176
1 0.80957 0.118107 0.0214844 0.0431985
1 0.145752 0.587316 0.0200195 0.0422794
1 0.101074 0.523897 0.0244141 0.0477941
1 0.318359 0.160386 0.0214844 0.0487132
1 0.594727 0.295956 0.0234375 0.0404412
1 0.988281 0.174632 0.0214844 0.0496324
1 0.812012 0.301471 0.0244141 0.0422794
1 0.196777 0.530331 0.0224609 0.0422794
1 0.0246582 0.4375 0.0229492 0.0404412
1 0.410156 0.340074 0.0253906 0.0441176
1 0.785645 0.271599 0.0234375 0.0450368
1 0.897705 0.106158 0.0219727 0.0450368
1 0.506592 0.180607 0.0258789 0.046875
1 0.37793 0.368107 0.0244141 0.0431985
1 0.418701 0.943474 0.0258789 0.0505515
1 0.120605 0.822151 0.0253906 0.046875
1 0.98291 0.917739 0.0283203 0.0542279
1 0.153564 0.28079 0.0249023 0.0413603
1 0.13208 0.608915 0.0209961 0.0413603
1 0.805176 0.210018 0.0224609 0.0395221
1 0.1875 0.482996 0.0244141 0.0450368
1 0.0949707 0.814338 0.027832 0.0514706
1 0.159912 0.487132 0.0229492 0.0404412
1 0.164062 0.77068 0.0263672 0.046875
1 0.335205 0.183364 0.0219727 0.046875
1 0.147949 0.235294 0.0244141 0.0422794
1 0.583984 0.250919 0.0234375 0.0422794
1 0.23877 0.345129 0.0273438 0.0505515
1 0.312744 0.247243 0.0249023 0.0441176
1 0.205322 0.314338 0.0239258 0.0477941
1 0.229004 0.763787 0.0244141 0.0459559
