1 0.882812 0.242188 0.0214844 0.046875
0 0.977295 0.89568 0.0297852 0.0487132
1 0.858643 0.0836397 0.0219727 0.0441176
0 0.917236 0.493566 0.0249023 0.0441176
1 0.312256 0.892923 0.0268555 0.0487132
1 0.164062 0.772059 0.0292969 0.0551471
1 0.93457 0.879136 0.0234375 0.0413603
0 0.545166 0.905331 0.0249023 0.0496324
1 0.858643 0.254596 0.0200195 0.0404412
0 0.258789 0.846507 0.0253906 0.0514706
1 0.0961914 0.0243566 0.0302734 0.0431985
1 0.772705 0.921875 0.0268555 0.0496324
1 0.438965 0.882812 0.0234375 0.046875
1 0.920898 0.97886 0.03125 0.0422794
1 0.544922 0.907629 0.0263672 0.0487132
0 0.564453 0.0799632 0.0214844 0.0422794
0 0.438965 0.884651 0.0234375 0.046875
1 0.828857 0.623162 0.0219727 0.0477941
0 0.689453 0.388327 0.0292969 0.0597426
0 0.795654 0.592831 0.0258789 0.0477941
0 0.171631 0.0225184 0.027832 0.0413603
1 0.258789 0.846507 0.0263672 0.0496324
0 0.199463 0.95818 0.0317383 0.0523897
0 0.920898 0.980699 0.03125 0.0386029
1 0.917236 0.492647 0.0297852 0.0477941
0 0.567627 0.597426 0.0297852 0.0533088
1 0.810791 0.119485 0.0219727 0.0459559
0 0.772461 0.922794 0.0273438 0.0514706
1 0.989014 0.172794 0.0219727 0.0496324
0 0.933594 0.881434 0.0234375 0.0422794
1 0.568848 0.597886 0.0273438 0.0487132
1 0.519531 0.200827 0.0224609 0.0413603
1 0.936768 0.565717 0.0268555 0.046875
1 0.786133 0.272518 0.0234375 0.0450368
0 0.194824 0.0620404 0.0273438 0.0487132
1 0.83667 0.12454 0.0219727 0.0431985
0 0.756836 0.789982 0.0234375 0.0413603
0 0.230469 0.338235 0.0234375 0.0514706
1 0.824219 0.777114 0.0253906 0.046875
0 0.0849609 0.238971 0.03125 0.0551471
1 0.866211 0.857077 0.0234375 0.046875
1 0.524902 0.269761 0.0224609 0.0395221
1 0.171387 0.0215993 0.0273438 0.0413603
0 0.871826 0.743107 0.0268555 0.046875
0 0.0219727 0.193474 0.0292969 0.0579044
1 0.528076 0.309743 0.0209961 0.0404412
0 0.828857 0.622702 0.0249023 0.0487132
1 0.199219 0.95864 0.0292969 0.0496324
1 0.872803 0.741268 0.0249023 0.0505515
1 0.879883 0.826287 0.0234375 0.0441176
0 0.826416 0.954044 0.0297852 0.0514706
1 0.804688 0.301011 0.0234375 0.046875
0 0.165039 0.77068 0.0292969 0.0505515
0 0.104004 0.382812 0.0273438 0.0505515
1 0.410156 0.909007 0.0224609 0.0441176
0 0.769531 0.762408 0.0253906 0.0431985
1 0.690186 0.387408 0.0297852 0.0597426
1 0.391357 0.871324 0.0229492 0.0477941
0 0.209473 0.318015 0.0253906 0.0514706
1 0.311035 0.244945 0.0273438 0.046875
1 0.976562 0.894761 0.0263672 0.046875
1 0.414795 0.455882 0.0249023 0.0441176
1 0.393066 0.233456 0.0253906 0.0459559
1 0.378662 0.368566 0.0258789 0.0459559
1 0.408936 0.339614 0.0239258 0.0450368
1 0.189941 0.54182 0.0302734 0.0560662
