0 0.567139 0.596967 0.0288086 0.0523897
1 0.0939941 0.540901 0.0258789 0.0560662
1 0.020752 0.193474 0.0268555 0.0560662
1 0.771729 0.742188 0.0209961 0.0450368
1 0.882812 0.241728 0.0205078 0.0459559
0 0.0957031 0.582721 0.0283203 0.0459559
0 0.206299 0.317096 0.0258789 0.0514706
1 0.916504 0.982077 0.03125 0.0358456
1 0.929688 0.871324 0.0263672 0.0459559
0 0.789551 0.592371 0.0253906 0.0450368
1 0.932861 0.564338 0.0268555 0.0477941
1 0.197998 0.959559 0.027832 0.0477941
1 0.835938 0.865349 0.0205078 0.0395221
1 0.789795 0.590533 0.0249023 0.0450368
0 0.0214844 0.194393 0.0263672 0.0505515
0 0.0852051 0.238511 0.0307617 0.0542279
1 0.917969 0.491728 0.0292969 0.0477941
1 0.858643 0.0840993 0.0219727 0.046875
0 0.872559 0.730699 0.0234375 0.0441176
1 0.873291 0.729779 0.0249023 0.0477941
0 0.828857 0.622243 0.0249023 0.0496324
0 0.101562 0.375919 0.0253906 0.0496324
1 0.172119 0.0211397 0.027832 0.0386029
1 0.858643 0.254596 0.0219727 0.0422794
1 0.825928 0.955882 0.0297852 0.0496324
1 0.828857 0.623621 0.0219727 0.046875
0 0.82666 0.954963 0.0283203 0.0496324
1 0.810303 0.119485 0.0219727 0.0441176
1 0.09375 0.0261949 0.0322266 0.0431985
1 0.440186 0.883732 0.0239258 0.046875
0 0.197998 0.95818 0.027832 0.046875
1 0.836914 0.125 0.0234375 0.0441176
1 0.258545 0.84421 0.0249023 0.0450368
1 0.98877 0.173713 0.0224609 0.0496324
1 0.202881 0.0726103 0.0258789 0.0459559
1 0.808594 0.300551 0.0253906 0.0422794
1 0.690674 0.387408 0.0268555 0.0487132
1 0.0952148 0.582721 0.0273438 0.0477941
1 0.568115 0.599724 0.0258789 0.046875
1 0.786133 0.27114 0.0234375 0.0477941
0 0.93042 0.870864 0.0268555 0.0487132
1 0.825684 0.785846 0.0263672 0.0496324
0 0.202637 0.0707721 0.0253906 0.0477941
1 0.551025 0.89614 0.0258789 0.0422794
1 0.862305 0.861673 0.0234375 0.0487132
1 0.206543 0.315257 0.0253906 0.0477941
0 0.0947266 0.537684 0.0273438 0.0496324
1 0.235596 0.340074 0.0268555 0.0477941
1 0.768311 0.925092 0.0268555 0.0523897
1 0.514893 0.195312 0.0219727 0.0450368
1 0.196289 0.532629 0.0273438 0.0523897
1 0.52417 0.268842 0.0229492 0.0395221
1 0.880615 0.826746 0.0249023 0.046875
1 0.391357 0.871783 0.0219727 0.0487132
1 0.755859 0.789062 0.0244141 0.0450368
1 0.415283 0.922794 0.0229492 0.0441176
1 0.528076 0.309743 0.0219727 0.0422794
0 0.164551 0.769761 0.0302734 0.0523897
1 0.538574 0.0565257 0.0273438 0.0431985
1 0.39624 0.539522 0.0200195 0.0386029
1 0.981934 0.909926 0.0283203 0.0514706
1 0.395508 0.223805 0.0234375 0.0450368
1 0.568359 0.0919118 0.0234375 0.0441176
1 0.375488 0.539062 0.0224609 0.0413603
1 0.415283 0.457721 0.0249023 0.0441176
1 0.378662 0.368107 0.0249023 0.0431985
1 0.409668 0.340533 0.0244141 0.0431985
1 0.311768 0.245864 0.027832 0.0450368
