0 0.990967 0.556985 0.0180664 0.0367647
0 0.228516 0.342371 0.0234375 0.0431985
1 0.195068 0.914522 0.0219727 0.0386029
1 0.853271 0.262868 0.0219727 0.0349265
0 0.350342 0.512868 0.0170898 0.0386029
0 0.59668 0.231158 0.0195312 0.0395221
0 0.175781 0.828125 0.0205078 0.0386029
1 0.870361 0.26057 0.0200195 0.0358456
0 0.980469 0.446691 0.0205078 0.0404412
1 0.188721 0.438419 0.0200195 0.0367647
1 0.795654 0.162684 0.0209961 0.0275735
0 0.991455 0.121783 0.0141602 0.0505515
0 0.703125 0.653033 0.0214844 0.0376838
0 0.234619 0.696232 0.0170898 0.0376838
0 0.353271 0.844669 0.0200195 0.0367647
1 0.372314 0.540901 0.0200195 0.0413603
1 0.981201 0.446691 0.0200195 0.0404412
0 0.678467 0.142463 0.0180664 0.0349265
1 0.101074 0.276195 0.0234375 0.0431985
1 0.463135 0.882353 0.0219727 0.0386029
1 0.878174 0.0795037 0.0200195 0.0395221
0 0.638428 0.615809 0.0219727 0.0367647
1 0.832764 0.534007 0.0200195 0.0496324
0 0.0153809 0.97932 0.0219727 0.0340074
1 0.181885 0.463695 0.0170898 0.0376838
1 0.593018 0.370404 0.0200195 0.0404412
1 0.0957031 0.344669 0.0234375 0.0404412
0 0.195068 0.914062 0.0219727 0.0376838
0 0.728516 0.631893 0.0224609 0.0450368
0 0.463135 0.882353 0.0219727 0.0404412
0 0.822021 0.82261 0.0170898 0.0349265
1 0.683838 0.445312 0.0219727 0.0358456
1 0.645264 0.387408 0.0200195 0.0395221
1 0.828125 0.626379 0.0205078 0.0431985
0 0.0998535 0.867188 0.0200195 0.0340074
0 0.407959 0.537684 0.0209961 0.0422794
0 0.651855 0.338235 0.0205078 0.0367647
0 0.0285645 0.892463 0.0219727 0.0422794
0 0.544922 0.0372243 0.0185547 0.0358456
1 0.109131 0.53171 0.0229492 0.0395221
1 0.975098 0.886489 0.0234375 0.0413603
0 0.367676 0.795496 0.0205078 0.0413603
0 0.109619 0.887408 0.0180664 0.0340074
1 0.715088 0.482996 0.0219727 0.0395221
0 0.108643 0.53171 0.0229492 0.0395221
1 0.367676 0.795496 0.0205078 0.0395221
1 0.796875 0.0955882 0.0205078 0.0367647
1 0.233887 0.0303309 0.0234375 0.0404412
0 0.941406 0.693474 0.0205078 0.0376838
0 0.612549 0.250919 0.019043 0.0386029
0 0.838379 0.6875 0.0185547 0.0404412
1 0.703857 0.193934 0.0200195 0.0386029
1 0.72876 0.18796 0.0180664 0.0395221
0 0.207031 0.607077 0.0214844 0.0413603
0 0.224609 0.0776654 0.0234375 0.0431985
0 0.371094 0.540441 0.0195312 0.0441176
1 0.059082 0.875919 0.0214844 0.0386029
0 0.0583496 0.87454 0.0229492 0.0413603
0 0.592285 0.370404 0.0195312 0.0404412
0 0.556152 0.610754 0.0244141 0.0395221
1 0.416504 0.778033 0.0205078 0.0395221
1 0.664795 0.391085 0.0200195 0.0395221
1 0.612793 0.25 0.0205078 0.0367647
1 0.482666 0.884651 0.0219727 0.0413603
0 0.125488 0.504136 0.0205078 0.0358456
1 0.365723 0.84329 0.0214844 0.0376838
0 0.0959473 0.346967 0.0239258 0.0413603
1 0.489746 0.942096 0.0195312 0.0367647
1 0.0720215 0.256434 0.0249023 0.0496324
0 0.920166 0.521599 0.0219727 0.0340074
0 0.0371094 0.40625 0.0244141 0.0441176
0 0.660889 0.0142463 0.019043 0.0284926
0 0.634766 0.554228 0.0214844 0.0367647
1 0.199219 0.357996 0.0214844 0.0395221
0 0.304443 0.117647 0.0239258 0.0422794
0 0.514404 0.685202 0.0258789 0.0376838
1 0.598389 0.299632 0.0200195 0.0386029
0 0.537109 0.505055 0.0224609 0.0340074
1 0.394775 0.113511 0.0219727 0.0431985
0 0.459229 0.676011 0.0209961 0.0413603
0 0.563721 0.37546 0.0209961 0.0395221
1 0.224121 0.0767463 0.0224609 0.0395221
1 0.940674 0.692555 0.0200195 0.0376838
1 0.895996 0.341912 0.0185547 0.0367647
1 0.992188 0.300092 0.015625 0.0450368
0 0.828125 0.626838 0.0214844 0.0404412
1 0.210693 0.304228 0.0219727 0.0422794
0 0.395996 0.863051 0.0205078 0.0441176
1 0.419678 0.962776 0.0258789 0.0413603
0 0.045166 0.931066 0.0200195 0.0367647
0 0.934326 0.490349 0.0219727 0.0358456
0 0.174316 0.795956 0.0195312 0.0367647
1 0.756348 0.217831 0.0185547 0.0349265
1 0.881104 0.825827 0.0219727 0.0450368
0 0.510742 0.0165441 0.0195312 0.0330882
1 0.0441895 0.931985 0.0209961 0.0367647
1 0.57251 0.105239 0.0219727 0.0376838
0 0.155518 0.228401 0.0239258 0.0413603
0 0.081543 0.601562 0.0234375 0.0450368
1 0.359863 0.161305 0.0205078 0.0395221
0 0.0656738 0.90579 0.0209961 0.0395221
0 0.052002 0.814798 0.0219727 0.0395221
1 0.329346 0.201287 0.0209961 0.0404412
1 0.0280762 0.892004 0.0219727 0.0431985
0 0.684326 0.444853 0.0219727 0.0330882
0 0.601562 0.015625 0.0224609 0.03125
0 0.394531 0.113971 0.0234375 0.0441176
0 0.763672 0.894301 0.0224609 0.0386029
1 0.228516 0.34329 0.0224609 0.0395221
1 0.785645 0.0505515 0.0166016 0.0367647
0 0.617432 0.97932 0.0209961 0.0376838
0 0.221436 0.797794 0.0229492 0.0386029
0 0.914062 0.55239 0.0205078 0.0349265
0 0.598389 0.300092 0.0200195 0.0376838
0 0.645752 0.391085 0.0200195 0.0376838
0 0.601807 0.451287 0.0209961 0.0367647
0 0.754883 0.789062 0.0234375 0.0431985
1 0.839111 0.942555 0.0268555 0.0487132
1 0.30542 0.116728 0.0219727 0.0404412
0 0.615967 0.888787 0.0219727 0.0422794
1 0.406982 0.538143 0.0209961 0.0413603
0 0.786133 0.678309 0.0234375 0.0477941
0 0.207275 0.85432 0.0229492 0.0431985
1 0.561768 0.300551 0.019043 0.0367647
1 0.489502 0.359375 0.0229492 0.0386029
0 0.688721 0.178768 0.0180664 0.0303309
1 0.992188 0.761029 0.015625 0.0404412
1 0.498535 0.342371 0.0195312 0.0358456
1 0.146973 0.591912 0.0224609 0.0441176
0 0.234375 0.0303309 0.0234375 0.0422794
1 0.781982 0.584559 0.0239258 0.0441176
0 0.101318 0.275735 0.0219727 0.0422794
0 0.348145 0.800551 0.0205078 0.0422794
1 0.803467 0.294577 0.0229492 0.0395221
1 0.92749 0.332261 0.0219727 0.0376838
0 0.0703125 0.797794 0.0205078 0.0404412
1 0.729004 0.634191 0.0234375 0.0422794
0 0.880371 0.825827 0.0205078 0.046875
1 0.0522461 0.813879 0.0234375 0.0413603
0 0.0727539 0.256434 0.0244141 0.0477941
1 0.85083 0.0827206 0.0219727 0.0404412
1 0.368652 0.20864 0.0195312 0.0386029
0 0.0410156 0.120864 0.0214844 0.0376838
1 0.889893 0.238051 0.0219727 0.0386029
1 0.402832 0.159926 0.0214844 0.0386029
0 0.422119 0.877757 0.0209961 0.0441176
1 0.834229 0.548713 0.0219727 0.0349265
0 0.746338 0.71875 0.0209961 0.0367647
0 0.360596 0.162224 0.0209961 0.0395221
0 0.642822 0.888327 0.0219727 0.0431985
1 0.981934 0.744945 0.0205078 0.0431985
1 0.441406 0.473346 0.0214844 0.0404412
0 0.0551758 0.112592 0.0214844 0.0395221
0 0.118896 0.160386 0.0239258 0.0413603
0 0.133545 0.134191 0.0219727 0.0404412
1 0.519531 0.0730699 0.0214844 0.0395221
0 0.856201 0.679228 0.0170898 0.0386029
1 0.133057 0.631434 0.0229492 0.0422794
1 0.31543 0.252298 0.0224609 0.0431985
0 0.910156 0.590533 0.0205078 0.0340074
1 0.779541 0.273897 0.0219727 0.0367647
0 0.269287 0.983915 0.0268555 0.0321691
1 0.462891 0.175551 0.0195312 0.0386029
1 0.405762 0.346967 0.0224609 0.0431985
1 0.570312 0.211857 0.0205078 0.0358456
1 0.283203 0.183824 0.0234375 0.0422794
0 0.921875 0.619485 0.0205078 0.0367647
1 0.267578 0.216452 0.0234375 0.0413603
1 0.801514 0.0482537 0.019043 0.0358456
0 0.146973 0.300092 0.0244141 0.0376838
1 0.546875 0.317096 0.0224609 0.0349265
1 0.856201 0.867647 0.0249023 0.0422794
1 0.596436 0.231158 0.0180664 0.0358456
0 0.776367 0.860754 0.0234375 0.0395221
1 0.918945 0.836397 0.0234375 0.0441176
0 0.127441 0.828125 0.0214844 0.0441176
1 0.197998 0.536305 0.0239258 0.0450368
0 0.606689 0.487132 0.0219727 0.0367647
0 0.0107422 0.216912 0.0214844 0.0459559
0 0.168701 0.0160846 0.0249023 0.0321691
0 0.0166016 0.46829 0.0234375 0.046875
1 0.583252 0.200827 0.0209961 0.0340074
0 0.657227 0.304228 0.0195312 0.0367647
1 0.411621 0.464614 0.0234375 0.0450368
1 0.82959 0.516085 0.0205078 0.0395221
1 0.963867 0.755055 0.0234375 0.0450368
1 0.530518 0.340074 0.0200195 0.0367647
1 0.445557 0.154412 0.0219727 0.0367647
0 0.319092 0.87454 0.0239258 0.0487132
0 0.0935059 0.813879 0.0200195 0.0395221
1 0.181885 0.38511 0.0219727 0.0386029
1 0.374268 0.363511 0.0239258 0.0431985
1 0.575928 0.252298 0.0209961 0.0376838
1 0.459473 0.106158 0.0224609 0.0358456
0 0.258789 0.846048 0.0234375 0.0413603
1 0.990723 0.18796 0.0185547 0.0413603
1 0.533691 0.802849 0.0244141 0.0431985
1 0.516846 0.822151 0.0219727 0.0431985
1 0.411377 0.204963 0.0229492 0.0422794
1 0.497559 0.176471 0.0224609 0.0422794
1 0.832031 0.130515 0.0253906 0.0386029
1 0.98999 0.130515 0.0170898 0.0404412
1 0.793457 0.401654 0.0224609 0.0404412
1 0.94458 0.732996 0.0200195 0.0395221
1 0.532715 0.272518 0.0244141 0.0413603
1 0.987793 0.940257 0.0244141 0.0422794
1 0.971924 0.181066 0.0219727 0.0386029
1 0.814697 0.449449 0.0219727 0.0404412
1 0.960938 0.223346 0.0234375 0.0404412
0 0.0925293 0.0358456 0.0288086 0.0459559
1 0.94751 0.316176 0.0249023 0.0441176
1 0.484131 0.13557 0.0219727 0.0413603
