0 0.189453 0.542279 0.0351562 0.0735294
0 0.102051 0.0234375 0.0361328 0.046875
0 0.800049 0.59421 0.027832 0.0523897
1 0.438965 0.880974 0.0302734 0.0597426
1 0.795898 0.926471 0.0234375 0.0477941
1 0.109863 0.386949 0.0302734 0.0643382
0 0.872559 0.745864 0.0283203 0.0487132
1 0.30957 0.238051 0.0292969 0.0588235
0 0.860352 0.0827206 0.03125 0.0496324
0 0.525146 0.207721 0.0258789 0.0477941
1 0.102539 0.0248162 0.0341797 0.0496324
0 0.829102 0.623621 0.0234375 0.0487132
0 0.259521 0.847886 0.0307617 0.0542279
1 0.258545 0.847886 0.0297852 0.0523897
0 0.202881 0.957261 0.0288086 0.0505515
1 0.840576 0.765165 0.0268555 0.046875
0 0.570068 0.597886 0.0327148 0.0560662
1 0.828857 0.625 0.0219727 0.0477941
1 0.955566 0.556066 0.0263672 0.0514706
1 0.416504 0.452665 0.03125 0.0597426
1 0.800781 0.594669 0.0253906 0.0496324
1 0.987549 0.173254 0.0249023 0.0560662
0 0.308594 0.237592 0.0302734 0.0579044
1 0.924316 0.975184 0.0283203 0.0422794
1 0.93457 0.882353 0.0234375 0.0404412
0 0.0849609 0.238051 0.0361328 0.0588235
0 0.438965 0.881434 0.0351562 0.0588235
1 0.305908 0.904871 0.0307617 0.0542279
1 0.203613 0.957261 0.03125 0.0560662
0 0.164795 0.772978 0.0288086 0.0569853
1 0.872559 0.744945 0.0283203 0.046875
1 0.825684 0.952665 0.0263672 0.046875
1 0.91626 0.496324 0.0249023 0.0477941
0 0.109131 0.387868 0.0307617 0.0625
0 0.0222168 0.193015 0.0327148 0.0661765
1 0.954834 0.86489 0.0249023 0.0441176
1 0.689941 0.389706 0.03125 0.0661765
1 0.189209 0.54182 0.034668 0.0670956
