1 0.858643 0.0840993 0.0219727 0.046875
0 0.189697 0.54136 0.034668 0.0698529
1 0.527588 0.305147 0.0219727 0.0349265
0 0.101562 0.0220588 0.0341797 0.0441176
1 0.102051 0.0234375 0.0332031 0.046875
0 0.960938 0.868566 0.0253906 0.0441176
0 0.799316 0.595588 0.0283203 0.0514706
1 0.0849609 0.238971 0.0341797 0.0625
0 0.569336 0.597886 0.03125 0.0523897
1 0.787354 0.926011 0.0268555 0.0487132
0 0.83374 0.77068 0.0297852 0.0505515
1 0.923584 0.975643 0.0297852 0.0431985
1 0.835205 0.12546 0.0219727 0.0450368
1 0.8125 0.120404 0.0214844 0.0496324
0 0.922607 0.976562 0.027832 0.0431985
0 0.309814 0.23943 0.0307617 0.0542279
1 0.832764 0.769761 0.0297852 0.0542279
0 0.828857 0.623162 0.0249023 0.0477941
1 0.109375 0.387408 0.0292969 0.0634191
1 0.96167 0.870404 0.0249023 0.0422794
1 0.56958 0.596507 0.027832 0.0496324
0 0.872559 0.746324 0.0283203 0.0477941
1 0.94751 0.561581 0.0249023 0.0477941
0 0.439209 0.882353 0.0327148 0.0569853
1 0.203125 0.957261 0.0302734 0.0523897
0 0.202148 0.957261 0.0283203 0.0505515
1 0.385254 0.256893 0.0244141 0.046875
1 0.310303 0.23943 0.0307617 0.0523897
0 0.0849609 0.238051 0.0361328 0.0588235
0 0.258789 0.846967 0.0273438 0.0505515
1 0.988281 0.172335 0.0234375 0.0505515
1 0.800049 0.595129 0.0268555 0.0487132
1 0.829102 0.625 0.0234375 0.0477941
0 0.934326 0.882812 0.0249023 0.0395221
1 0.872559 0.745864 0.0283203 0.046875
1 0.91626 0.495864 0.0249023 0.046875
0 0.164551 0.772518 0.0283203 0.0542279
0 0.108887 0.389706 0.0292969 0.0625
1 0.415527 0.454963 0.0244141 0.0459559
0 0.0222168 0.193015 0.0336914 0.0680147
1 0.377197 0.367188 0.0219727 0.0413603
1 0.689941 0.389706 0.0302734 0.0643382
1 0.825928 0.954504 0.0297852 0.0505515
1 0.394287 0.342831 0.0249023 0.0422794
1 0.189453 0.54182 0.0341797 0.0652574
