1 0.388184 0.700827 0.0185547 0.0358456
1 0.681641 0.107537 0.0263672 0.0459559
1 0.731934 0.11489 0.0224609 0.0459559
1 0.858398 0.86443 0.0234375 0.0487132
0 0.654297 0.011489 0.0283203 0.0229779
0 0.376709 0.691636 0.0229492 0.0450368
0 0.834473 0.862592 0.0205078 0.0413603
0 0.740234 0.167279 0.0244141 0.0459559
0 0.911865 0.982996 0.0297852 0.0340074
1 0.171143 0.804228 0.0219727 0.0441176
1 0.408691 0.538603 0.0224609 0.0404412
1 0.740234 0.167279 0.0253906 0.0441176
0 0.409912 0.339614 0.0258789 0.0450368
1 0.557373 0.880974 0.0268555 0.0450368
1 0.474854 0.669577 0.0209961 0.0431985
1 0.37793 0.691176 0.0234375 0.0441176
1 0.301514 0.667279 0.0219727 0.0441176
0 0.776855 0.710018 0.0234375 0.0450368
0 0.680664 0.107996 0.0234375 0.0395221
0 0.440674 0.884651 0.027832 0.046875
0 0.572754 0.391544 0.0195312 0.0367647
0 0.405029 0.206801 0.0249023 0.0496324
1 0.879883 0.824449 0.0234375 0.0459559
0 0.317871 0.64568 0.0214844 0.0413603
1 0.856201 0.251838 0.0249023 0.0441176
0 0.877441 0.720588 0.0263672 0.0477941
0 0.857178 0.86443 0.0249023 0.046875
0 0.825684 0.955423 0.0283203 0.0487132
0 0.828125 0.621324 0.0263672 0.0514706
0 0.880371 0.824908 0.0234375 0.0487132
0 0.731934 0.11489 0.0244141 0.0459559
1 0.390381 0.660846 0.0229492 0.0422794
0 0.753418 0.923254 0.0283203 0.0487132
1 0.414795 0.457721 0.0268555 0.0441176
1 0.573975 0.391085 0.0209961 0.0376838
1 0.534912 0.331342 0.0258789 0.0505515
1 0.381104 0.786765 0.0219727 0.0404412
1 0.409668 0.340533 0.0273438 0.0450368
1 0.439453 0.88557 0.0283203 0.046875
0 0.678467 0.0592831 0.0219727 0.0431985
1 0.829102 0.622243 0.0234375 0.0477941
1 0.258301 0.845129 0.0283203 0.046875
1 0.825928 0.955882 0.0297852 0.0477941
1 0.678955 0.0602022 0.0239258 0.0413603
0 0.826416 0.807445 0.0249023 0.0523897
1 0.495117 0.672335 0.0234375 0.0450368
1 0.916504 0.494485 0.0283203 0.0477941
1 0.805908 0.183364 0.0239258 0.0413603
1 0.237061 0.712316 0.0239258 0.0441176
0 0.558105 0.883732 0.0263672 0.0450368
0 0.587891 0.36443 0.0234375 0.0376838
0 0.786133 0.59375 0.0292969 0.0477941
1 0.371582 0.539982 0.0263672 0.046875
1 0.0180664 0.196232 0.0253906 0.0505515
1 0.196045 0.941176 0.027832 0.0477941
1 0.522705 0.0689338 0.0239258 0.0459559
1 0.572021 0.102482 0.0258789 0.046875
1 0.838379 0.12454 0.0234375 0.0450368
1 0.929688 0.563879 0.0263672 0.0450368
1 0.881348 0.0863971 0.0205078 0.0422794
1 0.925781 0.85432 0.0263672 0.046875
0 0.755615 0.788603 0.0258789 0.0441176
1 0.525391 0.268842 0.0253906 0.0487132
1 0.31543 0.153033 0.0234375 0.0450368
1 0.391602 0.875 0.0234375 0.0496324
1 0.0773926 0.238971 0.0268555 0.0477941
1 0.0908203 0.0326287 0.0332031 0.0487132
1 0.0146484 0.982077 0.0253906 0.0358456
1 0.691162 0.38557 0.0258789 0.046875
0 0.565918 0.602022 0.0273438 0.0459559
1 0.0932617 0.600643 0.0214844 0.0431985
1 0.858643 0.0836397 0.0200195 0.0441176
1 0.75293 0.923713 0.0273438 0.0514706
1 0.8125 0.301011 0.0253906 0.0431985
1 0.210938 0.0790441 0.0253906 0.0514706
1 0.172119 0.0188419 0.0288086 0.0376838
1 0.809326 0.118107 0.0219727 0.0450368
1 0.596191 0.295496 0.0244141 0.0450368
1 0.988281 0.175092 0.0214844 0.0505515
1 0.0966797 0.357996 0.0244141 0.0450368
1 0.14624 0.585938 0.0200195 0.0431985
1 0.897705 0.106618 0.0219727 0.0459559
1 0.196533 0.530331 0.0229492 0.0422794
1 0.101807 0.523438 0.0239258 0.046875
1 0.37793 0.368566 0.0253906 0.0441176
1 0.785156 0.272059 0.0244141 0.0459559
1 0.335205 0.183824 0.0249023 0.0441176
1 0.1875 0.481618 0.0244141 0.0441176
1 0.505859 0.177849 0.0263672 0.046875
1 0.582764 0.245864 0.0239258 0.0431985
1 0.805664 0.210018 0.0234375 0.0413603
1 0.132568 0.608915 0.0209961 0.0413603
1 0.03125 0.409926 0.0224609 0.0404412
1 0.419189 0.944853 0.0258789 0.0496324
1 0.148193 0.234375 0.0258789 0.0441176
1 0.158447 0.490809 0.0219727 0.0404412
1 0.0231934 0.440257 0.0229492 0.0422794
1 0.163818 0.770221 0.0258789 0.0441176
1 0.123047 0.821691 0.0253906 0.0441176
1 0.98291 0.919118 0.0283203 0.0551471
1 0.0944824 0.815257 0.027832 0.0496324
1 0.1521 0.285846 0.0249023 0.0422794
1 0.23877 0.346048 0.0273438 0.0505515
1 0.228271 0.767463 0.0249023 0.0422794
1 0.205078 0.314338 0.0234375 0.0477941
1 0.313721 0.247243 0.0249023 0.0441176
