     0/299     1.68G    0.1165    0.1075   0.02743    0.2514         4       416  0.001223   0.03268 6.267e-05 8.461e-06    0.1042   0.07774   0.02698
     1/299     4.17G     0.108    0.1147   0.02593    0.2487        37       416 0.0005377   0.01439 4.542e-05  7.24e-06    0.1018   0.07981    0.0269
     2/299     4.17G    0.1077    0.1199    0.0266    0.2541        22       416 0.0005377   0.01439 0.0001366 2.637e-05    0.1012   0.08065    0.0267
     3/299     4.17G    0.1069    0.1165   0.02607    0.2494         8       416    0.0003   0.01108 3.595e-05  4.93e-06     0.101   0.08132   0.02657
     4/299     4.17G    0.1039    0.1311   0.02535    0.2604        33       416  0.001033   0.03818 0.0001657 2.907e-05    0.1012    0.0816    0.0266
     5/299     4.17G    0.1043    0.1157   0.02511    0.2452        17       416  0.001233   0.04557 0.0002045 3.076e-05    0.1012   0.08138   0.02659
     6/299     4.17G     0.107    0.1187    0.0251    0.2509        14       416    0.0008   0.02956 5.894e-05 8.685e-06    0.1011   0.08148    0.0267
     7/299     4.17G    0.1062    0.1122   0.02454     0.243         8       416  0.001167    0.0431 0.0001171 1.674e-05    0.1011   0.08158    0.0267
     8/299     4.17G    0.1038    0.1181   0.02383    0.2458        36       416  0.001233   0.04557 0.0001436  2.21e-05    0.1012    0.0815   0.02678
     9/299     4.17G    0.1049    0.1132   0.02509    0.2431         5       416  0.001033   0.03818 9.785e-05  1.68e-05     0.101   0.08177   0.02606
    10/299     4.17G    0.1053    0.1179   0.02502    0.2483         4       416  0.001511   0.05419 0.0002186 3.301e-05    0.1009    0.0817   0.02544
    11/299     4.17G    0.1061    0.1064    0.0256    0.2382         7       416  0.001778   0.01724 0.0002025 3.594e-05    0.1011   0.08013   0.02524
    12/299     4.17G    0.1051     0.115   0.02535    0.2455        14       416  0.007397   0.02094 0.0007923 0.0001228    0.1009    0.0791   0.02497
    13/299     4.17G    0.1052    0.1081   0.02504    0.2384        13       416   0.03465    0.1353   0.01134  0.002138     0.101   0.08519   0.02476
    14/299     4.17G    0.1046    0.1169   0.02619    0.2476        33       416    0.0843    0.2253   0.02844  0.005089       0.1   0.07778    0.0252
    15/299     4.17G    0.1032   0.09603   0.02481     0.224        10       416   0.05293    0.2177   0.02274  0.004241   0.09681   0.07211   0.02506
    16/299     4.17G   0.09934   0.09352   0.02529    0.2182        14       416   0.04752    0.2322   0.01928  0.003812   0.09536   0.07009   0.02446
    17/299     4.17G   0.09425   0.09516   0.02533    0.2147        16       416    0.1661    0.3636    0.1475   0.03287   0.08308   0.06222    0.0256
    18/299     4.17G   0.08718    0.0869   0.02457    0.1986         3       416   0.01647  0.009253  0.003664 0.0008188   0.09758   0.09711   0.02471
    19/299     4.17G   0.08987   0.09343   0.02387    0.2072         8       416    0.2539    0.2903    0.1944   0.04137   0.07711   0.06398   0.02405
    20/299     4.17G   0.08168   0.09754   0.02432    0.2035        54       416     0.177    0.3262    0.1446   0.03296   0.07645   0.06663   0.02384
    21/299     4.17G   0.08003   0.08705   0.02456    0.1916        18       416     0.166    0.4378     0.165   0.03949   0.07669   0.05798   0.02315
    22/299     4.17G    0.0768   0.08391   0.02387    0.1846         1       416    0.2306    0.3296    0.1834    0.0409   0.07893   0.05293   0.02322
    23/299     4.17G   0.07597   0.09019   0.02424    0.1904        39       416    0.3161    0.4499    0.2741   0.06738   0.06335   0.05414   0.02353
    24/299     4.17G   0.07815   0.07838   0.02384    0.1804         3       416    0.1873    0.4967    0.1811   0.04348   0.06971   0.05269   0.02384
    25/299     4.17G    0.0751   0.08187   0.02485    0.1818         4       416    0.3025     0.431    0.2377   0.06173   0.07657   0.05201   0.02385
    26/299     4.17G   0.07169   0.07738   0.02321    0.1723         2       416    0.2403    0.4667    0.2231   0.05164   0.07108   0.05082   0.02294
    27/299     4.17G   0.07309    0.0796    0.0234    0.1761         4       416    0.2979    0.4933    0.2826   0.07665   0.06524   0.05092   0.02327
    28/299     4.17G   0.07265    0.0792    0.0242     0.176         8       416    0.3227    0.5057    0.2814     0.083   0.06776   0.05115   0.02144
    29/299     4.17G   0.07394   0.08009   0.02269    0.1767         6       416    0.3185    0.3888    0.2517   0.05955   0.06482   0.04767   0.02124
    30/299     4.17G   0.07209   0.08461   0.02407    0.1808        22       416    0.1324    0.5323    0.1386   0.02886   0.07638   0.04732   0.02007
    31/299     4.17G   0.07065   0.08285   0.02253     0.176        19       416     0.258    0.4759    0.2422   0.05841   0.06627   0.04467   0.01962
    32/299     4.17G   0.06763   0.07603   0.02081    0.1645         5       416    0.2613    0.5548    0.2819    0.0731   0.06316   0.04628   0.01879
    33/299     4.17G   0.06729    0.1006   0.02046    0.1883        65       416    0.2888     0.555    0.3056   0.06956    0.0673   0.04322    0.0174
    34/299     4.17G   0.07349   0.07511   0.02099    0.1696         3       416    0.3456    0.6327    0.3759   0.09825   0.06144   0.04301   0.01595
    35/299     4.17G     0.071   0.09117   0.02173    0.1839        50       416    0.2538    0.6893    0.2668   0.05765   0.07085   0.04263   0.01721
    36/299     4.17G   0.06879   0.07637   0.01933    0.1645        18       416    0.2711    0.6154    0.3178   0.07087   0.06299   0.04589   0.01661
    37/299     4.17G   0.07009   0.07576   0.01831    0.1642         6       416    0.4236    0.5221    0.4067    0.1088   0.06305   0.04145   0.01483
    38/299     4.17G   0.06846   0.07992   0.01838    0.1667        13       416    0.3547     0.385    0.3203   0.08266   0.06525   0.04558   0.01483
    39/299     4.17G   0.06741   0.07468   0.01762    0.1597        11       416    0.4045    0.5082    0.4313    0.1197   0.05815   0.04195   0.01427
    40/299     4.17G   0.06937   0.07697    0.0206    0.1669         6       416    0.3192    0.7248    0.3436   0.08947   0.06851   0.04249   0.01593
    41/299     4.17G   0.06733   0.08621   0.01944     0.173        45       416    0.2897    0.7313    0.3152   0.08757   0.06418   0.04244   0.01435
    42/299     4.17G   0.06688    0.0767   0.02016    0.1637         5       416    0.4194    0.5423     0.434    0.1202   0.05935   0.04402   0.01411
    43/299     4.17G   0.06847   0.07749   0.01765    0.1636        13       416     0.342    0.7325    0.3763   0.09281   0.06517   0.04133   0.01407
    44/299     4.17G   0.06085   0.07192   0.01575    0.1485         0       416    0.2555    0.7751    0.3135   0.08612   0.06666   0.04204   0.01939
    45/299     4.17G   0.06594   0.07599   0.01725    0.1592         4       416    0.3132    0.7065    0.3468   0.08663   0.06268   0.04124   0.01671
    46/299     4.17G   0.06998   0.07416    0.0179    0.1621         4       416    0.4523    0.7578    0.5093    0.1437   0.05659   0.04013   0.01416
    47/299     4.17G   0.06845   0.07295   0.01591    0.1573         1       416    0.3881    0.5664    0.4099    0.1133   0.06269   0.04047   0.01324
    48/299     4.17G   0.06653   0.07334   0.01527    0.1551         7       416     0.287    0.7458    0.3654   0.09854   0.06171   0.04062   0.01525
    49/299     4.17G   0.06102   0.07063    0.0154     0.147         0       416    0.3543     0.756    0.5006    0.1481   0.05936   0.04107   0.01673
    50/299     4.17G    0.0626   0.07431   0.01675    0.1537        13       416    0.4224    0.6319    0.4755    0.1494   0.05589   0.04288    0.0131
    51/299     4.17G   0.06628   0.07668   0.01606     0.159         9       416     0.449    0.6289    0.5231     0.185   0.05612   0.04066   0.01238
    52/299     4.17G   0.06676    0.0723   0.01586    0.1549         3       416    0.3767     0.739    0.4728    0.1433   0.05554   0.04095   0.01501
    53/299     4.17G     0.065    0.0741   0.01527    0.1544         9       416     0.301    0.7901    0.4759    0.1305   0.06273   0.04191   0.01608
    54/299     4.17G   0.06402   0.07785   0.01517     0.157        17       416    0.3594    0.7003    0.4428    0.1312   0.06147   0.03972   0.01399
    55/299     4.17G   0.06135    0.0847   0.01908    0.1651        47       416    0.5697    0.5587     0.556    0.1669   0.05309   0.04036   0.01329
    56/299     4.17G   0.06516   0.07293   0.01503    0.1531         7       416    0.3311    0.7266    0.4187    0.1119   0.05901   0.04125   0.02092
    57/299     4.17G   0.06269   0.07318   0.01599    0.1519        12       416    0.5315    0.6095    0.5062    0.1418   0.05664   0.04184   0.01251
    58/299     4.17G   0.06603   0.07548   0.02486    0.1664         2       416    0.3947    0.7258    0.4897     0.143   0.05865   0.04091   0.01532
    59/299     4.17G   0.06284   0.07861    0.0138    0.1553        83       416    0.2765     0.647    0.3045   0.06929   0.07072    0.0402   0.02035
    60/299     4.17G     0.062   0.07447   0.01305    0.1495        19       416    0.2934    0.7004    0.3454   0.09525   0.07417   0.04257   0.01735
    61/299     4.17G   0.06123   0.07852   0.01559    0.1553        28       416    0.4328    0.7822    0.6019    0.2086    0.0565   0.04006   0.01373
    62/299     4.17G   0.05672   0.07029   0.01368    0.1407         0       416    0.3812    0.6894    0.4982    0.1358   0.05796   0.04107   0.01442
    63/299     4.17G   0.06196   0.07357   0.01561    0.1511        20       416    0.7381    0.5086     0.519    0.1926   0.05468   0.03981   0.01637
    64/299     4.17G   0.06217   0.07355   0.01411    0.1498         4       416    0.4378     0.703    0.4794    0.1491   0.06074   0.03992   0.01253
    65/299     4.17G   0.06511   0.07253   0.01854    0.1562         7       416    0.4262    0.7443    0.5489    0.1741   0.05798   0.03862    0.0162
    66/299     4.17G   0.06182   0.07282   0.01274    0.1474         9       416    0.3659    0.8314    0.5195    0.1808   0.05757   0.03971   0.01657
    67/299     4.17G   0.06122    0.0733   0.01277    0.1473         9       416    0.3816    0.6504      0.35   0.09937   0.06196    0.0401   0.03457
    68/299     4.17G   0.05784   0.06701   0.01251    0.1374         2       416     0.523    0.4492    0.4166    0.1078   0.06724   0.04281    0.0125
    69/299     4.17G   0.05902   0.07664   0.01526    0.1509        40       416    0.5509    0.6604    0.5866    0.1788   0.05656   0.04258    0.0152
    70/299     4.17G   0.06113   0.07618    0.0166    0.1539        11       416    0.5026    0.6234    0.4815    0.1291   0.06161   0.04757   0.01289
    71/299     4.17G   0.05862   0.07277   0.01125    0.1426        17       416    0.4832    0.6211    0.5614    0.1917   0.05573    0.0399   0.02376
    72/299     4.17G   0.06072   0.07573   0.01265    0.1491        53       416    0.4959     0.722     0.595    0.2017   0.05706   0.03963   0.01156
    73/299     4.17G    0.0596   0.06894   0.01302    0.1416         3       416    0.5293     0.642    0.5675    0.1699   0.05509   0.03981   0.01492
    74/299     4.17G   0.05925   0.07433   0.01341     0.147        35       416    0.4377    0.6765     0.533    0.1784   0.05251   0.04652   0.02501
    75/299     4.17G   0.05641   0.06832   0.01316    0.1379         3       416    0.5492    0.6841    0.6037    0.2025   0.05447   0.04177   0.01085
    76/299     4.17G   0.05999   0.06866   0.01115    0.1398         5       416     0.515    0.6791    0.6256    0.2241   0.05491    0.0384   0.01208
    77/299     4.17G   0.05799   0.07544   0.01213    0.1456        11       416    0.4524    0.6754     0.552    0.1824   0.05484   0.03841   0.02172
    78/299     4.17G   0.05887    0.0793   0.01332    0.1515        48       416    0.3487    0.4715    0.2786   0.06956   0.07068   0.04166      0.02
    79/299     4.17G   0.06167   0.07075   0.01012    0.1425         1       416    0.6143    0.6752    0.6801     0.241   0.05079   0.04175   0.01437
    80/299     4.17G   0.05864   0.07336   0.01408    0.1461        21       416    0.5616    0.5013    0.4274    0.1119   0.05801   0.04372   0.02956
    81/299     4.17G   0.05639   0.07049   0.01225    0.1391         4       416    0.5413    0.5431    0.4583    0.1316   0.05903   0.04089   0.03002
    82/299     4.17G   0.05897   0.07483   0.01102    0.1448        11       416    0.5627    0.5202    0.3829    0.1287   0.05532   0.04132   0.04836
    83/299     4.17G   0.05724   0.06768   0.01319    0.1381         2       416    0.6436    0.5986    0.5596    0.2015   0.05487   0.04129   0.03072
    84/299     4.17G   0.05775   0.06736   0.01188     0.137         3       416     0.714    0.6442    0.6868    0.2209   0.05223   0.04016     0.009
    85/299     4.17G   0.05766   0.07073  0.009646     0.138        12       416    0.5466    0.7173    0.7038    0.2714   0.04929   0.03861   0.01903
    86/299     4.17G   0.05726   0.07002   0.01377    0.1411         1       416      0.74    0.6849    0.7035    0.2486   0.05335   0.04136  0.008695
    87/299     4.17G    0.0561   0.09281   0.01002    0.1589        92       416    0.4466    0.6267    0.4832    0.1413   0.05632   0.04111   0.01815
    88/299     4.17G   0.05752    0.0681  0.008975    0.1346         3       416    0.6113    0.7236    0.6496    0.2141   0.05236   0.03797   0.01334
    89/299     4.17G   0.05767   0.06817   0.01014     0.136        12       416    0.6087    0.6487    0.5991    0.2063   0.05335   0.04396   0.00851
    90/299     4.17G   0.05423   0.06697  0.009649    0.1308         1       416    0.5174    0.8009    0.7282    0.2661   0.04882   0.03942   0.01924
    91/299     4.17G   0.05467   0.07131   0.01099     0.137        22       416    0.6538    0.6225    0.6273       0.2   0.05421   0.03956   0.01046
    92/299     4.17G   0.05502   0.07123   0.01042    0.1367        18       416     0.608    0.6432    0.5815     0.215   0.05048   0.03959   0.03153
    93/299     4.17G   0.05548   0.06524   0.01162    0.1323         2       416    0.3997    0.6458    0.3701    0.1076   0.07075   0.04078   0.01079
    94/299     4.17G   0.05768   0.07313   0.01414     0.145        17       416    0.4451    0.7298    0.5193    0.1665   0.05794   0.03908   0.03221
    95/299     4.17G   0.05652   0.07161   0.01382    0.1419         9       416    0.6924    0.7818    0.7338    0.2745   0.05282   0.03875   0.01158
    96/299     4.17G    0.0567   0.06353  0.009533    0.1298         3       416    0.5639    0.6892    0.6552    0.2537   0.04768   0.03794   0.02209
    97/299     4.17G   0.05444   0.06803   0.01107    0.1335         7       416    0.7576    0.7364    0.7801    0.2857    0.0502   0.04138  0.008247
    98/299     4.17G   0.05593   0.07213   0.01001    0.1381         9       416    0.6247    0.6177    0.5837    0.2022   0.05023   0.03859   0.02228
    99/299     4.17G   0.05633   0.08164   0.01095    0.1489        31       416    0.4679     0.659    0.5379    0.1609   0.05258   0.03926   0.02021
   100/299     4.17G   0.05491   0.06622   0.01028    0.1314         7       416    0.5635    0.7698    0.7201    0.2563   0.05509   0.03903   0.01693
   101/299     4.17G   0.05477   0.07151   0.01004    0.1363         3       416    0.7165    0.8518    0.8314    0.3105   0.04831   0.03908  0.007259
   102/299     4.17G   0.05222    0.0661  0.009464    0.1278         9       416    0.6588    0.7741     0.753    0.2712   0.04593   0.03825   0.01451
   103/299     4.17G   0.05351   0.06648  0.007768    0.1278        11       416    0.5802    0.7918    0.7566     0.247   0.05155    0.0384   0.01453
   104/299     4.17G   0.05417   0.07011  0.009434    0.1337        22       416    0.6451    0.6567    0.6315     0.207   0.05015   0.03945   0.02373
   105/299     4.17G   0.05366   0.08026  0.006402    0.1403        70       416    0.7112    0.6821    0.6827    0.2274   0.04935   0.04051   0.01331
   106/299     4.17G   0.05358   0.06703  0.007296    0.1279        15       416    0.6176    0.6479    0.6197    0.2007   0.05201   0.04046   0.01516
   107/299     4.17G    0.0563   0.07028  0.008794    0.1354        12       416    0.6463    0.7097    0.7514    0.2933   0.04852   0.03777   0.01228
   108/299     4.17G   0.05569   0.06959  0.007965    0.1332         8       416    0.5798    0.7454    0.6875    0.2432   0.05214    0.0409   0.01079
   109/299     4.17G   0.05029   0.06627  0.005954    0.1225         0       416    0.7048    0.7856    0.7947    0.2828   0.04811   0.03894   0.01049
   110/299     4.17G   0.05185   0.06539   0.01133    0.1286         4       416     0.631    0.6709    0.5306    0.1863   0.04897   0.03805   0.03312
   111/299     4.17G   0.05378   0.07536  0.008135    0.1373        38       416    0.6241    0.7202    0.7089    0.2589   0.05038   0.03836   0.01696
   112/299     4.17G   0.05274    0.0828  0.005837    0.1414        77       416    0.7543    0.7986    0.8385    0.3393   0.04559    0.0379  0.009737
   113/299     4.17G   0.05321    0.0754  0.008217    0.1368        50       416    0.8448    0.8132    0.8721    0.3032   0.04822   0.03764  0.004276
   114/299     4.17G   0.05542   0.06464  0.007102    0.1272         2       416    0.7762    0.7904     0.855    0.3296    0.0476   0.03751  0.009686
   115/299     4.17G   0.05488   0.07853  0.007092    0.1405        54       416    0.7248    0.7335    0.7569    0.2632   0.05298   0.03891    0.0128
   116/299     4.17G   0.05272   0.06695  0.006206    0.1259         3       416    0.7492    0.8392    0.8611    0.3304   0.04592   0.03754  0.009009
   117/299     4.17G   0.05487   0.06756   0.00823    0.1307         8       416    0.7282    0.8266    0.8295     0.317   0.04714   0.03696  0.006848
   118/299     4.17G   0.05162   0.06359  0.007848    0.1231         3       416    0.6361    0.6746    0.7095     0.286   0.04589   0.03784   0.02493
   119/299     4.17G   0.05228   0.06504  0.006265    0.1236         2       416    0.8122    0.8148    0.8055     0.248   0.05184   0.03788  0.003051
   120/299     4.17G   0.05253   0.08141  0.006783    0.1407        67       416    0.6942    0.7606    0.7944    0.2859   0.04906   0.03807   0.01264
   121/299     4.17G   0.05273   0.06859  0.006017    0.1273         2       416    0.6024    0.7674    0.7829    0.2825   0.05136   0.03708   0.01407
   122/299     4.17G   0.05411   0.07979  0.006064      0.14        47       416    0.8478    0.8587    0.8923    0.3658   0.04591   0.03669  0.004098
   123/299     4.17G   0.05374   0.06778   0.01075    0.1323        25       416    0.7799    0.8084    0.8493    0.3057   0.04672   0.03863  0.006677
   124/299     4.17G   0.05281   0.07412  0.006499    0.1334        62       416     0.859    0.9019    0.9297    0.3479   0.04646    0.0375  0.003398
   125/299     4.17G   0.05328   0.06317  0.004471    0.1209         3       416    0.7283    0.8252    0.8506    0.3353   0.04641     0.038  0.009581
   126/299     4.17G   0.05116   0.06992  0.006053    0.1271        33       416    0.6136    0.7701    0.7809    0.2975   0.04487   0.03693   0.01749
   127/299     4.17G   0.05228    0.0687  0.005707    0.1267         6       416    0.7626    0.8167    0.8529    0.3393   0.04665   0.03757  0.008172
   128/299     4.17G   0.05248   0.06661  0.005449    0.1245        11       416    0.5802     0.813    0.8037      0.34   0.04301   0.03668   0.01728
   129/299     4.17G    0.0519   0.09305  0.009644    0.1546       118       416    0.7739    0.8272    0.8531    0.3515   0.04435   0.03719  0.009633
   130/299     4.17G   0.05116   0.06703  0.005829     0.124        12       416     0.861    0.7745    0.8714    0.3679   0.04303   0.03725  0.007066
   131/299     4.17G   0.05331   0.06678  0.004641    0.1247         1       416    0.8201    0.6756    0.7122    0.2792   0.04856   0.03778   0.01332
   132/299     4.17G    0.0517    0.0663  0.005451    0.1235         7       416    0.7779     0.705     0.753    0.2328   0.05611   0.03793  0.007013
   133/299     4.17G   0.04768   0.05948  0.004658    0.1118         0       416    0.8464    0.8933    0.9379    0.4116   0.04489   0.03738  0.002775
   134/299     4.17G   0.05184   0.07141   0.00929    0.1325        28       416    0.8174    0.8796    0.9115    0.4146   0.04146   0.03632  0.006705
   135/299     4.17G   0.05116   0.06732  0.005522     0.124         9       416     0.562    0.8548    0.8146    0.3565   0.04188   0.03704    0.0203
   136/299     4.17G   0.04997    0.0731  0.005757    0.1288        41       416    0.7505    0.8583    0.9011    0.3406   0.04498   0.03666  0.007481
   137/299     4.17G   0.05182   0.06752  0.009141    0.1285        20       416    0.5947     0.669    0.6957    0.2286   0.04886    0.0376   0.01877
   138/299     4.17G   0.05103   0.06934  0.008785    0.1292        25       416    0.8574    0.8915    0.8782    0.3126   0.04795   0.03648  0.002046
   139/299     4.17G   0.05169   0.06987   0.00475    0.1263        16       416    0.7935    0.7741    0.8527    0.3438   0.05062   0.03723   0.00957
   140/299     4.17G   0.05133   0.06158  0.004898    0.1178         1       416    0.7562    0.7323    0.8577    0.3293   0.04727   0.03724   0.01425
   141/299     4.17G   0.05025   0.06583  0.004655    0.1207         6       416    0.7802    0.8638    0.8935    0.3844    0.0449   0.03704  0.007691
   142/299     4.17G   0.05258   0.06564  0.006986    0.1252        11       416     0.866    0.8812    0.8961    0.3323   0.04781   0.03782  0.002425
   143/299     4.17G   0.05246   0.07018  0.006438    0.1291        91       416    0.8224    0.8592    0.8303    0.2825   0.04933   0.03817  0.002449
   144/299     4.17G   0.05516   0.07512   0.01025    0.1405        10       416    0.7785    0.8081    0.7679    0.2423   0.05201   0.03867  0.003841
   145/299     4.17G   0.05158   0.06729    0.0077    0.1266        16       416    0.7613    0.7926    0.8342    0.3403   0.04777   0.03702   0.00759
   146/299     4.17G   0.05186    0.0656   0.00495    0.1224         7       416    0.8517    0.8725    0.9313    0.4094    0.0433   0.03692  0.003199
   147/299     4.17G   0.05105   0.06692  0.003637    0.1216        11       416    0.8671    0.9239    0.9385    0.4075   0.04365    0.0364  0.001801
   148/299     4.17G   0.05186   0.06507  0.003613    0.1205         4       416     0.834    0.8828    0.9098    0.3723     0.044   0.03766  0.004719
   149/299     4.17G   0.04875    0.0636  0.003594    0.1159         4       416      0.87    0.9078    0.9426    0.4129   0.04213   0.03718  0.003462
   150/299     4.17G   0.05065    0.0638  0.004534     0.119        11       416    0.9129    0.8983    0.9553    0.4189   0.04334   0.03743   0.00153
   151/299     4.17G   0.04924   0.06353  0.003708    0.1165        19       416    0.8819    0.9149     0.936    0.3719   0.04486   0.03644  0.001706
   152/299     4.17G   0.05092    0.0638  0.003852    0.1186         2       416    0.8938    0.8964    0.9223    0.3721   0.04458   0.03634  0.001452
   153/299     4.17G   0.05059   0.06712   0.00331     0.121         1       416    0.8478    0.8798    0.9201    0.3802   0.04231   0.03612  0.003851
   154/299     4.17G   0.04999   0.06416  0.006136    0.1203        13       416    0.8905    0.8824    0.9225    0.3604   0.04367   0.03677  0.001899
   155/299     4.17G   0.04913   0.06559  0.003381    0.1181         1       416    0.8995    0.9192    0.9522     0.413   0.04233   0.03664  0.001967
   156/299     4.17G   0.05032   0.06678  0.004093    0.1212        10       416    0.8966    0.8587    0.9384    0.4073   0.04477   0.03754  0.002859
   157/299     4.17G   0.04917   0.06577  0.003023     0.118        15       416     0.872    0.9376    0.9518    0.4363   0.04109    0.0369  0.002145
   158/299     4.17G   0.04959   0.06521  0.004203     0.119        13       416    0.6817    0.7861    0.8623    0.3771   0.04234    0.0364   0.01382
   159/299     4.17G   0.05134   0.07105  0.003305    0.1257        33       416    0.8918    0.8681     0.927    0.4123   0.04133   0.03718  0.002983
   160/299     4.17G   0.05009   0.06206  0.003693    0.1158         4       416    0.8728    0.8422    0.9173    0.4039   0.04309   0.03654  0.003389
   161/299     4.17G   0.05162   0.06201   0.01332     0.127         4       416    0.8991    0.8352    0.8917    0.3682   0.04462   0.03645  0.004257
   162/299     4.17G    0.0508   0.07084  0.007283    0.1289        42       416     0.814    0.8886    0.9154    0.4167   0.04178    0.0371  0.005447
   163/299     4.17G   0.04963   0.05782  0.004061    0.1115         1       416    0.8851    0.8823    0.9304    0.4002   0.04366   0.03618  0.002435
   164/299     4.17G    0.0503   0.06591  0.003625    0.1198        12       416    0.8168    0.8441    0.8674    0.3104    0.0485   0.03672   0.00464
   165/299     4.17G   0.05124   0.06422  0.003864    0.1193         5       416    0.8147    0.8913    0.9266     0.415    0.0421   0.03631  0.004921
   166/299     4.17G   0.05155   0.06784  0.003221    0.1226         2       416    0.8734    0.8837      0.95    0.4274   0.04128    0.0365   0.00353
   167/299     4.17G   0.04873   0.07423   0.00302     0.126        47       416    0.8847    0.8987    0.9505    0.4301   0.04042   0.03618  0.002388
   168/299     4.17G   0.05005   0.07263  0.003428    0.1261        24       416    0.9016    0.9313    0.9573    0.4301   0.04139   0.03636  0.001227
   169/299     4.17G   0.05047   0.07204  0.005234    0.1277        47       416    0.8998    0.9283    0.9512    0.3964   0.04348   0.03642  0.001152
   170/299     4.17G    0.0506   0.06262  0.003198    0.1164         1       416    0.9038    0.9238    0.9572    0.3995   0.04361   0.03597  0.001496
   171/299     4.17G   0.04906   0.06574  0.003123    0.1179         8       416    0.9132    0.8909    0.9341    0.3911    0.0453   0.03638  0.002594
   172/299     4.17G   0.04858   0.06252  0.003326    0.1144         2       416    0.8543    0.8961    0.8793    0.3614   0.04511   0.03694  0.002767
   173/299     4.17G   0.05042   0.06463  0.002651    0.1177         3       416     0.906    0.8703    0.9446    0.4295   0.04155   0.03685  0.001714
   174/299     4.17G   0.04545   0.06079  0.004358    0.1106         0       416    0.7345     0.868    0.9039    0.3853   0.04309    0.0366  0.008423
   175/299     4.17G   0.04779   0.06106  0.003167     0.112         2       416    0.8607    0.9353    0.9372     0.384   0.04494   0.03781   0.00123
   176/299     4.17G   0.04984   0.06141  0.003302    0.1146         9       416    0.8652    0.9026     0.904    0.3559   0.04705   0.03648  0.001897
   177/299     4.17G    0.0475   0.06745  0.002794    0.1177        15       416    0.8821    0.9029    0.9114    0.3412   0.04909   0.03731  0.001903
   178/299     4.17G   0.05129   0.06208  0.003472    0.1168         2       416    0.8237    0.8716    0.9156    0.3948   0.04275   0.03643  0.004161
   179/299     4.17G   0.04982   0.07039   0.00301    0.1232        52       416    0.8027    0.8675    0.9127    0.4127   0.04073   0.03622  0.005648
   180/299     4.17G   0.04654   0.06041  0.002859    0.1098         1       416    0.8916    0.8774    0.9318    0.3743   0.04302   0.03689  0.002996
   181/299     4.17G   0.04961   0.09664  0.003182    0.1494       127       416    0.8465    0.8826     0.923    0.3962   0.04227    0.0362  0.003758
   182/299     4.17G   0.05036   0.06562  0.002489    0.1185         7       416    0.8191    0.8916    0.9403    0.4102   0.04182   0.03577  0.004887
   183/299     4.17G   0.04883   0.06452  0.007772    0.1211        25       416    0.8566    0.8063    0.9261    0.3947   0.04136   0.03645  0.006358
   184/299     4.17G   0.04766   0.06309  0.003133    0.1139         5       416    0.8959    0.9054    0.9447    0.3865   0.04264   0.03695  0.001791
   185/299     4.17G   0.04812   0.06447  0.004549    0.1171         8       416     0.908    0.9493    0.9643    0.4268   0.04129    0.0367 0.0007399
   186/299     4.17G   0.04853   0.06743  0.003307    0.1193         5       416     0.906    0.9338    0.9511    0.3755   0.04766   0.03722  0.000645
   187/299     4.17G    0.0489   0.06813  0.003464    0.1205        19       416     0.829    0.8337    0.9224    0.4071   0.04307   0.03791  0.006388
   188/299     4.17G   0.05082    0.0678  0.002737    0.1214        17       416    0.7495    0.8265    0.8728    0.3819    0.0416   0.03643   0.01189
   189/299     4.17G   0.05136   0.07059  0.005298    0.1272        25       416    0.8769    0.9243    0.9341    0.3977   0.04325    0.0364  0.001418
   190/299     4.17G   0.05086   0.06415  0.002496    0.1175         6       416    0.8778    0.8986    0.9248    0.3847   0.04421   0.03649  0.002358
   191/299     4.17G   0.04972   0.06236  0.002137    0.1142        13       416    0.8652     0.928    0.9464    0.4322   0.04116   0.03596  0.001504
   192/299     4.17G   0.04942   0.06064   0.00335    0.1134         7       416    0.8701    0.9072    0.9501    0.4348   0.04173   0.03604  0.002575
   193/299     4.17G   0.04872   0.06583   0.01365    0.1282         7       416    0.9066    0.9228    0.9558    0.4033   0.04385   0.03709  0.001314
   194/299     4.17G   0.04866   0.07572  0.002986    0.1274        36       416    0.9186    0.9151     0.959    0.4166   0.04301   0.03562  0.001194
   195/299     4.17G   0.04842   0.06697   0.00316    0.1185        21       416    0.8642    0.8772     0.923    0.3695   0.04307   0.03645  0.002548
   196/299     4.17G   0.05162   0.06181  0.008479    0.1219         1       416    0.8657     0.905    0.9159    0.3832    0.0429   0.03638  0.002415
   197/299     4.17G   0.04868   0.07427  0.003268    0.1262        74       416    0.8882     0.867    0.9305    0.3591   0.04594   0.03698  0.002228
   198/299     4.17G   0.04517    0.0602  0.002513    0.1079         0       416    0.9141    0.9003    0.9575    0.4134   0.04136    0.0363  0.001655
   199/299     4.17G   0.04837   0.07001  0.004482    0.1229        50       416    0.9182    0.9363    0.9668    0.4259   0.04124   0.03676 0.0007745
   200/299     4.17G   0.04857    0.0727  0.003219    0.1245        52       416    0.8623    0.9446    0.9487    0.4289   0.04049   0.03685  0.001285
   201/299     4.17G    0.0478   0.05872  0.002307    0.1088         5       416     0.901    0.8781    0.9465    0.3933   0.04293    0.0359  0.002416
   202/299     4.17G   0.04774   0.06162  0.002496    0.1119         9       416    0.9018     0.938    0.9627    0.4204   0.04214   0.03633  0.001239
   203/299     4.17G   0.04651   0.06167  0.001948    0.1101         6       416    0.9058    0.9119    0.9521    0.4318   0.04124   0.03653   0.00153
   204/299     4.17G   0.04641   0.06084   0.00191    0.1092         6       416     0.914    0.9121     0.963    0.4328   0.04082   0.03585  0.001218
   205/299     4.17G   0.04916   0.06298  0.002051    0.1142         7       416    0.9238    0.9119    0.9586    0.4348    0.0401   0.03652  0.001085
   206/299     4.17G   0.04793   0.06262  0.001863    0.1124        13       416    0.9082     0.933    0.9629    0.4238   0.04073   0.03611  0.001033
   207/299     4.17G   0.04774   0.06299   0.00613    0.1169         7       416    0.9238    0.9507    0.9753    0.4332   0.04085   0.03617 0.0008133
   208/299     4.17G   0.05053   0.06364  0.004526    0.1187        18       416    0.9084    0.9491    0.9611    0.4211   0.04086   0.03571 0.0006167
   209/299     4.17G   0.04607   0.06165  0.002968    0.1107        14       416    0.8928    0.9073    0.9479    0.3836    0.0442   0.03638  0.001891
   210/299     4.17G   0.04823   0.06242   0.00224    0.1129         1       416    0.8769     0.937    0.9511    0.4033   0.04251   0.03645  0.001235
   211/299     4.17G    0.0494   0.06627  0.005545    0.1212        18       416     0.874    0.9071    0.9477    0.4087    0.0416   0.03635  0.002497
   212/299     4.17G   0.04735     0.062  0.001543    0.1109         4       416    0.9343    0.8989    0.9586    0.4159   0.04193   0.03688 0.0005755
   213/299     4.17G   0.04804   0.06932  0.003913    0.1213        45       416    0.8847    0.8974    0.9439    0.3781   0.04365   0.03644  0.002589
   214/299     4.17G   0.04893   0.07053  0.002328    0.1218        41       416     0.892    0.9327    0.9582    0.4325   0.04118   0.03667  0.001017
   215/299     4.17G   0.04668   0.06309  0.003597    0.1134        14       416    0.9076    0.9324    0.9546    0.4289   0.04128   0.03636 0.0006421
   216/299     4.17G    0.0481   0.06203  0.003522    0.1137         5       416    0.9118    0.9275    0.9556    0.4136   0.04451   0.03736 0.0004547
   217/299     4.17G    0.0504   0.06557  0.002326    0.1183         5       416    0.8963    0.9321    0.9399    0.4117   0.04412   0.03647 0.0009369
   218/299     4.17G   0.04649   0.05823  0.002268     0.107         4       416    0.9023    0.9064     0.923    0.3842   0.04568   0.03602  0.001361
   219/299     4.17G   0.04901   0.06462  0.003305    0.1169        15       416    0.9128    0.9092    0.9556    0.4327   0.04138   0.03581  0.001348
   220/299     4.17G   0.04727   0.05856  0.001865    0.1077         1       416    0.8977     0.921    0.9556    0.4286   0.04189   0.03636  0.001526
   221/299     4.17G   0.04742   0.06456  0.002034     0.114         7       416    0.8816      0.92    0.9424    0.4162   0.04189   0.03661   0.00125
   222/299     4.17G   0.04702   0.06797  0.002466    0.1175        44       416    0.9207    0.9204    0.9604    0.4304   0.04115   0.03624 0.0009958
   223/299     4.17G   0.05009   0.06132  0.003824    0.1152         6       416    0.8309    0.9232    0.9399    0.4325   0.04019   0.03599  0.004013
   224/299     4.17G   0.04731   0.06117  0.003128    0.1116        23       416    0.8881     0.887    0.9403    0.4226    0.0412   0.03646  0.001853
   225/299     4.17G   0.04574   0.06106  0.002356    0.1092         9       416    0.8905      0.95    0.9622    0.4272   0.04081   0.03652 0.0006901
   226/299     4.17G   0.04736   0.08028  0.002582    0.1302        56       416    0.9028    0.9219    0.9589    0.4065   0.04203   0.03653 0.0008605
   227/299     4.17G   0.04618    0.0629   0.00391     0.113        13       416    0.9092     0.861    0.9473    0.4303   0.04089   0.03641  0.001783
   228/299     4.17G   0.04816   0.06474  0.002097     0.115         7       416    0.7916    0.8848      0.92    0.4046   0.04132    0.0364  0.006441
   229/299     4.17G   0.04661   0.06819  0.003344    0.1181        39       416    0.8904     0.911    0.9391    0.3891   0.04268   0.03637  0.001448
   230/299     4.17G   0.04689    0.0768  0.005385    0.1291        81       416    0.8921    0.9166    0.9579    0.4223   0.04108   0.03649  0.001218
   231/299     4.17G   0.04703   0.06104  0.005422    0.1135         3       416    0.9084    0.9164      0.95    0.4138   0.04144     0.036 0.0004833
   232/299     4.17G   0.04597    0.0604  0.002504    0.1089         8       416    0.9428    0.9126    0.9665     0.435   0.04076   0.03601 0.0004929
   233/299     4.17G   0.04727   0.06631  0.001723    0.1153        14       416    0.9088    0.9176    0.9453    0.4174   0.04124   0.03618 0.0005355
   234/299     4.17G   0.04908   0.07916   0.01619    0.1444        68       416    0.9008    0.9363    0.9576    0.4291   0.04149   0.03619 0.0005664
   235/299     4.17G   0.04706   0.06067  0.001822    0.1095         1       416    0.8734     0.919    0.9461     0.417   0.04125   0.03686  0.001053
   236/299     4.17G   0.04754   0.07008  0.001933    0.1195        50       416    0.9062    0.9272    0.9583    0.4201   0.04228   0.03633 0.0006641
   237/299     4.17G   0.04825   0.06809  0.002812    0.1192        42       416    0.9258    0.8527    0.9333    0.4006   0.04254   0.03665  0.002828
   238/299     4.17G   0.04858   0.06612  0.001961    0.1167        35       416    0.8978    0.9317    0.9648    0.4246   0.04108   0.03652  0.001421
   239/299     4.17G   0.04672   0.06385  0.002323    0.1129        14       416    0.8883    0.9409    0.9548    0.4259   0.04124    0.0363 0.0009803
   240/299     4.17G   0.04711   0.05875  0.008821    0.1147         1       416    0.9015    0.9204    0.9625    0.4217   0.04163   0.03612  0.001768
   241/299     4.17G   0.04848   0.06449   0.01063    0.1236        23       416     0.916    0.9323      0.96    0.4472   0.04079   0.03576 0.0007035
   242/299     4.17G   0.04738   0.06357  0.001496    0.1124        10       416    0.9245    0.9123    0.9532      0.42   0.04316   0.03593 0.0004763
   243/299     4.17G     0.047   0.07095  0.002663    0.1206        56       416    0.8975    0.9365    0.9665    0.4457   0.04062   0.03611 0.0009231
   244/299     4.17G   0.04679   0.06136  0.001505    0.1096         1       416    0.8856    0.9274    0.9467    0.3883   0.04439   0.03634  0.001479
   245/299     4.17G    0.0463    0.0774  0.003735    0.1274        83       416    0.8944    0.9316    0.9552    0.4286   0.04133   0.03586  0.001036
   246/299     4.17G   0.04253   0.05879  0.001492    0.1028         0       416    0.8909    0.9421    0.9651    0.4381   0.04078    0.0356 0.0009304
   247/299     4.17G   0.04709   0.06312  0.001427    0.1116        11       416    0.9169    0.9232    0.9623    0.4201   0.04188   0.03601 0.0007597
   248/299     4.17G   0.04244   0.05498  0.001351   0.09877         0       416    0.9358    0.9347    0.9765     0.454   0.03995   0.03581 0.0005073
   249/299     4.17G   0.04791   0.06034  0.004533    0.1128         9       416    0.9089    0.9555    0.9668    0.4502   0.03996   0.03567 0.0006605
   250/299     4.17G   0.04636   0.06747  0.002017    0.1158        52       416    0.9048    0.9328    0.9643    0.4514   0.03993   0.03598  0.001022
   251/299     4.17G   0.04616   0.06312  0.001661    0.1109        12       416    0.9039     0.931    0.9644    0.4356   0.04021    0.0361 0.0008238
   252/299     4.17G    0.0459   0.06971  0.004301    0.1199        41       416    0.9195    0.8659    0.9521    0.4164   0.04107   0.03649  0.002486
   253/299     4.17G   0.04825   0.07275  0.001847    0.1228        62       416    0.9182    0.9008    0.9556    0.4154   0.04166    0.0364 0.0009319
   254/299     4.17G   0.04791   0.07259  0.002008    0.1225        50       416     0.931    0.9207    0.9698    0.4533   0.03952   0.03558  0.000679
   255/299     4.17G   0.04221   0.05765  0.001565    0.1014         0       416    0.9563    0.8973    0.9611    0.4468   0.04045   0.03544 0.0006731
   256/299     4.17G   0.04849   0.05906  0.001607    0.1092         2       416    0.9335    0.9128    0.9679    0.4358   0.04102   0.03557 0.0006106
   257/299     4.17G   0.04566   0.05726  0.002027    0.1049         3       416    0.9017    0.9467    0.9622    0.4419   0.04079   0.03582 0.0005912
   258/299     4.17G   0.04545   0.05978  0.001281    0.1065         3       416    0.8766    0.9097    0.9461    0.4485   0.03977   0.03561  0.003111
   259/299     4.17G   0.04702   0.06609  0.003579    0.1167        39       416    0.8923    0.9046    0.9522    0.4254   0.04102   0.03614  0.002123
   260/299     4.17G   0.04441   0.05843  0.005328    0.1082        13       416    0.9124     0.913    0.9659    0.4465   0.04005   0.03563  0.001647
   261/299     4.17G    0.0461   0.06772  0.007691    0.1215        24       416    0.9231    0.9272    0.9706    0.4431   0.04018   0.03539 0.0007608
   262/299     4.17G   0.04347   0.05848  0.001624    0.1036         7       416    0.9065    0.9466    0.9715    0.4348   0.04106   0.03584   0.00046
   263/299     4.17G    0.0476   0.07246  0.006304    0.1264        68       416    0.9133    0.9437    0.9673    0.4396   0.04106   0.03583 0.0004816
   264/299     4.17G   0.04653   0.06726  0.002188     0.116        23       416    0.9158    0.9279     0.964    0.4498   0.03961   0.03594 0.0005237
   265/299     4.17G   0.04932   0.07955   0.00315     0.132        67       416    0.9208    0.9177    0.9547    0.4287   0.04064   0.03638 0.0004714
   266/299     4.17G   0.04755   0.08169  0.001638    0.1309        84       416    0.9048    0.9318    0.9636    0.4429   0.03981   0.03563 0.0007482
   267/299     4.17G   0.04699   0.07133  0.001869    0.1202        47       416    0.9138    0.9131    0.9677    0.4589   0.03994   0.03521  0.001842
   268/299     4.17G   0.04881   0.05971  0.001304    0.1098         2       416    0.9003    0.9545    0.9742    0.4638   0.03982   0.03562 0.0006386
   269/299     4.17G   0.04524   0.06492  0.002465    0.1126        30       416    0.8974     0.932    0.9657    0.4471   0.04056   0.03594 0.0008371
   270/299     4.17G   0.04662   0.06218  0.001816    0.1106         7       416    0.9113    0.9308    0.9704    0.4369   0.04069   0.03572  0.001014
   271/299     4.17G   0.04546   0.06094  0.005153    0.1116         5       416    0.9045    0.9406    0.9701     0.443   0.04057   0.03567 0.0007213
   272/299     4.17G    0.0452   0.05898  0.001354    0.1055         1       416    0.9012    0.9276    0.9587    0.4281   0.04135   0.03575 0.0009996
   273/299     4.17G   0.04515   0.05665  0.001395    0.1032         4       416    0.8893    0.9376    0.9487     0.395   0.04296   0.03637 0.0009974
   274/299     4.17G   0.04538   0.05894  0.001411    0.1057         6       416    0.9449    0.8998    0.9667    0.4512   0.04003   0.03573 0.0005979
   275/299     4.17G   0.04245   0.05435  0.001813   0.09861         0       416    0.9154    0.9335    0.9673    0.4469   0.04049   0.03589 0.0006238
   276/299     4.17G   0.04606   0.06216  0.001183    0.1094         6       416    0.9267    0.9353    0.9674    0.4401   0.04138   0.03625 0.0004949
   277/299     4.17G   0.04574   0.05993  0.001317     0.107        14       416    0.9114    0.9328    0.9608    0.3995   0.04391    0.0363  0.000491
   278/299     4.17G   0.04685   0.06146  0.001693      0.11        19       416    0.8752    0.9552    0.9531    0.4063   0.04245   0.03617 0.0004444
   279/299     4.17G   0.04435   0.05594  0.001551    0.1018         1       416    0.9291    0.9247    0.9685    0.4331   0.04085   0.03598 0.0005143
   280/299     4.17G    0.0473   0.06071  0.001305    0.1093        36       416    0.9158    0.9252    0.9672    0.4393   0.04098   0.03594 0.0009705
   281/299     4.17G   0.04569   0.06567  0.001299    0.1127        23       416    0.9048    0.9439    0.9654    0.4217   0.04168   0.03643 0.0006841
   282/299     4.17G   0.04647   0.06006  0.005353    0.1119         7       416    0.9421    0.9087    0.9663    0.4467   0.03998   0.03575 0.0004958
   283/299     4.17G   0.04517   0.06943  0.001939    0.1165        45       416    0.8898    0.9483    0.9605    0.4427    0.0403   0.03574 0.0008514
   284/299     4.17G   0.04425   0.06029  0.001648    0.1062        13       416    0.9327    0.9109    0.9615    0.4304   0.04064   0.03594 0.0007682
   285/299     4.17G   0.04411   0.05467  0.001208   0.09999         1       416    0.9141     0.916     0.949    0.4075    0.0421   0.03642 0.0006605
   286/299     4.17G   0.04659   0.05934 0.0009912    0.1069         2       416     0.951    0.9032    0.9663    0.4158   0.04207   0.03628  0.000389
   287/299     4.17G   0.04509   0.05985  0.001098     0.106         8       416    0.9259     0.932     0.969    0.4475   0.04023   0.03583 0.0003404
   288/299     4.17G   0.04452   0.05802  0.002713    0.1053         5       416    0.9169    0.9243    0.9661    0.4506   0.04018    0.0359 0.0004232
   289/299     4.17G   0.04597   0.05798  0.001934    0.1059         8       416    0.8997    0.9363    0.9631    0.4447   0.04048   0.03618 0.0003004
   290/299     4.17G   0.04533   0.05947  0.001425    0.1062         7       416     0.911    0.9291    0.9691    0.4404   0.04052   0.03634 0.0003698
   291/299     4.17G   0.04642   0.05805  0.001416    0.1059         7       416    0.9378    0.9127    0.9709    0.4469    0.0404   0.03639 0.0004356
   292/299     4.17G    0.0448   0.05638  0.002937    0.1041         2       416    0.9249     0.927    0.9701    0.4419   0.04068   0.03605 0.0006637
   293/299     4.17G   0.04685   0.07958   0.00164    0.1281       122       416    0.9386    0.8977    0.9656    0.4352   0.04086   0.03617 0.0007261
   294/299     4.17G   0.04596   0.06105  0.001555    0.1086        18       416    0.9406    0.8914    0.9621    0.4415   0.04097   0.03617  0.001159
   295/299     4.17G   0.04674   0.06574  0.001772    0.1143        24       416    0.9402    0.9003    0.9612     0.437   0.04092   0.03626  0.000685
   296/299     4.17G   0.04518    0.0604  0.001341    0.1069        11       416     0.939    0.9082    0.9712    0.4312   0.04167   0.03604 0.0006355
   297/299     4.17G   0.04614   0.06366  0.002289    0.1121        19       416    0.8995    0.9622    0.9759    0.4449   0.04064   0.03564 0.0006535
   298/299     4.17G   0.04535   0.06098  0.001315    0.1076        20       416    0.8907    0.9451    0.9633    0.4243   0.04116   0.03585 0.0006002
   299/299     4.17G   0.04619   0.06339   0.00371    0.1133        36       416    0.8813    0.9521    0.9663    0.4398   0.04031   0.03564  0.001192
