0 0.9855769230769231 0.15985576923076922 0.02403846153846154 0.036057692307692304
0 0.13942307692307693 0.35096153846153844 0.055288461538461536 0.028846153846153848
0 0.15745192307692307 0.5012019230769231 0.055288461538461536 0.028846153846153848
0 0.15865384615384615 0.5180288461538461 0.055288461538461536 0.026442307692307692
0 0.19951923076923078 0.4110576923076923 0.0625 0.040865384615384616
0 0.21754807692307693 0.38461538461538464 0.05048076923076923 0.03125
0 0.21995192307692307 0.49158653846153844 0.0673076923076923 0.03365384615384615
0 0.25721153846153844 0.28725961538461536 0.052884615384615384 0.036057692307692304
0 0.23076923076923078 0.5204326923076923 0.055288461538461536 0.03365384615384615
0 0.3473557692307692 0.3858173076923077 0.057692307692307696 0.036057692307692304
0 0.3942307692307692 0.2704326923076923 0.055288461538461536 0.036057692307692304
0 0.37259615384615385 0.4326923076923077 0.04567307692307692 0.03125
0 0.38341346153846156 0.40384615384615385 0.05048076923076923 0.036057692307692304
0 0.40384615384615385 0.43028846153846156 0.04326923076923077 0.028846153846153848
0 0.41466346153846156 0.4855769230769231 0.055288461538461536 0.03125
0 0.4375 0.38341346153846156 0.04807692307692308 0.036057692307692304
0 0.4326923076923077 0.44350961538461536 0.040865384615384616 0.028846153846153848
0 0.46875 0.2127403846153846 0.0673076923076923 0.04326923076923077
0 0.47596153846153844 0.24759615384615385 0.09134615384615384 0.055288461538461536
0 0.4699519230769231 0.36658653846153844 0.05048076923076923 0.03365384615384615
0 0.45913461538461536 0.46033653846153844 0.036057692307692304 0.028846153846153848
0 0.042067307692307696 0.49158653846153844 0.055288461538461536 0.03125
0 0.49399038461538464 0.42788461538461536 0.04326923076923077 0.03365384615384615
0 0.5504807692307693 0.09975961538461539 0.06009615384615385 0.03365384615384615
0 0.49399038461538464 0.46875 0.05048076923076923 0.03125
0 0.07451923076923077 0.31009615384615385 0.0673076923076923 0.04807692307692308
0 0.5252403846153846 0.42788461538461536 0.036057692307692304 0.02403846153846154
0 0.59375 0.1141826923076923 0.04567307692307692 0.03365384615384615
0 0.5901442307692307 0.18990384615384615 0.07211538461538461 0.04567307692307692
0 0.5997596153846154 0.1346153846153846 0.057692307692307696 0.03125
0 0.6730769230769231 0.1045673076923077 0.04567307692307692 0.028846153846153848
0 0.6826923076923077 0.19110576923076922 0.052884615384615384 0.036057692307692304
0 0.6995192307692307 0.15144230769230768 0.038461538461538464 0.02403846153846154
0 0.7067307692307693 0.11057692307692307 0.04807692307692308 0.036057692307692304
0 0.6923076923076923 0.29447115384615385 0.06971153846153846 0.04567307692307692
0 0.06971153846153846 0.4411057692307692 0.0625 0.03365384615384615
0 0.7223557692307693 0.16346153846153846 0.040865384615384616 0.03125
0 0.7536057692307693 0.17548076923076922 0.05048076923076923 0.03365384615384615
0 0.7776442307692307 0.25600961538461536 0.05048076923076923 0.03365384615384615
0 0.0889423076923077 0.37740384615384615 0.05048076923076923 0.036057692307692304
0 0.7475961538461539 0.5841346153846154 0.057692307692307696 0.036057692307692304
0 0.8125 0.2668269230769231 0.055288461538461536 0.03125
0 0.7824519230769231 0.59375 0.04567307692307692 0.03125
0 0.875 0.28725961538461536 0.0625 0.040865384615384616
0 0.8978365384615384 0.24759615384615385 0.057692307692307696 0.036057692307692304
0 0.9038461538461539 0.21394230769230768 0.06009615384615385 0.03365384615384615
0 0.8894230769230769 0.31850961538461536 0.0625 0.03365384615384615
0 0.8966346153846154 0.3629807692307692 0.04567307692307692 0.03125
0 0.9086538461538461 0.3798076923076923 0.052884615384615384 0.03125
0 0.9411057692307693 0.19110576923076922 0.05048076923076923 0.03365384615384615
0 0.9362980769230769 0.25600961538461536 0.052884615384615384 0.03125
0 0.09134615384615384 0.4651442307692308 0.04567307692307692 0.026442307692307692