0 0.3137019230769231 0.9314903846153846 0.04807692307692308 0.07692307692307693
0 0.8137019230769231 0.9362980769230769 0.04567307692307692 0.040865384615384616
0 0.18870192307692307 0.8533653846153846 0.036057692307692304 0.05048076923076923
0 0.7728365384615384 0.7319711538461539 0.04326923076923077 0.07211538461538461
0 0.8786057692307693 0.7115384615384616 0.04326923076923077 0.06971153846153846
0 0.1971153846153846 0.7728365384615384 0.04326923076923077 0.0625
0 0.4266826923076923 0.7283653846153846 0.04326923076923077 0.0673076923076923
0 0.23076923076923078 0.7247596153846154 0.04326923076923077 0.0625
0 0.38341346153846156 0.6658653846153846 0.04326923076923077 0.07451923076923077
0 0.3137019230769231 0.6694711538461539 0.038461538461538464 0.07211538461538461
0 0.265625 0.6766826923076923 0.04326923076923077 0.0673076923076923
0 0.12620192307692307 0.6622596153846154 0.040865384615384616 0.06971153846153846
0 0.7764423076923077 0.5264423076923077 0.04807692307692308 0.06971153846153846
0 0.6141826923076923 0.5324519230769231 0.040865384615384616 0.0673076923076923
0 0.734375 0.5036057692307693 0.04326923076923077 0.07211538461538461
0 0.6995192307692307 0.49158653846153844 0.052884615384615384 0.07692307692307693
0 0.49038461538461536 0.5228365384615384 0.06009615384615385 0.09375
0 0.3762019230769231 0.5348557692307693 0.040865384615384616 0.07211538461538461
0 0.22956730769230768 0.5528846153846154 0.040865384615384616 0.07451923076923077
0 0.15144230769230768 0.546875 0.057692307692307696 0.08413461538461539
0 0.24879807692307693 0.9831730769230769 0.036057692307692304 0.028846153846153848
0 0.2824519230769231 0.4543269230769231 0.0625 0.0889423076923077
0 0.7848557692307693 0.36538461538461536 0.040865384615384616 0.07451923076923077
0 0.006009615384615385 0.4254807692307692 0.01201923076923077 0.07692307692307693
0 0.6310096153846154 0.2956730769230769 0.04326923076923077 0.07211538461538461
0 0.7860576923076923 0.23317307692307693 0.04326923076923077 0.07211538461538461
0 0.8882211538461539 0.15865384615384615 0.04807692307692308 0.0673076923076923
0 0.921875 0.0673076923076923 0.036057692307692304 0.07211538461538461