0 0.052884615384615384 0.36778846153846156 0.0625 0.04807692307692308
0 0.109375 0.8641826923076923 0.055288461538461536 0.04567307692307692
0 0.2439903846153846 0.2608173076923077 0.06490384615384616 0.04807692307692308
0 0.30649038461538464 0.3329326923076923 0.07211538461538461 0.04567307692307692
0 0.2980769230769231 0.28846153846153844 0.08653846153846154 0.0625
0 0.2824519230769231 0.15264423076923078 0.07451923076923077 0.05048076923076923
0 0.5048076923076923 0.7764423076923077 0.07211538461538461 0.04567307692307692
0 0.5264423076923077 0.7367788461538461 0.07211538461538461 0.04567307692307692
0 0.47596153846153844 0.49399038461538464 0.09134615384615384 0.06971153846153846
0 0.5372596153846154 0.6971153846153846 0.06009615384615385 0.04807692307692308
0 0.453125 0.3786057692307692 0.0889423076923077 0.055288461538461536
0 0.4182692307692308 0.23798076923076922 0.055288461538461536 0.04567307692307692
0 0.41586538461538464 0.15625 0.08173076923076923 0.0625
0 0.5192307692307693 0.2764423076923077 0.06009615384615385 0.04807692307692308
0 0.6682692307692307 0.7680288461538461 0.07211538461538461 0.05048076923076923
0 0.5096153846153846 0.004807692307692308 0.07692307692307693 0.009615384615384616
0 0.8004807692307693 0.75 0.07211538461538461 0.04807692307692308
0 0.9711538461538461 0.8665865384615384 0.052884615384615384 0.04567307692307692