0 0.7355769230769231 0.9879807692307693 0.07211538461538461 0.019230769230769232
0 0.8389423076923077 0.6310096153846154 0.07211538461538461 0.04807692307692308
0 0.8112980769230769 0.6586538461538461 0.06971153846153846 0.05048076923076923
0 0.6826923076923077 0.9807692307692307 0.0673076923076923 0.03365384615384615
0 0.8533653846153846 0.9639423076923077 0.057692307692307696 0.052884615384615384
0 0.859375 0.9326923076923077 0.0625 0.04567307692307692
0 0.8774038461538461 0.8581730769230769 0.07211538461538461 0.052884615384615384
0 0.8834134615384616 0.8221153846153846 0.08413461538461539 0.06009615384615385
0 0.46033653846153844 0.9879807692307693 0.06971153846153846 0.019230769230769232
0 0.4326923076923077 0.7800480769230769 0.08653846153846154 0.06490384615384616
0 0.3713942307692308 0.6875 0.07932692307692307 0.052884615384615384
0 0.26322115384615385 0.7800480769230769 0.06971153846153846 0.05048076923076923
0 0.21634615384615385 0.7848557692307693 0.06009615384615385 0.04807692307692308
0 0.21394230769230768 0.7307692307692307 0.057692307692307696 0.04807692307692308
0 0.17908653846153846 0.7403846153846154 0.0673076923076923 0.04567307692307692
0 0.8918269230769231 0.6550480769230769 0.07932692307692307 0.052884615384615384
0 0.8762019230769231 0.6838942307692307 0.08413461538461539 0.055288461538461536