0 0.078125 0.36658653846153844 0.07451923076923077 0.038461538461538464
0 0.8846153846153846 0.5240384615384616 0.0673076923076923 0.040865384615384616
0 0.8701923076923077 0.4951923076923077 0.06490384615384616 0.036057692307692304
0 0.8497596153846154 0.5757211538461539 0.07692307692307693 0.052884615384615384
0 0.8377403846153846 0.6057692307692307 0.0625 0.04326923076923077
0 0.8521634615384616 0.24879807692307693 0.06971153846153846 0.04807692307692308
0 0.8449519230769231 0.08533653846153846 0.07692307692307693 0.040865384615384616
0 0.8064903846153846 0.3161057692307692 0.09134615384615384 0.0673076923076923
0 0.8221153846153846 0.20192307692307693 0.07211538461538461 0.04567307692307692
0 0.7668269230769231 0.43028846153846156 0.08413461538461539 0.06009615384615385
0 0.8100961538461539 0.10216346153846154 0.07211538461538461 0.040865384615384616
0 0.7596153846153846 0.12620192307692307 0.07211538461538461 0.04807692307692308
0 0.6153846153846154 0.6634615384615384 0.07692307692307693 0.04807692307692308
0 0.5853365384615384 0.7776442307692307 0.09375 0.0673076923076923
0 0.6850961538461539 0.11538461538461539 0.0673076923076923 0.04807692307692308
0 0.5420673076923077 0.08173076923076923 0.07211538461538461 0.04326923076923077
0 0.5096153846153846 0.0625 0.0673076923076923 0.040865384615384616
0 0.4639423076923077 0.18629807692307693 0.09134615384615384 0.057692307692307696
0 0.4362980769230769 0.018028846153846152 0.08413461538461539 0.036057692307692304
0 0.3449519230769231 0.3557692307692308 0.07211538461538461 0.040865384615384616
0 0.3449519230769231 0.31490384615384615 0.07211538461538461 0.04807692307692308
0 0.21634615384615385 0.5709134615384616 0.06490384615384616 0.038461538461538464
0 0.29927884615384615 0.027644230769230768 0.08413461538461539 0.055288461538461536
0 0.18990384615384615 0.5889423076923077 0.0625 0.038461538461538464
0 0.20192307692307693 0.4074519230769231 0.0673076923076923 0.038461538461538464
0 0.15865384615384615 0.6081730769230769 0.0673076923076923 0.036057692307692304
0 0.14543269230769232 0.6622596153846154 0.08173076923076923 0.04567307692307692
0 0.12620192307692307 0.7223557692307693 0.06971153846153846 0.040865384615384616
0 0.11057692307692307 0.7439903846153846 0.07692307692307693 0.040865384615384616