0 0.0733173076923077 0.38100961538461536 0.07211538461538461 0.036057692307692304
0 0.8846153846153846 0.5108173076923077 0.06490384615384616 0.038461538461538464
0 0.8701923076923077 0.48197115384615385 0.06490384615384616 0.03365384615384615
0 0.8521634615384616 0.5637019230769231 0.07692307692307693 0.052884615384615384
0 0.8413461538461539 0.59375 0.0625 0.040865384615384616
0 0.84375 0.23677884615384615 0.06971153846153846 0.04567307692307692
0 0.8293269230769231 0.0733173076923077 0.07451923076923077 0.038461538461538464
0 0.8004807692307693 0.30528846153846156 0.09134615384615384 0.06490384615384616
0 0.8112980769230769 0.19110576923076922 0.07211538461538461 0.04326923076923077
0 0.7644230769230769 0.4206730769230769 0.08173076923076923 0.057692307692307696
0 0.7956730769230769 0.09134615384615384 0.06971153846153846 0.038461538461538464
0 0.7463942307692307 0.11778846153846154 0.07211538461538461 0.04567307692307692
0 0.6213942307692307 0.6586538461538461 0.07692307692307693 0.04807692307692308
0 0.5949519230769231 0.7740384615384616 0.09375 0.06490384615384616
0 0.671875 0.109375 0.0673076923076923 0.04567307692307692
0 0.5276442307692307 0.08052884615384616 0.06971153846153846 0.040865384615384616
0 0.49399038461538464 0.0625 0.06490384615384616 0.038461538461538464
0 0.453125 0.1875 0.0889423076923077 0.055288461538461536
0 0.41947115384615385 0.018028846153846152 0.08413461538461539 0.036057692307692304
0 0.3401442307692308 0.36177884615384615 0.06971153846153846 0.038461538461538464
0 0.33774038461538464 0.31971153846153844 0.07211538461538461 0.04567307692307692
0 0.21875 0.5805288461538461 0.0625 0.036057692307692304
0 0.2824519230769231 0.03365384615384615 0.08173076923076923 0.052884615384615384
0 0.1935096153846154 0.5997596153846154 0.06009615384615385 0.036057692307692304
0 0.19831730769230768 0.4182692307692308 0.06490384615384616 0.036057692307692304
0 0.16346153846153846 0.6201923076923077 0.0673076923076923 0.03365384615384615
0 0.15144230769230768 0.6742788461538461 0.07932692307692307 0.04326923076923077
0 0.1346153846153846 0.734375 0.0673076923076923 0.038461538461538464
0 0.1201923076923077 0.7572115384615384 0.07692307692307693 0.038461538461538464
0 0.21394230769230768 0.007211538461538462 0.14423076923076922 0.014423076923076924