0 0.6875 0.8617788461538461 0.038461538461538464 0.04807692307692308
0 0.5709134615384616 0.8894230769230769 0.028846153846153848 0.04567307692307692
0 0.27283653846153844 0.9927884615384616 0.036057692307692304 0.009615384615384616
0 0.5096153846153846 0.90625 0.04807692307692308 0.0625
0 0.3581730769230769 0.9615384615384616 0.036057692307692304 0.04326923076923077
0 0.6177884615384616 0.8473557692307693 0.040865384615384616 0.052884615384615384
0 0.5745192307692307 0.8425480769230769 0.04326923076923077 0.052884615384615384
0 0.48197115384615385 0.8689903846153846 0.036057692307692304 0.04567307692307692
0 0.6069711538461539 0.8076923076923077 0.03125 0.038461538461538464
0 0.4987980769230769 0.8401442307692307 0.036057692307692304 0.04807692307692308
0 0.30288461538461536 0.9110576923076923 0.03125 0.038461538461538464
0 0.39783653846153844 0.8629807692307693 0.038461538461538464 0.04807692307692308
0 0.59375 0.7788461538461539 0.03365384615384615 0.038461538461538464
0 0.33774038461538464 0.8870192307692307 0.028846153846153848 0.04326923076923077
0 0.5588942307692307 0.7884615384615384 0.03125 0.040865384615384616
0 0.2848557692307692 0.8978365384615384 0.03365384615384615 0.04807692307692308
0 0.45072115384615385 0.8233173076923077 0.03125 0.040865384615384616
0 0.6502403846153846 0.7307692307692307 0.06971153846153846 0.09375
0 0.4651442307692308 0.7860576923076923 0.03365384615384615 0.04326923076923077
0 0.2548076923076923 0.8713942307692307 0.036057692307692304 0.052884615384615384
0 0.17908653846153846 0.8774038461538461 0.03365384615384615 0.04567307692307692
0 0.2956730769230769 0.8233173076923077 0.028846153846153848 0.040865384615384616
0 0.2283653846153846 0.8509615384615384 0.028846153846153848 0.040865384615384616
0 0.4098557692307692 0.7716346153846154 0.028846153846153848 0.04326923076923077
0 0.28365384615384615 0.8245192307692307 0.026442307692307692 0.036057692307692304
0 0.26322115384615385 0.8329326923076923 0.03365384615384615 0.04326923076923077
0 0.30408653846153844 0.8100961538461539 0.028846153846153848 0.040865384615384616
0 0.27163461538461536 0.8233173076923077 0.028846153846153848 0.040865384615384616
0 0.19591346153846154 0.8533653846153846 0.036057692307692304 0.04326923076923077
0 0.41947115384615385 0.7548076923076923 0.03365384615384615 0.04326923076923077
0 0.31490384615384615 0.7956730769230769 0.026442307692307692 0.036057692307692304
0 0.20432692307692307 0.8293269230769231 0.026442307692307692 0.036057692307692304
0 0.24519230769230768 0.7980769230769231 0.04567307692307692 0.06009615384615385
0 0.1875 0.8076923076923077 0.03365384615384615 0.04567307692307692
0 0.11658653846153846 0.8257211538461539 0.036057692307692304 0.04326923076923077
0 0.3629807692307692 0.7139423076923077 0.036057692307692304 0.04326923076923077
0 0.24158653846153846 0.75 0.028846153846153848 0.04326923076923077
0 0.5132211538461539 0.6346153846153846 0.04567307692307692 0.0625
0 0.36899038461538464 0.6899038461538461 0.036057692307692304 0.040865384615384616
0 0.34375 0.6947115384615384 0.036057692307692304 0.04326923076923077
0 0.24519230769230768 0.7259615384615384 0.028846153846153848 0.04326923076923077
0 0.35336538461538464 0.6706730769230769 0.028846153846153848 0.036057692307692304
0 0.7379807692307693 0.8978365384615384 0.057692307692307696 0.07451923076923077
0 0.5336538461538461 0.5853365384615384 0.04807692307692308 0.06009615384615385
0 0.43149038461538464 0.6141826923076923 0.040865384615384616 0.052884615384615384
0 0.3004807692307692 0.6586538461538461 0.038461538461538464 0.04807692307692308
0 0.40384615384615385 0.59375 0.038461538461538464 0.04807692307692308
0 0.3173076923076923 0.6237980769230769 0.038461538461538464 0.04807692307692308
0 0.23557692307692307 0.6382211538461539 0.03365384615384615 0.04807692307692308
0 0.13581730769230768 0.671875 0.036057692307692304 0.04326923076923077
0 0.5685096153846154 0.9591346153846154 0.026442307692307692 0.036057692307692304
0 0.046875 0.6899038461538461 0.036057692307692304 0.0625
0 0.054086538461538464 0.6742788461538461 0.038461538461538464 0.04807692307692308
0 0.23677884615384615 0.578125 0.038461538461538464 0.04807692307692308
0 0.11298076923076923 0.6310096153846154 0.038461538461538464 0.052884615384615384
0 0.25841346153846156 0.5661057692307693 0.036057692307692304 0.05048076923076923
0 0.18870192307692307 0.5889423076923077 0.03125 0.036057692307692304
0 0.17427884615384615 0.5661057692307693 0.036057692307692304 0.040865384615384616
0 0.27163461538461536 0.5120192307692307 0.040865384615384616 0.04326923076923077
0 0.23557692307692307 0.5204326923076923 0.02403846153846154 0.028846153846153848
0 0.20793269230769232 0.5120192307692307 0.021634615384615384 0.028846153846153848
0 0.23076923076923078 0.5 0.03365384615384615 0.036057692307692304
0 0.20552884615384615 0.4879807692307692 0.03125 0.038461538461538464
0 0.13942307692307693 0.5072115384615384 0.036057692307692304 0.04326923076923077
0 0.6418269230769231 0.9110576923076923 0.05048076923076923 0.06971153846153846
0 0.22355769230769232 0.45072115384615385 0.036057692307692304 0.04326923076923077
0 0.1935096153846154 0.42788461538461536 0.038461538461538464 0.055288461538461536
0 0.09495192307692307 0.4675480769230769 0.038461538461538464 0.04807692307692308
0 0.14783653846153846 0.4387019230769231 0.040865384615384616 0.052884615384615384
0 0.6814903846153846 0.890625 0.04807692307692308 0.06009615384615385
0 0.21754807692307693 0.40024038461538464 0.03365384615384615 0.04567307692307692
0 0.6117788461538461 0.9182692307692307 0.04567307692307692 0.055288461538461536
0 0.19471153846153846 0.3954326923076923 0.036057692307692304 0.04326923076923077
0 0.10576923076923077 0.39903846153846156 0.038461538461538464 0.04807692307692308
0 0.5709134615384616 0.9266826923076923 0.026442307692307692 0.036057692307692304
0 0.12139423076923077 0.2920673076923077 0.036057692307692304 0.05048076923076923
0 0.140625 0.27163461538461536 0.036057692307692304 0.04326923076923077
0 0.07572115384615384 0.296875 0.03365384615384615 0.04326923076923077
0 0.040865384615384616 0.30649038461538464 0.03365384615384615 0.04567307692307692
0 0.018028846153846152 0.29447115384615385 0.036057692307692304 0.055288461538461536
0 0.0625 0.2668269230769231 0.038461538461538464 0.04807692307692308