0 0.6394230769230769 0.055288461538461536 0.04567307692307692 0.0625
0 0.14182692307692307 0.10336538461538461 0.04567307692307692 0.055288461538461536
0 0.7439903846153846 0.24759615384615385 0.04807692307692308 0.06490384615384616
0 0.6706730769230769 0.31009615384615385 0.04567307692307692 0.07211538461538461
0 0.7151442307692307 0.3016826923076923 0.0625 0.08653846153846154
0 0.8509615384615384 0.28846153846153844 0.05048076923076923 0.07451923076923077
0 0.22355769230769232 0.5 0.04567307692307692 0.07211538461538461
0 0.26322115384615385 0.5228365384615384 0.04567307692307692 0.07211538461538461
0 0.6947115384615384 0.007211538461538462 0.04326923076923077 0.014423076923076924
0 0.5060096153846154 0.47596153846153844 0.0673076923076923 0.09134615384615384
0 0.30288461538461536 0.5336538461538461 0.04807692307692308 0.06009615384615385
0 0.6225961538461539 0.4543269230769231 0.052884615384615384 0.08653846153846154
0 0.7632211538461539 0.4230769230769231 0.04567307692307692 0.055288461538461536
0 0.8449519230769231 0.421875 0.06009615384615385 0.08173076923076923
0 0.7223557692307693 0.5240384615384616 0.04567307692307692 0.06009615384615385
0 0.22956730769230768 0.6634615384615384 0.05048076923076923 0.07211538461538461
0 0.24519230769230768 0.7956730769230769 0.04807692307692308 0.06971153846153846
0 0.12620192307692307 0.96875 0.04567307692307692 0.057692307692307696