0 0.8882211538461539 0.10336538461538461 0.04567307692307692 0.06971153846153846
0 0.5108173076923077 0.13822115384615385 0.04326923076923077 0.06971153846153846
0 0.5372596153846154 0.14182692307692307 0.040865384615384616 0.07451923076923077
0 0.8894230769230769 0.1502403846153846 0.040865384615384616 0.07451923076923077
0 0.7692307692307693 0.01201923076923077 0.028846153846153848 0.02403846153846154
0 0.7980769230769231 0.010817307692307692 0.038461538461538464 0.021634615384615384
0 0.6947115384615384 0.025240384615384616 0.03365384615384615 0.05048076923076923
0 0.9699519230769231 0.28365384615384615 0.03125 0.07932692307692307
0 0.6706730769230769 0.03365384615384615 0.038461538461538464 0.0673076923076923
0 0.9795673076923077 0.36899038461538464 0.026442307692307692 0.07451923076923077
0 0.7860576923076923 0.4675480769230769 0.04326923076923077 0.07932692307692307
0 0.7259615384615384 0.5528846153846154 0.04807692307692308 0.08173076923076923
0 0.8533653846153846 0.6310096153846154 0.04807692307692308 0.11298076923076923
0 0.5048076923076923 0.078125 0.038461538461538464 0.0673076923076923
0 0.5372596153846154 0.08653846153846154 0.03125 0.08173076923076923