0 0.8737980769230769 0.3954326923076923 0.06009615384615385 0.06009615384615385
0 0.5480769230769231 0.2980769230769231 0.0673076923076923 0.0625
0 0.9362980769230769 0.4387019230769231 0.0673076923076923 0.0625
0 0.5420673076923077 0.46153846153846156 0.06009615384615385 0.06009615384615385
0 0.6418269230769231 0.5264423076923077 0.0625 0.0625
0 0.7367788461538461 0.5685096153846154 0.06490384615384616 0.0673076923076923
0 0.4567307692307692 0.5444711538461539 0.06009615384615385 0.055288461538461536
0 0.7415865384615384 0.6490384615384616 0.07211538461538461 0.06971153846153846
0 0.49158653846153844 0.6334134615384616 0.06009615384615385 0.0625
0 0.3605769230769231 0.5901442307692307 0.06009615384615385 0.06009615384615385
0 0.3701923076923077 0.6550480769230769 0.0625 0.06971153846153846
0 0.7728365384615384 0.8641826923076923 0.0625 0.0673076923076923