0 0.7788461538461539 0.3798076923076923 0.06490384615384616 0.055288461538461536
0 0.84375 0.5709134615384616 0.07451923076923077 0.0673076923076923
0 0.5901442307692307 0.0829326923076923 0.07692307692307693 0.06971153846153846
0 0.8533653846153846 0.7079326923076923 0.08173076923076923 0.07211538461538461
0 0.7043269230769231 0.38822115384615385 0.0673076923076923 0.06490384615384616
0 0.7692307692307693 0.5805288461538461 0.07932692307692307 0.0673076923076923
0 0.9879807692307693 0.5204326923076923 0.019230769230769232 0.06490384615384616
0 0.5528846153846154 0.16346153846153846 0.06009615384615385 0.055288461538461536
0 0.7596153846153846 0.7307692307692307 0.07932692307692307 0.07211538461538461
0 0.5120192307692307 0.24759615384615385 0.05048076923076923 0.05048076923076923
0 0.46153846153846156 0.2283653846153846 0.06971153846153846 0.057692307692307696
0 0.36177884615384615 0.038461538461538464 0.07451923076923077 0.0625
0 0.4807692307692308 0.31490384615384615 0.0673076923076923 0.057692307692307696
0 0.6826923076923077 0.7932692307692307 0.06971153846153846 0.0625
0 0.5588942307692307 0.5168269230769231 0.0673076923076923 0.0673076923076923
0 0.48677884615384615 0.3557692307692308 0.06490384615384616 0.055288461538461536
0 0.39302884615384615 0.15264423076923078 0.0673076923076923 0.052884615384615384
0 0.328125 0.055288461538461536 0.07211538461538461 0.0673076923076923
0 0.5997596153846154 0.7079326923076923 0.06009615384615385 0.055288461538461536
0 0.3401442307692308 0.11177884615384616 0.07211538461538461 0.0625
0 0.5721153846153846 0.6598557692307693 0.06490384615384616 0.055288461538461536
0 0.6514423076923077 0.8918269230769231 0.06971153846153846 0.0625
0 0.5420673076923077 0.6418269230769231 0.06971153846153846 0.0625
0 0.3389423076923077 0.17908653846153846 0.0673076923076923 0.055288461538461536
0 0.5637019230769231 0.7259615384615384 0.052884615384615384 0.05048076923076923
0 0.5841346153846154 0.7764423076923077 0.052884615384615384 0.04807692307692308
0 0.5588942307692307 0.8076923076923077 0.0625 0.055288461538461536
0 0.2800480769230769 0.15384615384615385 0.057692307692307696 0.052884615384615384
0 0.3762019230769231 0.38341346153846156 0.07451923076923077 0.06490384615384616
0 0.3485576923076923 0.3401442307692308 0.06971153846153846 0.057692307692307696
0 0.28725961538461536 0.20673076923076922 0.0625 0.057692307692307696
0 0.5072115384615384 0.7536057692307693 0.055288461538461536 0.055288461538461536
0 0.5144230769230769 0.7944711538461539 0.05048076923076923 0.052884615384615384
0 0.25240384615384615 0.18389423076923078 0.057692307692307696 0.05048076923076923
0 0.29086538461538464 0.2764423076923077 0.055288461538461536 0.052884615384615384
0 0.35697115384615385 0.44471153846153844 0.057692307692307696 0.052884615384615384
0 0.41466346153846156 0.6165865384615384 0.06971153846153846 0.0625
0 0.33052884615384615 0.4411057692307692 0.05048076923076923 0.04807692307692308
0 0.2608173076923077 0.296875 0.04807692307692308 0.04567307692307692
0 0.234375 0.2608173076923077 0.06490384615384616 0.055288461538461536
0 0.36778846153846156 0.6490384615384616 0.06971153846153846 0.0625
0 0.9855769230769231 0.5901442307692307 0.02403846153846154 0.06009615384615385
0 0.7512019230769231 0.01201923076923077 0.06971153846153846 0.02403846153846154
0 0.15264423076923078 0.23076923076923078 0.06490384615384616 0.057692307692307696
0 0.09014423076923077 0.16826923076923078 0.06971153846153846 0.06009615384615385
0 0.27884615384615385 0.6682692307692307 0.07211538461538461 0.0673076923076923
0 0.15264423076923078 0.4206730769230769 0.06490384615384616 0.06009615384615385
0 0.3329326923076923 0.9375 0.0673076923076923 0.06009615384615385
0 0.11177884615384616 0.4182692307692308 0.06009615384615385 0.055288461538461536
0 0.22716346153846154 0.7007211538461539 0.07451923076923077 0.06971153846153846
0 0.8401442307692307 0.23798076923076922 0.0673076923076923 0.0625
0 0.3293269230769231 0.9711538461538461 0.06009615384615385 0.055288461538461536
0 0.019230769230769232 0.21033653846153846 0.038461538461538464 0.06009615384615385
0 0.14543269230769232 0.5552884615384616 0.06009615384615385 0.055288461538461536
0 0.25841346153846156 0.8245192307692307 0.08173076923076923 0.07211538461538461
0 0.030048076923076924 0.3088942307692308 0.06009615384615385 0.06009615384615385
0 0.29086538461538464 0.9783653846153846 0.057692307692307696 0.038461538461538464
0 0.036057692307692304 0.3858173076923077 0.06490384615384616 0.052884615384615384
0 0.17427884615384615 0.7596153846153846 0.0673076923076923 0.052884615384615384
0 0.0829326923076923 0.5576923076923077 0.06971153846153846 0.06490384615384616
0 0.14903846153846154 0.7223557692307693 0.07692307692307693 0.057692307692307696
0 0.22355769230769232 0.9543269230769231 0.0673076923076923 0.057692307692307696
0 0.7163461538461539 0.014423076923076924 0.0673076923076923 0.028846153846153848
0 0.8689903846153846 0.3786057692307692 0.0673076923076923 0.055288461538461536
0 0.7752403846153846 0.17307692307692307 0.06971153846153846 0.06490384615384616
0 0.7992788461538461 0.2644230769230769 0.0625 0.06009615384615385
0 0.8149038461538461 0.31490384615384615 0.057692307692307696 0.05048076923076923
0 0.8449519230769231 0.44591346153846156 0.0673076923076923 0.055288461538461536
0 0.6778846153846154 0.1141826923076923 0.07692307692307693 0.06971153846153846
0 0.7235576923076923 0.22235576923076922 0.07211538461538461 0.06009615384615385