1 0.3016826923076923 0.09615384615384616 0.057692307692307696 0.0673076923076923
1 0.7668269230769231 0.34975961538461536 0.06009615384615385 0.06971153846153846
1 0.9038461538461539 0.41466346153846156 0.07451923076923077 0.07211538461538461
1 0.15384615384615385 0.10817307692307693 0.06971153846153846 0.07932692307692307
1 0.8665865384615384 0.484375 0.057692307692307696 0.0673076923076923
1 0.36658653846153844 0.2776442307692308 0.07692307692307693 0.09134615384615384
1 0.5360576923076923 0.3894230769230769 0.07211538461538461 0.08413461538461539
1 0.625 0.051682692307692304 0.057692307692307696 0.06490384615384616
1 0.19230769230769232 0.2800480769230769 0.06971153846153846 0.08413461538461539
1 0.1466346153846154 0.28725961538461536 0.06490384615384616 0.06490384615384616
1 0.8257211538461539 0.5913461538461539 0.07211538461538461 0.07932692307692307
1 0.5360576923076923 0.48197115384615385 0.07211538461538461 0.08173076923076923
1 0.3401442307692308 0.4807692307692308 0.0673076923076923 0.07932692307692307
1 0.28846153846153844 0.47475961538461536 0.06009615384615385 0.06490384615384616
1 0.6983173076923077 0.6947115384615384 0.0673076923076923 0.07211538461538461
1 0.14903846153846154 0.49038461538461536 0.0625 0.06971153846153846
1 0.22716346153846154 0.5396634615384616 0.06490384615384616 0.07211538461538461
1 0.06370192307692307 0.5288461538461539 0.07692307692307693 0.07932692307692307
1 0.01201923076923077 0.5444711538461539 0.02403846153846154 0.07451923076923077
1 0.4543269230769231 0.7800480769230769 0.0625 0.07451923076923077
1 0.47716346153846156 0.8293269230769231 0.057692307692307696 0.06490384615384616
1 0.6658653846153846 0.9350961538461539 0.055288461538461536 0.06490384615384616
1 0.6911057692307693 0.9699519230769231 0.04326923076923077 0.05048076923076923
1 0.44350961538461536 0.8798076923076923 0.07211538461538461 0.07692307692307693
1 0.6682692307692307 0.9891826923076923 0.057692307692307696 0.016826923076923076
1 0.6165865384615384 0.9867788461538461 0.05048076923076923 0.021634615384615384
1 0.07451923076923077 0.8161057692307693 0.06971153846153846 0.07932692307692307
1 0.01201923076923077 0.7920673076923077 0.02403846153846154 0.06490384615384616
1 0.2439903846153846 0.013221153846153846 0.0889423076923077 0.026442307692307692
1 0.44471153846153844 0.08413461538461539 0.055288461538461536 0.0673076923076923
1 0.4807692307692308 0.10576923076923077 0.04807692307692308 0.052884615384615384
1 0.7055288461538461 0.21394230769230768 0.057692307692307696 0.06009615384615385
1 0.8557692307692307 0.28966346153846156 0.0625 0.0673076923076923
1 0.3401442307692308 0.07932692307692307 0.05048076923076923 0.057692307692307696