1 0.3557692307692308 0.9278846153846154 0.07692307692307693 0.06009615384615385
1 0.203125 0.4182692307692308 0.06490384615384616 0.0625
1 0.15865384615384615 0.27283653846153844 0.08413461538461539 0.08173076923076923
1 0.08413461538461539 0.7283653846153846 0.07211538461538461 0.06490384615384616
1 0.234375 0.25 0.07932692307692307 0.06971153846153846
1 0.43028846153846156 0.7584134615384616 0.08173076923076923 0.0673076923076923
1 0.40024038461538464 0.5516826923076923 0.07692307692307693 0.07211538461538461
1 0.5576923076923077 0.875 0.07692307692307693 0.06009615384615385
1 0.6009615384615384 0.9014423076923077 0.0673076923076923 0.0625
1 0.3401442307692308 0.1971153846153846 0.09375 0.08653846153846154
1 0.45552884615384615 0.49038461538461536 0.07451923076923077 0.0673076923076923
1 0.6009615384615384 0.6189903846153846 0.06971153846153846 0.06009615384615385
1 0.6358173076923077 0.6634615384615384 0.07692307692307693 0.06009615384615385
1 0.4951923076923077 0.21754807692307693 0.09375 0.0889423076923077
1 0.7415865384615384 0.7512019230769231 0.07932692307692307 0.06971153846153846
1 0.5997596153846154 0.38100961538461536 0.057692307692307696 0.06009615384615385
1 0.6814903846153846 0.5889423076923077 0.05048076923076923 0.04326923076923077
1 0.6754807692307693 0.5649038461538461 0.057692307692307696 0.04567307692307692
1 0.7211538461538461 0.6730769230769231 0.07451923076923077 0.0673076923076923
1 0.625 0.35336538461538464 0.06971153846153846 0.06009615384615385
1 0.8317307692307693 0.7920673076923077 0.0673076923076923 0.06490384615384616
1 0.8978365384615384 0.8293269230769231 0.07932692307692307 0.06490384615384616
1 0.7283653846153846 0.33653846153846156 0.06009615384615385 0.055288461538461536
1 0.7427884615384616 0.28125 0.06971153846153846 0.06490384615384616
1 0.9675480769230769 0.8137019230769231 0.06009615384615385 0.06490384615384616
1 0.6947115384615384 0.07211538461538461 0.0673076923076923 0.06490384615384616
1 0.6971153846153846 0.030048076923076924 0.0673076923076923 0.06009615384615385
1 0.8064903846153846 0.27163461538461536 0.0673076923076923 0.06009615384615385
1 0.7475961538461539 0.02283653846153846 0.0625 0.04567307692307692
1 0.7764423076923077 0.0625 0.0625 0.0625
1 0.24519230769230768 0.8305288461538461 0.06490384615384616 0.052884615384615384
1 0.23677884615384615 0.7908653846153846 0.0673076923076923 0.06009615384615385
1 0.0985576923076923 0.40625 0.0625 0.05048076923076923
1 0.15504807692307693 0.5516826923076923 0.07211538461538461 0.057692307692307696
1 0.31971153846153844 0.9050480769230769 0.07451923076923077 0.0673076923076923