0 0.3317307692307692 0.8052884615384616 0.04326923076923077 0.04807692307692308
0 0.8725961538461539 0.7127403846153846 0.05048076923076923 0.038461538461538464
0 0.20192307692307693 0.7800480769230769 0.05048076923076923 0.06490384615384616
0 0.546875 0.7283653846153846 0.04326923076923077 0.052884615384615384
0 0.9891826923076923 0.6790865384615384 0.016826923076923076 0.055288461538461536
0 0.34134615384615385 0.7319711538461539 0.04807692307692308 0.06490384615384616
0 0.8076923076923077 0.6490384615384616 0.04326923076923077 0.0625
0 0.3317307692307692 0.9783653846153846 0.04807692307692308 0.038461538461538464
0 0.20673076923076922 0.6814903846153846 0.055288461538461536 0.055288461538461536
0 0.7367788461538461 0.5853365384615384 0.038461538461538464 0.05048076923076923
0 0.5576923076923077 0.6009615384615384 0.04326923076923077 0.04326923076923077
0 0.7716346153846154 0.5444711538461539 0.04326923076923077 0.04326923076923077
0 0.9807692307692307 0.5060096153846154 0.03365384615384615 0.055288461538461536
0 0.6814903846153846 0.5336538461538461 0.03365384615384615 0.05048076923076923
0 0.16826923076923078 0.5841346153846154 0.055288461538461536 0.057692307692307696
0 0.46274038461538464 0.5480769230769231 0.052884615384615384 0.055288461538461536
0 0.6418269230769231 0.5276442307692307 0.038461538461538464 0.04326923076923077
0 0.8641826923076923 0.5 0.040865384615384616 0.052884615384615384
0 0.9723557692307693 0.4651442307692308 0.04807692307692308 0.04807692307692308
0 0.27283653846153844 0.5360576923076923 0.04326923076923077 0.052884615384615384
0 0.3233173076923077 0.5168269230769231 0.04567307692307692 0.052884615384615384
0 0.9158653846153846 0.453125 0.040865384615384616 0.07211538461538461
0 0.078125 0.53125 0.04807692307692308 0.04807692307692308
0 0.35096153846153844 0.4963942307692308 0.038461538461538464 0.05048076923076923
0 0.21514423076923078 0.5012019230769231 0.03365384615384615 0.04567307692307692
0 0.2644230769230769 0.49399038461538464 0.040865384615384616 0.05048076923076923
0 0.19110576923076922 0.4675480769230769 0.04807692307692308 0.04326923076923077
0 0.6490384615384616 0.41586538461538464 0.04326923076923077 0.052884615384615384
0 0.890625 0.38461538461538464 0.040865384615384616 0.052884615384615384
0 0.6947115384615384 0.40384615384615385 0.038461538461538464 0.057692307692307696
0 0.8401442307692307 0.38341346153846156 0.03365384615384615 0.057692307692307696
0 0.25600961538461536 0.4266826923076923 0.04326923076923077 0.04807692307692308
0 0.7728365384615384 0.36538461538461536 0.04567307692307692 0.052884615384615384
0 0.21033653846153846 0.421875 0.038461538461538464 0.04807692307692308
0 0.5913461538461539 0.3798076923076923 0.03365384615384615 0.055288461538461536
0 0.4098557692307692 0.38341346153846156 0.038461538461538464 0.05048076923076923
0 0.6081730769230769 0.3557692307692308 0.040865384615384616 0.040865384615384616
0 0.765625 0.328125 0.038461538461538464 0.057692307692307696
0 0.8040865384615384 0.3112980769230769 0.038461538461538464 0.06009615384615385
0 0.7223557692307693 0.3125 0.04326923076923077 0.0625
0 0.2644230769230769 0.9603365384615384 0.04567307692307692 0.0625
0 0.9134615384615384 0.8918269230769231 0.03365384615384615 0.040865384615384616
0 0.39783653846153844 0.3317307692307692 0.04326923076923077 0.055288461538461536
0 0.8641826923076923 0.24759615384615385 0.04326923076923077 0.052884615384615384
0 0.9387019230769231 0.20793269230769232 0.04326923076923077 0.052884615384615384
0 0.40384615384615385 0.23557692307692307 0.04567307692307692 0.052884615384615384
0 0.8725961538461539 0.17908653846153846 0.03365384615384615 0.06009615384615385
0 0.6778846153846154 0.1875 0.038461538461538464 0.04567307692307692
0 0.6959134615384616 0.15745192307692307 0.038461538461538464 0.04567307692307692
0 0.38822115384615385 0.18269230769230768 0.038461538461538464 0.05048076923076923
0 0.12620192307692307 0.20793269230769232 0.04326923076923077 0.06971153846153846
0 0.09975961538461539 0.20072115384615385 0.038461538461538464 0.055288461538461536
0 0.921875 0.11298076923076923 0.040865384615384616 0.06490384615384616
0 0.25841346153846156 0.17427884615384615 0.040865384615384616 0.05048076923076923
0 0.5444711538461539 0.14182692307692307 0.038461538461538464 0.06009615384615385
0 0.6502403846153846 0.9002403846153846 0.040865384615384616 0.040865384615384616
0 0.8233173076923077 0.09735576923076923 0.038461538461538464 0.05048076923076923
0 0.09495192307692307 0.15865384615384615 0.05048076923076923 0.04807692307692308
0 0.7439903846153846 0.08533653846153846 0.038461538461538464 0.04567307692307692
0 0.8413461538461539 0.06370192307692307 0.028846153846153848 0.04567307692307692
0 0.8641826923076923 0.056490384615384616 0.038461538461538464 0.057692307692307696
0 0.34615384615384615 0.11057692307692307 0.038461538461538464 0.057692307692307696
0 0.5661057692307693 0.08533653846153846 0.040865384615384616 0.05048076923076923
0 0.390625 0.0985576923076923 0.040865384615384616 0.05048076923076923
0 0.1502403846153846 0.10336538461538461 0.04807692307692308 0.06009615384615385
0 0.6610576923076923 0.013221153846153846 0.04326923076923077 0.026442307692307692
0 0.9158653846153846 0.8533653846153846 0.03365384615384615 0.05048076923076923
0 0.5084134615384616 0.8894230769230769 0.038461538461538464 0.05048076923076923
0 0.7295673076923077 0.8617788461538461 0.04807692307692308 0.057692307692307696
0 0.6358173076923077 0.8533653846153846 0.04326923076923077 0.038461538461538464
0 0.5865384615384616 0.8545673076923077 0.04567307692307692 0.04807692307692308
0 0.453125 0.8545673076923077 0.040865384615384616 0.052884615384615384
0 0.6995192307692307 0.7932692307692307 0.040865384615384616 0.052884615384615384
0 0.8173076923076923 0.7788461538461539 0.04807692307692308 0.06009615384615385
0 0.5288461538461539 0.8040865384615384 0.04326923076923077 0.04807692307692308