0 0.8353365384615384 0.7728365384615384 0.036057692307692304 0.0673076923076923
0 0.859375 0.7608173076923077 0.036057692307692304 0.057692307692307696
0 0.5204326923076923 0.7644230769230769 0.04807692307692308 0.052884615384615384
0 0.33052884615384615 0.7728365384615384 0.05048076923076923 0.05048076923076923
0 0.578125 0.7331730769230769 0.040865384615384616 0.05048076923076923
0 0.1875 0.7451923076923077 0.04567307692307692 0.06009615384615385
0 0.3605769230769231 0.7319711538461539 0.05048076923076923 0.057692307692307696
0 0.9807692307692307 0.6862980769230769 0.03365384615384615 0.08413461538461539
0 0.7319711538461539 0.6550480769230769 0.04567307692307692 0.0673076923076923
0 0.5072115384615384 0.6177884615384616 0.040865384615384616 0.06009615384615385
0 0.16706730769230768 0.6189903846153846 0.04567307692307692 0.0673076923076923
0 0.8737980769230769 0.5793269230769231 0.040865384615384616 0.07211538461538461
0 0.9050480769230769 0.5625 0.04567307692307692 0.06490384615384616
0 0.30288461538461536 0.9639423076923077 0.04326923076923077 0.0673076923076923
0 0.4651442307692308 0.5324519230769231 0.05048076923076923 0.06971153846153846
0 0.16826923076923078 0.5444711538461539 0.040865384615384616 0.0673076923076923
0 0.5841346153846154 0.9447115384615384 0.04567307692307692 0.05048076923076923
0 0.12980769230769232 0.49158653846153844 0.05048076923076923 0.06009615384615385
0 0.04326923076923077 0.9675480769230769 0.038461538461538464 0.052884615384615384
0 0.21995192307692307 0.45913461538461536 0.05048076923076923 0.06971153846153846
0 0.026442307692307692 0.4699519230769231 0.04567307692307692 0.055288461538461536
0 0.6814903846153846 0.41586538461538464 0.036057692307692304 0.057692307692307696
0 0.65625 0.41466346153846156 0.03125 0.04567307692307692
0 0.7884615384615384 0.40625 0.04326923076923077 0.06490384615384616
0 0.9050480769230769 0.39903846153846156 0.05048076923076923 0.055288461538461536
0 0.08774038461538461 0.4375 0.04326923076923077 0.057692307692307696
0 0.020432692307692308 0.42908653846153844 0.040865384615384616 0.055288461538461536
0 0.17908653846153846 0.41586538461538464 0.04567307692307692 0.055288461538461536
0 0.27403846153846156 0.9519230769230769 0.04567307692307692 0.04567307692307692
0 0.11899038461538461 0.4074519230769231 0.04326923076923077 0.052884615384615384
0 0.5997596153846154 0.3798076923076923 0.036057692307692304 0.05048076923076923
0 0.8966346153846154 0.35216346153846156 0.04326923076923077 0.05048076923076923
0 0.7788461538461539 0.3473557692307692 0.038461538461538464 0.04567307692307692
0 0.6225961538461539 0.3485576923076923 0.036057692307692304 0.04567307692307692
0 0.421875 0.35336538461538464 0.04567307692307692 0.040865384615384616
0 0.8028846153846154 0.32091346153846156 0.036057692307692304 0.055288461538461536
0 0.7259615384615384 0.3245192307692308 0.06009615384615385 0.0625
0 0.39302884615384615 0.3161057692307692 0.04567307692307692 0.05048076923076923
0 0.8737980769230769 0.25841346153846156 0.04567307692307692 0.0625
0 0.9290865384615384 0.20673076923076922 0.055288461538461536 0.055288461538461536
0 0.40865384615384615 0.21153846153846154 0.04326923076923077 0.052884615384615384
0 0.3870192307692308 0.17427884615384615 0.03125 0.06490384615384616
0 0.9423076923076923 0.12259615384615384 0.038461538461538464 0.06971153846153846
0 0.2704326923076923 0.1466346153846154 0.05048076923076923 0.05048076923076923
0 0.11177884615384616 0.10576923076923077 0.040865384615384616 0.0673076923076923
0 0.16826923076923078 0.10216346153846154 0.04567307692307692 0.0625
0 0.025240384615384616 0.08653846153846154 0.05048076923076923 0.06490384615384616
0 0.7475961538461539 0.026442307692307692 0.04326923076923077 0.052884615384615384
0 0.6117788461538461 0.8737980769230769 0.038461538461538464 0.04567307692307692
0 0.7043269230769231 0.8557692307692307 0.040865384615384616 0.052884615384615384
0 0.49759615384615385 0.8629807692307693 0.04567307692307692 0.05048076923076923
0 0.43990384615384615 0.8449519230769231 0.04567307692307692 0.05048076923076923
0 0.9579326923076923 0.8064903846153846 0.05048076923076923 0.06971153846153846
0 0.5697115384615384 0.8257211538461539 0.038461538461538464 0.05048076923076923
0 0.6899038461538461 0.8028846153846154 0.04567307692307692 0.052884615384615384