0 0.23798076923076922 0.546875 0.0625 0.05048076923076923
0 0.21514423076923078 0.35336538461538464 0.055288461538461536 0.05048076923076923
0 0.2692307692307692 0.59375 0.055288461538461536 0.055288461538461536
0 0.25240384615384615 0.38221153846153844 0.0625 0.055288461538461536
0 0.23076923076923078 0.21033653846153846 0.08173076923076923 0.052884615384615384
0 0.3605769230769231 0.9879807692307693 0.07692307692307693 0.019230769230769232
0 0.3737980769230769 0.7391826923076923 0.06971153846153846 0.052884615384615384
0 0.3401442307692308 0.18028846153846154 0.07211538461538461 0.04567307692307692
0 0.3894230769230769 0.5144230769230769 0.0673076923076923 0.06009615384615385
0 0.45552884615384615 0.8774038461538461 0.06490384615384616 0.040865384615384616
0 0.4699519230769231 0.9110576923076923 0.04807692307692308 0.038461538461538464
0 0.46274038461538464 0.4723557692307692 0.0673076923076923 0.055288461538461536
0 0.4266826923076923 0.16947115384615385 0.0625 0.05048076923076923
0 0.06490384615384616 0.6262019230769231 0.055288461538461536 0.06490384615384616
0 0.4675480769230769 0.13341346153846154 0.0673076923076923 0.04567307692307692
0 0.010817307692307692 0.08653846153846154 0.021634615384615384 0.04326923076923077
0 0.5180288461538461 0.21875 0.0625 0.04807692307692308
0 0.6153846153846154 0.7788461538461539 0.07211538461538461 0.05048076923076923
0 0.6370192307692307 0.8930288461538461 0.052884615384615384 0.04567307692307692
0 0.5444711538461539 0.17548076923076922 0.057692307692307696 0.05048076923076923
0 0.53125 0.08653846153846154 0.04567307692307692 0.04326923076923077
0 0.5588942307692307 0.1045673076923077 0.04807692307692308 0.04326923076923077
0 0.6310096153846154 0.5889423076923077 0.04807692307692308 0.04326923076923077
0 0.6826923076923077 0.8834134615384616 0.0625 0.05048076923076923
0 0.6550480769230769 0.6069711538461539 0.052884615384615384 0.04567307692307692
0 0.6778846153846154 0.765625 0.04807692307692308 0.04326923076923077
0 0.6358173076923077 0.4098557692307692 0.0625 0.04567307692307692
0 0.703125 0.7860576923076923 0.052884615384615384 0.040865384615384616
0 0.6923076923076923 0.7103365384615384 0.0673076923076923 0.055288461538461536
0 0.6742788461538461 0.38221153846153844 0.052884615384615384 0.05048076923076923
0 0.7740384615384616 0.8521634615384616 0.0625 0.05048076923076923
0 0.8329326923076923 0.8990384615384616 0.07211538461538461 0.052884615384615384
0 0.7848557692307693 0.38221153846153844 0.04807692307692308 0.04326923076923077
0 0.8125 0.36177884615384615 0.057692307692307696 0.040865384615384616
0 0.9122596153846154 0.9110576923076923 0.07692307692307693 0.057692307692307696
0 0.8341346153846154 0.24759615384615385 0.07692307692307693 0.07211538461538461
0 0.8581730769230769 0.08173076923076923 0.09134615384615384 0.055288461538461536
0 0.8665865384615384 0.13581730769230768 0.07451923076923077 0.057692307692307696
0 0.8725961538461539 0.009615384615384616 0.0673076923076923 0.019230769230769232
0 0.9855769230769231 0.6983173076923077 0.02403846153846154 0.06009615384615385
0 0.1658653846153846 0.7355769230769231 0.06490384615384616 0.04807692307692308
0 0.14302884615384615 0.5288461538461539 0.06490384615384616 0.04807692307692308
0 0.1466346153846154 0.4735576923076923 0.06009615384615385 0.05048076923076923
0 0.17307692307692307 0.6045673076923077 0.06009615384615385 0.05048076923076923
0 0.23557692307692307 0.9771634615384616 0.07211538461538461 0.040865384615384616
0 0.20673076923076922 0.7151442307692307 0.06971153846153846 0.05048076923076923