1 0.1141826923076923 0.265625 0.04807692307692308 0.07211538461538461
1 0.7920673076923077 0.20552884615384615 0.05048076923076923 0.057692307692307696
1 0.3713942307692308 0.038461538461538464 0.04807692307692308 0.055288461538461536
1 0.640625 0.23677884615384615 0.06009615384615385 0.06490384615384616
1 0.6502403846153846 0.01201923076923077 0.04567307692307692 0.02403846153846154
1 0.21153846153846154 0.3173076923076923 0.040865384615384616 0.052884615384615384
1 0.010817307692307692 0.35216346153846156 0.021634615384615384 0.07932692307692307
1 0.24158653846153846 0.3269230769230769 0.03365384615384615 0.04567307692307692
1 0.2692307692307692 0.37259615384615385 0.040865384615384616 0.04807692307692308
1 0.7944711538461539 0.3173076923076923 0.04567307692307692 0.06490384615384616
1 0.4639423076923077 0.38461538461538464 0.055288461538461536 0.06971153846153846
1 0.12860576923076922 0.4651442307692308 0.04807692307692308 0.06490384615384616
1 0.32211538461538464 0.4543269230769231 0.038461538461538464 0.04807692307692308
1 0.35096153846153844 0.453125 0.03365384615384615 0.05048076923076923
1 0.8233173076923077 0.3942307692307692 0.052884615384615384 0.07211538461538461
1 0.08653846153846154 0.5132211538461539 0.04326923076923077 0.0673076923076923
1 0.5288461538461539 0.45913461538461536 0.052884615384615384 0.07211538461538461
1 0.35336538461538464 0.5685096153846154 0.03365384615384615 0.04567307692307692
1 0.31850961538461536 0.5889423076923077 0.05048076923076923 0.052884615384615384
1 0.8894230769230769 0.5360576923076923 0.04567307692307692 0.055288461538461536
1 0.8617788461538461 0.5456730769230769 0.04567307692307692 0.052884615384615384
1 0.6826923076923077 0.030048076923076924 0.055288461538461536 0.055288461538461536
1 0.7716346153846154 0.5697115384615384 0.06490384615384616 0.06490384615384616
1 0.5889423076923077 0.6201923076923077 0.0625 0.0625
1 0.20793269230769232 0.6850961538461539 0.052884615384615384 0.07692307692307693
1 0.1875 0.1045673076923077 0.040865384615384616 0.06490384615384616
1 0.2776442307692308 0.6790865384615384 0.06490384615384616 0.055288461538461536
1 0.3701923076923077 0.6682692307692307 0.040865384615384616 0.052884615384615384
1 0.6262019230769231 0.6670673076923077 0.05048076923076923 0.06490384615384616
1 0.6177884615384616 0.04807692307692308 0.04807692307692308 0.04326923076923077
1 0.13942307692307693 0.7596153846153846 0.057692307692307696 0.06490384615384616
1 0.078125 0.8016826923076923 0.05048076923076923 0.06009615384615385
1 0.6045673076923077 0.7524038461538461 0.04567307692307692 0.06490384615384616
1 0.6598557692307693 0.7800480769230769 0.04326923076923077 0.0625
1 0.8701923076923077 0.7716346153846154 0.057692307692307696 0.07451923076923077
1 0.09014423076923077 0.8918269230769231 0.04807692307692308 0.06971153846153846
1 0.9134615384615384 0.796875 0.040865384615384616 0.052884615384615384
1 0.14423076923076922 0.9074519230769231 0.04807692307692308 0.06971153846153846
1 0.6502403846153846 0.8425480769230769 0.06490384615384616 0.05048076923076923
1 0.17908653846153846 0.9314903846153846 0.04807692307692308 0.06009615384615385
1 0.9194711538461539 0.8497596153846154 0.03365384615384615 0.04567307692307692
1 0.8617788461538461 0.8701923076923077 0.052884615384615384 0.06971153846153846
1 0.9867788461538461 0.8533653846153846 0.021634615384615384 0.07211538461538461
1 0.6526442307692307 0.06850961538461539 0.03365384615384615 0.04567307692307692
1 0.29086538461538464 0.9747596153846154 0.052884615384615384 0.04567307692307692
1 0.21033653846153846 0.13701923076923078 0.04807692307692308 0.04807692307692308
1 0.016826923076923076 0.18389423076923078 0.03365384615384615 0.08413461538461539
1 0.23557692307692307 0.1658653846153846 0.040865384615384616 0.0625
1 0.27884615384615385 0.18269230769230768 0.040865384615384616 0.052884615384615384
1 0.6899038461538461 0.125 0.04807692307692308 0.052884615384615384
1 0.43149038461538464 0.16466346153846154 0.038461538461538464 0.06971153846153846
1 0.4014423076923077 0.17067307692307693 0.03365384615384615 0.04567307692307692
1 0.5324519230769231 0.15384615384615385 0.0625 0.0625
1 0.1502403846153846 0.21995192307692307 0.04807692307692308 0.06971153846153846