1 0.8088942307692307 0.1658653846153846 0.07211538461538461 0.040865384615384616
1 0.7295673076923077 0.8425480769230769 0.04567307692307692 0.04567307692307692
1 0.734375 0.6911057692307693 0.04567307692307692 0.05048076923076923
1 0.7415865384615384 0.03365384615384615 0.06009615384615385 0.04567307692307692
1 0.7295673076923077 0.25961538461538464 0.04807692307692308 0.026442307692307692
1 0.96875 0.46033653846153844 0.057692307692307696 0.055288461538461536
1 0.7175480769230769 0.27884615384615385 0.04567307692307692 0.03125
1 0.6610576923076923 0.2980769230769231 0.052884615384615384 0.05048076923076923
1 0.6334134615384616 0.8353365384615384 0.052884615384615384 0.04567307692307692
1 0.6153846153846154 0.49399038461538464 0.06490384615384616 0.06009615384615385
1 0.5997596153846154 0.13942307692307693 0.07211538461538461 0.05048076923076923
1 0.5805288461538461 0.33533653846153844 0.057692307692307696 0.03125
1 0.5709134615384616 0.359375 0.0625 0.036057692307692304
1 0.53125 0.8401442307692307 0.06009615384615385 0.05048076923076923
1 0.5685096153846154 0.09254807692307693 0.07692307692307693 0.04326923076923077
1 0.5324519230769231 0.53125 0.0625 0.052884615384615384
1 0.45913461538461536 0.3473557692307692 0.06009615384615385 0.036057692307692304
1 0.4483173076923077 0.29927884615384615 0.052884615384615384 0.040865384615384616
1 0.3858173076923077 0.7536057692307693 0.06009615384615385 0.06009615384615385
1 0.3629807692307692 0.5661057692307693 0.0625 0.038461538461538464
1 0.36899038461538464 0.3762019230769231 0.06009615384615385 0.04326923076923077
1 0.3786057692307692 0.171875 0.055288461538461536 0.040865384615384616
1 0.36899038461538464 0.3449519230769231 0.05048076923076923 0.04567307692307692
1 0.36899038461538464 0.25240384615384615 0.06490384615384616 0.040865384615384616
1 0.3245192307692308 0.5877403846153846 0.05048076923076923 0.04326923076923077
1 0.9206730769230769 0.703125 0.05048076923076923 0.04326923076923077
1 0.3088942307692308 0.0985576923076923 0.07932692307692307 0.040865384615384616
1 0.9375 0.27524038461538464 0.040865384615384616 0.036057692307692304
1 0.2764423076923077 0.038461538461538464 0.057692307692307696 0.05048076923076923
1 0.2283653846153846 0.5552884615384616 0.06971153846153846 0.04567307692307692
1 0.18629807692307693 0.5997596153846154 0.06009615384615385 0.04326923076923077
1 0.15504807692307693 0.8125 0.06971153846153846 0.052884615384615384
1 0.19110576923076922 0.02403846153846154 0.055288461538461536 0.04326923076923077
1 0.1310096153846154 0.8509615384615384 0.05048076923076923 0.04567307692307692
1 0.15985576923076922 0.07692307692307693 0.057692307692307696 0.040865384615384616
1 0.1310096153846154 0.5805288461538461 0.055288461538461536 0.057692307692307696
1 0.14903846153846154 0.09975961538461539 0.05048076923076923 0.036057692307692304
1 0.07572115384615384 0.8425480769230769 0.052884615384615384 0.04567307692307692
1 0.06370192307692307 0.7824519230769231 0.06971153846153846 0.04567307692307692
1 0.052884615384615384 0.9206730769230769 0.06490384615384616 0.052884615384615384
1 0.8942307692307693 0.7271634615384616 0.06009615384615385 0.04326923076923077
1 0.055288461538461536 0.2127403846153846 0.06971153846153846 0.05048076923076923
1 0.9146634615384616 0.2848557692307692 0.04567307692307692 0.036057692307692304
1 0.037259615384615384 0.13581730769230768 0.036057692307692304 0.052884615384615384
1 0.9026442307692307 0.07451923076923077 0.06971153846153846 0.05048076923076923
1 0.8689903846153846 0.30288461538461536 0.05048076923076923 0.036057692307692304
1 0.8545673076923077 0.34375 0.0625 0.040865384615384616
1 0.8329326923076923 0.5925480769230769 0.07692307692307693 0.052884615384615384
1 0.8245192307692307 0.7536057692307693 0.057692307692307696 0.05048076923076923
1 0.8353365384615384 0.203125 0.07211538461538461 0.04567307692307692