0 0.1935096153846154 0.4182692307692308 0.057692307692307696 0.052884615384615384
0 0.2620192307692308 0.5997596153846154 0.07211538461538461 0.057692307692307696
0 0.28846153846153844 0.6418269230769231 0.07211538461538461 0.0673076923076923
0 0.23197115384615385 0.4326923076923077 0.06490384615384616 0.055288461538461536
0 0.17908653846153846 0.27283653846153844 0.07211538461538461 0.06971153846153846
0 0.4723557692307692 0.9891826923076923 0.08413461538461539 0.016826923076923076
0 0.42788461538461536 0.7596153846153846 0.07211538461538461 0.057692307692307696
0 0.2764423076923077 0.21394230769230768 0.06971153846153846 0.06971153846153846
0 0.39663461538461536 0.5336538461538461 0.06971153846153846 0.055288461538461536
0 0.5420673076923077 0.8834134615384616 0.06009615384615385 0.04326923076923077
0 0.5552884615384616 0.9038461538461539 0.0673076923076923 0.052884615384615384
0 0.4543269230769231 0.47836538461538464 0.0625 0.0673076923076923
0 0.3629807692307692 0.1935096153846154 0.0673076923076923 0.0625
0 0.3954326923076923 0.14543269230769232 0.06971153846153846 0.06009615384615385
0 0.1045673076923077 0.7151442307692307 0.06971153846153846 0.06490384615384616
0 0.45552884615384615 0.21634615384615385 0.0625 0.057692307692307696
0 0.6754807692307693 0.7427884615384616 0.06490384615384616 0.052884615384615384
0 0.7211538461538461 0.8545673076923077 0.055288461538461536 0.052884615384615384
0 0.44591346153846156 0.09134615384615384 0.0625 0.055288461538461536
0 0.47716346153846156 0.171875 0.0673076923076923 0.055288461538461536
0 0.47596153846153844 0.10216346153846154 0.0625 0.05048076923076923
0 0.7524038461538461 0.8377403846153846 0.04567307692307692 0.05048076923076923
0 0.6177884615384616 0.38100961538461536 0.06009615384615385 0.057692307692307696
0 0.7379807692307693 0.6586538461538461 0.07451923076923077 0.07451923076923077
0 0.6430288461538461 0.35096153846153844 0.057692307692307696 0.052884615384615384
0 0.8353365384615384 0.7896634615384616 0.06490384615384616 0.057692307692307696
0 0.9074519230769231 0.8149038461538461 0.07692307692307693 0.07211538461538461
0 0.9735576923076923 0.8137019230769231 0.04807692307692308 0.06490384615384616
0 0.7764423076923077 0.18389423076923078 0.08173076923076923 0.07211538461538461
0 0.7692307692307693 0.026442307692307692 0.07692307692307693 0.052884615384615384
0 0.7860576923076923 0.06009615384615385 0.07692307692307693 0.0673076923076923
0 0.1622596153846154 0.5961538461538461 0.0673076923076923 0.06490384615384616
0 0.1466346153846154 0.5456730769230769 0.06971153846153846 0.06490384615384616
0 0.19831730769230768 0.6694711538461539 0.06490384615384616 0.057692307692307696