0 0.18269230769230768 0.390625 0.057692307692307696 0.055288461538461536
0 0.27283653846153844 0.7680288461538461 0.04807692307692308 0.04567307692307692
0 0.27403846153846156 0.7247596153846154 0.055288461538461536 0.04807692307692308
0 0.18990384615384615 0.32211538461538464 0.06490384615384616 0.06009615384615385
0 0.1971153846153846 0.25721153846153844 0.0625 0.0625
0 0.20072115384615385 0.19110576923076922 0.057692307692307696 0.06009615384615385
0 0.390625 0.7536057692307693 0.06490384615384616 0.06009615384615385
0 0.27524038461538464 0.12379807692307693 0.05048076923076923 0.05048076923076923
0 0.38461538461538464 0.5384615384615384 0.055288461538461536 0.06490384615384616
0 0.28725961538461536 0.07932692307692307 0.040865384615384616 0.04567307692307692
0 0.40024038461538464 0.3870192307692308 0.057692307692307696 0.057692307692307696
0 0.3629807692307692 0.15144230769230768 0.052884615384615384 0.040865384615384616
0 0.4098557692307692 0.3317307692307692 0.06490384615384616 0.04567307692307692
0 0.44711538461538464 0.4723557692307692 0.05048076923076923 0.0625
0 0.37740384615384615 0.17307692307692307 0.04807692307692308 0.04567307692307692
0 0.5408653846153846 0.7788461538461539 0.05048076923076923 0.05048076923076923
0 0.48677884615384615 0.30528846153846156 0.04807692307692308 0.040865384615384616
0 0.6418269230769231 0.9014423076923077 0.055288461538461536 0.04807692307692308
0 0.49158653846153844 0.19591346153846154 0.055288461538461536 0.04807692307692308
0 0.5264423076923077 0.3449519230769231 0.04567307692307692 0.040865384615384616
0 0.6646634615384616 0.9350961538461539 0.055288461538461536 0.05048076923076923
0 0.5637019230769231 0.4675480769230769 0.055288461538461536 0.052884615384615384
0 0.7043269230769231 0.8713942307692307 0.06009615384615385 0.0625
0 0.6418269230769231 0.5264423076923077 0.04807692307692308 0.05048076923076923
0 0.625 0.2776442307692308 0.055288461538461536 0.04807692307692308
0 0.6959134615384616 0.5108173076923077 0.04567307692307692 0.04326923076923077
0 0.640625 0.06850961538461539 0.057692307692307696 0.04567307692307692
0 0.7836538461538461 0.1310096153846154 0.04567307692307692 0.04326923076923077
0 0.8149038461538461 0.1346153846153846 0.040865384615384616 0.04567307692307692
0 0.8161057692307693 0.02283653846153846 0.06009615384615385 0.04567307692307692
0 0.9134615384615384 0.30408653846153844 0.0625 0.057692307692307696
0 0.8978365384615384 0.12740384615384615 0.055288461538461536 0.057692307692307696
0 0.8834134615384616 0.02403846153846154 0.04567307692307692 0.04807692307692308