0 0.3894230769230769 0.2247596153846154 0.055288461538461536 0.055288461538461536
0 0.5841346153846154 0.15865384615384615 0.057692307692307696 0.06009615384615385
0 0.0829326923076923 0.3894230769230769 0.07211538461538461 0.07692307692307693
0 0.7199519230769231 0.14903846153846154 0.06009615384615385 0.06971153846153846
0 0.3954326923076923 0.2920673076923077 0.04326923076923077 0.055288461538461536
0 0.5877403846153846 0.22956730769230768 0.0673076923076923 0.06490384615384616
0 0.16105769230769232 0.4266826923076923 0.0625 0.0625
0 0.5396634615384616 0.010817307692307692 0.06009615384615385 0.021634615384615384
0 0.7415865384615384 0.24759615384615385 0.06490384615384616 0.07211538461538461
0 0.42788461538461536 0.4050480769230769 0.07692307692307693 0.09134615384615384
0 0.2439903846153846 0.4795673076923077 0.04807692307692308 0.057692307692307696
0 0.23317307692307693 0.5240384615384616 0.055288461538461536 0.0625
0 0.3161057692307692 0.5132211538461539 0.052884615384615384 0.057692307692307696
0 0.7980769230769231 0.33052884615384615 0.06009615384615385 0.06490384615384616
0 0.5180288461538461 0.4423076923076923 0.0625 0.07692307692307693
0 0.036057692307692304 0.6274038461538461 0.04326923076923077 0.04326923076923077
0 0.35216346153846156 0.515625 0.05048076923076923 0.052884615384615384
0 0.14783653846153846 0.5985576923076923 0.052884615384615384 0.057692307692307696
0 0.051682692307692304 0.6526442307692307 0.04326923076923077 0.04326923076923077
0 0.7115384615384616 0.4098557692307692 0.04567307692307692 0.05048076923076923
0 0.6610576923076923 0.4338942307692308 0.052884615384615384 0.06490384615384616
0 0.10817307692307693 0.6478365384615384 0.06009615384615385 0.0673076923076923
0 0.8918269230769231 0.36538461538461536 0.06009615384615385 0.07451923076923077
0 0.6454326923076923 0.46274038461538464 0.055288461538461536 0.052884615384615384
0 0.7271634615384616 0.4387019230769231 0.05048076923076923 0.055288461538461536
0 0.17668269230769232 0.6514423076923077 0.052884615384615384 0.06009615384615385
0 0.7836538461538461 0.43028846153846156 0.04326923076923077 0.05048076923076923
0 0.8076923076923077 0.4495192307692308 0.04567307692307692 0.04807692307692308
0 0.14903846153846154 0.7055288461538461 0.04567307692307692 0.04807692307692308
0 0.38221153846153844 0.6189903846153846 0.0625 0.06490384615384616
0 0.3293269230769231 0.6478365384615384 0.055288461538461536 0.06009615384615385
0 0.20432692307692307 0.6983173076923077 0.052884615384615384 0.057692307692307696
0 0.7536057692307693 0.4963942307692308 0.052884615384615384 0.057692307692307696
0 0.171875 0.7331730769230769 0.04567307692307692 0.04807692307692308
0 0.2704326923076923 0.7007211538461539 0.05048076923076923 0.055288461538461536
0 0.7944711538461539 0.5 0.04807692307692308 0.052884615384615384
0 0.6045673076923077 0.016826923076923076 0.06490384615384616 0.03365384615384615
0 0.6177884615384616 0.5913461538461539 0.06009615384615385 0.0673076923076923
0 0.28365384615384615 0.7259615384615384 0.04807692307692308 0.052884615384615384
0 0.25600961538461536 0.7620192307692307 0.052884615384615384 0.06490384615384616
0 0.3317307692307692 0.734375 0.06009615384615385 0.06971153846153846
0 0.6454326923076923 0.6334134615384616 0.06490384615384616 0.07211538461538461
0 0.2127403846153846 0.8365384615384616 0.057692307692307696 0.06971153846153846
0 0.010817307692307692 0.23557692307692307 0.021634615384615384 0.04807692307692308
0 0.15985576923076922 0.8978365384615384 0.06009615384615385 0.06490384615384616
0 0.6610576923076923 0.7331730769230769 0.052884615384615384 0.06490384615384616
0 0.4098557692307692 0.8497596153846154 0.052884615384615384 0.0673076923076923
0 0.4050480769230769 0.875 0.04807692307692308 0.057692307692307696
0 0.2644230769230769 0.9290865384615384 0.04807692307692308 0.057692307692307696
0 0.9290865384615384 0.6754807692307693 0.06971153846153846 0.07932692307692307
0 0.2512019230769231 0.14903846153846154 0.06490384615384616 0.0625
0 0.6887019230769231 0.7800480769230769 0.05048076923076923 0.052884615384615384
0 0.9639423076923077 0.6862980769230769 0.052884615384615384 0.057692307692307696
0 0.19471153846153846 0.9723557692307693 0.0625 0.05048076923076923
0 0.8112980769230769 0.7512019230769231 0.06009615384615385 0.06971153846153846
0 0.5456730769230769 0.8629807692307693 0.04807692307692308 0.057692307692307696
0 0.28966346153846156 0.9711538461538461 0.055288461538461536 0.052884615384615384
0 0.9723557692307693 0.7211538461538461 0.05048076923076923 0.057692307692307696
0 0.375 0.9639423076923077 0.055288461538461536 0.0625
0 0.7475961538461539 0.8341346153846154 0.05048076923076923 0.0625
0 0.5420673076923077 0.9134615384615384 0.057692307692307696 0.0673076923076923
0 0.7139423076923077 0.8605769230769231 0.052884615384615384 0.07451923076923077
0 0.9362980769230769 0.7896634615384616 0.0625 0.07211538461538461
0 0.013221153846153846 0.25961538461538464 0.026442307692307692 0.038461538461538464
0 0.3942307692307692 0.1310096153846154 0.055288461538461536 0.0625
0 0.18269230769230768 0.21634615384615385 0.06490384615384616 0.07211538461538461
0 0.2764423076923077 0.1935096153846154 0.052884615384615384 0.06490384615384616
0 0.3245192307692308 0.17668269230769232 0.052884615384615384 0.06490384615384616
0 0.4495192307692308 0.14783653846153846 0.05048076923076923 0.06009615384615385
0 0.22716346153846154 0.26322115384615385 0.057692307692307696 0.0625
0 0.11778846153846154 0.3125 0.06971153846153846 0.07211538461538461