0 0.7067307692307693 0.23557692307692307 0.05048076923076923 0.052884615384615384
0 0.31971153846153844 0.19831730769230768 0.04326923076923077 0.04567307692307692
0 0.3605769230769231 0.21394230769230768 0.04326923076923077 0.052884615384615384
0 0.7692307692307693 0.2644230769230769 0.052884615384615384 0.06009615384615385
0 0.8293269230769231 0.2932692307692308 0.057692307692307696 0.057692307692307696
0 0.8894230769230769 0.3173076923076923 0.055288461538461536 0.052884615384615384
0 0.2956730769230769 0.3137019230769231 0.052884615384615384 0.06009615384615385
0 0.9290865384615384 0.4098557692307692 0.04567307692307692 0.04807692307692308
0 0.5012019230769231 0.3786057692307692 0.0625 0.04807692307692308
0 0.9675480769230769 0.43509615384615385 0.040865384615384616 0.038461538461538464
0 0.6394230769230769 0.4423076923076923 0.052884615384615384 0.052884615384615384
0 0.8737980769230769 0.4831730769230769 0.036057692307692304 0.05048076923076923
0 0.6887019230769231 0.46875 0.038461538461538464 0.06009615384615385
0 0.5432692307692307 0.45913461538461536 0.06009615384615385 0.04326923076923077
0 0.8485576923076923 0.49038461538461536 0.04326923076923077 0.04567307692307692
0 0.22235576923076922 0.4483173076923077 0.04567307692307692 0.04807692307692308
0 0.6875 0.5516826923076923 0.038461538461538464 0.04326923076923077
0 0.07451923076923077 0.5036057692307693 0.04326923076923077 0.052884615384615384
0 0.7896634615384616 0.5913461538461539 0.04326923076923077 0.052884615384615384
0 0.6382211538461539 0.5757211538461539 0.038461538461538464 0.040865384615384616
0 0.03485576923076923 0.5144230769230769 0.04567307692307692 0.052884615384615384
0 0.5096153846153846 0.5709134615384616 0.04807692307692308 0.05048076923076923
0 0.0829326923076923 0.5721153846153846 0.057692307692307696 0.055288461538461536
0 0.42908653846153844 0.625 0.04807692307692308 0.04326923076923077
0 0.6694711538461539 0.6911057692307693 0.04326923076923077 0.052884615384615384
0 0.4266826923076923 0.6814903846153846 0.040865384615384616 0.040865384615384616
0 0.8617788461538461 0.7740384615384616 0.040865384615384616 0.052884615384615384
0 0.7560096153846154 0.8882211538461539 0.040865384615384616 0.040865384615384616
0 0.7427884615384616 0.9170673076923077 0.040865384615384616 0.038461538461538464
0 0.8533653846153846 0.9555288461538461 0.04567307692307692 0.055288461538461536
0 0.5504807692307693 0.9543269230769231 0.052884615384615384 0.057692307692307696
0 0.7247596153846154 0.984375 0.055288461538461536 0.026442307692307692