0 0.2764423076923077 0.2536057692307692 0.07211538461538461 0.0673076923076923
0 0.1875 0.5745192307692307 0.06490384615384616 0.07211538461538461
0 0.31971153846153844 0.18269230769230768 0.06009615384615385 0.055288461538461536
0 0.3605769230769231 0.13341346153846154 0.055288461538461536 0.06009615384615385
0 0.39903846153846156 0.0829326923076923 0.06490384615384616 0.052884615384615384
0 0.46153846153846156 0.02283653846153846 0.052884615384615384 0.04567307692307692
0 0.26802884615384615 0.6670673076923077 0.06490384615384616 0.055288461538461536
0 0.5024038461538461 0.06370192307692307 0.05048076923076923 0.052884615384615384
0 0.38461538461538464 0.4723557692307692 0.06971153846153846 0.07692307692307693
0 0.5192307692307693 0.11899038461538461 0.04807692307692308 0.04567307692307692
0 0.5336538461538461 0.09615384615384616 0.03365384615384615 0.04326923076923077
0 0.4651442307692308 0.35096153846153844 0.04567307692307692 0.038461538461538464
0 0.4951923076923077 0.3161057692307692 0.055288461538461536 0.040865384615384616
0 0.5168269230769231 0.29927884615384615 0.04326923076923077 0.04567307692307692
0 0.5649038461538461 0.1622596153846154 0.040865384615384616 0.040865384615384616
0 0.38461538461538464 0.7403846153846154 0.055288461538461536 0.055288461538461536
0 0.5637019230769231 0.27283653846153844 0.04567307692307692 0.04807692307692308
0 0.4326923076923077 0.7175480769230769 0.06009615384615385 0.057692307692307696
0 0.5853365384615384 0.3245192307692308 0.052884615384615384 0.05048076923076923
0 0.40865384615384615 0.9110576923076923 0.0625 0.06490384615384616
0 0.6045673076923077 0.38461538461538464 0.04567307692307692 0.04807692307692308
0 0.6538461538461539 0.234375 0.052884615384615384 0.04807692307692308
0 0.5769230769230769 0.4987980769230769 0.052884615384615384 0.06009615384615385
0 0.5985576923076923 0.43028846153846156 0.04807692307692308 0.04567307692307692
0 0.6237980769230769 0.453125 0.04326923076923077 0.04326923076923077
0 0.484375 0.9194711538461539 0.0625 0.0625
0 0.6346153846153846 0.515625 0.04807692307692308 0.05048076923076923
0 0.6117788461538461 0.5913461538461539 0.052884615384615384 0.057692307692307696
0 0.7247596153846154 0.375 0.052884615384615384 0.05048076923076923
0 0.6634615384615384 0.6081730769230769 0.04807692307692308 0.04567307692307692
0 0.7716346153846154 0.3641826923076923 0.04567307692307692 0.04326923076923077
0 0.8449519230769231 0.20432692307692307 0.04807692307692308 0.052884615384615384
0 0.7043269230769231 0.7427884615384616 0.04807692307692308 0.04326923076923077
0 0.7235576923076923 0.7247596153846154 0.06009615384615385 0.040865384615384616
0 0.9326923076923077 0.328125 0.04567307692307692 0.055288461538461536
0 0.9543269230769231 0.34615384615384615 0.04807692307692308 0.055288461538461536
0 0.9915865384615384 0.25 0.01201923076923077 0.052884615384615384