0 0.24158653846153846 0.9879807692307693 0.05048076923076923 0.019230769230769232
0 0.6634615384615384 0.16947115384615385 0.03125 0.055288461538461536
0 0.5552884615384616 0.2536057692307692 0.038461538461538464 0.04807692307692308
0 0.8052884615384616 0.31009615384615385 0.04567307692307692 0.08173076923076923
0 0.703125 0.4050480769230769 0.040865384615384616 0.0673076923076923
0 0.4026442307692308 0.48677884615384615 0.040865384615384616 0.0625
0 0.36899038461538464 0.5793269230769231 0.040865384615384616 0.0625
0 0.7451923076923077 0.5420673076923077 0.04807692307692308 0.057692307692307696
0 0.5348557692307693 0.5805288461538461 0.040865384615384616 0.0625
0 0.5264423076923077 0.71875 0.04326923076923077 0.0625
0 0.7536057692307693 0.8064903846153846 0.055288461538461536 0.09615384615384616
0 0.33774038461538464 0.9375 0.05048076923076923 0.0625