1 0.6454326923076923 0.0733173076923077 0.07451923076923077 0.055288461538461536
1 0.8545673076923077 0.7199519230769231 0.07932692307692307 0.06490384615384616
1 0.9182692307692307 0.27163461538461536 0.0625 0.06009615384615385
1 0.7932692307692307 0.5817307692307693 0.06490384615384616 0.0673076923076923
1 0.6141826923076923 0.1814903846153846 0.055288461538461536 0.04326923076923077
1 0.5360576923076923 0.007211538461538462 0.08173076923076923 0.014423076923076924
1 0.6045673076923077 0.2127403846153846 0.06009615384615385 0.05048076923076923
1 0.9927884615384616 0.5396634615384616 0.009615384615384616 0.04567307692307692
1 0.5745192307692307 0.24158653846153846 0.06490384615384616 0.052884615384615384
1 0.7536057692307693 0.7487980769230769 0.06490384615384616 0.06009615384615385
1 0.5985576923076923 0.44591346153846156 0.06971153846153846 0.0673076923076923
1 0.5060096153846154 0.3137019230769231 0.04567307692307692 0.040865384615384616
1 0.5096153846153846 0.34375 0.055288461538461536 0.04326923076923077
1 0.671875 0.7944711538461539 0.08173076923076923 0.07451923076923077
1 0.4014423076923077 0.09615384615384616 0.11057692307692307 0.08653846153846154
1 0.5480769230769231 0.5168269230769231 0.07451923076923077 0.0673076923076923
1 0.4014423076923077 0.37740384615384615 0.052884615384615384 0.06009615384615385
1 0.36899038461538464 0.34375 0.0673076923076923 0.06009615384615385
1 0.49759615384615385 0.7788461538461539 0.0889423076923077 0.07211538461538461
1 0.4050480769230769 0.6117788461538461 0.0625 0.057692307692307696
1 0.33413461538461536 0.4362980769230769 0.0673076923076923 0.057692307692307696
1 0.3173076923076923 0.4050480769230769 0.0673076923076923 0.055288461538461536
1 0.25600961538461536 0.25240384615384615 0.07932692307692307 0.06971153846153846
1 0.27524038461538464 0.328125 0.07211538461538461 0.06490384615384616
1 0.3641826923076923 0.6574519230769231 0.06490384615384616 0.057692307692307696
1 0.8112980769230769 0.11177884615384616 0.040865384615384616 0.03365384615384615
1 0.9663461538461539 0.5144230769230769 0.057692307692307696 0.05048076923076923
1 0.16466346153846154 0.21394230769230768 0.06490384615384616 0.06009615384615385
1 0.10697115384615384 0.16105769230769232 0.06971153846153846 0.06009615384615385
1 0.27283653846153844 0.6598557692307693 0.055288461538461536 0.052884615384615384
1 0.26322115384615385 0.71875 0.0673076923076923 0.057692307692307696
1 0.31971153846153844 0.9182692307692307 0.07211538461538461 0.055288461538461536
1 0.030048076923076924 0.18509615384615385 0.06009615384615385 0.057692307692307696
1 0.30528846153846156 0.9699519230769231 0.0625 0.05048076923076923
1 0.19471153846153846 0.7235576923076923 0.06490384615384616 0.0625
1 0.02283653846153846 0.25240384615384615 0.04567307692307692 0.052884615384615384
1 0.021634615384615384 0.2800480769230769 0.04326923076923077 0.055288461538461536
1 0.2548076923076923 0.9771634615384616 0.057692307692307696 0.040865384615384616
1 0.21394230769230768 0.9411057692307693 0.08413461538461539 0.0625
1 0.7932692307692307 0.13221153846153846 0.05048076923076923 0.04326923076923077
1 0.9519230769230769 0.5504807692307693 0.055288461538461536 0.052884615384615384
1 0.7560096153846154 0.17067307692307693 0.04807692307692308 0.04567307692307692
1 0.7572115384615384 0.21153846153846154 0.06490384615384616 0.055288461538461536
1 0.8449519230769231 0.4483173076923077 0.0673076923076923 0.057692307692307696
1 0.9014423076923077 0.5997596153846154 0.07211538461538461 0.0625
1 0.6899038461538461 0.09735576923076923 0.0625 0.0625