1 0.12139423076923077 0.24759615384615385 0.04567307692307692 0.07451923076923077
1 0.8028846153846154 0.21875 0.04807692307692308 0.04807692307692308
1 0.6526442307692307 0.23918269230769232 0.052884615384615384 0.04807692307692308
1 0.013221153846153846 0.33533653846153844 0.026442307692307692 0.06490384615384616
1 0.22596153846153846 0.3112980769230769 0.028846153846153848 0.05048076923076923
1 0.3858173076923077 0.039663461538461536 0.055288461538461536 0.06490384615384616
1 0.24759615384615385 0.31971153846153844 0.03365384615384615 0.04567307692307692
1 0.27524038461538464 0.37259615384615385 0.052884615384615384 0.055288461538461536
1 0.8100961538461539 0.3161057692307692 0.04807692307692308 0.055288461538461536
1 0.47596153846153844 0.3870192307692308 0.06490384615384616 0.0673076923076923
1 0.12860576923076922 0.4579326923076923 0.055288461538461536 0.07451923076923077
1 0.3245192307692308 0.44591346153846156 0.03365384615384615 0.057692307692307696
1 0.34975961538461536 0.4519230769230769 0.040865384615384616 0.0625
1 0.8305288461538461 0.41586538461538464 0.052884615384615384 0.0625
1 0.08653846153846154 0.4963942307692308 0.04567307692307692 0.07932692307692307
1 0.5264423076923077 0.4639423076923077 0.055288461538461536 0.06490384615384616
1 0.3557692307692308 0.5649038461538461 0.038461538461538464 0.06009615384615385
1 0.3088942307692308 0.5829326923076923 0.04326923076923077 0.055288461538461536
1 0.7692307692307693 0.5733173076923077 0.0625 0.0625
1 0.5865384615384616 0.625 0.04326923076923077 0.0625
1 0.39783653846153844 0.6490384615384616 0.04567307692307692 0.0625
1 0.19471153846153846 0.6706730769230769 0.04326923076923077 0.057692307692307696
1 0.36778846153846156 0.6538461538461539 0.04807692307692308 0.052884615384615384
1 0.2764423076923077 0.6682692307692307 0.04567307692307692 0.0673076923076923
1 0.6141826923076923 0.6598557692307693 0.04567307692307692 0.052884615384615384
1 0.6346153846153846 0.052884615384615384 0.04567307692307692 0.052884615384615384
1 0.13341346153846154 0.7512019230769231 0.04326923076923077 0.07932692307692307
1 0.2091346153846154 0.10216346153846154 0.038461538461538464 0.040865384615384616
1 0.07932692307692307 0.7932692307692307 0.052884615384615384 0.06009615384615385
1 0.5973557692307693 0.7596153846153846 0.05048076923076923 0.07211538461538461
1 0.6478365384615384 0.7932692307692307 0.04567307692307692 0.0625
1 0.8629807692307693 0.7920673076923077 0.057692307692307696 0.07211538461538461
1 0.078125 0.8786057692307693 0.04567307692307692 0.057692307692307696
1 0.9050480769230769 0.8088942307692307 0.04807692307692308 0.052884615384615384
1 0.1346153846153846 0.9026442307692307 0.04326923076923077 0.06009615384615385
1 0.6370192307692307 0.8521634615384616 0.06009615384615385 0.057692307692307696
1 0.15985576923076922 0.9086538461538461 0.038461538461538464 0.05048076923076923
1 0.9050480769230769 0.8653846153846154 0.04807692307692308 0.055288461538461536
1 0.8473557692307693 0.8870192307692307 0.05048076923076923 0.07211538461538461
1 0.9771634615384616 0.8762019230769231 0.040865384615384616 0.06971153846153846
1 0.6634615384615384 0.07572115384615384 0.04326923076923077 0.0625
1 0.2860576923076923 0.9723557692307693 0.057692307692307696 0.05048076923076923
1 0.22235576923076922 0.12379807692307693 0.038461538461538464 0.04567307692307692
1 0.02283653846153846 0.16947115384615385 0.04567307692307692 0.07451923076923077
1 0.24759615384615385 0.1658653846153846 0.038461538461538464 0.05048076923076923
1 0.29086538461538464 0.17427884615384615 0.04567307692307692 0.06490384615384616
1 0.5384615384615384 0.15625 0.055288461538461536 0.07932692307692307
1 0.7007211538461539 0.13942307692307693 0.052884615384615384 0.06009615384615385
1 0.15504807692307693 0.21514423076923078 0.05048076923076923 0.07451923076923077