0 0.5324519230769231 0.23197115384615385 0.04567307692307692 0.057692307692307696
0 0.7247596153846154 0.27283653846153844 0.06009615384615385 0.0625
0 0.4735576923076923 0.2548076923076923 0.05048076923076923 0.05048076923076923
0 0.8581730769230769 0.3269230769230769 0.06009615384615385 0.08413461538461539
0 0.6838942307692307 0.30528846153846156 0.06009615384615385 0.0625
0 0.06009615384615385 0.21754807692307693 0.052884615384615384 0.0673076923076923
0 0.3076923076923077 0.3004807692307692 0.04807692307692308 0.06971153846153846
0 0.5192307692307693 0.38822115384615385 0.052884615384615384 0.06490384615384616
0 0.7920673076923077 0.07932692307692307 0.040865384615384616 0.04807692307692308
0 0.8521634615384616 0.453125 0.04326923076923077 0.0625
0 0.1502403846153846 0.3485576923076923 0.04807692307692308 0.07692307692307693
0 0.1141826923076923 0.35216346153846156 0.04807692307692308 0.052884615384615384
0 0.5384615384615384 0.4723557692307692 0.052884615384615384 0.0673076923076923
0 0.8377403846153846 0.5264423076923077 0.06009615384615385 0.06009615384615385
0 0.5060096153846154 0.04567307692307692 0.04567307692307692 0.052884615384615384
0 0.8569711538461539 0.5817307692307693 0.05048076923076923 0.055288461538461536
0 0.765625 0.5973557692307693 0.052884615384615384 0.06490384615384616
0 0.9603365384615384 0.6334134615384616 0.05048076923076923 0.05048076923076923
0 0.19831730769230768 0.5288461538461539 0.057692307692307696 0.06490384615384616
0 0.08533653846153846 0.5132211538461539 0.057692307692307696 0.06971153846153846
0 0.8894230769230769 0.6502403846153846 0.04326923076923077 0.06009615384615385
0 0.7920673076923077 0.6430288461538461 0.04807692307692308 0.06490384615384616
0 0.9579326923076923 0.6694711538461539 0.04807692307692308 0.052884615384615384
0 0.8137019230769231 0.10576923076923077 0.040865384615384616 0.057692307692307696
0 0.8605769230769231 0.671875 0.04326923076923077 0.06009615384615385
0 0.3762019230769231 0.5985576923076923 0.040865384615384616 0.052884615384615384
0 0.08413461538461539 0.5600961538461539 0.06490384615384616 0.06971153846153846
0 0.34975961538461536 0.6165865384615384 0.040865384615384616 0.052884615384615384
0 0.19591346153846154 0.5925480769230769 0.04567307692307692 0.04807692307692308
0 0.5444711538461539 0.6538461538461539 0.052884615384615384 0.06490384615384616
0 0.16706730769230768 0.6129807692307693 0.04326923076923077 0.052884615384615384
0 0.24278846153846154 0.6274038461538461 0.05048076923076923 0.0625
0 0.5588942307692307 0.6971153846153846 0.04326923076923077 0.057692307692307696
0 0.08413461538461539 0.6682692307692307 0.055288461538461536 0.08173076923076923
0 0.02403846153846154 0.7007211538461539 0.04807692307692308 0.06009615384615385
0 0.5276442307692307 0.8052884615384616 0.05048076923076923 0.055288461538461536
0 0.5396634615384616 0.84375 0.040865384615384616 0.057692307692307696
0 0.007211538461538462 0.7776442307692307 0.014423076923076924 0.07451923076923077
0 0.6478365384615384 0.8930288461538461 0.05048076923076923 0.055288461538461536
0 0.7992788461538461 0.9639423076923077 0.055288461538461536 0.0673076923076923
0 0.7415865384615384 0.9627403846153846 0.055288461538461536 0.057692307692307696
0 0.8810096153846154 0.9831730769230769 0.06490384615384616 0.028846153846153848
0 0.15865384615384615 0.9182692307692307 0.0673076923076923 0.07211538461538461
0 0.37259615384615385 0.109375 0.04567307692307692 0.06009615384615385
0 0.5757211538461539 0.14903846153846154 0.05048076923076923 0.055288461538461536
0 0.49759615384615385 0.15504807692307693 0.040865384615384616 0.04807692307692308
0 0.6334134615384616 0.17908653846153846 0.05048076923076923 0.0673076923076923
0 0.11538461538461539 0.10216346153846154 0.057692307692307696 0.06490384615384616
0 0.38100961538461536 0.15144230769230768 0.04807692307692308 0.057692307692307696