1 0.9302884615384616 0.6274038461538461 0.057692307692307696 0.06490384615384616
1 0.2920673076923077 0.8569711538461539 0.0673076923076923 0.07211538461538461
1 0.43028846153846156 0.7932692307692307 0.07211538461538461 0.07211538461538461
1 0.7451923076923077 0.90625 0.0625 0.0673076923076923
1 0.8185096153846154 0.6033653846153846 0.04807692307692308 0.06490384615384616
1 0.7944711538461539 0.5973557692307693 0.05048076923076923 0.0625
1 0.7596153846153846 0.5625 0.057692307692307696 0.06490384615384616
1 0.25721153846153844 0.7680288461538461 0.0625 0.0673076923076923
1 0.5576923076923077 0.5973557692307693 0.07451923076923077 0.08653846153846154
1 0.8689903846153846 0.4338942307692308 0.06490384615384616 0.07692307692307693
1 0.6850961538461539 0.5 0.04807692307692308 0.0625
1 0.65625 0.49759615384615385 0.06490384615384616 0.07451923076923077
1 0.9002403846153846 0.3870192307692308 0.057692307692307696 0.0673076923076923
1 0.2091346153846154 0.6790865384615384 0.07692307692307693 0.08653846153846154
1 0.4855769230769231 0.5396634615384616 0.0673076923076923 0.07211538461538461
1 0.6153846153846154 0.39302884615384615 0.0625 0.0673076923076923
1 0.6586538461538461 0.36778846153846156 0.055288461538461536 0.0673076923076923
1 0.21995192307692307 0.5084134615384616 0.06971153846153846 0.07932692307692307
1 0.38100961538461536 0.4050480769230769 0.052884615384615384 0.0673076923076923
1 0.7403846153846154 0.24639423076923078 0.07692307692307693 0.0985576923076923
1 0.5853365384615384 0.3125 0.06009615384615385 0.06490384615384616
1 0.5528846153846154 0.32572115384615385 0.06009615384615385 0.06490384615384616
1 0.6622596153846154 0.27524038461538464 0.07451923076923077 0.08653846153846154
1 0.3449519230769231 0.3762019230769231 0.055288461538461536 0.06009615384615385
1 0.5 0.9675480769230769 0.05048076923076923 0.057692307692307696
1 0.8954326923076923 0.7980769230769231 0.05048076923076923 0.04326923076923077
1 0.7824519230769231 0.15985576923076922 0.0673076923076923 0.0673076923076923
1 0.8233173076923077 0.09495192307692307 0.0625 0.0673076923076923
1 0.3293269230769231 0.27884615384615385 0.057692307692307696 0.06490384615384616
1 0.27163461538461536 0.2608173076923077 0.06490384615384616 0.07451923076923077
1 0.07091346153846154 0.328125 0.0625 0.07451923076923077
1 0.7980769230769231 0.027644230769230768 0.0673076923076923 0.055288461538461536
1 0.028846153846153848 0.32091346153846156 0.057692307692307696 0.07932692307692307
1 0.7283653846153846 0.020432692307692308 0.052884615384615384 0.040865384615384616
1 0.2620192307692308 0.20072115384615385 0.06009615384615385 0.06971153846153846
1 0.7091346153846154 0.016826923076923076 0.04326923076923077 0.03365384615384615
1 0.019230769230769232 0.27524038461538464 0.038461538461538464 0.06971153846153846
1 0.054086538461538464 0.23677884615384615 0.06490384615384616 0.07211538461538461
1 0.8713942307692307 0.7824519230769231 0.05048076923076923 0.052884615384615384
1 0.4651442307692308 0.953125 0.052884615384615384 0.06009615384615385
1 0.5588942307692307 0.009615384615384616 0.07932692307692307 0.019230769230769232
1 0.84375 0.7439903846153846 0.04807692307692308 0.052884615384615384
1 0.7932692307692307 0.7463942307692307 0.057692307692307696 0.06490384615384616
1 0.41947115384615385 0.9038461538461539 0.06490384615384616 0.07451923076923077
1 0.5649038461538461 0.8401442307692307 0.0673076923076923 0.07932692307692307
1 0.9134615384615384 0.671875 0.057692307692307696 0.0673076923076923