0 0.7788461538461539 0.04807692307692308 0.040865384615384616 0.07932692307692307
0 0.29447115384615385 0.7451923076923077 0.040865384615384616 0.07451923076923077
0 0.9555288461538461 0.7247596153846154 0.04807692307692308 0.06009615384615385
0 0.4266826923076923 0.6610576923076923 0.040865384615384616 0.0625
0 0.19110576923076922 0.5480769230769231 0.038461538461538464 0.09615384615384616
0 0.6346153846153846 0.44711538461538464 0.038461538461538464 0.0673076923076923
0 0.2980769230769231 0.4326923076923077 0.04567307692307692 0.07451923076923077
0 0.6610576923076923 0.3894230769230769 0.05048076923076923 0.07451923076923077
0 0.2776442307692308 0.33653846153846156 0.040865384615384616 0.07932692307692307
0 0.5576923076923077 0.16346153846153846 0.040865384615384616 0.06971153846153846
0 0.3269230769230769 0.08533653846153846 0.06971153846153846 0.09615384615384616