0 0.7596153846153846 0.8461538461538461 0.04567307692307692 0.06971153846153846
0 0.7848557692307693 0.8389423076923077 0.04326923076923077 0.06009615384615385
0 0.45552884615384615 0.7620192307692307 0.055288461538461536 0.057692307692307696
0 0.2692307692307692 0.7235576923076923 0.055288461538461536 0.055288461538461536
0 0.5192307692307693 0.7451923076923077 0.04807692307692308 0.055288461538461536
0 0.13822115384615385 0.6622596153846154 0.052884615384615384 0.06490384615384616
0 0.3088942307692308 0.6923076923076923 0.057692307692307696 0.0625
0 0.9278846153846154 0.7980769230769231 0.055288461538461536 0.08653846153846154
0 0.6875 0.7067307692307693 0.055288461538461536 0.07211538461538461
0 0.47836538461538464 0.6153846153846154 0.04807692307692308 0.06490384615384616
0 0.14783653846153846 0.5348557692307693 0.055288461538461536 0.07211538461538461
0 0.84375 0.6670673076923077 0.05048076923076923 0.07692307692307693
0 0.8786057692307693 0.6586538461538461 0.055288461538461536 0.06971153846153846
0 0.19471153846153846 0.9050480769230769 0.05048076923076923 0.07451923076923077
0 0.45913461538461536 0.5228365384615384 0.06009615384615385 0.07451923076923077
0 0.16706730769230768 0.46274038461538464 0.05048076923076923 0.07211538461538461
0 0.47475961538461536 0.9519230769230769 0.05048076923076923 0.055288461538461536
0 0.14302884615384615 0.4026442307692308 0.057692307692307696 0.06490384615384616
0 0.23798076923076922 0.39302884615384615 0.06009615384615385 0.07451923076923077
0 0.04807692307692308 0.3557692307692308 0.052884615384615384 0.06009615384615385
0 0.6959134615384616 0.46274038461538464 0.04326923076923077 0.06009615384615385
0 0.6730769230769231 0.45552884615384615 0.036057692307692304 0.04807692307692308
0 0.8028846153846154 0.4795673076923077 0.052884615384615384 0.06971153846153846
0 0.9170673076923077 0.5 0.057692307692307696 0.06009615384615385
0 0.11538461538461539 0.3389423076923077 0.05048076923076923 0.0625
0 0.04927884615384615 0.31490384615384615 0.05048076923076923 0.057692307692307696
0 0.2091346153846154 0.3401442307692308 0.052884615384615384 0.06009615384615385
0 0.171875 0.8846153846153846 0.05048076923076923 0.05048076923076923
0 0.15264423076923078 0.3173076923076923 0.05048076923076923 0.057692307692307696
0 0.6262019230769231 0.4074519230769231 0.04326923076923077 0.052884615384615384
0 0.9206730769230769 0.4519230769230769 0.05048076923076923 0.055288461538461536
0 0.8076923076923077 0.41947115384615385 0.04326923076923077 0.05048076923076923
0 0.6550480769230769 0.38221153846153844 0.040865384615384616 0.04807692307692308
0 0.45913461538461536 0.3389423076923077 0.05048076923076923 0.04567307692307692
0 0.8365384615384616 0.39903846153846156 0.04326923076923077 0.057692307692307696
0 0.7608173076923077 0.38461538461538464 0.0673076923076923 0.06971153846153846
0 0.43990384615384615 0.2956730769230769 0.05048076923076923 0.055288461538461536
0 0.9206730769230769 0.35697115384615385 0.052884615384615384 0.0673076923076923
0 0.9759615384615384 0.32091346153846156 0.04326923076923077 0.06490384615384616
0 0.48197115384615385 0.1971153846153846 0.05048076923076923 0.057692307692307696
0 0.46875 0.15625 0.040865384615384616 0.0673076923076923
0 0.3629807692307692 0.10096153846153846 0.055288461538461536 0.055288461538461536
0 0.21875 0.03125 0.052884615384615384 0.0625
0 0.27524038461538464 0.03365384615384615 0.052884615384615384 0.0673076923076923
0 0.13942307692307693 0.010817307692307692 0.0625 0.021634615384615384
0 0.8569711538461539 0.09495192307692307 0.04807692307692308 0.0625
0 0.5180288461538461 0.8894230769230769 0.04326923076923077 0.05048076923076923
0 0.6117788461538461 0.8942307692307693 0.04807692307692308 0.057692307692307696
0 0.4098557692307692 0.8509615384615384 0.05048076923076923 0.055288461538461536
0 0.3581730769230769 0.8197115384615384 0.05048076923076923 0.055288461538461536
0 0.8701923076923077 0.9086538461538461 0.06009615384615385 0.07451923076923077
0 0.4891826923076923 0.8329326923076923 0.04567307692307692 0.052884615384615384
0 0.6117788461538461 0.8401442307692307 0.052884615384615384 0.057692307692307696