0 0.8040865384615384 0.5865384615384616 0.057692307692307696 0.052884615384615384
0 0.7391826923076923 0.4050480769230769 0.07211538461538461 0.057692307692307696
0 0.7139423076923077 0.36177884615384615 0.07211538461538461 0.0673076923076923
0 0.7668269230769231 0.5721153846153846 0.06490384615384616 0.055288461538461536
0 0.8161057692307693 0.7331730769230769 0.07211538461538461 0.07211538461538461
0 0.5384615384615384 0.009615384615384616 0.08173076923076923 0.019230769230769232
0 0.5757211538461539 0.24158653846153846 0.07211538461538461 0.057692307692307696
0 0.7175480769230769 0.7896634615384616 0.06971153846153846 0.0673076923076923
0 0.6033653846153846 0.46875 0.06971153846153846 0.052884615384615384
0 0.4639423076923077 0.11538461538461539 0.06009615384615385 0.04326923076923077
0 0.4519230769230769 0.09615384615384616 0.0673076923076923 0.052884615384615384
0 0.5456730769230769 0.5228365384615384 0.0625 0.06490384615384616
0 0.6322115384615384 0.8088942307692307 0.06490384615384616 0.0625
0 0.5985576923076923 0.8557692307692307 0.06971153846153846 0.057692307692307696
0 0.8990384615384616 0.2920673076923077 0.06971153846153846 0.06490384615384616
0 0.5396634615384616 0.7836538461538461 0.0625 0.057692307692307696
0 0.3293269230769231 0.2536057692307692 0.06490384615384616 0.052884615384615384
0 0.2848557692307692 0.14182692307692307 0.055288461538461536 0.052884615384615384
0 0.546875 0.9098557692307693 0.0625 0.052884615384615384
0 0.5168269230769231 0.828125 0.0673076923076923 0.055288461538461536
0 0.5180288461538461 0.8978365384615384 0.06490384615384616 0.052884615384615384
0 0.2536057692307692 0.15745192307692307 0.04567307692307692 0.052884615384615384
0 0.3798076923076923 0.6177884615384616 0.06009615384615385 0.057692307692307696
0 0.2644230769230769 0.33653846153846156 0.07451923076923077 0.07451923076923077
0 0.3545673076923077 0.6466346153846154 0.057692307692307696 0.052884615384615384
0 0.16947115384615385 0.20432692307692307 0.06490384615384616 0.057692307692307696
0 0.0985576923076923 0.1778846153846154 0.07692307692307693 0.06971153846153846
0 0.028846153846153848 0.1778846153846154 0.057692307692307696 0.0625
0 0.21754807692307693 0.8100961538461539 0.08173076923076923 0.07211538461538461
0 0.22355769230769232 0.9711538461538461 0.07692307692307693 0.052884615384615384
0 0.20552884615384615 0.9338942307692307 0.07692307692307693 0.0673076923076923
0 0.8389423076923077 0.4098557692307692 0.0673076923076923 0.0625
0 0.8533653846153846 0.46033653846153844 0.06971153846153846 0.06490384615384616
0 0.8040865384615384 0.33533653846153844 0.06490384615384616 0.057692307692307696