0 0.22355769230769232 0.6153846153846154 0.07211538461538461 0.0673076923076923
0 0.15985576923076922 0.4206730769230769 0.06971153846153846 0.06009615384615385
0 0.4014423076923077 0.9170673076923077 0.08173076923076923 0.0673076923076923
0 0.15144230769230768 0.2860576923076923 0.0673076923076923 0.055288461538461536
0 0.2956730769230769 0.6069711538461539 0.06971153846153846 0.057692307692307696
0 0.23197115384615385 0.41947115384615385 0.0673076923076923 0.06009615384615385
0 0.43028846153846156 0.8365384615384616 0.07692307692307693 0.07211538461538461
0 0.013221153846153846 0.4723557692307692 0.026442307692307692 0.06009615384615385
0 0.24879807692307693 0.26322115384615385 0.0625 0.06009615384615385
0 0.48197115384615385 0.7560096153846154 0.07932692307692307 0.06971153846153846
0 0.4110576923076923 0.578125 0.07211538461538461 0.06971153846153846
0 0.5336538461538461 0.7680288461538461 0.07932692307692307 0.06490384615384616
0 0.32211538461538464 0.20793269230769232 0.06490384615384616 0.057692307692307696
0 0.6322115384615384 0.9615384615384616 0.06009615384615385 0.055288461538461536
0 0.5216346153846154 0.6875 0.07211538461538461 0.0673076923076923
0 0.4411057692307692 0.4795673076923077 0.06971153846153846 0.0625
0 0.5985576923076923 0.8497596153846154 0.08653846153846154 0.07932692307692307
0 0.5180288461538461 0.6454326923076923 0.0673076923076923 0.06009615384615385
0 0.6706730769230769 0.9423076923076923 0.07211538461538461 0.0673076923076923
0 0.4074519230769231 0.29086538461538464 0.057692307692307696 0.05048076923076923
0 0.4338942307692308 0.3389423076923077 0.06009615384615385 0.057692307692307696
0 0.65625 0.8882211538461539 0.08413461538461539 0.07451923076923077
0 0.3605769230769231 0.10576923076923077 0.07211538461538461 0.0673076923076923
0 0.46033653846153844 0.3545673076923077 0.06009615384615385 0.052884615384615384
0 0.65625 0.8221153846153846 0.04807692307692308 0.04567307692307692
0 0.4375 0.27524038461538464 0.05048076923076923 0.04567307692307692
0 0.4230769230769231 0.22115384615384615 0.052884615384615384 0.04807692307692308
0 0.4423076923076923 0.19110576923076922 0.04807692307692308 0.04807692307692308
0 0.6177884615384616 0.6177884615384616 0.07451923076923077 0.0625
0 0.7163461538461539 0.8485576923076923 0.06490384615384616 0.0625
0 0.6526442307692307 0.6682692307692307 0.0673076923076923 0.0673076923076923
0 0.7043269230769231 0.7944711538461539 0.04567307692307692 0.040865384615384616
0 0.49399038461538464 0.24759615384615385 0.05048076923076923 0.05048076923076923
0 0.4963942307692308 0.20793269230769232 0.0673076923076923 0.057692307692307696
0 0.7067307692307693 0.7247596153846154 0.055288461538461536 0.04567307692307692
0 0.5901442307692307 0.38221153846153844 0.057692307692307696 0.06009615384615385
0 0.7307692307692307 0.7103365384615384 0.052884615384615384 0.05048076923076923
0 0.7644230769230769 0.7427884615384616 0.06490384615384616 0.052884615384615384
0 0.7415865384615384 0.6610576923076923 0.07211538461538461 0.0625
0 0.6310096153846154 0.3557692307692308 0.06971153846153846 0.06490384615384616
0 0.019230769230769232 0.40625 0.038461538461538464 0.0673076923076923
0 0.23918269230769232 0.9879807692307693 0.055288461538461536 0.019230769230769232
0 0.8413461538461539 0.7800480769230769 0.06009615384615385 0.055288461538461536
0 0.9038461538461539 0.8329326923076923 0.06971153846153846 0.06490384615384616
0 0.7223557692307693 0.33774038461538464 0.07451923076923077 0.0673076923076923
0 0.8461538461538461 0.5865384615384616 0.07211538461538461 0.0625
0 0.9278846153846154 0.7319711538461539 0.07451923076923077 0.0673076923076923
0 0.8810096153846154 0.5889423076923077 0.06490384615384616 0.052884615384615384
0 0.7740384615384616 0.3076923076923077 0.07211538461538461 0.0673076923076923
0 0.6754807692307693 0.06490384615384616 0.07211538461538461 0.0625
0 0.6730769230769231 0.03125 0.06490384615384616 0.06009615384615385
0 0.9735576923076923 0.796875 0.04807692307692308 0.06490384615384616
0 0.7512019230769231 0.18509615384615385 0.08653846153846154 0.07451923076923077
0 0.8581730769230769 0.4495192307692308 0.06009615384615385 0.055288461538461536
0 0.15625 0.7524038461538461 0.06009615384615385 0.052884615384615384
0 0.9723557692307693 0.7019230769230769 0.05048076923076923 0.0625
0 0.7163461538461539 0.02283653846153846 0.0625 0.04567307692307692
0 0.9603365384615384 0.6201923076923077 0.07451923076923077 0.0673076923076923
0 0.9170673076923077 0.453125 0.07451923076923077 0.0673076923076923
0 0.8317307692307693 0.2439903846153846 0.08413461538461539 0.07211538461538461
0 0.8617788461538461 0.2776442307692308 0.08173076923076923 0.07211538461538461
0 0.7848557692307693 0.052884615384615384 0.07932692307692307 0.06490384615384616
0 0.26802884615384615 0.9831730769230769 0.055288461538461536 0.028846153846153848
0 0.12740384615384615 0.6177884615384616 0.07211538461538461 0.055288461538461536
0 0.21875 0.8233173076923077 0.0625 0.0625
0 0.19591346153846154 0.7307692307692307 0.07211538461538461 0.0673076923076923
0 0.17668269230769232 0.6814903846153846 0.0673076923076923 0.057692307692307696
0 0.14783653846153846 0.5528846153846154 0.06490384615384616 0.052884615384615384
0 0.26802884615384615 0.7716346153846154 0.055288461538461536 0.052884615384615384
0 0.3173076923076923 0.8882211538461539 0.06971153846153846 0.0625