1 0.15504807692307693 0.7920673076923077 0.07211538461538461 0.05048076923076923
1 0.28846153846153844 0.2776442307692308 0.057692307692307696 0.055288461538461536
1 0.3245192307692308 0.12980769230769232 0.07692307692307693 0.07211538461538461
1 0.20072115384615385 0.9326923076923077 0.07932692307692307 0.05048076923076923
1 0.03125 0.4807692307692308 0.0625 0.057692307692307696
1 0.4014423076923077 0.14783653846153846 0.07451923076923077 0.06009615384615385
1 0.3076923076923077 0.6862980769230769 0.07932692307692307 0.055288461538461536
1 0.38822115384615385 0.49278846153846156 0.06971153846153846 0.0625
1 0.35697115384615385 0.8509615384615384 0.07211538461538461 0.05048076923076923
1 0.3798076923076923 0.8966346153846154 0.0625 0.055288461538461536
1 0.5192307692307693 0.15745192307692307 0.08653846153846154 0.07451923076923077
1 0.46634615384615385 0.46875 0.0673076923076923 0.057692307692307696
1 0.5252403846153846 0.6550480769230769 0.0673076923076923 0.05048076923076923
1 0.5324519230769231 0.7103365384615384 0.07211538461538461 0.05048076923076923
1 0.6418269230769231 0.2548076923076923 0.08413461538461539 0.07932692307692307
1 0.578125 0.8401442307692307 0.07451923076923077 0.06009615384615385
1 0.6466346153846154 0.4495192307692308 0.05048076923076923 0.055288461538461536
1 0.609375 0.6694711538461539 0.04807692307692308 0.036057692307692304
1 0.6165865384615384 0.6466346153846154 0.055288461538461536 0.036057692307692304
1 0.5997596153846154 0.7620192307692307 0.06971153846153846 0.057692307692307696
1 0.6826923076923077 0.4387019230769231 0.06490384615384616 0.052884615384615384
1 0.6334134615384616 0.921875 0.06009615384615385 0.057692307692307696
1 0.6730769230769231 0.9783653846153846 0.07692307692307693 0.038461538461538464
1 0.7800480769230769 0.47716346153846156 0.055288461538461536 0.04807692307692308
1 0.8209134615384616 0.4387019230769231 0.0625 0.057692307692307696
1 0.7463942307692307 0.9915865384615384 0.06971153846153846 0.01201923076923077
1 0.8870192307692307 0.234375 0.06009615384615385 0.06009615384615385
1 0.9110576923076923 0.1971153846153846 0.06009615384615385 0.052884615384615384
1 0.8798076923076923 0.46153846153846156 0.0625 0.052884615384615384
1 0.9603365384615384 0.2127403846153846 0.055288461538461536 0.04567307692307692
1 0.9615384615384616 0.26802884615384615 0.055288461538461536 0.055288461538461536
1 0.9819711538461539 0.13341346153846154 0.03125 0.06009615384615385
1 0.9086538461538461 0.8377403846153846 0.07451923076923077 0.055288461538461536
1 0.9086538461538461 0.9182692307692307 0.055288461538461536 0.055288461538461536
1 0.04927884615384615 0.8677884615384616 0.07451923076923077 0.07211538461538461
1 0.11057692307692307 0.6526442307692307 0.0625 0.04326923076923077
1 0.125 0.6129807692307693 0.0625 0.052884615384615384
1 0.20432692307692307 0.2127403846153846 0.057692307692307696 0.04326923076923077
1 0.1778846153846154 0.36658653846153844 0.0673076923076923 0.04807692307692308
1 0.13701923076923078 0.7548076923076923 0.0673076923076923 0.057692307692307696