0 0.7415865384615384 0.2668269230769231 0.055288461538461536 0.057692307692307696
0 0.3641826923076923 0.17668269230769232 0.04807692307692308 0.04807692307692308
0 0.4026442307692308 0.1971153846153846 0.04807692307692308 0.055288461538461536
0 0.7992788461538461 0.30408653846153844 0.06009615384615385 0.06490384615384616
0 0.8545673076923077 0.3401442307692308 0.06490384615384616 0.06490384615384616
0 0.9110576923076923 0.3737980769230769 0.06009615384615385 0.057692307692307696
0 0.3233173076923077 0.28725961538461536 0.06009615384615385 0.06490384615384616
0 0.9375 0.4699519230769231 0.05048076923076923 0.052884615384615384
0 0.5180288461538461 0.3798076923076923 0.0673076923076923 0.055288461538461536
0 0.9711538461538461 0.5012019230769231 0.04567307692307692 0.040865384615384616
0 0.6454326923076923 0.46153846153846156 0.057692307692307696 0.057692307692307696
0 0.8725961538461539 0.5360576923076923 0.040865384615384616 0.055288461538461536
0 0.6911057692307693 0.4951923076923077 0.04567307692307692 0.06490384615384616
0 0.5480769230769231 0.4651442307692308 0.0625 0.05048076923076923
0 0.8473557692307693 0.5396634615384616 0.04807692307692308 0.04807692307692308
0 0.23317307692307693 0.4098557692307692 0.05048076923076923 0.052884615384615384
0 0.6790865384615384 0.5769230769230769 0.04326923076923077 0.04807692307692308
0 0.078125 0.44471153846153844 0.04807692307692308 0.055288461538461536
0 0.7752403846153846 0.6310096153846154 0.04807692307692308 0.055288461538461536
0 0.6262019230769231 0.5949519230769231 0.040865384615384616 0.04567307692307692
0 0.037259615384615384 0.4495192307692308 0.05048076923076923 0.057692307692307696
0 0.5 0.5721153846153846 0.052884615384615384 0.055288461538461536
0 0.07692307692307693 0.5132211538461539 0.0625 0.0625
0 0.41225961538461536 0.6141826923076923 0.05048076923076923 0.04807692307692308
0 0.6418269230769231 0.7127403846153846 0.04807692307692308 0.055288461538461536
0 0.4014423076923077 0.6694711538461539 0.04326923076923077 0.04567307692307692
0 0.8197115384615384 0.8209134615384616 0.04807692307692308 0.057692307692307696
0 0.6995192307692307 0.9206730769230769 0.04326923076923077 0.04567307692307692
0 0.6826923076923077 0.9471153846153846 0.04567307692307692 0.040865384615384616
0 0.7872596153846154 0.984375 0.055288461538461536 0.026442307692307692
0 0.48677884615384615 0.9579326923076923 0.06009615384615385 0.0625