1 0.14543269230769232 0.7283653846153846 0.07932692307692307 0.06971153846153846
1 0.2127403846153846 0.38100961538461536 0.0889423076923077 0.0889423076923077
1 0.16105769230769232 0.8713942307692307 0.07451923076923077 0.08413461538461539
1 0.17668269230769232 0.9375 0.09375 0.0673076923076923
1 0.21153846153846154 0.7439903846153846 0.08413461538461539 0.07211538461538461
1 0.2800480769230769 0.3557692307692308 0.06490384615384616 0.10096153846153846
1 0.2824519230769231 0.5528846153846154 0.07451923076923077 0.08413461538461539
1 0.3545673076923077 0.421875 0.07932692307692307 0.06971153846153846
1 0.31850961538461536 0.8125 0.07932692307692307 0.07932692307692307
1 0.4014423076923077 0.15264423076923078 0.07932692307692307 0.07932692307692307
1 0.41346153846153844 0.22716346153846154 0.0889423076923077 0.07932692307692307
1 0.4170673076923077 0.9242788461538461 0.0889423076923077 0.07932692307692307
1 0.5733173076923077 0.039663461538461536 0.09375 0.07692307692307693
1 0.5540865384615384 0.6730769230769231 0.0889423076923077 0.08653846153846154
1 0.5889423076923077 0.90625 0.07211538461538461 0.0889423076923077
1 0.6634615384615384 0.23317307692307693 0.07451923076923077 0.08413461538461539
1 0.6790865384615384 0.32091346153846156 0.08653846153846154 0.0889423076923077
1 0.6430288461538461 0.6911057692307693 0.08173076923076923 0.09615384615384616
1 0.6418269230769231 0.8305288461538461 0.07451923076923077 0.09134615384615384
1 0.7427884615384616 0.24519230769230768 0.08413461538461539 0.09134615384615384
1 0.7223557692307693 0.546875 0.07932692307692307 0.07451923076923077
1 0.7572115384615384 0.3293269230769231 0.07932692307692307 0.0625
1 0.7608173076923077 0.9507211538461539 0.08413461538461539 0.06971153846153846
1 0.8389423076923077 0.7884615384615384 0.07932692307692307 0.07932692307692307
1 0.9074519230769231 0.6983173076923077 0.0889423076923077 0.08413461538461539
1 0.9387019230769231 0.41947115384615385 0.10817307692307693 0.09134615384615384