1 0.09975961538461539 0.09254807692307693 0.052884615384615384 0.04807692307692308
1 0.25 0.1466346153846154 0.04807692307692308 0.04326923076923077
1 0.11057692307692307 0.1346153846153846 0.052884615384615384 0.04807692307692308
1 0.90625 0.0673076923076923 0.052884615384615384 0.04567307692307692
1 0.7151442307692307 0.23798076923076922 0.057692307692307696 0.055288461538461536
1 0.16706730769230768 0.17307692307692307 0.052884615384615384 0.052884615384615384
1 0.20673076923076922 0.18629807692307693 0.040865384615384616 0.04567307692307692
1 0.9591346153846154 0.28846153846153844 0.055288461538461536 0.04567307692307692
1 0.3004807692307692 0.2091346153846154 0.040865384615384616 0.04807692307692308
1 0.22115384615384615 0.21514423076923078 0.04326923076923077 0.04326923076923077
1 0.13701923076923078 0.21033653846153846 0.04567307692307692 0.04807692307692308
1 0.7788461538461539 0.2920673076923077 0.04807692307692308 0.04807692307692308
1 0.9302884615384616 0.31850961538461536 0.055288461538461536 0.052884615384615384
1 0.4723557692307692 0.02283653846153846 0.05048076923076923 0.038461538461538464
1 0.056490384615384616 0.2764423076923077 0.05048076923076923 0.057692307692307696
1 0.7728365384615384 0.375 0.05048076923076923 0.04807692307692308
1 0.40625 0.3329326923076923 0.05048076923076923 0.057692307692307696
1 0.18389423076923078 0.31490384615384615 0.052884615384615384 0.04567307692307692
1 0.9026442307692307 0.40625 0.04807692307692308 0.04807692307692308
1 0.44711538461538464 0.3605769230769231 0.057692307692307696 0.055288461538461536
1 0.24879807692307693 0.36778846153846156 0.057692307692307696 0.055288461538461536
1 0.13581730769230768 0.35697115384615385 0.04326923076923077 0.05048076923076923
1 0.0733173076923077 0.36899038461538464 0.05048076923076923 0.057692307692307696
1 0.20673076923076922 0.39903846153846156 0.0625 0.055288461538461536
1 0.4170673076923077 0.43509615384615385 0.04807692307692308 0.04326923076923077
1 0.9086538461538461 0.5036057692307693 0.052884615384615384 0.052884615384615384
1 0.32572115384615385 0.44711538461538464 0.05048076923076923 0.057692307692307696
1 0.8016826923076923 0.53125 0.04567307692307692 0.04567307692307692
1 0.9783653846153846 0.10697115384615384 0.040865384615384616 0.05048076923076923
1 0.02283653846153846 0.4651442307692308 0.04567307692307692 0.06009615384615385
1 0.2824519230769231 0.02403846153846154 0.05048076923076923 0.04807692307692308
1 0.7139423076923077 0.5600961538461539 0.04807692307692308 0.04807692307692308
1 0.8581730769230769 0.09495192307692307 0.057692307692307696 0.05048076923076923
1 0.7980769230769231 0.5889423076923077 0.04807692307692308 0.04326923076923077
1 0.7463942307692307 0.5913461538461539 0.04807692307692308 0.05048076923076923
1 0.9663461538461539 0.6322115384615384 0.04567307692307692 0.0625
1 0.23557692307692307 0.578125 0.04567307692307692 0.05048076923076923
1 0.7235576923076923 0.6430288461538461 0.04326923076923077 0.04807692307692308
1 0.1502403846153846 0.5853365384615384 0.05048076923076923 0.04807692307692308
1 0.4423076923076923 0.6213942307692307 0.04567307692307692 0.040865384615384616
1 0.14903846153846154 0.02403846153846154 0.0625 0.04807692307692308
1 0.09975961538461539 0.59375 0.05048076923076923 0.052884615384615384
1 0.22596153846153846 0.6213942307692307 0.04807692307692308 0.04567307692307692
1 0.4543269230769231 0.6598557692307693 0.04807692307692308 0.038461538461538464
1 0.7307692307692307 0.7103365384615384 0.04807692307692308 0.055288461538461536
1 0.34134615384615385 0.6634615384615384 0.04326923076923077 0.04567307692307692
1 0.057692307692307696 0.6442307692307693 0.04807692307692308 0.04807692307692308
1 0.9110576923076923 0.7584134615384616 0.04326923076923077 0.04807692307692308
1 0.18509615384615385 0.6814903846153846 0.04807692307692308 0.05048076923076923
1 0.4170673076923077 0.7115384615384616 0.04326923076923077 0.052884615384615384
1 0.5805288461538461 0.7379807692307693 0.04807692307692308 0.04807692307692308
1 0.8846153846153846 0.7824519230769231 0.04567307692307692 0.04807692307692308
1 0.5384615384615384 0.7451923076923077 0.040865384615384616 0.04326923076923077
1 0.057692307692307696 0.7199519230769231 0.055288461538461536 0.057692307692307696
1 0.11778846153846154 0.7403846153846154 0.05048076923076923 0.052884615384615384
1 0.6526442307692307 0.8449519230769231 0.05048076923076923 0.05048076923076923
1 0.26322115384615385 0.8233173076923077 0.04326923076923077 0.05048076923076923
1 0.7019230769230769 0.8798076923076923 0.055288461538461536 0.04567307692307692
1 0.052884615384615384 0.8209134615384616 0.04807692307692308 0.04807692307692308
1 0.53125 0.8942307692307693 0.04326923076923077 0.052884615384615384
1 0.12620192307692307 0.8473557692307693 0.04807692307692308 0.04807692307692308
1 0.25600961538461536 0.8786057692307693 0.052884615384615384 0.038461538461538464
1 0.47836538461538464 0.9050480769230769 0.04567307692307692 0.04807692307692308
1 0.16826923076923078 0.875 0.04567307692307692 0.04567307692307692
1 0.7716346153846154 0.9543269230769231 0.04807692307692308 0.04567307692307692
1 0.015625 0.8737980769230769 0.03125 0.06009615384615385
1 0.5204326923076923 0.9447115384615384 0.040865384615384616 0.05048076923076923
1 0.7548076923076923 0.9747596153846154 0.038461538461538464 0.040865384615384616
1 0.9170673076923077 0.9831730769230769 0.055288461538461536 0.028846153846153848
1 0.34134615384615385 0.9290865384615384 0.05048076923076923 0.057692307692307696
1 0.4723557692307692 0.953125 0.038461538461538464 0.04326923076923077
1 0.09615384615384616 0.9362980769230769 0.04807692307692308 0.038461538461538464
1 0.8665865384615384 0.052884615384615384 0.040865384615384616 0.028846153846153848