1 0.17067307692307693 0.6490384615384616 0.057692307692307696 0.055288461538461536
1 0.15745192307692307 0.9879807692307693 0.05048076923076923 0.019230769230769232
1 0.234375 0.7584134615384616 0.0625 0.06971153846153846
1 0.1502403846153846 0.21153846153846154 0.04567307692307692 0.05048076923076923
1 0.17067307692307693 0.15144230769230768 0.057692307692307696 0.0625
1 0.06009615384615385 0.6598557692307693 0.05048076923076923 0.04807692307692308
1 0.4495192307692308 0.7848557692307693 0.052884615384615384 0.05048076923076923
1 0.24759615384615385 0.14783653846153846 0.052884615384615384 0.057692307692307696
1 0.5072115384615384 0.8942307692307693 0.06009615384615385 0.052884615384615384
1 0.38461538461538464 0.5036057692307693 0.055288461538461536 0.0625
1 0.5444711538461539 0.9471153846153846 0.0625 0.057692307692307696
1 0.5084134615384616 0.7776442307692307 0.04807692307692308 0.04567307692307692
1 0.4266826923076923 0.4651442307692308 0.05048076923076923 0.057692307692307696
1 0.32091346153846156 0.09735576923076923 0.055288461538461536 0.052884615384615384
1 0.49399038461538464 0.6129807692307693 0.055288461538461536 0.055288461538461536
1 0.6286057692307693 0.9663461538461539 0.06009615384615385 0.04326923076923077
1 0.5036057692307693 0.4891826923076923 0.057692307692307696 0.055288461538461536
1 0.6105769230769231 0.7980769230769231 0.05048076923076923 0.04807692307692308
1 0.4483173076923077 0.27163461538461536 0.055288461538461536 0.055288461538461536
1 0.48197115384615385 0.3173076923076923 0.055288461538461536 0.05048076923076923
1 0.7259615384615384 0.9254807692307693 0.07211538461538461 0.0625
1 0.7175480769230769 0.84375 0.0625 0.055288461538461536
1 0.5336538461538461 0.11778846153846154 0.07211538461538461 0.0673076923076923
1 0.5492788461538461 0.038461538461538464 0.0625 0.057692307692307696
1 0.7379807692307693 0.6129807692307693 0.0625 0.057692307692307696
1 0.17908653846153846 0.8966346153846154 0.06009615384615385 0.055288461538461536
1 0.8605769230769231 0.8786057692307693 0.0625 0.055288461538461536
1 0.8449519230769231 0.7704326923076923 0.0625 0.0625
1 0.6742788461538461 0.2403846153846154 0.06490384615384616 0.0625
1 0.8100961538461539 0.59375 0.0625 0.057692307692307696
1 0.7175480769230769 0.296875 0.06009615384615385 0.055288461538461536
1 0.8581730769230769 0.7007211538461539 0.052884615384615384 0.052884615384615384
1 0.7367788461538461 0.22596153846153846 0.06490384615384616 0.06490384615384616
1 0.8233173076923077 0.4543269230769231 0.06009615384615385 0.055288461538461536
1 0.7788461538461539 0.2764423076923077 0.052884615384615384 0.052884615384615384
1 0.9783653846153846 0.7548076923076923 0.038461538461538464 0.057692307692307696
1 0.9783653846153846 0.6009615384615384 0.038461538461538464 0.0625
1 0.9326923076923077 0.28725961538461536 0.052884615384615384 0.055288461538461536
1 0.9891826923076923 0.515625 0.016826923076923076 0.06490384615384616
1 0.24158653846153846 0.9290865384615384 0.057692307692307696 0.0625