1 0.38341346153846156 0.07692307692307693 0.0673076923076923 0.06490384615384616
1 0.8786057692307693 0.2704326923076923 0.05048076923076923 0.055288461538461536
1 0.9711538461538461 0.16706730769230768 0.052884615384615384 0.055288461538461536
1 0.7175480769230769 0.2127403846153846 0.055288461538461536 0.052884615384615384
1 0.8497596153846154 0.26322115384615385 0.05048076923076923 0.055288461538461536
1 0.21995192307692307 0.03125 0.06971153846153846 0.0625
1 0.671875 0.21153846153846154 0.05048076923076923 0.055288461538461536
1 0.640625 0.20793269230769232 0.04567307692307692 0.05048076923076923
1 0.16947115384615385 0.03245192307692308 0.0625 0.0625
1 0.28725961538461536 0.08413461538461539 0.0673076923076923 0.06490384615384616
1 0.7295673076923077 0.2692307692307692 0.052884615384615384 0.055288461538461536
1 0.6117788461538461 0.2247596153846154 0.04807692307692308 0.04567307692307692
1 0.8509615384615384 0.3173076923076923 0.05048076923076923 0.04326923076923077
1 0.453125 0.18269230769230768 0.052884615384615384 0.05048076923076923
1 0.42788461538461536 0.17427884615384615 0.04326923076923077 0.04326923076923077
1 0.8449519230769231 0.3425480769230769 0.04807692307692308 0.04567307692307692
1 0.33413461538461536 0.15625 0.0625 0.057692307692307696
1 0.5817307692307693 0.25240384615384615 0.05048076923076923 0.052884615384615384
1 0.9663461538461539 0.4014423076923077 0.0625 0.0673076923076923
1 0.6105769230769231 0.2956730769230769 0.0625 0.0625
1 0.22716346153846154 0.15504807692307693 0.0673076923076923 0.06009615384615385
1 0.8725961538461539 0.13822115384615385 0.06490384615384616 0.06009615384615385
1 0.5228365384615384 0.296875 0.057692307692307696 0.055288461538461536
1 0.46033653846153844 0.28125 0.04567307692307692 0.04567307692307692
1 0.7283653846153846 0.3942307692307692 0.04807692307692308 0.052884615384615384
1 0.7620192307692307 0.41346153846153844 0.06009615384615385 0.055288461538461536
1 0.11658653846153846 0.16826923076923078 0.06009615384615385 0.0625
1 0.44350961538461536 0.30288461538461536 0.04807692307692308 0.038461538461538464
1 0.7103365384615384 0.0829326923076923 0.0673076923076923 0.0625
1 0.30528846153846156 0.2644230769230769 0.06009615384615385 0.0625
1 0.8028846153846154 0.45913461538461536 0.0625 0.055288461538461536
1 0.7115384615384616 0.4266826923076923 0.055288461538461536 0.055288461538461536
1 0.9399038461538461 0.5240384615384616 0.06490384615384616 0.0625
1 0.2091346153846154 0.2439903846153846 0.07211538461538461 0.06490384615384616
1 0.12740384615384615 0.21995192307692307 0.0673076923076923 0.06490384615384616
1 0.6009615384615384 0.04326923076923077 0.0625 0.05048076923076923
1 0.9110576923076923 0.5649038461538461 0.05048076923076923 0.055288461538461536
1 0.15865384615384615 0.28966346153846156 0.05048076923076923 0.052884615384615384
1 0.26322115384615385 0.35336538461538464 0.057692307692307696 0.052884615384615384
1 0.15985576923076922 0.32091346153846156 0.055288461538461536 0.052884615384615384
1 0.5829326923076923 0.5060096153846154 0.06009615384615385 0.06490384615384616
1 0.19110576923076922 0.3557692307692308 0.057692307692307696 0.057692307692307696
1 0.28365384615384615 0.40865384615384615 0.057692307692307696 0.057692307692307696
1 0.7512019230769231 0.5889423076923077 0.04567307692307692 0.04807692307692308
1 0.9206730769230769 0.6682692307692307 0.06490384615384616 0.0673076923076923
1 0.16706730769230768 0.38221153846153844 0.0625 0.057692307692307696
1 0.625 0.5625 0.07211538461538461 0.06971153846153846
1 0.7271634615384616 0.6033653846153846 0.040865384615384616 0.04567307692307692
1 0.09615384615384616 0.41586538461538464 0.052884615384615384 0.05048076923076923
1 0.6033653846153846 0.6141826923076923 0.06971153846153846 0.07692307692307693
1 0.3425480769230769 0.5180288461538461 0.05048076923076923 0.0625
1 0.17668269230769232 0.46634615384615385 0.057692307692307696 0.057692307692307696
1 0.6923076923076923 0.6634615384615384 0.04567307692307692 0.04807692307692308
1 0.36658653846153844 0.5432692307692307 0.057692307692307696 0.06490384615384616
1 0.8509615384615384 0.7548076923076923 0.057692307692307696 0.057692307692307696
1 0.22115384615384615 0.5144230769230769 0.055288461538461536 0.057692307692307696
1 0.13822115384615385 0.48677884615384615 0.052884615384615384 0.06009615384615385
1 0.0889423076923077 0.4879807692307692 0.052884615384615384 0.055288461538461536
1 0.1814903846153846 0.5288461538461539 0.0625 0.06490384615384616
1 0.3317307692307692 0.5913461538461539 0.057692307692307696 0.06490384615384616
1 0.6802884615384616 0.7379807692307693 0.0625 0.055288461538461536
1 0.02403846153846154 0.4879807692307692 0.04807692307692308 0.057692307692307696
1 0.7896634615384616 0.7848557692307693 0.055288461538461536 0.055288461538461536
1 0.26322115384615385 0.5865384615384616 0.055288461538461536 0.0625
1 0.7596153846153846 0.7932692307692307 0.06971153846153846 0.0625
1 0.5949519230769231 0.7355769230769231 0.055288461538461536 0.055288461538461536
1 0.8617788461538461 0.8617788461538461 0.0673076923076923 0.07451923076923077
1 0.030048076923076924 0.5492788461538461 0.055288461538461536 0.055288461538461536
1 0.5228365384615384 0.7403846153846154 0.04807692307692308 0.052884615384615384
1 0.578125 0.7788461538461539 0.055288461538461536 0.055288461538461536
1 0.5408653846153846 0.7680288461538461 0.04567307692307692 0.05048076923076923
1 0.7019230769230769 0.8377403846153846 0.052884615384615384 0.055288461538461536
1 0.010817307692307692 0.5709134615384616 0.021634615384615384 0.055288461538461536
1 0.8990384615384616 0.1971153846153846 0.0625 0.0625
1 0.17307692307692307 0.6694711538461539 0.05048076923076923 0.055288461538461536
1 0.5180288461538461 0.8052884615384616 0.052884615384615384 0.055288461538461536
1 0.7536057692307693 0.8990384615384616 0.05048076923076923 0.05048076923076923
1 0.31971153846153844 0.7355769230769231 0.04326923076923077 0.04326923076923077
1 0.1045673076923077 0.65625 0.06009615384615385 0.0625
1 0.07091346153846154 0.6574519230769231 0.04807692307692308 0.052884615384615384
1 0.013221153846153846 0.6310096153846154 0.026442307692307692 0.07932692307692307
1 0.7355769230769231 0.9182692307692307 0.057692307692307696 0.052884615384615384
1 0.15625 0.7019230769230769 0.06009615384615385 0.06009615384615385
1 0.31850961538461536 0.7704326923076923 0.06009615384615385 0.055288461538461536
1 0.5120192307692307 0.8497596153846154 0.0625 0.057692307692307696
1 0.23197115384615385 0.7524038461538461 0.06490384615384616 0.07211538461538461
1 0.026442307692307692 0.6838942307692307 0.05048076923076923 0.055288461538461536
1 0.6370192307692307 0.9230769230769231 0.055288461538461536 0.04807692307692308
1 0.28365384615384615 0.796875 0.055288461538461536 0.055288461538461536
1 0.1141826923076923 0.7331730769230769 0.057692307692307696 0.057692307692307696
1 0.39663461538461536 0.8521634615384616 0.06009615384615385 0.057692307692307696
1 0.6045673076923077 0.9350961538461539 0.052884615384615384 0.052884615384615384
1 0.36177884615384615 0.8449519230769231 0.04567307692307692 0.04807692307692308
1 0.02283653846153846 0.7379807692307693 0.04567307692307692 0.0625
1 0.055288461538461536 0.7608173076923077 0.055288461538461536 0.06009615384615385
1 0.42908653846153844 0.9375 0.057692307692307696 0.057692307692307696
1 0.6286057692307693 0.11538461538461539 0.07211538461538461 0.06971153846153846
1 0.14903846153846154 0.8509615384615384 0.06490384615384616 0.0673076923076923
1 0.46033653846153844 0.9675480769230769 0.06971153846153846 0.06009615384615385
1 0.013221153846153846 0.8125 0.026442307692307692 0.0673076923076923
1 0.04567307692307692 0.8365384615384616 0.0625 0.055288461538461536
1 0.33413461538461536 0.9495192307692307 0.04807692307692308 0.04807692307692308