0 0.4387019230769231 0.6081730769230769 0.06971153846153846 0.055288461538461536
0 0.5913461538461539 0.4050480769230769 0.06971153846153846 0.05048076923076923
0 0.6574519230769231 0.375 0.08653846153846154 0.055288461538461536
0 0.6766826923076923 0.7379807692307693 0.07211538461538461 0.055288461538461536
0 0.734375 0.6334134615384616 0.0889423076923077 0.05048076923076923
0 0.7019230769230769 0.7920673076923077 0.07211538461538461 0.052884615384615384
0 0.7896634615384616 0.42427884615384615 0.0673076923076923 0.06009615384615385
0 0.796875 0.46153846153846156 0.0673076923076923 0.05048076923076923
0 0.7007211538461539 0.9158653846153846 0.0673076923076923 0.057692307692307696
0 0.7788461538461539 0.8449519230769231 0.07932692307692307 0.057692307692307696
0 0.1875 0.8605769230769231 0.07451923076923077 0.06009615384615385