0 0.8353365384615384 0.8317307692307693 0.0673076923076923 0.09615384615384616
0 0.6057692307692307 0.5709134615384616 0.055288461538461536 0.07211538461538461
0 0.41586538461538464 0.39783653846153844 0.06490384615384616 0.08173076923076923
0 0.3870192307692308 0.33533653846153844 0.0673076923076923 0.08653846153846154
0 0.7463942307692307 0.33413461538461536 0.0673076923076923 0.0889423076923077
0 0.8064903846153846 0.3245192307692308 0.055288461538461536 0.07451923076923077
0 0.6490384615384616 0.2764423076923077 0.07211538461538461 0.08413461538461539
0 0.44591346153846156 0.20072115384615385 0.057692307692307696 0.08653846153846154
0 0.484375 0.1935096153846154 0.0625 0.08173076923076923
0 0.9266826923076923 0.31971153846153844 0.07451923076923077 0.10576923076923077
0 0.8617788461538461 0.2403846153846154 0.06490384615384616 0.09375
0 0.8762019230769231 0.9146634615384616 0.0625 0.08413461538461539