0 0.006009615384615385 0.7451923076923077 0.01201923076923077 0.057692307692307696
0 0.13942307692307693 0.7920673076923077 0.07932692307692307 0.09615384615384616
0 0.02403846153846154 0.7379807692307693 0.04567307692307692 0.055288461538461536
0 0.6935096153846154 0.8834134615384616 0.05048076923076923 0.06490384615384616
0 0.0625 0.6730769230769231 0.04326923076923077 0.055288461538461536
0 0.12740384615384615 0.8822115384615384 0.05048076923076923 0.04807692307692308
0 0.8581730769230769 0.9026442307692307 0.05048076923076923 0.07451923076923077
0 0.07091346153846154 0.859375 0.04807692307692308 0.055288461538461536
0 0.7427884615384616 0.8629807692307693 0.04807692307692308 0.057692307692307696
0 0.6394230769230769 0.828125 0.04567307692307692 0.055288461538461536
0 0.8461538461538461 0.8701923076923077 0.04567307692307692 0.07932692307692307
0 0.10697115384615384 0.6081730769230769 0.04807692307692308 0.06009615384615385
0 0.33052884615384615 0.6814903846153846 0.04567307692307692 0.06490384615384616
0 0.15625 0.5769230769230769 0.04567307692307692 0.0673076923076923
0 0.3245192307692308 0.5901442307692307 0.05048076923076923 0.06971153846153846
0 0.2536057692307692 0.5637019230769231 0.04807692307692308 0.06009615384615385
0 0.21394230769230768 0.5456730769230769 0.04807692307692308 0.06490384615384616
0 0.8545673076923077 0.7391826923076923 0.052884615384615384 0.06971153846153846
0 0.09134615384615384 0.47716346153846156 0.052884615384615384 0.06009615384615385
0 0.734375 0.6538461538461539 0.0625 0.09134615384615384
0 0.5877403846153846 0.5853365384615384 0.05048076923076923 0.06971153846153846
0 0.7091346153846154 0.6081730769230769 0.057692307692307696 0.08413461538461539
0 0.47716346153846156 0.5180288461538461 0.09375 0.12980769230769232
0 0.6838942307692307 0.5793269230769231 0.06009615384615385 0.07211538461538461
0 0.2403846153846154 0.41947115384615385 0.05048076923076923 0.07211538461538461
0 0.16706730769230768 0.38221153846153844 0.09375 0.12259615384615384
0 0.054086538461538464 0.8269230769230769 0.04567307692307692 0.06009615384615385
0 0.3173076923076923 0.3786057692307692 0.09375 0.12259615384615384
0 0.9338942307692307 0.5733173076923077 0.040865384615384616 0.06490384615384616
0 0.8161057692307693 0.5108173076923077 0.052884615384615384 0.07211538461538461
0 0.08413461538461539 0.203125 0.04567307692307692 0.08413461538461539
0 0.6670673076923077 0.36658653846153844 0.05048076923076923 0.06490384615384616
0 0.7079326923076923 0.3762019230769231 0.055288461538461536 0.07211538461538461
0 0.875 0.3918269230769231 0.06490384615384616 0.08173076923076923
0 0.6514423076923077 0.29927884615384615 0.04807692307692308 0.06971153846153846
0 0.47475961538461536 0.2091346153846154 0.055288461538461536 0.07932692307692307
0 0.9867788461538461 0.375 0.021634615384615384 0.0673076923076923
0 0.5480769230769231 0.21514423076923078 0.0625 0.07451923076923077
0 0.3954326923076923 0.11899038461538461 0.06009615384615385 0.0673076923076923