0 0.11899038461538461 0.7740384615384616 0.0625 0.08173076923076923
0 0.10096153846153846 0.8557692307692307 0.04326923076923077 0.04567307692307692
0 0.05048076923076923 0.6430288461538461 0.04326923076923077 0.052884615384615384
0 0.6141826923076923 0.8389423076923077 0.055288461538461536 0.07451923076923077
0 0.7163461538461539 0.8762019230769231 0.055288461538461536 0.07211538461538461
0 0.04567307692307692 0.8269230769230769 0.04807692307692308 0.055288461538461536
0 0.09975961538461539 0.578125 0.052884615384615384 0.06490384615384616
0 0.31971153846153844 0.6574519230769231 0.055288461538461536 0.06971153846153846
0 0.15264423076923078 0.5540865384615384 0.052884615384615384 0.06490384615384616
0 0.31490384615384615 0.5817307692307693 0.057692307692307696 0.07692307692307693
0 0.2536057692307692 0.5492788461538461 0.052884615384615384 0.07211538461538461
0 0.20793269230769232 0.53125 0.055288461538461536 0.06971153846153846
0 0.09615384615384616 0.44711538461538464 0.052884615384615384 0.07211538461538461
0 0.7235576923076923 0.6658653846153846 0.06009615384615385 0.07451923076923077
0 0.5817307692307693 0.5877403846153846 0.052884615384615384 0.06971153846153846
0 0.6995192307692307 0.6237980769230769 0.055288461538461536 0.07451923076923077
0 0.6754807692307693 0.5949519230769231 0.0673076923076923 0.08413461538461539
0 0.4795673076923077 0.515625 0.07692307692307693 0.0985576923076923
0 0.3762019230769231 0.46634615384615385 0.055288461538461536 0.07451923076923077
0 0.24158653846153846 0.40625 0.055288461538461536 0.07692307692307693
0 0.1778846153846154 0.3605769230769231 0.07211538461538461 0.0889423076923077
0 0.03125 0.7908653846153846 0.040865384615384616 0.05048076923076923
0 0.33653846153846156 0.3485576923076923 0.07692307692307693 0.09375
0 0.8137019230769231 0.5324519230769231 0.055288461538461536 0.07692307692307693
0 0.1045673076923077 0.17548076923076922 0.04807692307692308 0.07451923076923077
0 0.7175480769230769 0.3918269230769231 0.055288461538461536 0.07451923076923077
0 0.8834134615384616 0.4182692307692308 0.055288461538461536 0.07451923076923077
0 0.9879807692307693 0.4074519230769231 0.019230769230769232 0.07451923076923077