0 0.07091346153846154 0.4026442307692308 0.057692307692307696 0.038461538461538464
0 0.8870192307692307 0.7752403846153846 0.14903846153846154 0.08173076923076923
0 0.8689903846153846 0.9567307692307693 0.04326923076923077 0.026442307692307692
0 0.8641826923076923 0.9338942307692307 0.05048076923076923 0.021634615384615384
0 0.8822115384615384 0.4891826923076923 0.05048076923076923 0.038461538461538464
0 0.8449519230769231 0.90625 0.07451923076923077 0.03365384615384615
0 0.8533653846153846 0.5492788461538461 0.06971153846153846 0.03365384615384615
0 0.8401442307692307 0.5769230769230769 0.0673076923076923 0.038461538461538464
0 0.8293269230769231 0.22355769230769232 0.06490384615384616 0.04567307692307692
0 0.8112980769230769 0.055288461538461536 0.07932692307692307 0.03365384615384615
0 0.7956730769230769 0.17548076923076922 0.06490384615384616 0.04567307692307692
0 0.7860576923076923 0.2860576923076923 0.06490384615384616 0.036057692307692304
0 0.7596153846153846 0.40384615384615385 0.06009615384615385 0.04326923076923077
0 0.7740384615384616 0.08052884615384616 0.07451923076923077 0.03365384615384615
0 0.7103365384615384 0.6213942307692307 0.0673076923076923 0.038461538461538464
0 0.6947115384615384 0.8557692307692307 0.08653846153846154 0.040865384615384616
0 0.9855769230769231 0.052884615384615384 0.02403846153846154 0.04326923076923077
0 0.7319711538461539 0.1045673076923077 0.06009615384615385 0.038461538461538464
0 0.6574519230769231 0.8137019230769231 0.07211538461538461 0.052884615384615384
0 0.6334134615384616 0.6502403846153846 0.06971153846153846 0.03365384615384615
0 0.6201923076923077 0.71875 0.07211538461538461 0.04326923076923077
0 0.6105769230769231 0.7668269230769231 0.07932692307692307 0.038461538461538464
0 0.6478365384615384 0.10096153846153846 0.06009615384615385 0.038461538461538464
0 0.5793269230769231 0.9026442307692307 0.09615384615384616 0.06009615384615385
0 0.5985576923076923 0.234375 0.15865384615384615 0.07211538461538461
0 0.9326923076923077 0.8569711538461539 0.08413461538461539 0.038461538461538464
0 0.5649038461538461 0.3918269230769231 0.08653846153846154 0.03365384615384615
0 0.5420673076923077 0.30528846153846156 0.11298076923076923 0.055288461538461536
0 0.5204326923076923 0.5204326923076923 0.2403846153846154 0.13701923076923078
0 0.5060096153846154 0.6286057692307693 0.07932692307692307 0.028846153846153848
0 0.4891826923076923 0.7716346153846154 0.08653846153846154 0.05048076923076923
0 0.5036057692307693 0.078125 0.0673076923076923 0.03125
0 0.46033653846153844 0.06370192307692307 0.0625 0.03365384615384615
0 0.43028846153846156 0.19110576923076922 0.07211538461538461 0.038461538461538464
0 0.390625 0.019230769230769232 0.06971153846153846 0.038461538461538464
0 0.31490384615384615 0.9723557692307693 0.11778846153846154 0.03365384615384615
0 0.32572115384615385 0.37259615384615385 0.06971153846153846 0.036057692307692304
0 0.328125 0.3293269230769231 0.0673076923076923 0.04807692307692308
0 0.31009615384615385 0.16346153846153846 0.16346153846153846 0.09375
0 0.265625 0.40024038461538464 0.055288461538461536 0.03125
0 0.22115384615384615 0.5949519230769231 0.06971153846153846 0.036057692307692304
0 0.25600961538461536 0.04567307692307692 0.0673076923076923 0.040865384615384616
0 0.21995192307692307 0.5192307692307693 0.0625 0.05048076923076923
0 0.19951923076923078 0.6177884615384616 0.06490384615384616 0.028846153846153848
0 0.19831730769230768 0.4362980769230769 0.07211538461538461 0.03365384615384615
0 0.16466346153846154 0.6394230769230769 0.06971153846153846 0.03365384615384615
0 0.15504807692307693 0.6923076923076923 0.052884615384615384 0.036057692307692304
0 0.1502403846153846 0.7560096153846154 0.07211538461538461 0.028846153846153848
0 0.1310096153846154 0.7764423076923077 0.06490384615384616 0.03365384615384615
0 0.18269230769230768 0.006009615384615385 0.08653846153846154 0.01201923076923077
0 0.13942307692307693 0.4230769230769231 0.0625 0.03365384615384615