0 0.24639423076923078 0.9759615384615384 0.06490384615384616 0.04326923076923077
0 0.5961538461538461 0.8497596153846154 0.06009615384615385 0.07692307692307693
0 0.5685096153846154 0.8533653846153846 0.06009615384615385 0.07932692307692307
0 0.22956730769230768 0.9483173076923077 0.06009615384615385 0.07932692307692307
0 0.4579326923076923 0.9903846153846154 0.05048076923076923 0.014423076923076924
0 0.11298076923076923 0.84375 0.052884615384615384 0.08173076923076923
0 0.47716346153846156 0.9795673076923077 0.06009615384615385 0.036057692307692304
0 0.07932692307692307 0.765625 0.04567307692307692 0.07451923076923077
0 0.23557692307692307 0.6141826923076923 0.06490384615384616 0.0889423076923077
0 0.2692307692307692 0.515625 0.06971153846153846 0.0889423076923077
0 0.12379807692307693 0.47836538461538464 0.07692307692307693 0.11778846153846154
0 0.6189903846153846 0.9050480769230769 0.055288461538461536 0.07211538461538461
0 0.5853365384615384 0.90625 0.052884615384615384 0.08413461538461539