0 0.5180288461538461 0.09254807692307693 0.028846153846153848 0.04567307692307692
0 0.6334134615384616 0.12740384615384615 0.016826923076923076 0.04326923076923077
0 0.9519230769230769 0.17067307692307693 0.02403846153846154 0.04567307692307692
0 0.6947115384615384 0.14423076923076922 0.036057692307692304 0.057692307692307696
0 0.8533653846153846 0.171875 0.026442307692307692 0.040865384615384616
0 0.5721153846153846 0.140625 0.028846153846153848 0.05048076923076923
0 0.6069711538461539 0.1658653846153846 0.03125 0.04807692307692308
0 0.7007211538461539 0.18870192307692307 0.028846153846153848 0.040865384615384616
0 0.5612980769230769 0.18028846153846154 0.02403846153846154 0.036057692307692304
0 0.6706730769230769 0.20552884615384615 0.026442307692307692 0.04567307692307692
0 0.8762019230769231 0.24278846153846154 0.02403846153846154 0.036057692307692304
0 0.7692307692307693 0.23677884615384615 0.028846153846153848 0.04567307692307692
0 0.5588942307692307 0.21153846153846154 0.02403846153846154 0.036057692307692304
0 0.8341346153846154 0.24519230769230768 0.019230769230769232 0.04326923076923077
0 0.59375 0.22115384615384615 0.02403846153846154 0.038461538461538464
0 0.8846153846153846 0.26322115384615385 0.02403846153846154 0.04567307692307692
0 0.7043269230769231 0.24519230769230768 0.02403846153846154 0.038461538461538464
0 0.4855769230769231 0.2247596153846154 0.04807692307692308 0.09134615384615384
0 0.6730769230769231 0.2692307692307692 0.02403846153846154 0.040865384615384616
0 0.8990384615384616 0.3004807692307692 0.02403846153846154 0.05048076923076923
0 0.9675480769230769 0.3329326923076923 0.02403846153846154 0.04326923076923077
0 0.8377403846153846 0.32211538461538464 0.019230769230769232 0.040865384615384616
0 0.9110576923076923 0.3329326923076923 0.019230769230769232 0.040865384615384616
0 0.9411057692307693 0.07932692307692307 0.036057692307692304 0.057692307692307696
0 0.7139423076923077 0.3088942307692308 0.019230769230769232 0.04326923076923077
0 0.8497596153846154 0.3269230769230769 0.019230769230769232 0.036057692307692304
0 0.8725961538461539 0.33052884615384615 0.02403846153846154 0.040865384615384616
0 0.8245192307692307 0.3293269230769231 0.019230769230769232 0.040865384615384616
0 0.859375 0.33413461538461536 0.019230769230769232 0.040865384615384616
0 0.9399038461538461 0.34615384615384615 0.02403846153846154 0.040865384615384616
0 0.6983173076923077 0.31971153846153844 0.02403846153846154 0.040865384615384616
0 0.8076923076923077 0.33653846153846156 0.019230769230769232 0.036057692307692304
0 0.921875 0.3629807692307692 0.019230769230769232 0.036057692307692304
0 0.8689903846153846 0.3701923076923077 0.03365384615384615 0.055288461538461536
0 0.9242788461538461 0.3894230769230769 0.02403846153846154 0.04326923076923077
0 0.7872596153846154 0.06610576923076923 0.038461538461538464 0.06009615384615385
0 0.9903846153846154 0.4110576923076923 0.014423076923076924 0.04326923076923077
0 0.7247596153846154 0.38341346153846156 0.026442307692307692 0.040865384615384616
0 0.8485576923076923 0.41346153846153844 0.019230769230769232 0.04567307692307692
0 0.5564903846153846 0.37740384615384615 0.03125 0.06009615384615385
0 0.7079326923076923 0.4014423076923077 0.028846153846153848 0.036057692307692304
0 0.7331730769230769 0.4098557692307692 0.028846153846153848 0.038461538461538464
0 0.8329326923076923 0.43149038461538464 0.019230769230769232 0.04567307692307692
0 0.7127403846153846 0.4254807692307692 0.02403846153846154 0.03365384615384615
0 0.49278846153846156 0.036057692307692304 0.040865384615384616 0.06971153846153846
0 0.5132211538461539 0.4098557692307692 0.036057692307692304 0.055288461538461536
0 0.6153846153846154 0.43509615384615385 0.028846153846153848 0.05048076923076923
0 0.7512019230769231 0.46153846153846156 0.028846153846153848 0.04326923076923077
0 0.6298076923076923 0.46634615384615385 0.028846153846153848 0.04326923076923077
0 0.7199519230769231 0.484375 0.028846153846153848 0.04567307692307692
0 0.7992788461538461 0.5120192307692307 0.02403846153846154 0.04567307692307692
0 0.9014423076923077 0.5336538461538461 0.026442307692307692 0.040865384615384616
0 0.6706730769230769 0.06850961538461539 0.019230769230769232 0.036057692307692304
0 0.9879807692307693 0.5625 0.019230769230769232 0.0625
0 0.9735576923076923 0.5709134615384616 0.028846153846153848 0.04567307692307692
0 0.7668269230769231 0.5637019230769231 0.028846153846153848 0.04567307692307692
0 0.9002403846153846 0.5805288461538461 0.026442307692307692 0.05048076923076923
0 0.7427884615384616 0.5637019230769231 0.02403846153846154 0.04807692307692308
0 0.8137019230769231 0.578125 0.02403846153846154 0.03125
0 0.8149038461538461 0.6057692307692307 0.028846153846153848 0.036057692307692304
0 0.7043269230769231 0.6033653846153846 0.03365384615384615 0.036057692307692304
0 0.7391826923076923 0.6141826923076923 0.019230769230769232 0.026442307692307692
0 0.7596153846153846 0.6358173076923077 0.016826923076923076 0.026442307692307692
0 0.7331730769230769 0.6334134615384616 0.026442307692307692 0.03125
0 0.75 0.6574519230769231 0.02403846153846154 0.036057692307692304
0 0.8149038461538461 0.6742788461538461 0.026442307692307692 0.040865384615384616
0 0.5829326923076923 0.0733173076923077 0.036057692307692304 0.06490384615384616
0 0.7151442307692307 0.6814903846153846 0.026442307692307692 0.040865384615384616
0 0.7295673076923077 0.7163461538461539 0.026442307692307692 0.055288461538461536
0 0.8353365384615384 0.7307692307692307 0.028846153846153848 0.04567307692307692
0 0.7740384615384616 0.7295673076923077 0.028846153846153848 0.05048076923076923
0 0.5384615384615384 0.07091346153846154 0.036057692307692304 0.055288461538461536
0 0.6947115384615384 0.7271634615384616 0.02403846153846154 0.04326923076923077
0 0.6117788461538461 0.08173076923076923 0.03365384615384615 0.05048076923076923
0 0.9915865384615384 0.12980769230769232 0.01201923076923077 0.04326923076923077
0 0.7127403846153846 0.7427884615384616 0.028846153846153848 0.038461538461538464
0 0.7908653846153846 0.7836538461538461 0.028846153846153848 0.04567307692307692
0 0.6526442307692307 0.09495192307692307 0.019230769230769232 0.036057692307692304
0 0.7235576923076923 0.8689903846153846 0.02403846153846154 0.04807692307692308
0 0.6971153846153846 0.8774038461538461 0.028846153846153848 0.038461538461538464
0 0.765625 0.8882211538461539 0.02403846153846154 0.040865384615384616
0 0.8016826923076923 0.8978365384615384 0.02403846153846154 0.04326923076923077
0 0.8173076923076923 0.921875 0.026442307692307692 0.05048076923076923
0 0.7620192307692307 0.9206730769230769 0.028846153846153848 0.04326923076923077