0 0.9795673076923077 0.15745192307692307 0.036057692307692304 0.055288461538461536
0 0.9555288461538461 0.16105769230769232 0.03365384615384615 0.05048076923076923
0 0.7980769230769231 0.14423076923076922 0.06490384615384616 0.09134615384615384
0 0.921875 0.17548076923076922 0.038461538461538464 0.052884615384615384
0 0.23677884615384615 0.15985576923076922 0.040865384615384616 0.0625
0 0.8966346153846154 0.24639423076923078 0.03365384615384615 0.05048076923076923
0 0.7944711538461539 0.052884615384615384 0.04326923076923077 0.04567307692307692
0 0.31490384615384615 0.01201923076923077 0.04807692307692308 0.02403846153846154
0 0.07091346153846154 0.17427884615384615 0.038461538461538464 0.06971153846153846
0 0.8533653846153846 0.06370192307692307 0.038461538461538464 0.052884615384615384
0 0.1935096153846154 0.18990384615384615 0.040865384615384616 0.052884615384615384
0 0.3004807692307692 0.20432692307692307 0.038461538461538464 0.052884615384615384
0 0.09014423076923077 0.203125 0.03365384615384615 0.07692307692307693
0 0.8653846153846154 0.31850961538461536 0.040865384615384616 0.057692307692307696
0 0.6310096153846154 0.28966346153846156 0.036057692307692304 0.0625
0 0.8221153846153846 0.359375 0.036057692307692304 0.06490384615384616
0 0.6550480769230769 0.37740384615384615 0.040865384615384616 0.0673076923076923
0 0.7295673076923077 0.390625 0.040865384615384616 0.057692307692307696
0 0.7728365384615384 0.40024038461538464 0.038461538461538464 0.06009615384615385
0 0.10576923076923077 0.3329326923076923 0.04326923076923077 0.0673076923076923
0 0.9050480769230769 0.44471153846153844 0.04326923076923077 0.055288461538461536
0 0.2403846153846154 0.3942307692307692 0.04807692307692308 0.0889423076923077
0 0.39783653846153844 0.4326923076923077 0.040865384615384616 0.0673076923076923
0 0.27403846153846156 0.4338942307692308 0.04567307692307692 0.08173076923076923
0 0.5180288461538461 0.47836538461538464 0.07451923076923077 0.125
0 0.30408653846153844 0.4579326923076923 0.05048076923076923 0.0673076923076923
0 0.7704326923076923 0.5300480769230769 0.038461538461538464 0.06490384615384616
0 0.8497596153846154 0.5516826923076923 0.07451923076923077 0.11538461538461539
0 0.875 0.09495192307692307 0.038461538461538464 0.055288461538461536
0 0.703125 0.5841346153846154 0.07451923076923077 0.11538461538461539
0 0.06009615384615385 0.5108173076923077 0.03125 0.0625
0 0.1875 0.5504807692307693 0.040865384615384616 0.06971153846153846
0 0.9639423076923077 0.7115384615384616 0.03125 0.08413461538461539
0 0.36177884615384615 0.6634615384615384 0.040865384615384616 0.0625
0 0.31971153846153844 0.6610576923076923 0.04326923076923077 0.06971153846153846
0 0.15264423076923078 0.6778846153846154 0.055288461538461536 0.07692307692307693
0 0.3894230769230769 0.7259615384615384 0.036057692307692304 0.0673076923076923
0 0.5805288461538461 0.78125 0.04326923076923077 0.07451923076923077
0 0.03365384615384615 0.71875 0.036057692307692304 0.06009615384615385
0 0.5072115384615384 0.7884615384615384 0.052884615384615384 0.0673076923076923
0 0.6754807692307693 0.8545673076923077 0.05048076923076923 0.0625