0 0.41466346153846156 0.9026442307692307 0.036057692307692304 0.06490384615384616
0 0.44471153846153844 0.8653846153846154 0.021634615384615384 0.0625
0 0.4230769230769231 0.8569711538461539 0.026442307692307692 0.04807692307692308
0 0.0673076923076923 0.8269230769230769 0.04326923076923077 0.0985576923076923
0 0.27163461538461536 0.9615384615384616 0.03125 0.052884615384615384
0 0.1466346153846154 0.9543269230769231 0.036057692307692304 0.052884615384615384
0 0.24879807692307693 0.9567307692307693 0.02403846153846154 0.057692307692307696
0 0.009615384615384616 0.6646634615384616 0.019230769230769232 0.0889423076923077
0 0.21754807692307693 0.5060096153846154 0.04807692307692308 0.08653846153846154
0 0.2848557692307692 0.42788461538461536 0.040865384615384616 0.08653846153846154
0 0.44350961538461536 0.9134615384615384 0.03125 0.06490384615384616