0 0.3088942307692308 0.8966346153846154 0.04807692307692308 0.0625
0 0.8557692307692307 0.18509615384615385 0.11057692307692307 0.15865384615384615
0 0.9927884615384616 0.24278846153846154 0.009615384615384616 0.052884615384615384
0 0.5757211538461539 0.125 0.04807692307692308 0.057692307692307696
0 0.9735576923076923 0.2548076923076923 0.04807692307692308 0.07692307692307693
0 0.6274038461538461 0.16706730769230768 0.04807692307692308 0.07211538461538461
0 0.6514423076923077 0.18509615384615385 0.05048076923076923 0.07211538461538461
0 0.30408653846153844 0.11658653846153846 0.057692307692307696 0.07211538461538461
0 0.13701923076923078 0.09615384615384616 0.05048076923076923 0.08173076923076923
0 0.25 0.13822115384615385 0.057692307692307696 0.07211538461538461
0 0.3557692307692308 0.17307692307692307 0.04807692307692308 0.06971153846153846
0 0.4651442307692308 0.2247596153846154 0.052884615384615384 0.0673076923076923
0 0.15264423076923078 0.13822115384615385 0.04807692307692308 0.07692307692307693
0 0.6658653846153846 0.32211538461538464 0.05048076923076923 0.07211538461538461
0 0.890625 0.390625 0.057692307692307696 0.09134615384615384
0 0.16706730769230768 0.18389423076923078 0.04807692307692308 0.06490384615384616
0 0.8413461538461539 0.4170673076923077 0.0673076923076923 0.08173076923076923
0 0.6766826923076923 0.40384615384615385 0.04807692307692308 0.07211538461538461
0 0.7403846153846154 0.4326923076923077 0.057692307692307696 0.07692307692307693
0 0.7848557692307693 0.453125 0.055288461538461536 0.08413461538461539
0 0.14423076923076922 0.265625 0.04807692307692308 0.06490384615384616
0 0.9110576923076923 0.5132211538461539 0.07692307692307693 0.10576923076923077
0 0.26322115384615385 0.3449519230769231 0.10576923076923077 0.1658653846153846
0 0.9447115384615384 0.15865384615384615 0.055288461538461536 0.0889423076923077
0 0.40865384615384615 0.41225961538461536 0.052884615384615384 0.0889423076923077
0 0.31971153846153844 0.41466346153846156 0.07932692307692307 0.1201923076923077
0 0.5252403846153846 0.484375 0.18269230769230768 0.25721153846153844
0 0.6262019230769231 0.5240384615384616 0.04567307692307692 0.08173076923076923
0 0.7620192307692307 0.5709134615384616 0.0673076923076923 0.09375
0 0.09014423076923077 0.4014423076923077 0.04326923076923077 0.06971153846153846
0 0.06610576923076923 0.43990384615384615 0.04567307692307692 0.06490384615384616
0 0.18389423076923078 0.4987980769230769 0.052884615384615384 0.07692307692307693
0 0.015625 0.49759615384615385 0.03125 0.07692307692307693
0 0.9194711538461539 0.7860576923076923 0.06009615384615385 0.11778846153846154
0 0.33653846153846156 0.640625 0.05048076923076923 0.07451923076923077
0 0.29447115384615385 0.6298076923076923 0.06009615384615385 0.07451923076923077
0 0.12980769230769232 0.609375 0.125 0.17548076923076922
0 0.35096153846153844 0.7055288461538461 0.040865384615384616 0.057692307692307696
0 0.5300480769230769 0.7932692307692307 0.05048076923076923 0.07451923076923077
0 0.015625 0.6358173076923077 0.03125 0.07451923076923077
0 0.45552884615384615 0.7764423076923077 0.06009615384615385 0.06971153846153846
0 0.546875 0.8197115384615384 0.040865384615384616 0.0673076923076923
0 0.3701923076923077 0.7800480769230769 0.04807692307692308 0.07451923076923077
0 0.5600961538461539 0.8581730769230769 0.04807692307692308 0.07211538461538461
0 0.6105769230769231 0.8798076923076923 0.04807692307692308 0.057692307692307696
0 0.6706730769230769 0.8978365384615384 0.04326923076923077 0.07451923076923077
0 0.6862980769230769 0.921875 0.04567307692307692 0.0673076923076923
0 0.34375 0.8341346153846154 0.04567307692307692 0.06490384615384616