0 0.16105769230769232 0.06009615384615385 0.06971153846153846 0.04567307692307692
0 0.14302884615384615 0.4387019230769231 0.06971153846153846 0.04326923076923077
0 0.1502403846153846 0.41346153846153844 0.07451923076923077 0.040865384615384616
0 0.20793269230769232 0.06490384615384616 0.07451923076923077 0.040865384615384616
0 0.04326923076923077 0.16466346153846154 0.04326923076923077 0.026442307692307692
0 0.04447115384615385 0.1346153846153846 0.04326923076923077 0.036057692307692304
0 0.04807692307692308 0.2403846153846154 0.06490384615384616 0.03125
0 0.35096153846153844 0.010817307692307692 0.08173076923076923 0.021634615384615384
0 0.054086538461538464 0.265625 0.07932692307692307 0.036057692307692304
0 0.4375 0.010817307692307692 0.07692307692307693 0.021634615384615384
0 0.5084134615384616 0.2127403846153846 0.07932692307692307 0.04326923076923077
0 0.5841346153846154 0.28365384615384615 0.08173076923076923 0.04807692307692308
0 0.6790865384615384 0.16826923076923078 0.11298076923076923 0.04807692307692308
0 0.0829326923076923 0.4375 0.0673076923076923 0.038461538461538464
0 0.09615384615384616 0.4050480769230769 0.08173076923076923 0.03125