0 0.6706730769230769 0.0625 0.05048076923076923 0.07932692307692307
0 0.17067307692307693 0.07451923076923077 0.04567307692307692 0.04567307692307692
0 0.7992788461538461 0.13581730769230768 0.036057692307692304 0.05048076923076923
0 0.21875 0.2776442307692308 0.04567307692307692 0.07211538461538461
0 0.1141826923076923 0.3016826923076923 0.04567307692307692 0.06971153846153846
0 0.7920673076923077 0.21634615384615385 0.04326923076923077 0.0625
0 0.5649038461538461 0.2692307692307692 0.04567307692307692 0.0673076923076923
0 0.7620192307692307 0.265625 0.04326923076923077 0.0625
0 0.6105769230769231 0.33052884615384615 0.04567307692307692 0.07451923076923077
0 0.6802884615384616 0.3245192307692308 0.040865384615384616 0.07211538461538461
0 0.7283653846153846 0.31490384615384615 0.04567307692307692 0.0673076923076923
0 0.8677884615384616 0.3245192307692308 0.04326923076923077 0.07211538461538461
0 0.22235576923076922 0.4831730769230769 0.05048076923076923 0.07211538461538461
0 0.38461538461538464 0.47115384615384615 0.04326923076923077 0.0673076923076923
0 0.265625 0.5048076923076923 0.04567307692307692 0.07211538461538461
0 0.3004807692307692 0.515625 0.055288461538461536 0.07932692307692307
0 0.5084134615384616 0.47596153846153844 0.06490384615384616 0.09375
0 0.6225961538461539 0.46033653846153844 0.04326923076923077 0.07211538461538461
0 0.7680288461538461 0.4375 0.04326923076923077 0.07211538461538461
0 0.8461538461538461 0.4411057692307692 0.06009615384615385 0.08413461538461539
0 0.734375 0.013221153846153846 0.036057692307692304 0.026442307692307692
0 0.71875 0.5384615384615384 0.06490384615384616 0.0889423076923077
0 0.21995192307692307 0.6442307692307693 0.04326923076923077 0.07451923076923077
0 0.9939903846153846 0.5576923076923077 0.007211538461538462 0.07692307692307693
0 0.3762019230769231 0.7091346153846154 0.04567307692307692 0.07211538461538461
0 0.22355769230769232 0.7764423076923077 0.04567307692307692 0.07211538461538461
0 0.125 0.8545673076923077 0.05048076923076923 0.06971153846153846
0 0.09254807692307693 0.9495192307692307 0.040865384615384616 0.07211538461538461