0 0.0733173076923077 0.8569711538461539 0.03365384615384615 0.0625
0 0.46033653846153844 0.8617788461538461 0.03365384615384615 0.06490384615384616
0 0.4266826923076923 0.8413461538461539 0.036057692307692304 0.0625
0 0.07572115384615384 0.8028846153846154 0.036057692307692304 0.057692307692307696
0 0.14543269230769232 0.9615384615384616 0.04326923076923077 0.05048076923076923
0 0.17548076923076922 0.9591346153846154 0.03365384615384615 0.055288461538461536
0 0.01201923076923077 0.6646634615384616 0.02403846153846154 0.06971153846153846
0 0.25240384615384615 0.9567307692307693 0.038461538461538464 0.0673076923076923
0 0.29086538461538464 0.953125 0.04326923076923077 0.07692307692307693
0 0.010817307692307692 0.5901442307692307 0.021634615384615384 0.06490384615384616
0 0.2127403846153846 0.5084134615384616 0.04567307692307692 0.08173076923076923
0 0.2848557692307692 0.42427884615384615 0.036057692307692304 0.07211538461538461
0 0.16826923076923078 0.34375 0.036057692307692304 0.0625
0 0.15144230769230768 0.3004807692307692 0.036057692307692304 0.052884615384615384
0 0.203125 0.2824519230769231 0.036057692307692304 0.05048076923076923
0 0.18509615384615385 0.25240384615384615 0.03125 0.0625
0 0.4519230769230769 0.9182692307692307 0.036057692307692304 0.07211538461538461
0 0.41947115384615385 0.9110576923076923 0.036057692307692304 0.07692307692307693