0 0.8990384615384616 0.6911057692307693 0.07451923076923077 0.04807692307692308
0 0.12259615384615384 0.421875 0.06971153846153846 0.04807692307692308
0 0.13221153846153846 0.453125 0.0673076923076923 0.04326923076923077
0 0.16466346153846154 0.3762019230769231 0.08173076923076923 0.0625
0 0.18028846153846154 0.3485576923076923 0.06490384615384616 0.04807692307692308
0 0.11658653846153846 0.6995192307692307 0.07451923076923077 0.057692307692307696
0 0.10096153846153846 0.8629807692307693 0.07692307692307693 0.04807692307692308
0 0.17067307692307693 0.6394230769230769 0.09615384615384616 0.07692307692307693
0 0.13942307692307693 0.75 0.07451923076923077 0.055288461538461536
0 0.22596153846153846 0.5324519230769231 0.08653846153846154 0.0673076923076923
0 0.13822115384615385 0.8509615384615384 0.07451923076923077 0.05048076923076923
0 0.19110576923076922 0.8341346153846154 0.07451923076923077 0.055288461538461536
0 0.40865384615384615 0.32211538461538464 0.07932692307692307 0.057692307692307696
0 0.4543269230769231 0.2127403846153846 0.0985576923076923 0.07932692307692307
0 0.26322115384615385 0.8545673076923077 0.07211538461538461 0.055288461538461536
0 0.40024038461538464 0.9086538461538461 0.07451923076923077 0.052884615384615384
0 0.42908653846153844 0.9326923076923077 0.06971153846153846 0.04807692307692308
0 0.49158653846153844 0.8149038461538461 0.09375 0.0673076923076923
0 0.4951923076923077 0.9819711538461539 0.09134615384615384 0.03125
0 0.6334134615384616 0.6634615384615384 0.07451923076923077 0.05048076923076923
0 0.6286057692307693 0.7055288461538461 0.07451923076923077 0.055288461538461536
0 0.7908653846153846 0.4699519230769231 0.06490384615384616 0.04567307692307692
0 0.6334134615384616 0.9807692307692307 0.0889423076923077 0.03365384615384615
0 0.8185096153846154 0.45552884615384615 0.0625 0.04326923076923077
0 0.7824519230769231 0.6334134615384616 0.0673076923076923 0.04567307692307692
0 0.8521634615384616 0.4411057692307692 0.06971153846153846 0.04326923076923077
0 0.8737980769230769 0.3894230769230769 0.08413461538461539 0.055288461538461536
0 0.9002403846153846 0.3317307692307692 0.07211538461538461 0.04807692307692308
0 0.9194711538461539 0.3125 0.07932692307692307 0.05048076923076923