0 0.32572115384615385 0.9314903846153846 0.04567307692307692 0.07451923076923077
0 0.1346153846153846 0.6838942307692307 0.057692307692307696 0.09134615384615384
0 0.7752403846153846 0.5132211538461539 0.05048076923076923 0.07692307692307693
0 0.7331730769230769 0.4891826923076923 0.04567307692307692 0.07451923076923077
0 0.6995192307692307 0.47716346153846156 0.052884615384615384 0.06971153846153846
0 0.4891826923076923 0.515625 0.06009615384615385 0.07211538461538461
0 0.23076923076923078 0.5552884615384616 0.05048076923076923 0.07451923076923077
0 0.1502403846153846 0.5504807692307693 0.055288461538461536 0.07932692307692307
0 0.78125 0.3581730769230769 0.040865384615384616 0.0625
0 0.27524038461538464 0.453125 0.0625 0.06971153846153846
0 0.007211538461538462 0.43990384615384615 0.014423076923076924 0.08173076923076923
0 0.7764423076923077 0.22355769230769232 0.04567307692307692 0.07692307692307693
0 0.9098557692307693 0.055288461538461536 0.038461538461538464 0.08413461538461539