0 0.27283653846153844 0.984375 0.055288461538461536 0.026442307692307692
0 0.6237980769230769 0.8425480769230769 0.055288461538461536 0.07211538461538461
0 0.5841346153846154 0.8389423076923077 0.055288461538461536 0.06971153846153846
0 0.2512019230769231 0.9579326923076923 0.055288461538461536 0.0673076923076923
0 0.12860576923076922 0.8641826923076923 0.05048076923076923 0.07211538461538461
0 0.47836538461538464 0.9891826923076923 0.0625 0.016826923076923076
0 0.5108173076923077 0.9771634615384616 0.06971153846153846 0.040865384615384616
0 0.09615384615384616 0.7956730769230769 0.04567307692307692 0.06490384615384616
0 0.24519230769230768 0.6334134615384616 0.07211538461538461 0.0889423076923077
0 0.27283653846153844 0.5264423076923077 0.06009615384615385 0.07932692307692307
0 0.13341346153846154 0.5048076923076923 0.055288461538461536 0.06971153846153846
0 0.0985576923076923 0.4735576923076923 0.052884615384615384 0.0625
0 0.13822115384615385 0.43509615384615385 0.05048076923076923 0.06009615384615385
0 0.10817307692307693 0.41466346153846156 0.052884615384615384 0.06971153846153846
0 0.6394230769230769 0.8966346153846154 0.06009615384615385 0.07932692307692307
0 0.6081730769230769 0.9050480769230769 0.0625 0.08413461538461539