0 0.9387019230769231 0.9194711538461539 0.028846153846153848 0.055288461538461536
0 0.9230769230769231 0.9375 0.026442307692307692 0.04807692307692308
0 0.8966346153846154 0.9591346153846154 0.02403846153846154 0.038461538461538464
0 0.5709134615384616 0.11538461538461539 0.02403846153846154 0.052884615384615384
0 0.4266826923076923 0.1658653846153846 0.02403846153846154 0.052884615384615384
0 0.41225961538461536 0.16947115384615385 0.021634615384615384 0.052884615384615384
0 0.5240384615384616 0.18870192307692307 0.03365384615384615 0.06009615384615385
0 0.5540865384615384 0.19951923076923078 0.026442307692307692 0.04807692307692308
0 0.4495192307692308 0.2247596153846154 0.026442307692307692 0.06490384615384616
0 0.6574519230769231 0.21875 0.03125 0.05048076923076923
0 0.42427884615384615 0.2403846153846154 0.028846153846153848 0.055288461538461536
0 0.5805288461538461 0.3269230769230769 0.03125 0.055288461538461536
0 0.703125 0.3485576923076923 0.03125 0.052884615384615384
0 0.5396634615384616 0.3605769230769231 0.026442307692307692 0.04326923076923077
0 0.5697115384615384 0.36658653846153844 0.03125 0.04807692307692308
0 0.5480769230769231 0.3918269230769231 0.02403846153846154 0.040865384615384616
0 0.4963942307692308 0.41346153846153844 0.026442307692307692 0.052884615384615384
0 0.6009615384615384 0.41346153846153844 0.03125 0.04567307692307692
0 0.5420673076923077 0.421875 0.026442307692307692 0.040865384615384616
0 0.7740384615384616 0.4098557692307692 0.036057692307692304 0.06490384615384616
0 0.7415865384615384 0.4230769230769231 0.04807692307692308 0.0889423076923077
0 0.625 0.44350961538461536 0.028846153846153848 0.05048076923076923
0 0.5300480769230769 0.4519230769230769 0.026442307692307692 0.036057692307692304
0 0.41225961538461536 0.05048076923076923 0.026442307692307692 0.052884615384615384
0 0.5697115384615384 0.4795673076923077 0.03125 0.040865384615384616
0 0.9014423076923077 0.4651442307692308 0.026442307692307692 0.057692307692307696
0 0.5288461538461539 0.4879807692307692 0.026442307692307692 0.04807692307692308
0 0.5973557692307693 0.04447115384615385 0.040865384615384616 0.06490384615384616
0 0.5745192307692307 0.5096153846153846 0.021634615384615384 0.03365384615384615
0 0.8966346153846154 0.5120192307692307 0.028846153846153848 0.04567307692307692
0 0.8221153846153846 0.5240384615384616 0.038461538461538464 0.06971153846153846
0 0.8774038461538461 0.5216346153846154 0.026442307692307692 0.055288461538461536
0 0.9230769230769231 0.5877403846153846 0.02403846153846154 0.04326923076923077
0 0.8401442307692307 0.6141826923076923 0.03125 0.05048076923076923
0 0.8822115384615384 0.6237980769230769 0.021634615384615384 0.036057692307692304
0 0.9242788461538461 0.6213942307692307 0.03125 0.04567307692307692
0 0.7415865384615384 0.6454326923076923 0.038461538461538464 0.0673076923076923
0 0.4675480769230769 0.0673076923076923 0.026442307692307692 0.06009615384615385
0 0.875 0.6478365384615384 0.028846153846153848 0.038461538461538464
0 0.8701923076923077 0.6802884615384616 0.028846153846153848 0.05048076923076923
0 0.796875 0.7199519230769231 0.028846153846153848 0.05048076923076923
0 0.5336538461538461 0.07211538461538461 0.03125 0.04807692307692308
0 0.46875 0.7596153846153846 0.03125 0.055288461538461536
0 0.7932692307692307 0.7584134615384616 0.026442307692307692 0.052884615384615384
0 0.4675480769230769 0.7956730769230769 0.026442307692307692 0.04326923076923077
0 0.7860576923076923 0.8221153846153846 0.03365384615384615 0.06009615384615385
0 0.8293269230769231 0.8365384615384616 0.03125 0.055288461538461536
0 0.8641826923076923 0.8365384615384616 0.026442307692307692 0.057692307692307696
0 0.7584134615384616 0.8425480769230769 0.026442307692307692 0.06009615384615385
0 0.7163461538461539 0.859375 0.026442307692307692 0.04326923076923077
0 0.703125 0.875 0.026442307692307692 0.05048076923076923
0 0.8930288461538461 0.8665865384615384 0.028846153846153848 0.05048076923076923
0 0.8293269230769231 0.8762019230769231 0.026442307692307692 0.05048076923076923
0 0.4495192307692308 0.09375 0.021634615384615384 0.04326923076923077