0 0.578125 0.9338942307692307 0.05048076923076923 0.0625
0 0.6021634615384616 0.05889423076923077 0.11778846153846154 0.11778846153846154
0 0.7584134615384616 0.01201923076923077 0.036057692307692304 0.02403846153846154
0 0.3401442307692308 0.15144230769230768 0.05048076923076923 0.057692307692307696
0 0.7403846153846154 0.03245192307692308 0.052884615384615384 0.06490384615384616
0 0.4074519230769231 0.15625 0.04807692307692308 0.07211538461538461
0 0.4375 0.15625 0.052884615384615384 0.07211538461538461
0 0.11658653846153846 0.30528846153846156 0.06009615384615385 0.07211538461538461
0 0.08533653846153846 0.3545673076923077 0.06009615384615385 0.07211538461538461
0 0.19110576923076922 0.31971153846153844 0.05048076923076923 0.06971153846153846
0 0.31009615384615385 0.2980769230769231 0.055288461538461536 0.0673076923076923
0 0.016826923076923076 0.41225961538461536 0.03365384615384615 0.07932692307692307
0 0.5300480769230769 0.25841346153846156 0.052884615384615384 0.07211538461538461
0 0.7512019230769231 0.1814903846153846 0.06009615384615385 0.09134615384615384
0 0.04447115384615385 0.4411057692307692 0.05048076923076923 0.06490384615384616
0 0.7271634615384616 0.23197115384615385 0.0673076923076923 0.08173076923076923
0 0.5865384615384616 0.31850961538461536 0.04807692307692308 0.07211538461538461
0 0.6550480769230769 0.30408653846153844 0.06009615384615385 0.07932692307692307
0 0.7019230769230769 0.29447115384615385 0.057692307692307696 0.08413461538461539
0 0.07451923076923077 0.5192307692307693 0.05048076923076923 0.06490384615384616
0 0.8401442307692307 0.2692307692307692 0.07932692307692307 0.10576923076923077
0 0.21754807692307693 0.5132211538461539 0.10817307692307693 0.1658653846153846
0 0.3737980769230769 0.48197115384615385 0.055288461538461536 0.0889423076923077
0 0.30408653846153844 0.5372596153846154 0.08173076923076923 0.1201923076923077
0 0.5108173076923077 0.4735576923076923 0.18990384615384615 0.25961538461538464
0 0.6153846153846154 0.44471153846153844 0.04807692307692308 0.08173076923076923
0 0.7536057692307693 0.40384615384615385 0.06971153846153846 0.09375
0 0.11057692307692307 0.6610576923076923 0.04567307692307692 0.06971153846153846
0 0.11298076923076923 0.7067307692307693 0.04567307692307692 0.0673076923076923
0 0.24278846153846154 0.6850961538461539 0.055288461538461536 0.07692307692307693
0 0.09495192307692307 0.7920673076923077 0.0625 0.07451923076923077
0 0.9867788461538461 0.4855769230769231 0.021634615384615384 0.1201923076923077
0 0.45072115384615385 0.7103365384615384 0.05048076923076923 0.07451923076923077
0 0.4098557692307692 0.7259615384615384 0.0625 0.07451923076923077
0 0.2644230769230769 0.8064903846153846 0.12980769230769232 0.17548076923076922
0 0.5 0.7548076923076923 0.04326923076923077 0.057692307692307696
0 0.6959134615384616 0.7199519230769231 0.05048076923076923 0.07451923076923077
0 0.17668269230769232 0.9026442307692307 0.055288461538461536 0.07211538461538461
0 0.6262019230769231 0.75 0.0625 0.07211538461538461
0 0.7259615384615384 0.7307692307692307 0.04326923076923077 0.0673076923076923
0 0.5600961538461539 0.8028846153846154 0.05048076923076923 0.07451923076923077
0 0.7596153846153846 0.7536057692307693 0.04807692307692308 0.07211538461538461
0 0.8125 0.7415865384615384 0.04807692307692308 0.057692307692307696
0 0.8725961538461539 0.7211538461538461 0.04567307692307692 0.07451923076923077
0 0.8990384615384616 0.7307692307692307 0.04807692307692308 0.0673076923076923
0 0.15865384615384615 0.9723557692307693 0.057692307692307696 0.05048076923076923
0 0.5697115384615384 0.8617788461538461 0.04567307692307692 0.0673076923076923