0 0.22235576923076922 0.7632211538461539 0.038461538461538464 0.04807692307692308
0 0.3173076923076923 0.765625 0.052884615384615384 0.04326923076923077
0 0.6382211538461539 0.7776442307692307 0.05048076923076923 0.04326923076923077
0 0.39903846153846156 0.7536057692307693 0.04326923076923077 0.04567307692307692
0 0.16826923076923078 0.7283653846153846 0.040865384615384616 0.04807692307692308
0 0.7115384615384616 0.7620192307692307 0.06009615384615385 0.04567307692307692
0 0.09975961538461539 0.7163461538461539 0.04326923076923077 0.04567307692307692
0 0.42427884615384615 0.7067307692307693 0.055288461538461536 0.04326923076923077
0 0.6538461538461539 0.7127403846153846 0.055288461538461536 0.04326923076923077
0 0.05048076923076923 0.6598557692307693 0.04326923076923077 0.038461538461538464
0 0.7199519230769231 0.6766826923076923 0.055288461538461536 0.05048076923076923
0 0.03485576923076923 0.6165865384615384 0.040865384615384616 0.040865384615384616
0 0.20793269230769232 0.6286057692307693 0.03365384615384615 0.040865384615384616
0 0.18990384615384615 0.6177884615384616 0.03125 0.04807692307692308
0 0.08052884615384616 0.5961538461538461 0.028846153846153848 0.038461538461538464
0 0.1502403846153846 0.59375 0.03365384615384615 0.04326923076923077
0 0.5024038461538461 0.6153846153846154 0.05048076923076923 0.052884615384615384
0 0.3918269230769231 0.5901442307692307 0.036057692307692304 0.038461538461538464
0 0.07572115384615384 0.5576923076923077 0.038461538461538464 0.040865384615384616
0 0.5492788461538461 0.5673076923076923 0.05048076923076923 0.04326923076923077
0 0.3329326923076923 0.5516826923076923 0.03365384615384615 0.03125
0 0.12379807692307693 0.5348557692307693 0.036057692307692304 0.036057692307692304
0 0.5913461538461539 0.5612980769230769 0.04326923076923077 0.040865384615384616
0 0.7331730769230769 0.5721153846153846 0.040865384615384616 0.036057692307692304
0 0.3137019230769231 0.5276442307692307 0.040865384615384616 0.038461538461538464
0 0.15384615384615385 0.49759615384615385 0.036057692307692304 0.03365384615384615
0 0.7439903846153846 0.5360576923076923 0.038461538461538464 0.036057692307692304
0 0.2668269230769231 0.484375 0.040865384615384616 0.040865384615384616
0 0.34134615384615385 0.49038461538461536 0.04567307692307692 0.040865384615384616
0 0.40384615384615385 0.48677884615384615 0.04326923076923077 0.038461538461538464
0 0.30288461538461536 0.45552884615384615 0.05048076923076923 0.04567307692307692
0 0.9158653846153846 0.48197115384615385 0.05048076923076923 0.040865384615384616
0 0.3629807692307692 0.42908653846153844 0.03125 0.038461538461538464
0 0.40865384615384615 0.41947115384615385 0.036057692307692304 0.04326923076923077
0 0.47836538461538464 0.4170673076923077 0.040865384615384616 0.03365384615384615
0 0.1875 0.39663461538461536 0.038461538461538464 0.036057692307692304
0 0.42788461538461536 0.3894230769230769 0.04567307692307692 0.036057692307692304
0 0.8894230769230769 0.4074519230769231 0.04567307692307692 0.038461538461538464
0 0.5432692307692307 0.38100961538461536 0.040865384615384616 0.038461538461538464
0 0.47115384615384615 0.359375 0.036057692307692304 0.04567307692307692
0 0.3245192307692308 0.30649038461538464 0.040865384615384616 0.036057692307692304
0 0.6622596153846154 0.3245192307692308 0.03365384615384615 0.03365384615384615
0 0.9591346153846154 0.34375 0.04807692307692308 0.05048076923076923
0 0.5661057692307693 0.31490384615384615 0.040865384615384616 0.040865384615384616
0 0.8978365384615384 0.2860576923076923 0.055288461538461536 0.04567307692307692
0 0.6875 0.2536057692307692 0.04807692307692308 0.04567307692307692
0 0.6646634615384616 0.21033653846153846 0.03365384615384615 0.04326923076923077
0 0.4362980769230769 0.055288461538461536 0.03125 0.036057692307692304
0 0.7427884615384616 0.04807692307692308 0.04567307692307692 0.04567307692307692
0 0.8028846153846154 0.04927884615384615 0.052884615384615384 0.04567307692307692
0 0.8930288461538461 0.054086538461538464 0.04567307692307692 0.036057692307692304
0 0.7824519230769231 0.9014423076923077 0.0673076923076923 0.0625