0 0.8401442307692307 0.578125 0.055288461538461536 0.052884615384615384
0 0.6009615384615384 0.0829326923076923 0.04807692307692308 0.057692307692307696
0 0.8521634615384616 0.7091346153846154 0.07211538461538461 0.0625
0 0.7067307692307693 0.3918269230769231 0.06009615384615385 0.052884615384615384
0 0.7668269230769231 0.5877403846153846 0.07211538461538461 0.06009615384615385
0 0.5576923076923077 0.1622596153846154 0.0673076923076923 0.057692307692307696
0 0.9903846153846154 0.5300480769230769 0.014423076923076924 0.06009615384615385
0 0.7560096153846154 0.7307692307692307 0.06490384615384616 0.06490384615384616
0 0.5168269230769231 0.24879807692307693 0.057692307692307696 0.04807692307692308
0 0.5817307692307693 0.41586538461538464 0.05048076923076923 0.05048076923076923
0 0.4675480769230769 0.22716346153846154 0.05048076923076923 0.05048076923076923
0 0.3713942307692308 0.03245192307692308 0.057692307692307696 0.05048076923076923
0 0.4831730769230769 0.3161057692307692 0.055288461538461536 0.04567307692307692
0 0.6730769230769231 0.7956730769230769 0.0673076923076923 0.0673076923076923
0 0.5564903846153846 0.5228365384615384 0.06490384615384616 0.0625
0 0.48677884615384615 0.3557692307692308 0.05048076923076923 0.04567307692307692
0 0.40024038461538464 0.1502403846153846 0.06009615384615385 0.052884615384615384
0 0.33653846153846156 0.055288461538461536 0.055288461538461536 0.055288461538461536
0 0.5973557692307693 0.7079326923076923 0.06009615384615385 0.052884615384615384
0 0.5661057692307693 0.6658653846153846 0.06009615384615385 0.055288461538461536
0 0.3401442307692308 0.11298076923076923 0.07692307692307693 0.057692307692307696
0 0.6466346153846154 0.8966346153846154 0.055288461538461536 0.055288461538461536
0 0.5372596153846154 0.6442307692307693 0.057692307692307696 0.04807692307692308
0 0.5793269230769231 0.7740384615384616 0.05048076923076923 0.04326923076923077
0 0.5588942307692307 0.7271634615384616 0.057692307692307696 0.05048076923076923
0 0.5540865384615384 0.8064903846153846 0.052884615384615384 0.055288461538461536
0 0.37740384615384615 0.3798076923076923 0.06009615384615385 0.052884615384615384
0 0.28125 0.15625 0.06009615384615385 0.052884615384615384
0 0.35336538461538464 0.3389423076923077 0.06490384615384616 0.052884615384615384
0 0.2932692307692308 0.20432692307692307 0.0625 0.04807692307692308
0 0.4963942307692308 0.7548076923076923 0.055288461538461536 0.052884615384615384
0 0.2956730769230769 0.27524038461538464 0.06009615384615385 0.055288461538461536
0 0.5048076923076923 0.8004807692307693 0.052884615384615384 0.04807692307692308
0 0.3581730769230769 0.44591346153846156 0.06009615384615385 0.04567307692307692
0 0.41346153846153844 0.6177884615384616 0.057692307692307696 0.04807692307692308
0 0.3317307692307692 0.4362980769230769 0.04807692307692308 0.04807692307692308
0 0.2620192307692308 0.2920673076923077 0.06490384615384616 0.052884615384615384
0 0.234375 0.25961538461538464 0.06490384615384616 0.052884615384615384
0 0.25841346153846156 0.3389423076923077 0.0673076923076923 0.057692307692307696
0 0.9855769230769231 0.5997596153846154 0.02403846153846154 0.06009615384615385
0 0.7620192307692307 0.008413461538461538 0.04807692307692308 0.016826923076923076
0 0.36658653846153844 0.6442307692307693 0.06009615384615385 0.055288461538461536
0 0.15745192307692307 0.21995192307692307 0.06009615384615385 0.052884615384615384
0 0.0985576923076923 0.15985576923076922 0.06009615384615385 0.052884615384615384
0 0.27283653846153844 0.6658653846153846 0.06009615384615385 0.052884615384615384
0 0.0889423076923077 0.23076923076923078 0.06490384615384616 0.04807692307692308
0 0.15144230769230768 0.41586538461538464 0.052884615384615384 0.04807692307692308
0 0.11658653846153846 0.40625 0.052884615384615384 0.04807692307692308
0 0.22596153846153846 0.6947115384615384 0.057692307692307696 0.04807692307692308
0 0.32211538461538464 0.9399038461538461 0.07692307692307693 0.057692307692307696
0 0.3233173076923077 0.9663461538461539 0.0625 0.05048076923076923
0 0.02403846153846154 0.20192307692307693 0.04807692307692308 0.057692307692307696
0 0.2536057692307692 0.8221153846153846 0.057692307692307696 0.05048076923076923
0 0.14423076923076922 0.5552884615384616 0.06490384615384616 0.052884615384615384
0 0.8425480769230769 0.24519230769230768 0.04807692307692308 0.04807692307692308
0 0.027644230769230768 0.29927884615384615 0.055288461538461536 0.05048076923076923
0 0.2824519230769231 0.9759615384615384 0.06009615384615385 0.04326923076923077
0 0.03365384615384615 0.3798076923076923 0.052884615384615384 0.04807692307692308
0 0.006009615384615385 0.2920673076923077 0.01201923076923077 0.040865384615384616
0 0.16706730769230768 0.7548076923076923 0.06490384615384616 0.052884615384615384
0 0.0829326923076923 0.5504807692307693 0.057692307692307696 0.05048076923076923
0 0.14423076923076922 0.7163461538461539 0.057692307692307696 0.05048076923076923
0 0.21514423076923078 0.9459134615384616 0.0673076923076923 0.06009615384615385
0 0.7259615384615384 0.014423076923076924 0.057692307692307696 0.028846153846153848
0 0.8725961538461539 0.38461538461538464 0.057692307692307696 0.04807692307692308
0 0.7836538461538461 0.17908653846153846 0.06490384615384616 0.06009615384615385
0 0.8016826923076923 0.27163461538461536 0.04807692307692308 0.052884615384615384
0 0.8173076923076923 0.31850961538461536 0.055288461538461536 0.055288461538461536
0 0.8533653846153846 0.4483173076923077 0.06009615384615385 0.052884615384615384
0 0.7271634615384616 0.22716346153846154 0.06009615384615385 0.052884615384615384
0 0.6802884615384616 0.11899038461538461 0.0673076923076923 0.06009615384615385
0 0.7848557692307693 0.3894230769230769 0.055288461538461536 0.052884615384615384