1 0.921875 0.6658653846153846 0.07211538461538461 0.07211538461538461
1 0.26322115384615385 0.8449519230769231 0.0673076923076923 0.07932692307692307
1 0.4074519230769231 0.7896634615384616 0.0673076923076923 0.07211538461538461
1 0.7079326923076923 0.9266826923076923 0.06009615384615385 0.0673076923076923
1 0.8125 0.6274038461538461 0.052884615384615384 0.0625
1 0.4387019230769231 0.9879807692307693 0.06490384615384616 0.019230769230769232
1 0.7800480769230769 0.6201923076923077 0.0625 0.0673076923076923
1 0.75 0.5865384615384616 0.057692307692307696 0.06490384615384616
1 0.2403846153846154 0.734375 0.06490384615384616 0.07451923076923077
1 0.5516826923076923 0.6081730769230769 0.07932692307692307 0.07932692307692307
1 0.8701923076923077 0.46875 0.0673076923076923 0.08173076923076923
1 0.6850961538461539 0.5180288461538461 0.052884615384615384 0.06009615384615385
1 0.65625 0.5180288461538461 0.057692307692307696 0.0673076923076923
1 0.1971153846153846 0.6514423076923077 0.06490384615384616 0.08653846153846154
1 0.9014423076923077 0.41466346153846156 0.0673076923076923 0.09134615384615384
1 0.4795673076923077 0.5420673076923077 0.0625 0.0889423076923077
1 0.6310096153846154 0.4110576923076923 0.06971153846153846 0.07211538461538461
1 0.6646634615384616 0.38100961538461536 0.06009615384615385 0.07211538461538461
1 0.4026442307692308 0.9819711538461539 0.06009615384615385 0.03125
1 0.11538461538461539 0.5360576923076923 0.055288461538461536 0.06490384615384616
1 0.13581730769230768 0.5180288461538461 0.055288461538461536 0.0673076923076923
1 0.21995192307692307 0.47836538461538464 0.0625 0.06490384615384616
1 0.3918269230769231 0.3918269230769231 0.06009615384615385 0.07692307692307693
1 0.5649038461538461 0.3329326923076923 0.06971153846153846 0.0889423076923077
1 0.7620192307692307 0.2668269230769231 0.06490384615384616 0.08653846153846154
1 0.6887019230769231 0.28846153846153844 0.06971153846153846 0.0889423076923077
1 0.5997596153846154 0.3173076923076923 0.06490384615384616 0.07692307692307693
1 0.8762019230769231 0.8353365384615384 0.05048076923076923 0.0625
1 0.35096153846153844 0.3629807692307692 0.0625 0.06490384615384616
1 0.4639423076923077 0.9651442307692307 0.052884615384615384 0.06009615384615385
1 0.8100961538461539 0.18028846153846154 0.06009615384615385 0.08413461538461539
1 0.8617788461538461 0.12740384615384615 0.07692307692307693 0.08173076923076923
1 0.3485576923076923 0.2668269230769231 0.06971153846153846 0.07211538461538461
1 0.2932692307692308 0.2512019230769231 0.06490384615384616 0.08653846153846154
1 0.0889423076923077 0.29447115384615385 0.07211538461538461 0.09615384615384616
1 0.8389423076923077 0.046875 0.06009615384615385 0.07932692307692307
1 0.04567307692307692 0.28846153846153844 0.05048076923076923 0.0625
1 0.7800480769230769 0.038461538461538464 0.06009615384615385 0.07692307692307693
1 0.29447115384615385 0.18629807692307693 0.06971153846153846 0.07692307692307693
1 0.7415865384615384 0.030048076923076924 0.06009615384615385 0.06009615384615385
1 0.03125 0.23076923076923078 0.0625 0.08173076923076923
1 0.08052884615384616 0.1935096153846154 0.06490384615384616 0.07932692307692307
1 0.27403846153846156 0.11057692307692307 0.055288461538461536 0.06009615384615385
1 0.24158653846153846 0.11298076923076923 0.04807692307692308 0.057692307692307696
1 0.6153846153846154 0.01201923076923077 0.07692307692307693 0.02403846153846154
1 0.4230769230769231 0.9471153846153846 0.06009615384615385 0.06009615384615385
1 0.8473557692307693 0.8040865384615384 0.05048076923076923 0.06490384615384616
1 0.8137019230769231 0.7740384615384616 0.057692307692307696 0.07451923076923077
1 0.6286057692307693 0.8245192307692307 0.052884615384615384 0.0625
1 0.7728365384615384 0.7752403846153846 0.06009615384615385 0.0673076923076923
1 0.6574519230769231 0.8112980769230769 0.052884615384615384 0.06490384615384616
1 0.3798076923076923 0.8990384615384616 0.0625 0.07692307692307693
1 0.5276442307692307 0.8449519230769231 0.07451923076923077 0.07692307692307693
1 0.8918269230769231 0.7103365384615384 0.06971153846153846 0.07692307692307693