0 0.3737980769230769 0.8064903846153846 0.05048076923076923 0.05048076923076923
0 0.33413461538461536 0.7992788461538461 0.052884615384615384 0.05048076923076923
0 0.23317307692307693 0.78125 0.05048076923076923 0.052884615384615384
0 0.17548076923076922 0.7776442307692307 0.04807692307692308 0.05048076923076923
0 0.5649038461538461 0.6742788461538461 0.0673076923076923 0.06009615384615385
0 0.7524038461538461 0.6298076923076923 0.055288461538461536 0.052884615384615384
0 0.3762019230769231 0.5721153846153846 0.06009615384615385 0.0673076923076923
0 0.484375 0.546875 0.0625 0.0625
0 0.27524038461538464 0.5649038461538461 0.06009615384615385 0.057692307692307696
0 0.7980769230769231 0.453125 0.055288461538461536 0.040865384615384616
0 0.7427884615384616 0.4110576923076923 0.0625 0.04567307692307692
0 0.5108173076923077 0.43990384615384615 0.055288461538461536 0.05048076923076923
0 0.203125 0.48677884615384615 0.05048076923076923 0.055288461538461536
0 0.03485576923076923 0.47716346153846156 0.052884615384615384 0.0625
0 0.44471153846153844 0.38221153846153844 0.057692307692307696 0.0625
0 0.5600961538461539 0.35336538461538464 0.05048076923076923 0.055288461538461536
0 0.05048076923076923 0.4411057692307692 0.052884615384615384 0.06009615384615385
0 0.0829326923076923 0.3605769230769231 0.05048076923076923 0.04567307692307692
0 0.19951923076923078 0.109375 0.04567307692307692 0.05048076923076923
0 0.2932692307692308 0.09014423076923077 0.057692307692307696 0.06009615384615385