0 0.41947115384615385 0.20552884615384615 0.05048076923076923 0.055288461538461536
0 0.6153846153846154 0.17067307692307693 0.0625 0.07211538461538461
0 0.7548076923076923 0.17307692307692307 0.06490384615384616 0.06971153846153846
0 0.09975961538461539 0.35096153846153844 0.057692307692307696 0.0673076923076923
0 0.41947115384615385 0.28125 0.06009615384615385 0.06009615384615385
0 0.6153846153846154 0.24519230769230768 0.0673076923076923 0.07932692307692307
0 0.5913461538461539 0.010817307692307692 0.0625 0.021634615384615384
0 0.17067307692307693 0.39663461538461536 0.04567307692307692 0.057692307692307696
0 0.7620192307692307 0.27283653846153844 0.055288461538461536 0.0625
0 0.43149038461538464 0.4026442307692308 0.04807692307692308 0.06009615384615385
0 0.24759615384615385 0.4519230769230769 0.055288461538461536 0.06490384615384616
0 0.2247596153846154 0.49759615384615385 0.06009615384615385 0.0625
0 0.3173076923076923 0.4963942307692308 0.057692307692307696 0.057692307692307696
0 0.8161057692307693 0.3641826923076923 0.057692307692307696 0.057692307692307696
0 0.5288461538461539 0.4423076923076923 0.06490384615384616 0.07211538461538461
0 0.026442307692307692 0.5769230769230769 0.052884615384615384 0.052884615384615384
0 0.14302884615384615 0.5552884615384616 0.06009615384615385 0.0625
0 0.3557692307692308 0.4987980769230769 0.052884615384615384 0.06009615384615385
0 0.037259615384615384 0.6117788461538461 0.06009615384615385 0.06009615384615385
0 0.7199519230769231 0.43028846153846156 0.05048076923076923 0.06009615384615385
0 0.6682692307692307 0.453125 0.0625 0.0673076923076923
0 0.10096153846153846 0.6105769230769231 0.055288461538461536 0.06490384615384616
0 0.9086538461538461 0.40384615384615385 0.057692307692307696 0.0673076923076923
0 0.6454326923076923 0.47836538461538464 0.057692307692307696 0.0673076923076923
0 0.16466346153846154 0.6129807692307693 0.04567307692307692 0.055288461538461536
0 0.734375 0.4675480769230769 0.052884615384615384 0.0625
0 0.7860576923076923 0.4543269230769231 0.04807692307692308 0.06009615384615385
0 0.36778846153846156 0.6045673076923077 0.0625 0.0673076923076923
0 0.8137019230769231 0.484375 0.040865384615384616 0.052884615384615384
0 0.31971153846153844 0.6262019230769231 0.055288461538461536 0.06009615384615385
0 0.13341346153846154 0.6766826923076923 0.055288461538461536 0.057692307692307696
0 0.18028846153846154 0.6694711538461539 0.04807692307692308 0.052884615384615384
0 0.7524038461538461 0.5264423076923077 0.057692307692307696 0.06971153846153846
0 0.7944711538461539 0.5300480769230769 0.05048076923076923 0.052884615384615384
0 0.15144230769230768 0.7043269230769231 0.057692307692307696 0.057692307692307696
0 0.4266826923076923 0.6370192307692307 0.04326923076923077 0.05048076923076923
0 0.6045673076923077 0.5985576923076923 0.0625 0.0673076923076923
0 0.4170673076923077 0.6598557692307693 0.04326923076923077 0.04567307692307692
0 0.6622596153846154 0.021634615384615384 0.06490384615384616 0.04326923076923077
0 0.22716346153846154 0.7355769230769231 0.055288461538461536 0.0625
0 0.3088942307692308 0.7199519230769231 0.0625 0.0673076923076923
0 0.6274038461538461 0.6526442307692307 0.057692307692307696 0.0673076923076923
0 0.030048076923076924 0.17908653846153846 0.04326923076923077 0.04567307692307692
0 0.18269230769230768 0.8064903846153846 0.055288461538461536 0.0625
0 0.11778846153846154 0.8581730769230769 0.06009615384615385 0.06009615384615385
0 0.6370192307692307 0.7427884615384616 0.0625 0.0673076923076923
0 0.37259615384615385 0.8365384615384616 0.04326923076923077 0.04807692307692308
0 0.3629807692307692 0.8665865384615384 0.05048076923076923 0.055288461538461536
0 0.9098557692307693 0.7235576923076923 0.06490384615384616 0.07692307692307693
0 0.6574519230769231 0.7932692307692307 0.0625 0.07211538461538461
0 0.9471153846153846 0.7307692307692307 0.038461538461538464 0.04807692307692308
0 0.14182692307692307 0.9519230769230769 0.04807692307692308 0.06490384615384616
0 0.5084134615384616 0.859375 0.055288461538461536 0.057692307692307696
0 0.7908653846153846 0.7884615384615384 0.0673076923076923 0.07211538461538461
0 0.24158653846153846 0.9447115384615384 0.04567307692307692 0.05048076923076923
0 0.9519230769230769 0.7692307692307693 0.04326923076923077 0.04567307692307692
0 0.2848557692307692 0.1310096153846154 0.04807692307692308 0.055288461538461536
0 0.3245192307692308 0.9423076923076923 0.07211538461538461 0.06971153846153846
0 0.7127403846153846 0.8605769230769231 0.057692307692307696 0.07451923076923077
0 0.5 0.9230769230769231 0.055288461538461536 0.057692307692307696
0 0.671875 0.8810096153846154 0.05048076923076923 0.0625
0 0.90625 0.8353365384615384 0.06490384615384616 0.07692307692307693
0 0.41346153846153844 0.9891826923076923 0.057692307692307696 0.016826923076923076
0 0.037259615384615384 0.21153846153846154 0.04326923076923077 0.05048076923076923
0 0.4326923076923077 0.12139423076923077 0.05048076923076923 0.055288461538461536
0 0.21394230769230768 0.1814903846153846 0.057692307692307696 0.06971153846153846
0 0.3088942307692308 0.17307692307692307 0.057692307692307696 0.07211538461538461
0 0.3605769230769231 0.15865384615384615 0.055288461538461536 0.08173076923076923
0 0.49038461538461536 0.14423076923076922 0.055288461538461536 0.08173076923076923
0 0.2536057692307692 0.2403846153846154 0.0625 0.0673076923076923
0 0.140625 0.27163461538461536 0.055288461538461536 0.057692307692307696