0 0.7487980769230769 0.5673076923076923 0.08173076923076923 0.07451923076923077
0 0.6814903846153846 0.7487980769230769 0.057692307692307696 0.052884615384615384
0 0.7487980769230769 0.5252403846153846 0.0673076923076923 0.06009615384615385
0 0.6694711538461539 0.71875 0.0673076923076923 0.06009615384615385
0 0.6033653846153846 0.8774038461538461 0.07451923076923077 0.0673076923076923
0 0.8401442307692307 0.11177884615384616 0.09615384615384616 0.07211538461538461
0 0.7175480769230769 0.3389423076923077 0.10817307692307693 0.09615384615384616
0 0.4987980769230769 0.8653846153846154 0.07932692307692307 0.07211538461538461
0 0.5985576923076923 0.5384615384615384 0.09134615384615384 0.08413461538461539
0 0.5168269230769231 0.5396634615384616 0.11057692307692307 0.10096153846153846
0 0.4182692307692308 0.828125 0.07451923076923077 0.07451923076923077
0 0.3701923076923077 0.8401442307692307 0.0889423076923077 0.08173076923076923
0 0.359375 0.7512019230769231 0.07451923076923077 0.0673076923076923
0 0.9423076923076923 0.5733173076923077 0.08653846153846154 0.08173076923076923
0 0.5168269230769231 0.1971153846153846 0.09134615384615384 0.08173076923076923
0 0.3088942307692308 0.7728365384615384 0.08173076923076923 0.07211538461538461
0 0.40865384615384615 0.2283653846153846 0.09615384615384616 0.09615384615384616
0 0.41346153846153844 0.06490384615384616 0.10576923076923077 0.08653846153846154
0 0.36658653846153844 0.020432692307692308 0.09375 0.040865384615384616
0 0.08774038461538461 0.5721153846153846 0.0889423076923077 0.08413461538461539
0 0.025240384615384616 0.671875 0.05048076923076923 0.07451923076923077
0 0.015625 0.7079326923076923 0.03125 0.06009615384615385
0 0.13942307692307693 0.10336538461538461 0.08413461538461539 0.07932692307692307
0 0.8461538461538461 0.5552884615384616 0.07211538461538461 0.06971153846153846
0 0.8185096153846154 0.6346153846153846 0.07932692307692307 0.06971153846153846
0 0.8040865384615384 0.6766826923076923 0.06971153846153846 0.06971153846153846
0 0.9471153846153846 0.171875 0.10096153846153846 0.0985576923076923