0 0.7764423076923077 0.38461538461538464 0.07211538461538461 0.0673076923076923
0 0.8401442307692307 0.5793269230769231 0.06971153846153846 0.06009615384615385
0 0.5985576923076923 0.0829326923076923 0.08173076923076923 0.0673076923076923
0 0.8485576923076923 0.7139423076923077 0.0673076923076923 0.055288461538461536
0 0.7043269230769231 0.39302884615384615 0.06971153846153846 0.057692307692307696
0 0.7680288461538461 0.5805288461538461 0.0673076923076923 0.06009615384615385
0 0.5697115384615384 0.16346153846153846 0.07692307692307693 0.07211538461538461
0 0.9867788461538461 0.53125 0.021634615384615384 0.0625
0 0.7512019230769231 0.7367788461538461 0.0625 0.06009615384615385
0 0.5180288461538461 0.2439903846153846 0.07932692307692307 0.06971153846153846
0 0.5889423076923077 0.421875 0.07211538461538461 0.06971153846153846
0 0.46634615384615385 0.23197115384615385 0.07932692307692307 0.06490384615384616
0 0.6778846153846154 0.7920673076923077 0.06490384615384616 0.057692307692307696
0 0.36778846153846156 0.038461538461538464 0.06009615384615385 0.055288461538461536
0 0.47836538461538464 0.3125 0.07211538461538461 0.0673076923076923
0 0.5588942307692307 0.5204326923076923 0.06971153846153846 0.0625
0 0.4014423076923077 0.1502403846153846 0.08653846153846154 0.07932692307692307
0 0.48197115384615385 0.3545673076923077 0.0673076923076923 0.06009615384615385
0 0.3293269230769231 0.057692307692307696 0.07211538461538461 0.0673076923076923
0 0.5925480769230769 0.7091346153846154 0.057692307692307696 0.05048076923076923
0 0.5661057692307693 0.6610576923076923 0.06009615384615385 0.057692307692307696
0 0.34375 0.11177884615384616 0.08413461538461539 0.07451923076923077
0 0.6394230769230769 0.8942307692307693 0.07211538461538461 0.0673076923076923
0 0.5396634615384616 0.6454326923076923 0.06009615384615385 0.052884615384615384
0 0.34375 0.1778846153846154 0.04807692307692308 0.04567307692307692
0 0.5625 0.7247596153846154 0.05048076923076923 0.04567307692307692
0 0.5769230769230769 0.7788461538461539 0.052884615384615384 0.04807692307692308
0 0.5576923076923077 0.8088942307692307 0.04807692307692308 0.04807692307692308
0 0.38221153846153844 0.38221153846153844 0.07451923076923077 0.0625
0 0.28365384615384615 0.15144230769230768 0.06490384615384616 0.0625
0 0.3473557692307692 0.3317307692307692 0.0673076923076923 0.0673076923076923
0 0.2956730769230769 0.20552884615384615 0.04567307692307692 0.040865384615384616
0 0.5060096153846154 0.7524038461538461 0.05048076923076923 0.05048076923076923
0 0.5036057692307693 0.7920673076923077 0.0673076923076923 0.057692307692307696
0 0.2932692307692308 0.27524038461538464 0.055288461538461536 0.04567307692307692
0 0.4098557692307692 0.6177884615384616 0.057692307692307696 0.06009615384615385
0 0.2692307692307692 0.28966346153846156 0.052884615384615384 0.05048076923076923
0 0.23557692307692307 0.25721153846153844 0.06490384615384616 0.052884615384615384
0 0.25841346153846156 0.3389423076923077 0.07211538461538461 0.0625
0 0.36899038461538464 0.6442307692307693 0.06971153846153846 0.06490384615384616
0 0.9795673076923077 0.5961538461538461 0.036057692307692304 0.0673076923076923
0 0.7608173076923077 0.010817307692307692 0.055288461538461536 0.021634615384615384
0 0.15865384615384615 0.21995192307692307 0.06009615384615385 0.055288461538461536
0 0.09615384615384616 0.16706730769230768 0.06971153846153846 0.06490384615384616
0 0.2776442307692308 0.6622596153846154 0.07451923076923077 0.0673076923076923
0 0.15384615384615385 0.41346153846153844 0.07211538461538461 0.0625
0 0.07211538461538461 0.26802884615384615 0.07451923076923077 0.0673076923076923
0 0.11899038461538461 0.4110576923076923 0.06490384615384616 0.052884615384615384
0 0.22596153846153846 0.6923076923076923 0.07211538461538461 0.0673076923076923
0 0.3245192307692308 0.9350961538461539 0.07211538461538461 0.0625
0 0.3269230769230769 0.96875 0.06490384615384616 0.06009615384615385
0 0.025240384615384616 0.203125 0.05048076923076923 0.06490384615384616
0 0.24879807692307693 0.8149038461538461 0.08653846153846154 0.07451923076923077
0 0.14182692307692307 0.5504807692307693 0.06009615384615385 0.055288461538461536
0 0.84375 0.24759615384615385 0.06009615384615385 0.052884615384615384
0 0.026442307692307692 0.3004807692307692 0.052884615384615384 0.0625
0 0.2860576923076923 0.9759615384615384 0.0625 0.04326923076923077
0 0.039663461538461536 0.3798076923076923 0.07932692307692307 0.0673076923076923
0 0.0829326923076923 0.546875 0.07451923076923077 0.0673076923076923
0 0.16826923076923078 0.7560096153846154 0.08413461538461539 0.07211538461538461
0 0.13822115384615385 0.7223557692307693 0.08173076923076923 0.07211538461538461
0 0.21514423076923078 0.9471153846153846 0.07932692307692307 0.06490384615384616
0 0.007211538461538462 0.47475961538461536 0.014423076923076924 0.07451923076923077
0 0.734375 0.016826923076923076 0.055288461538461536 0.03365384615384615
0 0.8725961538461539 0.38221153846153844 0.07211538461538461 0.055288461538461536
0 0.78125 0.17668269230769232 0.0625 0.0625
0 0.8040865384615384 0.2692307692307692 0.07211538461538461 0.0673076923076923
0 0.8233173076923077 0.31850961538461536 0.0673076923076923 0.057692307692307696
0 0.8521634615384616 0.44711538461538464 0.06490384615384616 0.052884615384615384
0 0.7319711538461539 0.2283653846153846 0.055288461538461536 0.052884615384615384
0 0.6826923076923077 0.11177884615384616 0.06971153846153846 0.0625