0 0.7932692307692307 0.5829326923076923 0.057692307692307696 0.05048076923076923
0 0.7223557692307693 0.7692307692307693 0.07451923076923077 0.0625
0 0.6490384615384616 0.8870192307692307 0.06971153846153846 0.0673076923076923
0 0.8341346153846154 0.23317307692307693 0.0673076923076923 0.057692307692307696
0 0.7283653846153846 0.5432692307692307 0.0625 0.06009615384615385
0 0.8521634615384616 0.09975961538461539 0.0625 0.05048076923076923
0 0.6586538461538461 0.7307692307692307 0.07932692307692307 0.06971153846153846
0 0.890625 0.8413461538461539 0.06009615384615385 0.0625
0 0.7584134615384616 0.27163461538461536 0.057692307692307696 0.04567307692307692
0 0.5600961538461539 0.8413461538461539 0.0625 0.055288461538461536
0 0.6189903846153846 0.49158653846153844 0.06009615384615385 0.04807692307692308
0 0.6706730769230769 0.3088942307692308 0.06490384615384616 0.057692307692307696
0 0.6442307692307693 0.2644230769230769 0.06490384615384616 0.06009615384615385
0 0.5973557692307693 0.3449519230769231 0.06009615384615385 0.06009615384615385
0 0.453125 0.8401442307692307 0.06009615384615385 0.06009615384615385
0 0.5348557692307693 0.5552884615384616 0.07211538461538461 0.06490384615384616
0 0.6778846153846154 0.054086538461538464 0.052884615384615384 0.052884615384615384
0 0.6370192307692307 0.1658653846153846 0.06490384615384616 0.06009615384615385
0 0.5757211538461539 0.3762019230769231 0.06009615384615385 0.052884615384615384
0 0.6430288461538461 0.04567307692307692 0.0625 0.06009615384615385
0 0.44711538461538464 0.7247596153846154 0.0625 0.05048076923076923
0 0.4543269230769231 0.6682692307692307 0.06971153846153846 0.0625
0 0.6105769230769231 0.10096153846153846 0.06490384615384616 0.057692307692307696
0 0.3713942307692308 0.8990384615384616 0.0673076923076923 0.057692307692307696
0 0.44350961538461536 0.6358173076923077 0.0673076923076923 0.057692307692307696
0 0.5757211538461539 0.15384615384615385 0.055288461538461536 0.04567307692307692
0 0.4074519230769231 0.7175480769230769 0.0625 0.052884615384615384
0 0.3918269230769231 0.7692307692307693 0.06009615384615385 0.04807692307692308
0 0.4795673076923077 0.3329326923076923 0.06971153846153846 0.0625
0 0.35216346153846156 0.7764423076923077 0.055288461538461536 0.040865384615384616
0 0.484375 0.2800480769230769 0.06009615384615385 0.055288461538461536
0 0.5372596153846154 0.09495192307692307 0.057692307692307696 0.055288461538461536
0 0.5192307692307693 0.13942307692307693 0.052884615384615384 0.04807692307692308
0 0.3473557692307692 0.7019230769230769 0.06971153846153846 0.057692307692307696
0 0.32211538461538464 0.7367788461538461 0.052884615384615384 0.05048076923076923
0 0.5048076923076923 0.09615384615384616 0.06009615384615385 0.06009615384615385
0 0.4206730769230769 0.36658653846153844 0.05048076923076923 0.04326923076923077
0 0.36177884615384615 0.5384615384615384 0.06971153846153846 0.0625
0 0.4050480769230769 0.34615384615384615 0.04567307692307692 0.04326923076923077
0 0.8401442307692307 0.8930288461538461 0.07451923076923077 0.0625
0 0.4375 0.14423076923076922 0.0625 0.055288461538461536
0 0.4098557692307692 0.22235576923076922 0.06971153846153846 0.0625
0 0.30408653846153844 0.53125 0.0673076923076923 0.057692307692307696
0 0.40024038461538464 0.06971153846153846 0.0625 0.055288461538461536
0 0.3894230769230769 0.010817307692307692 0.0625 0.021634615384615384
0 0.22115384615384615 0.49278846153846156 0.06971153846153846 0.0625
0 0.2776442307692308 0.21754807692307693 0.04807692307692308 0.04326923076923077
0 0.25600961538461536 0.1935096153846154 0.057692307692307696 0.05048076923076923
0 0.09735576923076923 0.7355769230769231 0.07692307692307693 0.06490384615384616
0 0.16706730769230768 0.4831730769230769 0.07451923076923077 0.0625
0 0.07091346153846154 0.7644230769230769 0.04807692307692308 0.038461538461538464
0 0.1875 0.32211538461538464 0.057692307692307696 0.055288461538461536
0 0.10216346153846154 0.6009615384615384 0.07211538461538461 0.0673076923076923
0 0.2512019230769231 0.04927884615384615 0.05048076923076923 0.04567307692307692
0 0.021634615384615384 0.8617788461538461 0.04326923076923077 0.05048076923076923
0 0.036057692307692304 0.7487980769230769 0.04567307692307692 0.04326923076923077
0 0.9266826923076923 0.5060096153846154 0.055288461538461536 0.04807692307692308
0 0.21033653846153846 0.12139423076923077 0.06971153846153846 0.07211538461538461
0 0.08052884615384616 0.4963942307692308 0.07692307692307693 0.057692307692307696
0 0.13701923076923078 0.2824519230769231 0.057692307692307696 0.055288461538461536
0 0.08533653846153846 0.45072115384615385 0.06490384615384616 0.052884615384615384
0 0.021634615384615384 0.6754807692307693 0.04326923076923077 0.0673076923076923
0 0.10576923076923077 0.1622596153846154 0.06009615384615385 0.055288461538461536
0 0.9795673076923077 0.2536057692307692 0.036057692307692304 0.04567307692307692
0 0.859375 0.6382211538461539 0.057692307692307696 0.05048076923076923
0 0.9206730769230769 0.41947115384615385 0.06971153846153846 0.057692307692307696
0 0.8786057692307693 0.5048076923076923 0.07211538461538461 0.057692307692307696
0 0.8641826923076923 0.5552884615384616 0.08173076923076923 0.055288461538461536
0 0.8100961538461539 0.6754807692307693 0.08173076923076923 0.057692307692307696
0 0.8497596153846154 0.4230769230769231 0.06971153846153846 0.0625
0 0.8810096153846154 0.3088942307692308 0.057692307692307696 0.055288461538461536