1 0.6478365384615384 0.07211538461538461 0.0625 0.05048076923076923
1 0.796875 0.5853365384615384 0.07451923076923077 0.0673076923076923
1 0.8461538461538461 0.7211538461538461 0.0673076923076923 0.057692307692307696
1 0.6105769230769231 0.1875 0.052884615384615384 0.04807692307692308
1 0.9146634615384616 0.265625 0.057692307692307696 0.06009615384615385
1 0.6009615384615384 0.21153846153846154 0.04807692307692308 0.04807692307692308
1 0.5685096153846154 0.24639423076923078 0.0673076923076923 0.057692307692307696
1 0.7608173076923077 0.7487980769230769 0.06490384615384616 0.06971153846153846
1 0.5985576923076923 0.4483173076923077 0.06009615384615385 0.057692307692307696
1 0.44471153846153844 0.12980769230769232 0.06971153846153846 0.06009615384615385
1 0.5072115384615384 0.31490384615384615 0.05048076923076923 0.04326923076923077
1 0.5036057692307693 0.34134615384615385 0.052884615384615384 0.04807692307692308
1 0.39903846153846156 0.0985576923076923 0.07451923076923077 0.0625
1 0.6622596153846154 0.7980769230769231 0.07692307692307693 0.06971153846153846
1 0.5432692307692307 0.5144230769230769 0.07932692307692307 0.06490384615384616
1 0.39783653846153844 0.37740384615384615 0.055288461538461536 0.052884615384615384
1 0.3701923076923077 0.3329326923076923 0.06009615384615385 0.04567307692307692
1 0.49759615384615385 0.7788461538461539 0.08173076923076923 0.07451923076923077
1 0.4014423076923077 0.6177884615384616 0.0673076923076923 0.06009615384615385
1 0.3161057692307692 0.40865384615384615 0.057692307692307696 0.04807692307692308
1 0.3293269230769231 0.43990384615384615 0.055288461538461536 0.05048076923076923
1 0.25240384615384615 0.2536057692307692 0.0625 0.052884615384615384
1 0.2800480769230769 0.328125 0.0673076923076923 0.06009615384615385
1 0.3737980769230769 0.6514423076923077 0.07451923076923077 0.0625
1 0.16706730769230768 0.20673076923076922 0.0673076923076923 0.057692307692307696
1 0.9651442307692307 0.5204326923076923 0.057692307692307696 0.05048076923076923
1 0.109375 0.16826923076923078 0.06971153846153846 0.06009615384615385
1 0.2764423076923077 0.6610576923076923 0.0625 0.055288461538461536
1 0.25721153846153844 0.71875 0.0673076923076923 0.06009615384615385
1 0.3125 0.9230769230769231 0.06490384615384616 0.057692307692307696
1 0.03125 0.19110576923076922 0.0625 0.06009615384615385
1 0.3016826923076923 0.9711538461538461 0.052884615384615384 0.04807692307692308
1 0.9615384615384616 0.546875 0.0673076923076923 0.052884615384615384
1 0.19831730769230768 0.7235576923076923 0.0673076923076923 0.057692307692307696
1 0.2548076923076923 0.9771634615384616 0.057692307692307696 0.040865384615384616
1 0.22115384615384615 0.9338942307692307 0.07211538461538461 0.06490384615384616
1 0.007211538461538462 0.421875 0.014423076923076924 0.06971153846153846
1 0.7548076923076923 0.16947115384615385 0.0625 0.05048076923076923
1 0.7620192307692307 0.21153846153846154 0.06490384615384616 0.06009615384615385
1 0.8425480769230769 0.4483173076923077 0.07211538461538461 0.06490384615384616
1 0.9014423076923077 0.5997596153846154 0.0673076923076923 0.055288461538461536
1 0.6838942307692307 0.09254807692307693 0.06490384615384616 0.06009615384615385