1 0.12980769230769232 0.7524038461538461 0.052884615384615384 0.052884615384615384
1 0.3112980769230769 0.25240384615384615 0.06971153846153846 0.06971153846153846
1 0.3641826923076923 0.1201923076923077 0.06971153846153846 0.057692307692307696
1 0.15625 0.9014423076923077 0.0625 0.04807692307692308
1 0.03245192307692308 0.43990384615384615 0.06490384615384616 0.0673076923076923
1 0.4387019230769231 0.13221153846153846 0.0625 0.06971153846153846
1 0.29086538461538464 0.6610576923076923 0.07932692307692307 0.06009615384615385
1 0.38822115384615385 0.4807692307692308 0.0673076923076923 0.0625
1 0.3269230769230769 0.8353365384615384 0.06971153846153846 0.055288461538461536
1 0.3389423076923077 0.8786057692307693 0.057692307692307696 0.055288461538461536
1 0.5504807692307693 0.16105769230769232 0.07932692307692307 0.07211538461538461
1 0.47115384615384615 0.4651442307692308 0.06971153846153846 0.055288461538461536
1 0.5024038461538461 0.6598557692307693 0.07692307692307693 0.06490384615384616
1 0.5012019230769231 0.7115384615384616 0.0673076923076923 0.057692307692307696
1 0.6670673076923077 0.26802884615384615 0.08173076923076923 0.07932692307692307
1 0.5420673076923077 0.8509615384615384 0.06971153846153846 0.055288461538461536
1 0.5733173076923077 0.7632211538461539 0.0673076923076923 0.057692307692307696
1 0.5877403846153846 0.9314903846153846 0.07451923076923077 0.0625
1 0.6201923076923077 0.9831730769230769 0.07692307692307693 0.028846153846153848
1 0.7764423076923077 0.5 0.07451923076923077 0.0625
1 0.8293269230769231 0.47475961538461536 0.0625 0.05048076923076923
1 0.90625 0.27283653846153844 0.07211538461538461 0.057692307692307696
1 0.9423076923076923 0.24278846153846154 0.057692307692307696 0.055288461538461536
1 0.8834134615384616 0.4987980769230769 0.0673076923076923 0.0625
1 0.9759615384615384 0.2620192307692308 0.04326923076923077 0.057692307692307696
1 0.9699519230769231 0.3161057692307692 0.055288461538461536 0.06971153846153846
1 0.875 0.8737980769230769 0.07692307692307693 0.06971153846153846
1 0.8605769230769231 0.9603365384615384 0.06009615384615385 0.06009615384615385
1 0.03125 0.8257211538461539 0.0625 0.06490384615384616
1 0.09134615384615384 0.6129807692307693 0.0625 0.052884615384615384
1 0.11538461538461539 0.5757211538461539 0.0673076923076923 0.052884615384615384
1 0.18629807692307693 0.33774038461538464 0.09134615384615384 0.06971153846153846
1 0.2439903846153846 0.18028846153846154 0.07692307692307693 0.06009615384615385
1 0.10697115384615384 0.7151442307692307 0.0673076923076923 0.057692307692307696