1 0.11538461538461539 0.26322115384615385 0.04807692307692308 0.07211538461538461
1 0.6466346153846154 0.22956730769230768 0.055288461538461536 0.057692307692307696
1 0.7980769230769231 0.21875 0.07211538461538461 0.07451923076923077
1 0.010817307692307692 0.3473557692307692 0.021634615384615384 0.07932692307692307
1 0.3713942307692308 0.04326923076923077 0.052884615384615384 0.06490384615384616
1 0.8040865384615384 0.296875 0.057692307692307696 0.07451923076923077
1 0.2644230769230769 0.3737980769230769 0.052884615384615384 0.07692307692307693
1 0.4723557692307692 0.390625 0.06009615384615385 0.06971153846153846
1 0.12259615384615384 0.4723557692307692 0.04807692307692308 0.07211538461538461
1 0.08653846153846154 0.5084134615384616 0.05048076923076923 0.06009615384615385
1 0.8317307692307693 0.41225961538461536 0.07211538461538461 0.08413461538461539
1 0.5192307692307693 0.4579326923076923 0.055288461538461536 0.0673076923076923
1 0.3605769230769231 0.5721153846153846 0.04807692307692308 0.06490384615384616
1 0.31009615384615385 0.5961538461538461 0.04807692307692308 0.07211538461538461
1 0.7764423076923077 0.5588942307692307 0.07692307692307693 0.08413461538461539
1 0.20072115384615385 0.6790865384615384 0.057692307692307696 0.07451923076923077
1 0.59375 0.6237980769230769 0.052884615384615384 0.05048076923076923
1 0.37259615384615385 0.65625 0.03365384615384615 0.04567307692307692
1 0.39663461538461536 0.65625 0.036057692307692304 0.052884615384615384
1 0.2824519230769231 0.6766826923076923 0.055288461538461536 0.06971153846153846
1 0.6153846153846154 0.6550480769230769 0.05048076923076923 0.0625
1 0.140625 0.7572115384615384 0.055288461538461536 0.06009615384615385
1 0.09014423076923077 0.8137019230769231 0.052884615384615384 0.07211538461538461
1 0.6081730769230769 0.7596153846153846 0.04807692307692308 0.052884615384615384
1 0.6574519230769231 0.7860576923076923 0.055288461538461536 0.0625
1 0.0889423076923077 0.8918269230769231 0.05048076923076923 0.06490384615384616
1 0.8725961538461539 0.7860576923076923 0.057692307692307696 0.06009615384615385
1 0.9158653846153846 0.796875 0.05048076923076923 0.057692307692307696
1 0.6538461538461539 0.8497596153846154 0.05048076923076923 0.06009615384615385
1 0.9158653846153846 0.8497596153846154 0.04567307692307692 0.055288461538461536
1 0.8641826923076923 0.8677884615384616 0.055288461538461536 0.055288461538461536
1 0.9867788461538461 0.8653846153846154 0.021634615384615384 0.07211538461538461
1 0.30649038461538464 0.9771634615384616 0.055288461538461536 0.040865384615384616
1 0.025240384615384616 0.18629807692307693 0.05048076923076923 0.07451923076923077
1 0.234375 0.17668269230769232 0.040865384615384616 0.0625
1 0.2764423076923077 0.1778846153846154 0.05048076923076923 0.06009615384615385
1 0.6826923076923077 0.12980769230769232 0.040865384615384616 0.057692307692307696
1 0.5276442307692307 0.15264423076923078 0.04567307692307692 0.0673076923076923
1 0.14543269230769232 0.23317307692307693 0.055288461538461536 0.0673076923076923