0 0.2512019230769231 0.7908653846153846 0.038461538461538464 0.04807692307692308
0 0.34615384615384615 0.7836538461538461 0.052884615384615384 0.04326923076923077
0 0.6670673076923077 0.7608173076923077 0.05048076923076923 0.04326923076923077
0 0.4266826923076923 0.7620192307692307 0.04326923076923077 0.04567307692307692
0 0.1935096153846154 0.7620192307692307 0.040865384615384616 0.04807692307692308
0 0.7379807692307693 0.7379807692307693 0.06009615384615385 0.04326923076923077
0 0.12379807692307693 0.7572115384615384 0.04326923076923077 0.04567307692307692
0 0.44591346153846156 0.7139423076923077 0.055288461538461536 0.04326923076923077
0 0.6754807692307693 0.6959134615384616 0.055288461538461536 0.04326923076923077
0 0.06971153846153846 0.7067307692307693 0.04326923076923077 0.038461538461538464
0 0.7379807692307693 0.6526442307692307 0.055288461538461536 0.05048076923076923
0 0.05048076923076923 0.6646634615384616 0.040865384615384616 0.040865384615384616
0 0.22235576923076922 0.6586538461538461 0.03365384615384615 0.038461538461538464
0 0.203125 0.6502403846153846 0.03125 0.04567307692307692
0 0.09254807692307693 0.6394230769230769 0.028846153846153848 0.036057692307692304
0 0.1622596153846154 0.6298076923076923 0.03365384615384615 0.040865384615384616
0 0.5144230769230769 0.6153846153846154 0.05048076923076923 0.052884615384615384
0 0.4014423076923077 0.6009615384615384 0.036057692307692304 0.036057692307692304
0 0.08413461538461539 0.6021634615384616 0.038461538461538464 0.040865384615384616
0 0.5564903846153846 0.5612980769230769 0.05048076923076923 0.04326923076923077
0 0.3389423076923077 0.5697115384615384 0.03125 0.028846153846153848
0 0.12980769230769232 0.5745192307692307 0.03365384615384615 0.03365384615384615
0 0.5973557692307693 0.5516826923076923 0.04326923076923077 0.040865384615384616
0 0.7391826923076923 0.546875 0.038461538461538464 0.036057692307692304
0 0.3173076923076923 0.546875 0.040865384615384616 0.038461538461538464
0 0.15625 0.5336538461538461 0.03365384615384615 0.03125
0 0.7463942307692307 0.5108173076923077 0.036057692307692304 0.036057692307692304
0 0.2668269230769231 0.5096153846153846 0.040865384615384616 0.040865384615384616
0 0.34134615384615385 0.5072115384615384 0.04567307692307692 0.040865384615384616
0 0.4026442307692308 0.49759615384615385 0.04326923076923077 0.038461538461538464
0 0.29927884615384615 0.47716346153846156 0.05048076923076923 0.04567307692307692
0 0.9110576923076923 0.4387019230769231 0.05048076923076923 0.040865384615384616
0 0.3557692307692308 0.44350961538461536 0.03125 0.036057692307692304
0 0.40024038461538464 0.42908653846153844 0.036057692307692304 0.040865384615384616
0 0.4699519230769231 0.41947115384615385 0.038461538461538464 0.03365384615384615
0 0.17908653846153846 0.42908653846153844 0.036057692307692304 0.036057692307692304
0 0.4170673076923077 0.39663461538461536 0.04326923076923077 0.036057692307692304
0 0.8774038461538461 0.36778846153846156 0.04567307692307692 0.038461538461538464
0 0.5300480769230769 0.37740384615384615 0.040865384615384616 0.038461538461538464
0 0.4567307692307692 0.3629807692307692 0.036057692307692304 0.04326923076923077
0 0.30528846153846156 0.3269230769230769 0.038461538461538464 0.036057692307692304
0 0.6430288461538461 0.3088942307692308 0.03125 0.03125
0 0.9399038461538461 0.296875 0.04807692307692308 0.05048076923076923
0 0.5456730769230769 0.31009615384615385 0.040865384615384616 0.040865384615384616
0 0.8737980769230769 0.24519230769230768 0.055288461538461536 0.04567307692307692
0 0.6598557692307693 0.23557692307692307 0.04807692307692308 0.04567307692307692
0 0.6334134615384616 0.19471153846153846 0.03365384615384615 0.040865384615384616
0 0.3894230769230769 0.06490384615384616 0.028846153846153848 0.03365384615384615
0 0.6935096153846154 0.025240384615384616 0.04567307692307692 0.04567307692307692
0 0.7536057692307693 0.021634615384615384 0.055288461538461536 0.04326923076923077
0 0.8449519230769231 0.018028846153846152 0.04567307692307692 0.036057692307692304
0 0.8233173076923077 0.8701923076923077 0.06490384615384616 0.06009615384615385