0 0.203125 0.49399038461538464 0.04567307692307692 0.04567307692307692
0 0.21875 0.28966346153846156 0.05048076923076923 0.04567307692307692
0 0.23557692307692307 0.8401442307692307 0.06490384615384616 0.057692307692307696
0 0.26322115384615385 0.16105769230769232 0.06009615384615385 0.04567307692307692
0 0.2668269230769231 0.5144230769230769 0.04807692307692308 0.03125
0 0.25600961538461536 0.9699519230769231 0.0625 0.040865384615384616
0 0.2848557692307692 0.3137019230769231 0.05048076923076923 0.055288461538461536
0 0.3004807692307692 0.7824519230769231 0.05048076923076923 0.05048076923076923
0 0.04326923076923077 0.26322115384615385 0.06009615384615385 0.040865384615384616
0 0.36177884615384615 0.17908653846153846 0.06009615384615385 0.05048076923076923
0 0.38461538461538464 0.5300480769230769 0.07932692307692307 0.055288461538461536
0 0.38100961538461536 0.7283653846153846 0.04807692307692308 0.036057692307692304
0 0.4182692307692308 0.7548076923076923 0.055288461538461536 0.040865384615384616
0 0.43990384615384615 0.6742788461538461 0.05048076923076923 0.040865384615384616
0 0.46033653846153844 0.15985576923076922 0.055288461538461536 0.04567307692307692
0 0.453125 0.46153846153846156 0.0673076923076923 0.04567307692307692
0 0.4362980769230769 0.9759615384615384 0.03365384615384615 0.03365384615384615
0 0.4567307692307692 0.6418269230769231 0.04326923076923077 0.040865384615384616
0 0.4519230769230769 0.8629807692307693 0.05048076923076923 0.040865384615384616
0 0.4651442307692308 0.9723557692307693 0.03365384615384615 0.03365384615384615
0 0.5 0.2704326923076923 0.040865384615384616 0.036057692307692304
0 0.5024038461538461 0.32572115384615385 0.057692307692307696 0.036057692307692304
0 0.4831730769230769 0.9182692307692307 0.057692307692307696 0.04567307692307692
0 0.5288461538461539 0.08653846153846154 0.0673076923076923 0.040865384615384616
0 0.5216346153846154 0.35216346153846156 0.04326923076923077 0.04567307692307692
0 0.5324519230769231 0.2668269230769231 0.04567307692307692 0.040865384615384616
0 0.5132211538461539 0.8569711538461539 0.052884615384615384 0.040865384615384616
0 0.5456730769230769 0.21153846153846154 0.04326923076923077 0.03125
0 0.5733173076923077 0.1971153846153846 0.038461538461538464 0.036057692307692304
0 0.5516826923076923 0.9038461538461539 0.038461538461538464 0.036057692307692304
0 0.5637019230769231 0.6550480769230769 0.052884615384615384 0.05048076923076923
0 0.5697115384615384 0.7151442307692307 0.05048076923076923 0.04326923076923077
0 0.5673076923076923 0.8497596153846154 0.05048076923076923 0.040865384615384616
0 0.5961538461538461 0.265625 0.05048076923076923 0.040865384615384616
0 0.5865384615384616 0.8930288461538461 0.038461538461538464 0.036057692307692304
0 0.5949519230769231 0.7896634615384616 0.04567307692307692 0.040865384615384616
0 0.6153846153846154 0.2283653846153846 0.04326923076923077 0.036057692307692304
0 0.0733173076923077 0.20432692307692307 0.06971153846153846 0.04326923076923077
0 0.6298076923076923 0.42788461538461536 0.057692307692307696 0.04567307692307692
0 0.6237980769230769 0.7872596153846154 0.04326923076923077 0.036057692307692304
0 0.6466346153846154 0.8269230769230769 0.057692307692307696 0.036057692307692304
0 0.6502403846153846 0.7463942307692307 0.06009615384615385 0.04567307692307692
0 0.6790865384615384 0.4182692307692308 0.06009615384615385 0.05048076923076923
0 0.6983173076923077 0.8966346153846154 0.0625 0.040865384615384616
0 0.05889423076923077 0.8569711538461539 0.038461538461538464 0.03125
0 0.7331730769230769 0.96875 0.055288461538461536 0.04567307692307692
0 0.7776442307692307 0.4423076923076923 0.057692307692307696 0.038461538461538464
0 0.7872596153846154 0.71875 0.06009615384615385 0.036057692307692304
0 0.06370192307692307 0.9627403846153846 0.0625 0.04326923076923077
0 0.8076923076923077 0.734375 0.04807692307692308 0.036057692307692304
0 0.8028846153846154 0.8846153846153846 0.04807692307692308 0.036057692307692304
0 0.8293269230769231 0.17307692307692307 0.06971153846153846 0.05048076923076923
0 0.07932692307692307 0.5913461538461539 0.05048076923076923 0.052884615384615384
0 0.8317307692307693 0.4362980769230769 0.04326923076923077 0.040865384615384616
0 0.8521634615384616 0.14543269230769232 0.05048076923076923 0.040865384615384616
0 0.8245192307692307 0.9711538461538461 0.0625 0.04326923076923077
0 0.8533653846153846 0.3112980769230769 0.06009615384615385 0.04567307692307692
0 0.8509615384615384 0.5997596153846154 0.04807692307692308 0.036057692307692304
0 0.8533653846153846 0.8786057692307693 0.05048076923076923 0.040865384615384616
0 0.8894230769230769 0.14783653846153846 0.04567307692307692 0.04567307692307692
0 0.8786057692307693 0.7956730769230769 0.055288461538461536 0.040865384615384616
0 0.9038461538461539 0.4026442307692308 0.055288461538461536 0.036057692307692304
0 0.8978365384615384 0.6237980769230769 0.06009615384615385 0.040865384615384616
0 0.9158653846153846 0.44350961538461536 0.06971153846153846 0.03125
0 0.9375 0.21153846153846154 0.0625 0.04567307692307692
0 0.9675480769230769 0.7307692307692307 0.05048076923076923 0.04326923076923077
0 0.08533653846153846 0.859375 0.028846153846153848 0.026442307692307692
0 0.9627403846153846 0.8701923076923077 0.04326923076923077 0.036057692307692304
0 0.11899038461538461 0.453125 0.052884615384615384 0.04326923076923077
0 0.11538461538461539 0.6814903846153846 0.06009615384615385 0.05048076923076923
0 0.12980769230769232 0.5853365384615384 0.057692307692307696 0.036057692307692304
0 0.13341346153846154 0.5348557692307693 0.057692307692307696 0.036057692307692304
0 0.15625 0.40865384615384615 0.05048076923076923 0.036057692307692304
0 0.17548076923076922 0.6586538461538461 0.052884615384615384 0.04567307692307692
0 0.1778846153846154 0.7788461538461539 0.06009615384615385 0.055288461538461536