0 0.7776442307692307 0.8317307692307693 0.04326923076923077 0.06971153846153846
0 0.8028846153846154 0.8245192307692307 0.040865384615384616 0.06009615384615385
0 0.46875 0.7644230769230769 0.052884615384615384 0.055288461538461536
0 0.28125 0.7355769230769231 0.055288461538461536 0.055288461538461536
0 0.5324519230769231 0.7439903846153846 0.04567307692307692 0.052884615384615384
0 0.1466346153846154 0.6814903846153846 0.05048076923076923 0.0625
0 0.31850961538461536 0.7019230769230769 0.055288461538461536 0.0625
0 0.9435096153846154 0.7752403846153846 0.05048076923076923 0.08413461538461539
0 0.6983173076923077 0.6971153846153846 0.052884615384615384 0.06971153846153846
0 0.484375 0.6165865384615384 0.04567307692307692 0.0625
0 0.1502403846153846 0.5528846153846154 0.052884615384615384 0.06971153846153846
0 0.8521634615384616 0.6490384615384616 0.04807692307692308 0.07451923076923077
0 0.8858173076923077 0.6394230769230769 0.05048076923076923 0.0673076923076923
0 0.21634615384615385 0.9206730769230769 0.04807692307692308 0.07211538461538461
0 0.46033653846153844 0.5252403846153846 0.057692307692307696 0.07451923076923077
0 0.1658653846153846 0.4795673076923077 0.04807692307692308 0.06971153846153846
0 0.4987980769230769 0.9519230769230769 0.05048076923076923 0.052884615384615384
0 0.13822115384615385 0.4206730769230769 0.055288461538461536 0.06490384615384616
0 0.23317307692307693 0.40625 0.057692307692307696 0.07451923076923077
0 0.040865384615384616 0.3798076923076923 0.05048076923076923 0.057692307692307696
0 0.6935096153846154 0.4519230769230769 0.040865384615384616 0.06009615384615385
0 0.6706730769230769 0.44591346153846156 0.03365384615384615 0.04567307692307692
0 0.8016826923076923 0.4639423076923077 0.04807692307692308 0.0673076923076923
0 0.9170673076923077 0.47836538461538464 0.055288461538461536 0.06009615384615385
0 0.10697115384615384 0.359375 0.04807692307692308 0.06009615384615385
0 0.039663461538461536 0.33774038461538464 0.04807692307692308 0.055288461538461536
0 0.20072115384615385 0.3557692307692308 0.05048076923076923 0.057692307692307696
0 0.19230769230769232 0.9014423076923077 0.04807692307692308 0.04807692307692308
0 0.14302884615384615 0.33533653846153844 0.04807692307692308 0.055288461538461536
0 0.6213942307692307 0.40024038461538464 0.040865384615384616 0.052884615384615384
0 0.9170673076923077 0.43028846153846156 0.04807692307692308 0.052884615384615384
0 0.8028846153846154 0.4026442307692308 0.040865384615384616 0.04807692307692308
0 0.6490384615384616 0.3737980769230769 0.038461538461538464 0.04807692307692308
0 0.45072115384615385 0.34134615384615385 0.04807692307692308 0.04326923076923077
0 0.8305288461538461 0.38100961538461536 0.040865384615384616 0.057692307692307696
0 0.7548076923076923 0.3701923076923077 0.06490384615384616 0.0673076923076923
0 0.43028846153846156 0.29927884615384615 0.05048076923076923 0.052884615384615384
0 0.9122596153846154 0.33413461538461536 0.05048076923076923 0.06490384615384616
0 0.9723557692307693 0.2956730769230769 0.05048076923076923 0.0625
0 0.46634615384615385 0.19951923076923078 0.04807692307692308 0.055288461538461536
0 0.45072115384615385 0.15865384615384615 0.038461538461538464 0.06490384615384616
0 0.9903846153846154 0.21514423076923078 0.014423076923076924 0.07451923076923077
0 0.3425480769230769 0.109375 0.055288461538461536 0.055288461538461536
0 0.19471153846153846 0.039663461538461536 0.04807692307692308 0.06971153846153846
0 0.2512019230769231 0.04567307692307692 0.05048076923076923 0.06490384615384616
0 0.11298076923076923 0.020432692307692308 0.057692307692307696 0.040865384615384616
0 0.8353365384615384 0.07692307692307693 0.04567307692307692 0.06009615384615385
0 0.5384615384615384 0.8882211538461539 0.040865384615384616 0.04807692307692308
0 0.6322115384615384 0.8870192307692307 0.04567307692307692 0.055288461538461536
0 0.42788461538461536 0.8557692307692307 0.05048076923076923 0.052884615384615384
0 0.375 0.8269230769230769 0.05048076923076923 0.052884615384615384
0 0.890625 0.8882211538461539 0.057692307692307696 0.07451923076923077
0 0.5060096153846154 0.8329326923076923 0.04326923076923077 0.052884615384615384
0 0.6286057692307693 0.8341346153846154 0.05048076923076923 0.055288461538461536