1 0.6862980769230769 0.08774038461538461 0.07451923076923077 0.055288461538461536
1 0.828125 0.7548076923076923 0.0625 0.055288461538461536
1 0.9411057692307693 0.3173076923076923 0.057692307692307696 0.055288461538461536
1 0.7788461538461539 0.6069711538461539 0.06971153846153846 0.06490384615384616
1 0.6466346153846154 0.19230769230769232 0.055288461538461536 0.04567307692307692
1 0.640625 0.22235576923076922 0.04807692307692308 0.038461538461538464
1 0.5985576923076923 0.25600961538461536 0.05048076923076923 0.04567307692307692
1 0.7163461538461539 0.7704326923076923 0.0673076923076923 0.052884615384615384
1 0.609375 0.45072115384615385 0.07211538461538461 0.0625
1 0.4891826923076923 0.12740384615384615 0.06971153846153846 0.055288461538461536
1 0.5240384615384616 0.31850961538461536 0.05048076923076923 0.04326923076923077
1 0.5288461538461539 0.34615384615384615 0.052884615384615384 0.038461538461538464
1 0.6454326923076923 0.8088942307692307 0.07692307692307693 0.06009615384615385
1 0.4362980769230769 0.09134615384615384 0.06971153846153846 0.05048076923076923
1 0.5432692307692307 0.5228365384615384 0.07692307692307693 0.06009615384615385
1 0.41466346153846156 0.36177884615384615 0.04807692307692308 0.038461538461538464
1 0.3894230769230769 0.33052884615384615 0.057692307692307696 0.055288461538461536
1 0.5120192307692307 0.8918269230769231 0.057692307692307696 0.05048076923076923
1 0.4987980769230769 0.8653846153846154 0.055288461538461536 0.05048076923076923
1 0.9783653846153846 0.6237980769230769 0.038461538461538464 0.06009615384615385
1 0.4639423076923077 0.7788461538461539 0.06971153846153846 0.06971153846153846
1 0.3918269230769231 0.6021634615384616 0.0673076923076923 0.0673076923076923
1 0.2800480769230769 0.23317307692307693 0.08173076923076923 0.06009615384615385
1 0.8545673076923077 0.14182692307692307 0.0673076923076923 0.04807692307692308
1 0.29447115384615385 0.3016826923076923 0.0625 0.0673076923076923
1 0.3173076923076923 0.3918269230769231 0.055288461538461536 0.04567307692307692
1 0.34975961538461536 0.6454326923076923 0.06971153846153846 0.057692307692307696
1 0.9627403846153846 0.5612980769230769 0.04807692307692308 0.052884615384615384
1 0.19831730769230768 0.17427884615384615 0.06971153846153846 0.0625
1 0.14903846153846154 0.11778846153846154 0.06490384615384616 0.055288461538461536
1 0.2620192307692308 0.6346153846153846 0.0673076923076923 0.052884615384615384
1 0.24158653846153846 0.6923076923076923 0.06490384615384616 0.05048076923076923
1 0.27524038461538464 0.9002403846153846 0.07692307692307693 0.0673076923076923
1 0.06129807692307692 0.140625 0.07211538461538461 0.052884615384615384
1 0.25600961538461536 0.9459134615384616 0.055288461538461536 0.04567307692307692
1 0.051682692307692304 0.1971153846153846 0.07211538461538461 0.052884615384615384
1 0.1778846153846154 0.6911057692307693 0.057692307692307696 0.06971153846153846
1 0.03365384615384615 0.234375 0.06490384615384616 0.052884615384615384
1 0.203125 0.9591346153846154 0.04807692307692308 0.040865384615384616
1 0.17668269230769232 0.9038461538461539 0.07451923076923077 0.057692307692307696
1 0.9471153846153846 0.5997596153846154 0.04807692307692308 0.038461538461538464
1 0.015625 0.35216346153846156 0.03125 0.06009615384615385
1 0.8257211538461539 0.16826923076923078 0.052884615384615384 0.052884615384615384
1 0.7992788461538461 0.1971153846153846 0.06490384615384616 0.04807692307692308
1 0.7884615384615384 0.24278846153846154 0.055288461538461536 0.04567307692307692
1 0.8954326923076923 0.6430288461538461 0.057692307692307696 0.052884615384615384
1 0.8245192307692307 0.390625 0.07211538461538461 0.04567307692307692
1 0.8149038461538461 0.36177884615384615 0.04807692307692308 0.038461538461538464
1 0.8473557692307693 0.49038461538461536 0.0673076923076923 0.0673076923076923
1 0.7355769230769231 0.11899038461538461 0.07211538461538461 0.052884615384615384