1 0.1935096153846154 0.8305288461538461 0.06971153846153846 0.036057692307692304
1 0.265625 0.15384615384615385 0.06971153846153846 0.04567307692307692
1 0.026442307692307692 0.5408653846153846 0.052884615384615384 0.04807692307692308
1 0.265625 0.30649038461538464 0.052884615384615384 0.055288461538461536
1 0.265625 0.7439903846153846 0.05048076923076923 0.03125
1 0.25600961538461536 0.9615384615384616 0.07211538461538461 0.05048076923076923
1 0.28725961538461536 0.7199519230769231 0.052884615384615384 0.036057692307692304
1 0.04567307692307692 0.25600961538461536 0.04567307692307692 0.03125
1 0.3269230769230769 0.7055288461538461 0.06009615384615385 0.036057692307692304
1 0.36899038461538464 0.16947115384615385 0.055288461538461536 0.04567307692307692
1 0.3870192307692308 0.5096153846153846 0.057692307692307696 0.052884615384615384
1 0.41947115384615385 0.6682692307692307 0.040865384615384616 0.03125
1 0.42788461538461536 0.6382211538461539 0.05048076923076923 0.03125
1 0.46274038461538464 0.16105769230769232 0.06971153846153846 0.055288461538461536
1 0.4254807692307692 0.9086538461538461 0.0985576923076923 0.06009615384615385
1 0.46274038461538464 0.4651442307692308 0.06490384615384616 0.05048076923076923
1 0.5396634615384616 0.6526442307692307 0.040865384615384616 0.052884615384615384
1 0.5564903846153846 0.6959134615384616 0.057692307692307696 0.04567307692307692
1 0.6153846153846154 0.24639423076923078 0.07932692307692307 0.052884615384615384
1 0.6322115384615384 0.4362980769230769 0.052884615384615384 0.04567307692307692
1 0.6262019230769231 0.6262019230769231 0.06009615384615385 0.040865384615384616
1 0.6286057692307693 0.6610576923076923 0.06009615384615385 0.038461538461538464
1 0.6225961538461539 0.8257211538461539 0.06971153846153846 0.05048076923076923
1 0.6346153846153846 0.7475961538461539 0.06009615384615385 0.05048076923076923
1 0.6875 0.4110576923076923 0.055288461538461536 0.04326923076923077
1 0.057692307692307696 0.7283653846153846 0.036057692307692304 0.026442307692307692
1 0.07932692307692307 0.296875 0.05048076923076923 0.036057692307692304
1 0.6899038461538461 0.8978365384615384 0.055288461538461536 0.04567307692307692
1 0.7211538461538461 0.96875 0.06009615384615385 0.04567307692307692
1 0.7728365384615384 0.44591346153846156 0.04567307692307692 0.04326923076923077
1 0.8052884615384616 0.39663461538461536 0.06009615384615385 0.04326923076923077
1 0.8353365384615384 0.19110576923076922 0.06490384615384616 0.038461538461538464
1 0.8028846153846154 0.9771634615384616 0.052884615384615384 0.040865384615384616
1 0.8689903846153846 0.1502403846153846 0.057692307692307696 0.036057692307692304
1 0.8701923076923077 0.41947115384615385 0.052884615384615384 0.05048076923076923
1 0.84375 0.9230769230769231 0.057692307692307696 0.036057692307692304
1 0.8557692307692307 0.8990384615384616 0.05048076923076923 0.040865384615384616
1 0.9206730769230769 0.15745192307692307 0.04567307692307692 0.04567307692307692
1 0.9471153846153846 0.07692307692307693 0.06009615384615385 0.038461538461538464
1 0.9411057692307693 0.21394230769230768 0.07692307692307693 0.04326923076923077
1 0.0829326923076923 0.7163461538461539 0.04567307692307692 0.03125
1 0.10817307692307693 0.2704326923076923 0.04567307692307692 0.04326923076923077
1 0.9471153846153846 0.7944711538461539 0.07211538461538461 0.04567307692307692
1 0.9627403846153846 0.8677884615384616 0.036057692307692304 0.040865384615384616
1 0.09495192307692307 0.9254807692307693 0.08653846153846154 0.07451923076923077
1 0.13221153846153846 0.6971153846153846 0.040865384615384616 0.036057692307692304
1 0.14783653846153846 0.6586538461538461 0.057692307692307696 0.04326923076923077
1 0.16466346153846154 0.40625 0.06009615384615385 0.040865384615384616
1 0.17427884615384615 0.24639423076923078 0.0625 0.04567307692307692
1 0.1622596153846154 0.7908653846153846 0.05048076923076923 0.05048076923076923