0 0.42788461538461536 0.7956730769230769 0.052884615384615384 0.06009615384615385
0 0.23677884615384615 0.7319711538461539 0.06009615384615385 0.06971153846153846
0 0.7788461538461539 0.8233173076923077 0.0625 0.07211538461538461
0 0.12139423076923077 0.6574519230769231 0.06490384615384616 0.07692307692307693
0 0.46634615384615385 0.7307692307692307 0.06009615384615385 0.0625
0 0.9086538461538461 0.8377403846153846 0.052884615384615384 0.07451923076923077
0 0.27403846153846156 0.6670673076923077 0.057692307692307696 0.07692307692307693
0 0.17427884615384615 0.8990384615384616 0.055288461538461536 0.06971153846153846
0 0.7367788461538461 0.7451923076923077 0.04807692307692308 0.055288461538461536
0 0.15985576923076922 0.5685096153846154 0.06971153846153846 0.07451923076923077
0 0.6947115384615384 0.6610576923076923 0.04567307692307692 0.04567307692307692
0 0.7403846153846154 0.6334134615384616 0.052884615384615384 0.0673076923076923
0 0.9507211538461539 0.6682692307692307 0.052884615384615384 0.07211538461538461
0 0.6598557692307693 0.5949519230769231 0.05048076923076923 0.06490384615384616
0 0.15625 0.4699519230769231 0.055288461538461536 0.0673076923076923
0 0.45072115384615385 0.5372596153846154 0.0625 0.0625
0 0.6237980769230769 0.5769230769230769 0.05048076923076923 0.06009615384615385
0 0.8425480769230769 0.6237980769230769 0.04567307692307692 0.06490384615384616
0 0.9567307692307693 0.6298076923076923 0.057692307692307696 0.06971153846153846
0 0.27403846153846156 0.4543269230769231 0.04807692307692308 0.055288461538461536
0 0.90625 0.6057692307692307 0.057692307692307696 0.06971153846153846
0 0.3293269230769231 0.46153846153846156 0.04807692307692308 0.0625
0 0.09615384615384616 0.3858173076923077 0.055288461538461536 0.0673076923076923
0 0.36177884615384615 0.4483173076923077 0.055288461538461536 0.0673076923076923
0 0.8533653846153846 0.5649038461538461 0.04807692307692308 0.06490384615384616
0 0.28125 0.41466346153846156 0.04567307692307692 0.05048076923076923
0 0.2283653846153846 0.4014423076923077 0.04326923076923077 0.052884615384615384
0 0.21875 0.36177884615384615 0.05048076923076923 0.057692307692307696
0 0.9098557692307693 0.5324519230769231 0.04567307692307692 0.055288461538461536
0 0.6682692307692307 0.47115384615384615 0.057692307692307696 0.07211538461538461
0 0.71875 0.47596153846153844 0.052884615384615384 0.0673076923076923
0 0.8617788461538461 0.5072115384615384 0.052884615384615384 0.057692307692307696
0 0.2932692307692308 0.35336538461538464 0.05048076923076923 0.052884615384615384
0 0.25600961538461536 0.33413461538461536 0.04807692307692308 0.04807692307692308
0 0.9014423076923077 0.49278846153846156 0.04326923076923077 0.055288461538461536
0 0.8040865384615384 0.46634615384615385 0.04807692307692308 0.05048076923076923
0 0.6298076923076923 0.41947115384615385 0.04567307692307692 0.055288461538461536
0 0.4579326923076923 0.36177884615384615 0.055288461538461536 0.0673076923076923
0 0.6490384615384616 0.39903846153846156 0.04326923076923077 0.04807692307692308
0 0.8052884615384616 0.43149038461538464 0.040865384615384616 0.04567307692307692
0 0.8509615384615384 0.43149038461538464 0.05048076923076923 0.06009615384615385
0 0.46033653846153844 0.30408653846153844 0.055288461538461536 0.0673076923076923
0 0.12379807692307693 0.8497596153846154 0.05048076923076923 0.0625
0 0.7548076923076923 0.9855769230769231 0.057692307692307696 0.02403846153846154
0 0.9242788461538461 0.38341346153846156 0.05048076923076923 0.0625
0 0.9903846153846154 0.37259615384615385 0.014423076923076924 0.0673076923076923
0 0.4987980769230769 0.22235576923076922 0.06009615384615385 0.0673076923076923
0 0.7728365384615384 0.2704326923076923 0.055288461538461536 0.0625
0 0.2512019230769231 0.10336538461538461 0.052884615384615384 0.0625
0 0.7992788461538461 0.23918269230769232 0.04807692307692308 0.055288461538461536
0 0.5036057692307693 0.16105769230769232 0.0625 0.06971153846153846
0 0.5048076923076923 0.9290865384615384 0.052884615384615384 0.0625
0 0.22716346153846154 0.08052884615384616 0.04807692307692308 0.055288461538461536
0 0.6694711538461539 0.18389423076923078 0.05048076923076923 0.057692307692307696
0 0.3858173076923077 0.11177884615384616 0.06490384615384616 0.07692307692307693
0 0.9375 0.23677884615384615 0.052884615384615384 0.057692307692307696
0 0.12379807692307693 0.027644230769230768 0.05048076923076923 0.055288461538461536
0 0.23677884615384615 0.040865384615384616 0.04807692307692308 0.05048076923076923
0 0.8701923076923077 0.19831730769230768 0.04567307692307692 0.0625
0 0.4891826923076923 0.0829326923076923 0.04567307692307692 0.06490384615384616
0 0.7043269230769231 0.13221153846153846 0.06009615384615385 0.06490384615384616
0 0.5336538461538461 0.08653846153846154 0.05048076923076923 0.07692307692307693
0 0.30528846153846156 0.020432692307692308 0.052884615384615384 0.040865384615384616
0 0.8209134615384616 0.0889423076923077 0.052884615384615384 0.052884615384615384
0 0.7716346153846154 0.9699519230769231 0.052884615384615384 0.055288461538461536
0 0.375 0.8677884615384616 0.04807692307692308 0.06490384615384616
0 0.5961538461538461 0.9170673076923077 0.06009615384615385 0.06490384615384616
0 0.5084134615384616 0.8810096153846154 0.055288461538461536 0.06009615384615385
0 0.4579326923076923 0.8617788461538461 0.04326923076923077 0.055288461538461536
0 0.33533653846153844 0.8076923076923077 0.04807692307692308 0.06490384615384616
0 0.7019230769230769 0.875 0.06490384615384616 0.07211538461538461
0 0.5865384615384616 0.8461538461538461 0.052884615384615384 0.06971153846153846