0 0.7908653846153846 0.5877403846153846 0.0625 0.052884615384615384
0 0.7175480769230769 0.7752403846153846 0.07211538461538461 0.0625
0 0.8377403846153846 0.23918269230769232 0.07451923076923077 0.06490384615384616
0 0.6370192307692307 0.8858173076923077 0.07932692307692307 0.0673076923076923
0 0.7283653846153846 0.5456730769230769 0.06490384615384616 0.0625
0 0.8569711538461539 0.10817307692307693 0.07451923076923077 0.057692307692307696
0 0.6550480769230769 0.734375 0.07692307692307693 0.06009615384615385
0 0.8822115384615384 0.8461538461538461 0.07211538461538461 0.057692307692307696
0 0.7572115384615384 0.2764423076923077 0.057692307692307696 0.05048076923076923
0 0.5504807692307693 0.84375 0.07451923076923077 0.06971153846153846
0 0.671875 0.3137019230769231 0.04807692307692308 0.04807692307692308
0 0.6454326923076923 0.2668269230769231 0.06971153846153846 0.055288461538461536
0 0.6911057692307693 0.056490384615384616 0.07211538461538461 0.057692307692307696
0 0.6033653846153846 0.34615384615384615 0.0673076923076923 0.052884615384615384
0 0.4519230769230769 0.8425480769230769 0.0673076923076923 0.057692307692307696
0 0.5348557692307693 0.5504807692307693 0.06490384615384616 0.06490384615384616
0 0.5829326923076923 0.38100961538461536 0.0625 0.052884615384615384
0 0.6418269230769231 0.16466346153846154 0.06490384615384616 0.04807692307692308
0 0.6538461538461539 0.04927884615384615 0.06971153846153846 0.0625
0 0.4423076923076923 0.7235576923076923 0.057692307692307696 0.05048076923076923
0 0.6274038461538461 0.09975961538461539 0.06971153846153846 0.06009615384615385
0 0.4519230769230769 0.6682692307692307 0.0625 0.05048076923076923
0 0.3641826923076923 0.8978365384615384 0.0673076923076923 0.057692307692307696
0 0.4411057692307692 0.6358173076923077 0.0673076923076923 0.057692307692307696
0 0.5829326923076923 0.1502403846153846 0.06490384615384616 0.05048076923076923
0 0.4026442307692308 0.7139423076923077 0.052884615384615384 0.04807692307692308
0 0.3870192307692308 0.765625 0.05048076923076923 0.04567307692307692
0 0.3473557692307692 0.7740384615384616 0.06009615384615385 0.05048076923076923
0 0.5540865384615384 0.09254807692307693 0.057692307692307696 0.04807692307692308
0 0.4795673076923077 0.33052884615384615 0.07211538461538461 0.06009615384615385
0 0.48677884615384615 0.2800480769230769 0.06971153846153846 0.055288461538461536
0 0.5264423076923077 0.13822115384615385 0.06009615384615385 0.052884615384615384
0 0.3425480769230769 0.6983173076923077 0.052884615384615384 0.052884615384615384
0 0.32091346153846156 0.734375 0.04807692307692308 0.05048076923076923
0 0.5132211538461539 0.0985576923076923 0.055288461538461536 0.04567307692307692
0 0.4831730769230769 0.19471153846153846 0.052884615384615384 0.05048076923076923
0 0.4266826923076923 0.36538461538461536 0.057692307692307696 0.04807692307692308
0 0.359375 0.5348557692307693 0.0673076923076923 0.057692307692307696
0 0.4074519230769231 0.34615384615384615 0.04807692307692308 0.04326923076923077
0 0.44711538461538464 0.19110576923076922 0.04567307692307692 0.04326923076923077
0 0.4495192307692308 0.14543269230769232 0.0625 0.052884615384615384
0 0.30288461538461536 0.5288461538461539 0.0673076923076923 0.057692307692307696
0 0.8293269230769231 0.8930288461538461 0.06490384615384616 0.052884615384615384
0 0.40625 0.07091346153846154 0.06490384615384616 0.052884615384615384
0 0.40024038461538464 0.006009615384615385 0.06971153846153846 0.01201923076923077
0 0.22235576923076922 0.48677884615384615 0.06971153846153846 0.0625
0 0.2848557692307692 0.21514423076923078 0.0625 0.057692307692307696
0 0.09134615384615384 0.7283653846153846 0.06490384615384616 0.055288461538461536
0 0.2548076923076923 0.1875 0.057692307692307696 0.05048076923076923
0 0.1622596153846154 0.47836538461538464 0.07211538461538461 0.06490384615384616
0 0.9290865384615384 0.5180288461538461 0.06490384615384616 0.057692307692307696
0 0.06610576923076923 0.7512019230769231 0.057692307692307696 0.05048076923076923
0 0.1935096153846154 0.31490384615384615 0.057692307692307696 0.052884615384615384
0 0.10697115384615384 0.59375 0.07932692307692307 0.0673076923076923
0 0.25961538461538464 0.04927884615384615 0.06009615384615385 0.052884615384615384
0 0.019230769230769232 0.8509615384615384 0.038461538461538464 0.052884615384615384
0 0.027644230769230768 0.7391826923076923 0.052884615384615384 0.05048076923076923
0 0.21754807692307693 0.1141826923076923 0.0625 0.04807692307692308
0 0.0829326923076923 0.4891826923076923 0.06490384615384616 0.04807692307692308
0 0.14302884615384615 0.2764423076923077 0.0673076923076923 0.0625
0 0.0889423076923077 0.44471153846153844 0.07692307692307693 0.052884615384615384
0 0.015625 0.671875 0.03125 0.055288461538461536
0 0.10697115384615384 0.15865384615384615 0.052884615384615384 0.052884615384615384
0 0.9759615384615384 0.25600961538461536 0.04326923076923077 0.055288461538461536
0 0.8605769230769231 0.6442307692307693 0.06490384615384616 0.05048076923076923
0 0.9206730769230769 0.4266826923076923 0.0673076923076923 0.0625
0 0.8810096153846154 0.5120192307692307 0.06009615384615385 0.055288461538461536
0 0.859375 0.5612980769230769 0.055288461538461536 0.04567307692307692
0 0.7992788461538461 0.6802884615384616 0.06490384615384616 0.05048076923076923
0 0.8846153846153846 0.31850961538461536 0.07451923076923077 0.0673076923076923
0 0.8497596153846154 0.43149038461538464 0.07211538461538461 0.055288461538461536