0 0.7379807692307693 0.7379807692307693 0.055288461538461536 0.057692307692307696
0 0.6959134615384616 0.8173076923076923 0.04567307692307692 0.038461538461538464
0 0.8028846153846154 0.41225961538461536 0.04326923076923077 0.04807692307692308
0 0.65625 0.8665865384615384 0.04807692307692308 0.04807692307692308
0 0.6286057692307693 0.9122596153846154 0.04807692307692308 0.04326923076923077
0 0.7704326923076923 0.34975961538461536 0.036057692307692304 0.040865384615384616
0 0.734375 0.3870192307692308 0.040865384615384616 0.036057692307692304
0 0.5733173076923077 0.9771634615384616 0.04567307692307692 0.040865384615384616
0 0.7175480769230769 0.3161057692307692 0.04326923076923077 0.040865384615384616
0 0.5372596153846154 0.9603365384615384 0.040865384615384616 0.036057692307692304
0 0.5204326923076923 0.9387019230769231 0.040865384615384616 0.036057692307692304
0 0.6213942307692307 0.5168269230769231 0.04807692307692308 0.05048076923076923
0 0.5216346153846154 0.8713942307692307 0.04326923076923077 0.036057692307692304
0 0.47716346153846156 0.9242788461538461 0.040865384615384616 0.04326923076923077
0 0.5528846153846154 0.6370192307692307 0.038461538461538464 0.04326923076923077
0 0.5216346153846154 0.6742788461538461 0.05048076923076923 0.04567307692307692
0 0.5817307692307693 0.45072115384615385 0.055288461538461536 0.04567307692307692
0 0.46274038461538464 0.8762019230769231 0.040865384615384616 0.040865384615384616
0 0.5444711538461539 0.5456730769230769 0.04807692307692308 0.05048076923076923
0 0.6105769230769231 0.28125 0.04567307692307692 0.04567307692307692
0 0.5745192307692307 0.4170673076923077 0.04807692307692308 0.04807692307692308
0 0.4891826923076923 0.6983173076923077 0.04807692307692308 0.04807692307692308
0 0.4411057692307692 0.8425480769230769 0.040865384615384616 0.04567307692307692
0 0.5805288461538461 0.2668269230769231 0.04567307692307692 0.04567307692307692
0 0.4495192307692308 0.7259615384615384 0.055288461538461536 0.04567307692307692
0 0.4675480769230769 0.6430288461538461 0.05048076923076923 0.04326923076923077
0 0.4639423076923077 0.5997596153846154 0.04567307692307692 0.04326923076923077
0 0.43028846153846156 0.6875 0.05048076923076923 0.04326923076923077
0 0.5661057692307693 0.08533653846153846 0.05048076923076923 0.04807692307692308
0 0.4074519230769231 0.5733173076923077 0.03365384615384615 0.04326923076923077
0 0.4182692307692308 0.5060096153846154 0.04807692307692308 0.05048076923076923
0 0.33774038461538464 0.7824519230769231 0.052884615384615384 0.04567307692307692
0 0.38100961538461536 0.5528846153846154 0.04326923076923077 0.04567307692307692
0 0.484375 0.09014423076923077 0.052884615384615384 0.04807692307692308
0 0.3870192307692308 0.42908653846153844 0.052884615384615384 0.04807692307692308
0 0.2848557692307692 0.6346153846153846 0.052884615384615384 0.04807692307692308
0 0.3317307692307692 0.40024038461538464 0.057692307692307696 0.052884615384615384
0 0.4266826923076923 0.026442307692307692 0.055288461538461536 0.04807692307692308
0 0.3870192307692308 0.055288461538461536 0.05048076923076923 0.04567307692307692
0 0.2860576923076923 0.265625 0.052884615384615384 0.04807692307692308
0 0.2536057692307692 0.28725961538461536 0.052884615384615384 0.052884615384615384
0 0.09014423076923077 0.6478365384615384 0.040865384615384616 0.040865384615384616
0 0.07451923076923077 0.6947115384615384 0.04567307692307692 0.04567307692307692
0 0.013221153846153846 0.78125 0.026442307692307692 0.04326923076923077
0 0.11778846153846154 0.1310096153846154 0.040865384615384616 0.040865384615384616
0 0.10576923076923077 0.16706730769230768 0.057692307692307696 0.05048076923076923