1 0.8233173076923077 0.8197115384615384 0.04326923076923077 0.07211538461538461
1 0.14903846153846154 0.7175480769230769 0.04807692307692308 0.04807692307692308
1 0.3004807692307692 0.7271634615384616 0.05048076923076923 0.04807692307692308
1 0.9567307692307693 0.7584134615384616 0.04567307692307692 0.0625
1 0.7331730769230769 0.7379807692307693 0.028846153846153848 0.05048076923076923
1 0.5264423076923077 0.96875 0.057692307692307696 0.057692307692307696
1 0.7127403846153846 0.7247596153846154 0.03365384615384615 0.04567307692307692
1 0.6959134615384616 0.6682692307692307 0.052884615384615384 0.055288461538461536
1 0.15985576923076922 0.6213942307692307 0.04807692307692308 0.052884615384615384
1 0.5024038461538461 0.6165865384615384 0.0625 0.0673076923076923
1 0.8569711538461539 0.6117788461538461 0.052884615384615384 0.07451923076923077
1 0.6610576923076923 0.5865384615384616 0.03365384615384615 0.057692307692307696
1 0.6382211538461539 0.5757211538461539 0.038461538461538464 0.0625
1 0.15865384615384615 0.5192307692307693 0.052884615384615384 0.0625
1 0.9050480769230769 0.5829326923076923 0.04567307692307692 0.07692307692307693
1 0.4675480769230769 0.53125 0.055288461538461536 0.06490384615384616
1 0.6538461538461539 0.4639423076923077 0.038461538461538464 0.06009615384615385
1 0.703125 0.45552884615384615 0.04326923076923077 0.052884615384615384
1 0.25 0.3762019230769231 0.0625 0.06490384615384616
1 0.4387019230769231 0.3605769230769231 0.040865384615384616 0.0625
1 0.6286057692307693 0.3737980769230769 0.04567307692307692 0.06009615384615385
1 0.8317307692307693 0.390625 0.04326923076923077 0.055288461538461536
1 0.6598557692307693 0.3737980769230769 0.04807692307692308 0.05048076923076923
1 0.7524038461538461 0.37740384615384615 0.04326923076923077 0.06490384615384616
1 0.4182692307692308 0.32091346153846156 0.04567307692307692 0.05048076923076923
1 0.2824519230769231 0.9134615384615384 0.04567307692307692 0.05048076923076923
1 0.9074519230769231 0.3233173076923077 0.04326923076923077 0.07932692307692307
1 0.7091346153846154 0.9459134615384616 0.036057692307692304 0.040865384615384616
1 0.9699519230769231 0.2920673076923077 0.052884615384615384 0.06009615384615385
1 0.4543269230769231 0.22716346153846154 0.04807692307692308 0.06971153846153846
1 0.4110576923076923 0.18389423076923078 0.04567307692307692 0.06009615384615385
1 0.19951923076923078 0.14423076923076922 0.055288461538461536 0.07211538461538461
1 0.9807692307692307 0.2091346153846154 0.03365384615384615 0.057692307692307696
1 0.1622596153846154 0.11899038461538461 0.05048076923076923 0.052884615384615384
1 0.9350961538461539 0.17548076923076922 0.04326923076923077 0.057692307692307696
1 0.4326923076923077 0.12860576923076922 0.06009615384615385 0.057692307692307696
1 0.9122596153846154 0.16346153846153846 0.038461538461538464 0.05048076923076923
1 0.17307692307692307 0.06370192307692307 0.04807692307692308 0.052884615384615384
1 0.23197115384615385 0.054086538461538464 0.04807692307692308 0.06971153846153846
1 0.09495192307692307 0.038461538461538464 0.052884615384615384 0.0673076923076923
1 0.25841346153846156 0.8858173076923077 0.04567307692307692 0.06009615384615385
1 0.8016826923076923 0.06610576923076923 0.052884615384615384 0.07211538461538461
1 0.7007211538461539 0.921875 0.038461538461538464 0.04567307692307692
1 0.8798076923076923 0.05048076923076923 0.052884615384615384 0.038461538461538464
1 0.9110576923076923 0.9170673076923077 0.052884615384615384 0.07211538461538461
1 0.6838942307692307 0.8762019230769231 0.038461538461538464 0.05048076923076923
1 0.6430288461538461 0.8605769230769231 0.04326923076923077 0.0625
1 0.39663461538461536 0.8305288461538461 0.055288461538461536 0.07932692307692307
1 0.234375 0.8161057692307693 0.052884615384615384 0.06009615384615385
1 0.7848557692307693 0.8461538461538461 0.04807692307692308 0.07211538461538461