0 0.5697115384615384 0.7572115384615384 0.055288461538461536 0.06490384615384616
0 0.3786057692307692 0.796875 0.052884615384615384 0.06009615384615385
0 0.6141826923076923 0.7211538461538461 0.057692307692307696 0.057692307692307696
0 0.40384615384615385 0.7560096153846154 0.06009615384615385 0.06490384615384616
0 0.234375 0.7932692307692307 0.06009615384615385 0.08413461538461539
0 0.9915865384615384 0.5949519230769231 0.01201923076923077 0.07932692307692307
0 0.7487980769230769 0.6057692307692307 0.057692307692307696 0.07211538461538461
0 0.19591346153846154 0.6875 0.05048076923076923 0.07451923076923077
0 0.5240384615384616 0.609375 0.06490384615384616 0.06971153846153846
0 0.8798076923076923 0.5108173076923077 0.04567307692307692 0.0673076923076923
0 0.9122596153846154 0.49399038461538464 0.04326923076923077 0.05048076923076923
0 0.47596153846153844 0.5396634615384616 0.06009615384615385 0.06971153846153846
0 0.17668269230769232 0.6021634615384616 0.055288461538461536 0.06490384615384616
0 0.6646634615384616 0.921875 0.0673076923076923 0.06009615384615385
0 0.13701923076923078 0.5637019230769231 0.05048076923076923 0.06971153846153846
0 0.21754807692307693 0.5072115384615384 0.052884615384615384 0.0673076923076923
0 0.7680288461538461 0.3605769230769231 0.055288461538461536 0.07451923076923077
0 0.8798076923076923 0.3293269230769231 0.04807692307692308 0.055288461538461536
0 0.17307692307692307 0.484375 0.052884615384615384 0.06009615384615385
0 0.08533653846153846 0.5048076923076923 0.04567307692307692 0.04807692307692308
0 0.10096153846153846 0.47596153846153844 0.04807692307692308 0.05048076923076923
0 0.5769230769230769 0.36177884615384615 0.04807692307692308 0.05048076923076923
0 0.8665865384615384 0.2848557692307692 0.055288461538461536 0.06490384615384616
0 0.5925480769230769 0.33653846153846156 0.04807692307692308 0.055288461538461536
0 0.7487980769230769 0.29927884615384615 0.04807692307692308 0.052884615384615384
0 0.39783653846153844 0.37259615384615385 0.05048076923076923 0.06490384615384616
0 0.7668269230769231 0.27283653846153844 0.04326923076923077 0.055288461538461536
0 0.6935096153846154 0.28966346153846156 0.06009615384615385 0.06971153846153846
0 0.36778846153846156 0.33653846153846156 0.052884615384615384 0.057692307692307696
0 0.8269230769230769 0.19591346153846154 0.055288461538461536 0.06490384615384616
0 0.8677884615384616 0.13341346153846154 0.057692307692307696 0.07451923076923077
0 0.3581730769230769 0.22716346153846154 0.04807692307692308 0.05048076923076923
0 0.33413461538461536 0.20072115384615385 0.04567307692307692 0.06009615384615385
0 0.8725961538461539 0.054086538461538464 0.0625 0.07932692307692307
0 0.21995192307692307 0.18990384615384615 0.07692307692307693 0.08173076923076923
0 0.051682692307692304 0.17908653846153846 0.0625 0.09375
0 0.1045673076923077 0.16706730769230768 0.06490384615384616 0.07692307692307693
0 0.6538461538461539 0.007211538461538462 0.0625 0.014423076923076924
0 0.7632211538461539 0.8125 0.052884615384615384 0.0673076923076923
0 0.5588942307692307 0.8521634615384616 0.052884615384615384 0.0673076923076923
0 0.5036057692307693 0.8545673076923077 0.055288461538461536 0.0625
0 0.6322115384615384 0.8161057692307693 0.055288461538461536 0.0625
0 0.9855769230769231 0.7247596153846154 0.02403846153846154 0.07451923076923077
0 0.7391826923076923 0.7740384615384616 0.055288461538461536 0.07211538461538461