1 0.1045673076923077 0.28365384615384615 0.04807692307692308 0.06009615384615385
1 0.7824519230769231 0.19591346153846154 0.0625 0.06971153846153846
1 0.6346153846153846 0.22716346153846154 0.06971153846153846 0.06009615384615385
1 0.008413461538461538 0.37259615384615385 0.016826923076923076 0.08653846153846154
1 0.2091346153846154 0.33052884615384615 0.040865384615384616 0.04807692307692308
1 0.234375 0.34134615384615385 0.040865384615384616 0.04326923076923077
1 0.3485576923076923 0.054086538461538464 0.052884615384615384 0.07451923076923077
1 0.26322115384615385 0.3870192307692308 0.05048076923076923 0.055288461538461536
1 0.7908653846153846 0.2920673076923077 0.06009615384615385 0.057692307692307696
1 0.46634615384615385 0.3942307692307692 0.06009615384615385 0.06971153846153846
1 0.12379807692307693 0.48677884615384615 0.057692307692307696 0.06490384615384616
1 0.32091346153846156 0.45913461538461536 0.04326923076923077 0.04567307692307692
1 0.3473557692307692 0.4651442307692308 0.04326923076923077 0.057692307692307696
1 0.8185096153846154 0.3786057692307692 0.055288461538461536 0.07692307692307693
1 0.09134615384615384 0.53125 0.06490384615384616 0.07932692307692307
1 0.5240384615384616 0.4639423076923077 0.06009615384615385 0.07451923076923077
1 0.3629807692307692 0.5745192307692307 0.05048076923076923 0.05048076923076923
1 0.3173076923076923 0.5949519230769231 0.05048076923076923 0.05048076923076923
1 0.7764423076923077 0.5492788461538461 0.06490384615384616 0.052884615384615384
1 0.5949519230769231 0.6177884615384616 0.052884615384615384 0.0673076923076923
1 0.4098557692307692 0.6586538461538461 0.04567307692307692 0.06490384615384616
1 0.2091346153846154 0.6971153846153846 0.057692307692307696 0.08413461538461539
1 0.2932692307692308 0.6838942307692307 0.04807692307692308 0.0625
1 0.3798076923076923 0.6682692307692307 0.05048076923076923 0.04807692307692308
1 0.6310096153846154 0.6610576923076923 0.057692307692307696 0.0673076923076923
1 0.59375 0.04326923076923077 0.04807692307692308 0.057692307692307696
1 0.15384615384615385 0.7764423076923077 0.057692307692307696 0.06490384615384616
1 0.171875 0.12740384615384615 0.05048076923076923 0.04567307692307692
1 0.09975961538461539 0.8293269230769231 0.05048076923076923 0.06490384615384616
1 0.6165865384615384 0.75 0.055288461538461536 0.06971153846153846
1 0.6754807692307693 0.7764423076923077 0.04807692307692308 0.06009615384615385
1 0.8870192307692307 0.7572115384615384 0.0625 0.06490384615384616
1 0.11177884615384616 0.9134615384615384 0.055288461538461536 0.06971153846153846
1 0.9290865384615384 0.7752403846153846 0.05048076923076923 0.0673076923076923
1 0.16826923076923078 0.9314903846153846 0.04326923076923077 0.0625
1 0.6682692307692307 0.8425480769230769 0.052884615384615384 0.0673076923076923
1 0.19831730769230768 0.9435096153846154 0.04567307692307692 0.0625
1 0.9338942307692307 0.8269230769230769 0.04807692307692308 0.05048076923076923
1 0.6274038461538461 0.06009615384615385 0.05048076923076923 0.055288461538461536
1 0.8786057692307693 0.8521634615384616 0.0625 0.0673076923076923
1 0.328125 0.9819711538461539 0.06009615384615385 0.03125
1 0.19110576923076922 0.1502403846153846 0.040865384615384616 0.04326923076923077
1 0.01201923076923077 0.2091346153846154 0.02403846153846154 0.07692307692307693
1 0.21754807692307693 0.18870192307692307 0.04326923076923077 0.06009615384615385
1 0.2608173076923077 0.1935096153846154 0.04807692307692308 0.055288461538461536
1 0.671875 0.11899038461538461 0.055288461538461536 0.055288461538461536
1 0.5096153846153846 0.15264423076923078 0.06490384615384616 0.07451923076923077
1 0.13341346153846154 0.24519230769230768 0.055288461538461536 0.055288461538461536