0 0.31009615384615385 0.7536057692307693 0.040865384615384616 0.05048076923076923
0 0.5036057692307693 0.7572115384615384 0.040865384615384616 0.06490384615384616
0 0.5528846153846154 0.75 0.052884615384615384 0.06009615384615385
0 0.33653846153846156 0.7223557692307693 0.040865384615384616 0.057692307692307696
0 0.16947115384615385 0.7115384615384616 0.057692307692307696 0.06009615384615385
0 0.9675480769230769 0.7223557692307693 0.04807692307692308 0.07211538461538461
0 0.7139423076923077 0.6634615384615384 0.040865384615384616 0.06490384615384616
0 0.15144230769230768 0.5997596153846154 0.055288461538461536 0.057692307692307696
0 0.49278846153846156 0.6081730769230769 0.038461538461538464 0.0625
0 0.8713942307692307 0.6045673076923077 0.028846153846153848 0.055288461538461536
0 0.8942307692307693 0.6009615384615384 0.038461538461538464 0.0625
0 0.46274038461538464 0.5348557692307693 0.055288461538461536 0.05048076923076923
0 0.16346153846153846 0.5120192307692307 0.05048076923076923 0.055288461538461536
0 0.01201923076923077 0.9338942307692307 0.02403846153846154 0.036057692307692304
0 0.13221153846153846 0.4639423076923077 0.04326923076923077 0.0625
0 0.5516826923076923 0.9471153846153846 0.05048076923076923 0.06009615384615385
0 0.22115384615384615 0.43509615384615385 0.04567307692307692 0.052884615384615384
0 0.7908653846153846 0.42788461538461536 0.038461538461538464 0.057692307692307696
0 0.9110576923076923 0.42788461538461536 0.04326923076923077 0.04567307692307692
0 0.10096153846153846 0.39663461538461536 0.040865384615384616 0.055288461538461536
0 0.1875 0.39783653846153844 0.040865384615384616 0.06009615384615385
0 0.12139423076923077 0.3737980769230769 0.036057692307692304 0.055288461538461536
0 0.9074519230769231 0.39302884615384615 0.04326923076923077 0.036057692307692304
0 0.4326923076923077 0.34615384615384615 0.04567307692307692 0.05048076923076923
0 0.7367788461538461 0.3389423076923077 0.06009615384615385 0.06009615384615385
0 0.41466346153846156 0.3112980769230769 0.040865384615384616 0.05048076923076923
0 0.8942307692307693 0.296875 0.04567307692307692 0.055288461538461536
0 0.9447115384615384 0.2403846153846154 0.055288461538461536 0.06490384615384616
0 0.9735576923076923 0.16706730769230768 0.04567307692307692 0.06490384615384616
0 0.3112980769230769 0.125 0.055288461538461536 0.06971153846153846
0 0.15264423076923078 0.06971153846153846 0.05048076923076923 0.06490384615384616
0 0.19951923076923078 0.06971153846153846 0.05048076923076923 0.0673076923076923
0 0.05889423076923077 0.04447115384615385 0.055288461538461536 0.06009615384615385
0 0.7800480769230769 0.038461538461538464 0.055288461538461536 0.057692307692307696
0 0.009615384615384616 0.8774038461538461 0.019230769230769232 0.057692307692307696
0 0.46274038461538464 0.8485576923076923 0.05048076923076923 0.057692307692307696
0 0.4098557692307692 0.8449519230769231 0.05048076923076923 0.06009615384615385
0 0.5444711538461539 0.8425480769230769 0.04567307692307692 0.055288461538461536
0 0.9350961538461539 0.8485576923076923 0.055288461538461536 0.06971153846153846