0 0.18028846153846154 0.2764423076923077 0.0673076923076923 0.0673076923076923
0 0.3112980769230769 0.6009615384615384 0.06490384615384616 0.06490384615384616
0 0.38341346153846156 0.7884615384615384 0.06009615384615385 0.06009615384615385
0 0.17668269230769232 0.21634615384615385 0.06009615384615385 0.06490384615384616
0 0.4519230769230769 0.49038461538461536 0.06971153846153846 0.07211538461538461
0 0.4170673076923077 0.38221153846153844 0.0673076923076923 0.0673076923076923
0 0.40024038461538464 0.28125 0.06009615384615385 0.057692307692307696
0 0.5889423076923077 0.7824519230769231 0.055288461538461536 0.057692307692307696
0 0.6322115384615384 0.7524038461538461 0.0625 0.0625
0 0.5540865384615384 0.5084134615384616 0.0625 0.0625
0 0.4675480769230769 0.20793269230769232 0.06009615384615385 0.06490384615384616
0 0.6069711538461539 0.4266826923076923 0.0673076923076923 0.07211538461538461
0 0.7932692307692307 0.8990384615384616 0.06009615384615385 0.057692307692307696
0 0.6610576923076923 0.5324519230769231 0.057692307692307696 0.07211538461538461
0 0.5757211538461539 0.06370192307692307 0.055288461538461536 0.06009615384615385
0 0.8689903846153846 0.22115384615384615 0.052884615384615384 0.055288461538461536