1 0.36538461538461536 0.9266826923076923 0.06971153846153846 0.0625
1 0.14543269230769232 0.2824519230769231 0.07211538461538461 0.06009615384615385
1 0.08533653846153846 0.7427884615384616 0.0673076923076923 0.0673076923076923
1 0.2091346153846154 0.4206730769230769 0.08653846153846154 0.08413461538461539
1 0.3870192307692308 0.8209134615384616 0.0673076923076923 0.06009615384615385
1 0.39663461538461536 0.7932692307692307 0.057692307692307696 0.04807692307692308
1 0.006009615384615385 0.4735576923076923 0.01201923076923077 0.04807692307692308
1 0.43509615384615385 0.7560096153846154 0.055288461538461536 0.055288461538461536
1 0.2403846153846154 0.25841346153846156 0.0625 0.06009615384615385
1 0.3954326923076923 0.5612980769230769 0.07451923076923077 0.06971153846153846
1 0.5600961538461539 0.8629807692307693 0.09375 0.07451923076923077
1 0.4963942307692308 0.6838942307692307 0.06490384615384616 0.052884615384615384
1 0.49399038461538464 0.6538461538461539 0.0625 0.05048076923076923
1 0.32211538461538464 0.20793269230769232 0.0625 0.057692307692307696
1 0.6081730769230769 0.9002403846153846 0.06971153846153846 0.0625
1 0.453125 0.48677884615384615 0.08173076923076923 0.0673076923076923
1 0.013221153846153846 0.4411057692307692 0.026442307692307692 0.055288461538461536
1 0.6033653846153846 0.6201923076923077 0.07211538461538461 0.06009615384615385
1 0.6310096153846154 0.6586538461538461 0.06490384615384616 0.055288461538461536
1 0.43509615384615385 0.1201923076923077 0.06009615384615385 0.05048076923076923
1 0.4567307692307692 0.13581730769230768 0.055288461538461536 0.052884615384615384
1 0.5024038461538461 0.21875 0.0625 0.06490384615384616
1 0.59375 0.38822115384615385 0.07451923076923077 0.0625
1 0.6682692307692307 0.5540865384615384 0.0625 0.0625
1 0.75 0.7427884615384616 0.06971153846153846 0.06490384615384616
1 0.7235576923076923 0.6706730769230769 0.07451923076923077 0.06009615384615385
1 0.6911057692307693 0.5889423076923077 0.06009615384615385 0.052884615384615384
1 0.03125 0.4951923076923077 0.0625 0.05048076923076923
1 0.6237980769230769 0.3425480769230769 0.06971153846153846 0.0625
1 0.1971153846153846 0.8942307692307693 0.055288461538461536 0.055288461538461536
1 0.84375 0.7848557692307693 0.07211538461538461 0.06009615384615385
1 0.8978365384615384 0.8317307692307693 0.08173076923076923 0.06971153846153846
1 0.7211538461538461 0.3317307692307692 0.06971153846153846 0.06971153846153846
1 0.7367788461538461 0.27403846153846156 0.07451923076923077 0.0673076923076923
1 0.6754807692307693 0.07211538461538461 0.07932692307692307 0.07451923076923077
1 0.9699519230769231 0.8016826923076923 0.055288461538461536 0.06490384615384616
1 0.6814903846153846 0.030048076923076924 0.07932692307692307 0.06009615384615385
1 0.9759615384615384 0.7439903846153846 0.04326923076923077 0.05048076923076923
1 0.8004807692307693 0.2644230769230769 0.06971153846153846 0.07932692307692307
1 0.9795673076923077 0.7091346153846154 0.036057692307692304 0.057692307692307696
1 0.7415865384615384 0.020432692307692308 0.06490384615384616 0.040865384615384616
1 0.7752403846153846 0.057692307692307696 0.07451923076923077 0.0673076923076923
1 0.046875 0.4579326923076923 0.055288461538461536 0.055288461538461536
1 0.21875 0.8677884615384616 0.04567307692307692 0.04807692307692308
1 0.24639423076923078 0.8353365384615384 0.055288461538461536 0.06009615384615385
1 0.19951923076923078 0.671875 0.04807692307692308 0.040865384615384616
1 0.19230769230769232 0.6514423076923077 0.04807692307692308 0.04567307692307692
1 0.24879807692307693 0.7884615384615384 0.0673076923076923 0.057692307692307696
1 0.09615384615384616 0.40625 0.06490384615384616 0.06009615384615385
1 0.16105769230769232 0.5492788461538461 0.06971153846153846 0.0625
1 0.31490384615384615 0.9026442307692307 0.06490384615384616 0.0673076923076923