0 0.25600961538461536 0.6045673076923077 0.06971153846153846 0.06009615384615385
0 0.18870192307692307 0.4206730769230769 0.0625 0.057692307692307696
0 0.296875 0.6442307692307693 0.0625 0.0625
0 0.23197115384615385 0.43990384615384615 0.06971153846153846 0.06490384615384616
0 0.17307692307692307 0.2776442307692308 0.08653846153846154 0.0673076923076923
0 0.43028846153846156 0.7608173076923077 0.07692307692307693 0.0625
0 0.27163461538461536 0.2247596153846154 0.07692307692307693 0.057692307692307696
0 0.3954326923076923 0.5384615384615384 0.07451923076923077 0.06971153846153846
0 0.5420673076923077 0.8774038461538461 0.0673076923076923 0.052884615384615384
0 0.5637019230769231 0.9074519230769231 0.052884615384615384 0.04807692307692308
0 0.4567307692307692 0.48197115384615385 0.07451923076923077 0.0673076923076923
0 0.3545673076923077 0.19471153846153846 0.06971153846153846 0.06009615384615385
0 0.1045673076923077 0.7211538461538461 0.06490384615384616 0.07211538461538461
0 0.3858173076923077 0.1502403846153846 0.07211538461538461 0.057692307692307696
0 0.453125 0.22115384615384615 0.0673076923076923 0.057692307692307696
0 0.6754807692307693 0.7451923076923077 0.07692307692307693 0.0625
0 0.7211538461538461 0.8521634615384616 0.057692307692307696 0.052884615384615384
0 0.4699519230769231 0.17427884615384615 0.06490384615384616 0.06009615384615385
0 0.4375 0.09014423076923077 0.052884615384615384 0.05048076923076923
0 0.4675480769230769 0.10216346153846154 0.055288461538461536 0.05048076923076923
0 0.6478365384615384 0.5564903846153846 0.055288461538461536 0.05048076923076923
0 0.7644230769230769 0.8329326923076923 0.06971153846153846 0.06009615384615385
0 0.6742788461538461 0.5697115384615384 0.057692307692307696 0.052884615384615384
0 0.7331730769230769 0.71875 0.055288461538461536 0.05048076923076923
0 0.6117788461538461 0.38100961538461536 0.0673076923076923 0.057692307692307696
0 0.7620192307692307 0.7331730769230769 0.057692307692307696 0.04807692307692308
0 0.734375 0.6622596153846154 0.07451923076923077 0.0673076923076923
0 0.6430288461538461 0.34615384615384615 0.06009615384615385 0.057692307692307696
0 0.8461538461538461 0.78125 0.06971153846153846 0.06009615384615385
0 0.9134615384615384 0.8137019230769231 0.07932692307692307 0.06490384615384616
0 0.7512019230769231 0.32091346153846156 0.055288461538461536 0.05048076923076923
0 0.7740384615384616 0.29447115384615385 0.0625 0.05048076923076923
0 0.9747596153846154 0.8076923076923077 0.04567307692307692 0.07211538461538461
0 0.7680288461538461 0.17908653846153846 0.08653846153846154 0.08413461538461539
0 0.7560096153846154 0.025240384615384616 0.0985576923076923 0.05048076923076923
0 0.7752403846153846 0.0625 0.07932692307692307 0.06971153846153846
0 0.22716346153846154 0.8040865384615384 0.06971153846153846 0.06009615384615385
0 0.15865384615384615 0.6081730769230769 0.06971153846153846 0.06009615384615385
0 0.1502403846153846 0.5528846153846154 0.0673076923076923 0.06009615384615385
0 0.20552884615384615 0.6754807692307693 0.0673076923076923 0.06009615384615385
0 0.2620192307692308 0.7752403846153846 0.07451923076923077 0.0625