0 0.45552884615384615 0.24639423076923078 0.0625 0.07451923076923077
0 0.6490384615384616 0.23076923076923078 0.04567307692307692 0.052884615384615384
0 0.4182692307692308 0.2644230769230769 0.05048076923076923 0.0625
0 0.6274038461538461 0.2548076923076923 0.05048076923076923 0.0625
0 0.7980769230769231 0.24639423076923078 0.055288461538461536 0.0673076923076923
0 0.016826923076923076 0.35697115384615385 0.03365384615384615 0.09375
0 0.2620192307692308 0.3701923076923077 0.08173076923076923 0.0985576923076923
0 0.8317307692307693 0.34615384615384615 0.06009615384615385 0.07211538461538461
0 0.49278846153846156 0.3942307692307692 0.07211538461538461 0.08413461538461539
0 0.5288461538461539 0.4675480769230769 0.08653846153846154 0.10096153846153846
0 0.8317307692307693 0.43509615384615385 0.06490384615384616 0.0673076923076923
0 0.8629807692307693 0.4735576923076923 0.06971153846153846 0.07932692307692307
0 0.7872596153846154 0.5216346153846154 0.057692307692307696 0.0673076923076923
0 0.3786057692307692 0.06850961538461539 0.06971153846153846 0.07692307692307693
0 0.21875 0.6129807692307693 0.07211538461538461 0.08173076923076923
0 0.828125 0.5576923076923077 0.06009615384615385 0.07451923076923077
0 0.2920673076923077 0.6971153846153846 0.08653846153846154 0.08653846153846154
0 0.14182692307692307 0.7620192307692307 0.06971153846153846 0.0985576923076923
0 0.10216346153846154 0.8317307692307693 0.07211538461538461 0.08173076923076923
0 0.08413461538461539 0.9026442307692307 0.06971153846153846 0.09375
0 0.7391826923076923 0.84375 0.07211538461538461 0.07932692307692307
0 0.8617788461538461 0.8725961538461539 0.06009615384615385 0.07211538461538461
0 0.9026442307692307 0.8725961538461539 0.04567307692307692 0.06971153846153846
0 0.9879807692307693 0.8858173076923077 0.019230769230769232 0.09375
0 0.2932692307692308 0.9771634615384616 0.07211538461538461 0.040865384615384616
0 0.40384615384615385 0.16346153846153846 0.0625 0.06490384615384616
0 0.4879807692307692 0.15384615384615385 0.057692307692307696 0.07211538461538461
0 0.5324519230769231 0.1502403846153846 0.0625 0.0625
0 0.026442307692307692 0.23076923076923078 0.052884615384615384 0.09615384615384616