1 0.6694711538461539 0.08052884615384616 0.0625 0.04807692307692308
1 0.7920673076923077 0.6009615384615384 0.07451923076923077 0.06490384615384616
1 0.8341346153846154 0.7391826923076923 0.0673076923076923 0.057692307692307696
1 0.6262019230769231 0.1935096153846154 0.05048076923076923 0.04567307692307692
1 0.9266826923076923 0.28846153846153844 0.055288461538461536 0.06009615384615385
1 0.6153846153846154 0.21754807692307693 0.04807692307692308 0.04567307692307692
1 0.5817307692307693 0.2512019230769231 0.0673076923076923 0.055288461538461536
1 0.7463942307692307 0.7620192307692307 0.0625 0.0673076923076923
1 0.6009615384615384 0.453125 0.06009615384615385 0.055288461538461536
1 0.4639423076923077 0.12740384615384615 0.0673076923076923 0.06009615384615385
1 0.5168269230769231 0.31490384615384615 0.05048076923076923 0.040865384615384616
1 0.5120192307692307 0.3425480769230769 0.05048076923076923 0.04567307692307692
1 0.41947115384615385 0.09375 0.07211538461538461 0.06009615384615385
1 0.6466346153846154 0.8064903846153846 0.07451923076923077 0.0673076923076923
1 0.5420673076923077 0.5168269230769231 0.07692307692307693 0.0625
1 0.40384615384615385 0.3713942307692308 0.052884615384615384 0.052884615384615384
1 0.3786057692307692 0.32572115384615385 0.06009615384615385 0.04326923076923077
1 0.4831730769230769 0.7788461538461539 0.07932692307692307 0.07211538461538461
1 0.3954326923076923 0.6129807692307693 0.06490384615384616 0.057692307692307696
1 0.32211538461538464 0.39903846153846156 0.055288461538461536 0.04567307692307692
1 0.3317307692307692 0.43028846153846156 0.052884615384615384 0.05048076923076923
1 0.265625 0.24158653846153846 0.0625 0.05048076923076923
1 0.28846153846153844 0.3173076923076923 0.06490384615384616 0.057692307692307696
1 0.36658653846153844 0.6442307692307693 0.07211538461538461 0.06009615384615385
1 0.18269230769230768 0.18990384615384615 0.06490384615384616 0.055288461538461536
1 0.9639423076923077 0.5456730769230769 0.057692307692307696 0.04807692307692308
1 0.12620192307692307 0.14903846153846154 0.0673076923076923 0.06009615384615385
1 0.26802884615384615 0.6490384615384616 0.0625 0.052884615384615384
1 0.24519230769230768 0.7055288461538461 0.06490384615384616 0.057692307692307696
1 0.29086538461538464 0.9134615384615384 0.0625 0.055288461538461536
1 0.042067307692307696 0.1658653846153846 0.06971153846153846 0.055288461538461536
1 0.2764423076923077 0.9603365384615384 0.05048076923076923 0.04567307692307692
1 0.9579326923076923 0.5709134615384616 0.0673076923076923 0.05048076923076923
1 0.1875 0.7079326923076923 0.0673076923076923 0.055288461538461536
1 0.2283653846153846 0.96875 0.052884615384615384 0.05048076923076923
1 0.19831730769230768 0.9182692307692307 0.06971153846153846 0.0625
1 0.008413461538461538 0.3942307692307692 0.016826923076923076 0.0673076923076923
1 0.7728365384615384 0.18269230769230768 0.06009615384615385 0.04807692307692308
1 0.7776442307692307 0.22596153846153846 0.0625 0.057692307692307696
1 0.8449519230769231 0.46634615384615385 0.06971153846153846 0.0625
1 0.8954326923076923 0.6201923076923077 0.06490384615384616 0.052884615384615384
1 0.7043269230769231 0.10216346153846154 0.0625 0.057692307692307696