0 0.19951923076923078 0.44591346153846156 0.055288461538461536 0.04326923076923077
0 0.2512019230769231 0.25961538461538464 0.0625 0.05048076923076923
0 0.3125 0.13581730769230768 0.07211538461538461 0.04807692307692308
0 0.265625 0.4831730769230769 0.06009615384615385 0.052884615384615384
0 0.18990384615384615 0.9338942307692307 0.06490384615384616 0.04326923076923077
0 0.3125 0.28846153846153844 0.055288461538461536 0.055288461538461536
0 0.07692307692307693 0.20072115384615385 0.0625 0.04326923076923077
0 0.27524038461538464 0.7560096153846154 0.05048076923076923 0.04807692307692308
0 0.41346153846153844 0.16947115384615385 0.06971153846153846 0.052884615384615384
0 0.3557692307692308 0.7067307692307693 0.055288461538461536 0.05048076923076923
0 0.38341346153846156 0.7487980769230769 0.0625 0.04807692307692308
0 0.3641826923076923 0.9579326923076923 0.0625 0.055288461538461536
0 0.4170673076923077 0.6634615384615384 0.06009615384615385 0.04807692307692308
0 0.5072115384615384 0.15504807692307693 0.06971153846153846 0.052884615384615384
0 0.46033653846153844 0.453125 0.057692307692307696 0.055288461538461536
0 0.4338942307692308 0.6286057692307693 0.06971153846153846 0.052884615384615384
0 0.5288461538461539 0.2704326923076923 0.06009615384615385 0.052884615384615384
0 0.4098557692307692 0.9627403846153846 0.06009615384615385 0.06009615384615385
0 0.5300480769230769 0.328125 0.0625 0.052884615384615384
0 0.5456730769230769 0.3605769230769231 0.06009615384615385 0.05048076923076923
0 0.5745192307692307 0.27403846153846156 0.055288461538461536 0.055288461538461536
0 0.6165865384615384 0.2127403846153846 0.038461538461538464 0.038461538461538464
0 0.5384615384615384 0.6670673076923077 0.05048076923076923 0.04567307692307692
0 0.5420673076923077 0.7127403846153846 0.055288461538461536 0.04567307692307692
0 0.5336538461538461 0.8990384615384616 0.055288461538461536 0.05048076923076923
0 0.5528846153846154 0.7992788461538461 0.04807692307692308 0.05048076923076923
0 0.6526442307692307 0.24158653846153846 0.052884615384615384 0.04567307692307692
0 0.6370192307692307 0.4483173076923077 0.07211538461538461 0.052884615384615384
0 0.025240384615384616 0.6899038461538461 0.05048076923076923 0.04807692307692308
0 0.016826923076923076 0.7872596153846154 0.03365384615384615 0.05048076923076923
0 0.5961538461538461 0.8064903846153846 0.05048076923076923 0.04807692307692308
0 0.5901442307692307 0.8449519230769231 0.0673076923076923 0.04567307692307692
0 0.12259615384615384 0.14182692307692307 0.052884615384615384 0.04326923076923077
0 0.6237980769230769 0.7668269230769231 0.06490384615384616 0.057692307692307696
0 0.6935096153846154 0.4411057692307692 0.06490384615384616 0.05048076923076923
0 0.6454326923076923 0.9182692307692307 0.06009615384615385 0.052884615384615384
0 0.028846153846153848 0.7139423076923077 0.04567307692307692 0.040865384615384616
0 0.7139423076923077 0.5697115384615384 0.07211538461538461 0.0673076923076923
0 0.6634615384615384 0.9855769230769231 0.0625 0.02403846153846154
0 0.7524038461538461 0.7536057692307693 0.06490384615384616 0.05048076923076923
0 0.8725961538461539 0.22235576923076922 0.0625 0.04326923076923077
0 0.7800480769230769 0.7824519230769231 0.06009615384615385 0.04807692307692308
0 0.8377403846153846 0.4831730769230769 0.06009615384615385 0.05048076923076923
0 0.8966346153846154 0.1971153846153846 0.05048076923076923 0.04807692307692308
0 0.8317307692307693 0.6418269230769231 0.052884615384615384 0.040865384615384616
0 0.8810096153846154 0.35697115384615385 0.06009615384615385 0.052884615384615384
0 0.7956730769230769 0.9206730769230769 0.04807692307692308 0.04326923076923077
0 0.9555288461538461 0.09254807692307693 0.08413461538461539 0.05048076923076923
0 0.9387019230769231 0.203125 0.055288461538461536 0.04807692307692308
0 0.828125 0.8461538461538461 0.052884615384615384 0.04567307692307692
0 0.8293269230769231 0.9723557692307693 0.055288461538461536 0.03365384615384615
0 0.8834134615384616 0.6802884615384616 0.052884615384615384 0.040865384615384616
0 0.9194711538461539 0.5084134615384616 0.06009615384615385 0.05048076923076923
0 0.9711538461538461 0.27283653846153844 0.052884615384615384 0.05048076923076923
0 0.9326923076923077 0.7860576923076923 0.04807692307692308 0.036057692307692304
0 0.046875 0.8052884615384616 0.05048076923076923 0.055288461538461536
0 0.12139423076923077 0.39903846153846156 0.057692307692307696 0.05048076923076923
0 0.08653846153846154 0.6237980769230769 0.055288461538461536 0.055288461538461536
0 0.04927884615384615 0.9122596153846154 0.052884615384615384 0.03365384615384615
0 0.1201923076923077 0.5348557692307693 0.052884615384615384 0.04567307692307692
0 0.13581730769230768 0.484375 0.055288461538461536 0.04567307692307692
0 0.17908653846153846 0.35336538461538464 0.0625 0.04567307692307692
0 0.15504807692307693 0.6141826923076923 0.06490384615384616 0.04326923076923077
0 0.14423076923076922 0.7307692307692307 0.04807692307692308 0.036057692307692304