1 0.8846153846153846 0.26802884615384615 0.06490384615384616 0.055288461538461536
1 0.671875 0.7524038461538461 0.0673076923076923 0.057692307692307696
1 0.6201923076923077 0.8942307692307693 0.06971153846153846 0.07211538461538461
1 0.8605769230769231 0.12139423076923077 0.07692307692307693 0.0673076923076923
1 0.5480769230769231 0.8629807692307693 0.06490384615384616 0.057692307692307696
1 0.7103365384615384 0.3473557692307692 0.0889423076923077 0.07211538461538461
1 0.6129807692307693 0.5264423076923077 0.08173076923076923 0.0673076923076923
1 0.9579326923076923 0.5853365384615384 0.0625 0.055288461538461536
1 0.6923076923076923 0.17427884615384615 0.08173076923076923 0.06490384615384616
1 0.6802884615384616 0.12980769230769232 0.0625 0.0625
1 0.4375 0.8317307692307693 0.07692307692307693 0.06971153846153846
1 0.5216346153846154 0.5336538461538461 0.07932692307692307 0.0673076923076923
1 0.5048076923076923 0.3389423076923077 0.07692307692307693 0.0625
1 0.5072115384615384 0.28725961538461536 0.0625 0.057692307692307696
1 0.3233173076923077 0.7151442307692307 0.06971153846153846 0.06490384615384616
1 0.47836538461538464 0.14903846153846154 0.06971153846153846 0.06009615384615385
1 0.4362980769230769 0.23197115384615385 0.06971153846153846 0.06009615384615385
1 0.4326923076923077 0.0673076923076923 0.07451923076923077 0.07451923076923077
1 0.41346153846153844 0.013221153846153846 0.07211538461538461 0.026442307692307692
1 0.21754807692307693 0.4795673076923077 0.07211538461538461 0.06009615384615385
1 0.16947115384615385 0.5060096153846154 0.0625 0.055288461538461536
1 0.08052884615384616 0.703125 0.06490384615384616 0.052884615384615384
1 0.04807692307692308 0.7307692307692307 0.05048076923076923 0.040865384615384616
1 0.11658653846153846 0.47716346153846156 0.07451923076923077 0.06971153846153846
1 0.018028846153846152 0.7127403846153846 0.036057692307692304 0.055288461538461536
1 0.018028846153846152 0.6586538461538461 0.036057692307692304 0.04807692307692308
1 0.14783653846153846 0.1045673076923077 0.07692307692307693 0.0673076923076923
1 0.1658653846153846 0.025240384615384616 0.0625 0.05048076923076923
1 0.9747596153846154 0.20072115384615385 0.04567307692307692 0.08413461538461539
1 0.9086538461538461 0.40865384615384615 0.0673076923076923 0.052884615384615384
1 0.890625 0.44591346153846156 0.052884615384615384 0.04567307692307692
1 0.8028846153846154 0.6790865384615384 0.057692307692307696 0.055288461538461536
1 0.7403846153846154 0.8353365384615384 0.0673076923076923 0.06009615384615385
1 0.9050480769230769 0.30408653846153844 0.055288461538461536 0.04807692307692308