0 0.59375 0.18269230769230768 0.052884615384615384 0.052884615384615384
0 0.6334134615384616 0.18509615384615385 0.055288461538461536 0.055288461538461536
0 0.7367788461538461 0.19230769230769232 0.055288461538461536 0.055288461538461536
0 0.7932692307692307 0.18990384615384615 0.052884615384615384 0.052884615384615384
0 0.4170673076923077 0.3329326923076923 0.06971153846153846 0.06490384615384616
0 0.234375 0.39783653846153844 0.06009615384615385 0.057692307692307696
0 0.6165865384615384 0.41586538461538464 0.06490384615384616 0.06971153846153846
0 0.5108173076923077 0.4519230769230769 0.06490384615384616 0.06490384615384616
0 0.7175480769230769 0.41225961538461536 0.06490384615384616 0.0625
0 0.20793269230769232 0.578125 0.057692307692307696 0.04567307692307692
0 0.26802884615384615 0.6129807692307693 0.06490384615384616 0.04807692307692308
0 0.4963942307692308 0.5600961538461539 0.057692307692307696 0.055288461538461536
0 0.7956730769230769 0.48197115384615385 0.055288461538461536 0.057692307692307696
0 0.9639423076923077 0.4735576923076923 0.057692307692307696 0.06490384615384616
0 0.5673076923076923 0.6117788461538461 0.0625 0.0673076923076923
0 0.45552884615384615 0.6514423076923077 0.055288461538461536 0.057692307692307696
0 0.953125 0.5108173076923077 0.057692307692307696 0.0625
0 0.9302884615384616 0.5949519230769231 0.052884615384615384 0.05048076923076923
0 0.8389423076923077 0.8569711538461539 0.05048076923076923 0.052884615384615384
0 0.7487980769230769 0.8870192307692307 0.0625 0.06490384615384616