0 0.5588942307692307 0.16947115384615385 0.06009615384615385 0.057692307692307696
0 0.6478365384615384 0.15745192307692307 0.040865384615384616 0.04567307692307692
0 0.2548076923076923 0.30288461538461536 0.05048076923076923 0.04567307692307692
0 0.7103365384615384 0.16105769230769232 0.05048076923076923 0.05048076923076923
0 0.7644230769230769 0.15865384615384615 0.04567307692307692 0.05048076923076923
0 0.22235576923076922 0.3641826923076923 0.040865384615384616 0.038461538461538464
0 0.27283653846153844 0.37259615384615385 0.038461538461538464 0.040865384615384616
0 0.8509615384615384 0.16706730769230768 0.04567307692307692 0.04567307692307692
0 0.2247596153846154 0.42788461538461536 0.04326923076923077 0.04567307692307692
0 0.8557692307692307 0.20552884615384615 0.036057692307692304 0.04326923076923077
0 0.8473557692307693 0.23197115384615385 0.038461538461538464 0.040865384615384616
0 0.44350961538461536 0.3918269230769231 0.05048076923076923 0.05048076923076923
0 0.7920673076923077 0.2692307692307692 0.038461538461538464 0.04326923076923077
0 0.8605769230769231 0.27524038461538464 0.04567307692307692 0.04326923076923077
0 0.5817307692307693 0.37740384615384615 0.04567307692307692 0.040865384615384616
0 0.6298076923076923 0.38221153846153844 0.04807692307692308 0.052884615384615384
0 0.41346153846153844 0.46153846153846156 0.04807692307692308 0.057692307692307696
0 0.8293269230769231 0.31490384615384615 0.04326923076923077 0.04326923076923077
0 0.5120192307692307 0.4375 0.05048076923076923 0.05048076923076923
0 0.25721153846153844 0.5348557692307693 0.04807692307692308 0.04807692307692308
0 0.3894230769230769 0.48677884615384615 0.05048076923076923 0.05048076923076923
0 0.6694711538461539 0.3954326923076923 0.05048076923076923 0.05048076923076923
0 0.8149038461538461 0.35216346153846156 0.04567307692307692 0.04326923076923077
0 0.26322115384615385 0.5685096153846154 0.04807692307692308 0.04807692307692308
0 0.7139423076923077 0.41225961538461536 0.04807692307692308 0.057692307692307696
0 0.6358173076923077 0.44471153846153844 0.04567307692307692 0.052884615384615384
0 0.6021634615384616 0.47115384615384615 0.04567307692307692 0.04807692307692308
0 0.6935096153846154 0.4495192307692308 0.04567307692307692 0.052884615384615384
0 0.12139423076923077 0.6838942307692307 0.05048076923076923 0.05048076923076923
0 0.6129807692307693 0.5336538461538461 0.04326923076923077 0.036057692307692304
0 0.5516826923076923 0.5637019230769231 0.05048076923076923 0.05048076923076923
0 0.8245192307692307 0.47115384615384615 0.05048076923076923 0.055288461538461536
0 0.6117788461538461 0.5673076923076923 0.04807692307692308 0.04567307692307692
0 0.17307692307692307 0.7475961538461539 0.052884615384615384 0.055288461538461536
0 0.5060096153846154 0.6334134615384616 0.05048076923076923 0.052884615384615384
0 0.734375 0.5985576923076923 0.05048076923076923 0.052884615384615384
0 0.5144230769230769 0.6959134615384616 0.055288461538461536 0.06009615384615385
0 0.15384615384615385 0.8317307692307693 0.05048076923076923 0.057692307692307696
0 0.20072115384615385 0.8485576923076923 0.04807692307692308 0.052884615384615384
0 0.43028846153846156 0.8088942307692307 0.05048076923076923 0.052884615384615384
0 0.4675480769230769 0.8245192307692307 0.055288461538461536 0.055288461538461536
0 0.8557692307692307 0.7512019230769231 0.04326923076923077 0.04326923076923077
0 0.9038461538461539 0.7367788461538461 0.04807692307692308 0.04807692307692308
0 0.453125 0.9903846153846154 0.055288461538461536 0.014423076923076924