0 0.7992788461538461 0.25 0.057692307692307696 0.057692307692307696
0 0.4519230769230769 0.2920673076923077 0.055288461538461536 0.055288461538461536
0 0.25240384615384615 0.3125 0.05048076923076923 0.052884615384615384
0 0.8581730769230769 0.2608173076923077 0.057692307692307696 0.05048076923076923
0 0.5216346153846154 0.45552884615384615 0.0625 0.057692307692307696
0 0.6358173076923077 0.45072115384615385 0.057692307692307696 0.057692307692307696
0 0.7367788461538461 0.46033653846153844 0.04807692307692308 0.05048076923076923
0 0.20432692307692307 0.5120192307692307 0.04807692307692308 0.04807692307692308
0 0.22235576923076922 0.5612980769230769 0.052884615384615384 0.052884615384615384
0 0.47836538461538464 0.5504807692307693 0.052884615384615384 0.052884615384615384
0 0.7908653846153846 0.5444711538461539 0.057692307692307696 0.05048076923076923
0 0.5432692307692307 0.6225961538461539 0.0625 0.055288461538461536
0 0.037259615384615384 0.6790865384615384 0.05048076923076923 0.05048076923076923
0 0.4266826923076923 0.6478365384615384 0.06490384615384616 0.04326923076923077
0 0.9026442307692307 0.6850961538461539 0.05048076923076923 0.04567307692307692
0 0.6742788461538461 0.9290865384615384 0.04567307692307692 0.04567307692307692