0 0.7788461538461539 0.6081730769230769 0.07211538461538461 0.0673076923076923
0 0.6899038461538461 0.7932692307692307 0.06971153846153846 0.06009615384615385
0 0.8605769230769231 0.26802884615384615 0.08173076923076923 0.0673076923076923
0 0.6021634615384616 0.8966346153846154 0.0673076923076923 0.055288461538461536
0 0.7211538461538461 0.5649038461538461 0.06971153846153846 0.057692307692307696
0 0.8870192307692307 0.140625 0.0673076923076923 0.06009615384615385
0 0.6370192307692307 0.7451923076923077 0.0673076923076923 0.06009615384615385
0 0.7848557692307693 0.30649038461538464 0.07692307692307693 0.07211538461538461
0 0.8485576923076923 0.8798076923076923 0.07451923076923077 0.06009615384615385
0 0.515625 0.8449519230769231 0.0625 0.06009615384615385
0 0.6911057692307693 0.328125 0.07932692307692307 0.06971153846153846
0 0.6189903846153846 0.5048076923076923 0.07211538461538461 0.06971153846153846
0 0.6622596153846154 0.2848557692307692 0.07932692307692307 0.06490384615384616
0 0.42427884615384615 0.8341346153846154 0.06490384615384616 0.057692307692307696
0 0.7259615384615384 0.07692307692307693 0.06009615384615385 0.055288461538461536
0 0.6153846153846154 0.35096153846153844 0.07211538461538461 0.0673076923076923
0 0.5276442307692307 0.5552884615384616 0.06971153846153846 0.0625
0 0.671875 0.18028846153846154 0.08653846153846154 0.07932692307692307
0 0.5877403846153846 0.38221153846153844 0.0673076923076923 0.06009615384615385
0 0.6838942307692307 0.06370192307692307 0.07211538461538461 0.0673076923076923
0 0.4206730769230769 0.7139423076923077 0.057692307692307696 0.05048076923076923
0 0.4362980769230769 0.6622596153846154 0.06009615384615385 0.057692307692307696
0 0.65625 0.11177884615384616 0.08413461538461539 0.07451923076923077
0 0.3269230769230769 0.8810096153846154 0.07211538461538461 0.0673076923076923
0 0.42788461538461536 0.6310096153846154 0.06009615384615385 0.052884615384615384
0 0.6117788461538461 0.15985576923076922 0.04807692307692308 0.04567307692307692
0 0.38822115384615385 0.7055288461538461 0.05048076923076923 0.04567307692307692
0 0.36177884615384615 0.7536057692307693 0.052884615384615384 0.04807692307692308
0 0.3269230769230769 0.7620192307692307 0.04807692307692308 0.04807692307692308
0 0.49759615384615385 0.3329326923076923 0.07451923076923077 0.0625
0 0.5865384615384616 0.09975961538461539 0.06490384615384616 0.0625
0 0.5072115384615384 0.27403846153846156 0.0673076923076923 0.0673076923076923
0 0.5576923076923077 0.14543269230769232 0.04567307692307692 0.040865384615384616
0 0.3293269230769231 0.6862980769230769 0.05048076923076923 0.05048076923076923
0 0.29927884615384615 0.7139423076923077 0.0673076923076923 0.057692307692307696
0 0.5084134615384616 0.19471153846153846 0.055288461538461536 0.04567307692307692
0 0.35336538461538464 0.5228365384615384 0.057692307692307696 0.06009615384615385
0 0.4807692307692308 0.18870192307692307 0.052884615384615384 0.05048076923076923
0 0.47836538461538464 0.14182692307692307 0.06490384615384616 0.052884615384615384
0 0.4387019230769231 0.21634615384615385 0.07211538461538461 0.0625
0 0.30528846153846156 0.5120192307692307 0.06971153846153846 0.06490384615384616
0 0.7956730769230769 0.9170673076923077 0.07932692307692307 0.06490384615384616
0 0.4483173076923077 0.0625 0.06009615384615385 0.055288461538461536
0 0.4423076923076923 0.007211538461538462 0.07211538461538461 0.014423076923076924
0 0.22716346153846154 0.46274038461538464 0.07451923076923077 0.0673076923076923
0 0.3112980769230769 0.1971153846153846 0.07211538461538461 0.0625
0 0.35336538461538464 0.036057692307692304 0.07451923076923077 0.0673076923076923
0 0.28725961538461536 0.171875 0.06490384615384616 0.052884615384615384
0 0.16947115384615385 0.4483173076923077 0.07211538461538461 0.0673076923076923
0 0.07091346153846154 0.6911057692307693 0.07211538461538461 0.0625
0 0.04927884615384615 0.7175480769230769 0.06490384615384616 0.06009615384615385
0 0.09975961538461539 0.5528846153846154 0.08653846153846154 0.07451923076923077
0 0.20793269230769232 0.28725961538461536 0.06009615384615385 0.055288461538461536
0 0.9230769230769231 0.5564903846153846 0.06009615384615385 0.052884615384615384
0 0.29447115384615385 0.027644230769230768 0.06490384615384616 0.055288461538461536
0 0.008413461538461538 0.8052884615384616 0.016826923076923076 0.0673076923076923
0 0.021634615384615384 0.6983173076923077 0.04326923076923077 0.055288461538461536
0 0.2512019230769231 0.09254807692307693 0.07932692307692307 0.06490384615384616
0 0.16826923076923078 0.2439903846153846 0.07451923076923077 0.0673076923076923
0 0.0829326923076923 0.453125 0.08413461538461539 0.07211538461538461
0 0.08413461538461539 0.40865384615384615 0.08173076923076923 0.07211538461538461
0 0.013221153846153846 0.625 0.026442307692307692 0.0673076923076923
0 0.14423076923076922 0.11899038461538461 0.0673076923076923 0.07211538461538461
0 0.9915865384615384 0.30288461538461536 0.01201923076923077 0.0625
0 0.19110576923076922 0.016826923076923076 0.06490384615384616 0.03365384615384615
0 0.8497596153846154 0.6742788461538461 0.07211538461538461 0.055288461538461536
0 0.9278846153846154 0.46274038461538464 0.0625 0.0625
0 0.8786057692307693 0.5456730769230769 0.07211538461538461 0.0673076923076923
0 0.8581730769230769 0.59375 0.0673076923076923 0.057692307692307696
0 0.7896634615384616 0.7067307692307693 0.06490384615384616 0.052884615384615384
0 0.8545673076923077 0.4651442307692308 0.055288461538461536 0.052884615384615384
0 0.9014423076923077 0.3473557692307692 0.06971153846153846 0.0625