0 0.4050480769230769 0.7896634615384616 0.05048076923076923 0.06009615384615385
0 0.22716346153846154 0.7139423076923077 0.055288461538461536 0.06490384615384616
0 0.1141826923076923 0.6346153846153846 0.055288461538461536 0.07451923076923077
0 0.45072115384615385 0.7295673076923077 0.057692307692307696 0.0625
0 0.8858173076923077 0.8665865384615384 0.05048076923076923 0.0673076923076923
0 0.2644230769230769 0.65625 0.06009615384615385 0.06009615384615385
0 0.14423076923076922 0.8774038461538461 0.05048076923076923 0.06490384615384616
0 0.7223557692307693 0.7584134615384616 0.052884615384615384 0.052884615384615384
0 0.16105769230769232 0.5396634615384616 0.0625 0.07451923076923077
0 0.6850961538461539 0.6706730769230769 0.055288461538461536 0.06009615384615385
0 0.7307692307692307 0.6502403846153846 0.055288461538461536 0.06971153846153846
0 0.9338942307692307 0.7007211538461539 0.06009615384615385 0.0673076923076923
0 0.6502403846153846 0.6045673076923077 0.052884615384615384 0.06490384615384616
0 0.15865384615384615 0.44471153846153844 0.06009615384615385 0.07211538461538461
0 0.4483173076923077 0.5324519230769231 0.0625 0.0625
0 0.6177884615384616 0.5841346153846154 0.06009615384615385 0.07211538461538461
0 0.2776442307692308 0.4387019230769231 0.057692307692307696 0.0625
0 0.9459134615384616 0.6538461538461539 0.06490384615384616 0.06490384615384616
0 0.33413461538461536 0.44591346153846156 0.057692307692307696 0.06490384615384616
0 0.36778846153846156 0.43509615384615385 0.055288461538461536 0.0625
0 0.2860576923076923 0.3954326923076923 0.06009615384615385 0.06009615384615385
0 0.23197115384615385 0.3449519230769231 0.04326923076923077 0.04326923076923077
0 0.6706730769230769 0.484375 0.05048076923076923 0.052884615384615384
0 0.7163461538461539 0.4879807692307692 0.052884615384615384 0.06009615384615385
0 0.9002403846153846 0.5228365384615384 0.055288461538461536 0.06009615384615385
0 0.8040865384615384 0.4891826923076923 0.052884615384615384 0.052884615384615384
0 0.265625 0.3125 0.05048076923076923 0.057692307692307696
0 0.4675480769230769 0.35697115384615385 0.06009615384615385 0.07451923076923077
0 0.6213942307692307 0.984375 0.055288461538461536 0.026442307692307692
0 0.8161057692307693 0.44711538461538464 0.052884615384615384 0.055288461538461536
0 0.8545673076923077 0.45913461538461536 0.052884615384615384 0.06971153846153846
0 0.09254807692307693 0.8233173076923077 0.04807692307692308 0.057692307692307696
0 0.78125 0.41466346153846156 0.0625 0.06971153846153846
0 0.46875 0.3004807692307692 0.057692307692307696 0.0673076923076923
0 0.9350961538461539 0.41346153846153844 0.057692307692307696 0.0625
0 0.6466346153846154 0.984375 0.04807692307692308 0.026442307692307692
0 0.5985576923076923 0.2980769230769231 0.07451923076923077 0.07692307692307693
0 0.7860576923076923 0.2860576923076923 0.057692307692307696 0.0673076923076923
0 0.2776442307692308 0.09254807692307693 0.05048076923076923 0.06490384615384616
0 0.8185096153846154 0.2620192307692308 0.052884615384615384 0.06490384615384616
0 0.5300480769230769 0.16346153846153846 0.055288461538461536 0.0625
0 0.25600961538461536 0.06610576923076923 0.052884615384615384 0.052884615384615384
0 0.6862980769230769 0.19110576923076922 0.04567307692307692 0.055288461538461536
0 0.41225961538461536 0.10216346153846154 0.057692307692307696 0.0625
0 0.9579326923076923 0.265625 0.04807692307692308 0.052884615384615384
0 0.16105769230769232 0.019230769230769232 0.0625 0.038461538461538464
0 0.26802884615384615 0.027644230769230768 0.055288461538461536 0.055288461538461536
0 0.8882211538461539 0.22355769230769232 0.052884615384615384 0.06009615384615385
0 0.7319711538461539 0.14543269230769232 0.04807692307692308 0.057692307692307696
0 0.5661057692307693 0.08533653846153846 0.055288461538461536 0.0625
0 0.34134615384615385 0.016826923076923076 0.057692307692307696 0.03365384615384615
0 0.84375 0.11177884615384616 0.040865384615384616 0.05048076923076923
0 0.7403846153846154 0.9807692307692307 0.0625 0.03365384615384615
0 0.3473557692307692 0.8605769230769231 0.057692307692307696 0.0625
0 0.5649038461538461 0.9266826923076923 0.06009615384615385 0.06009615384615385
0 0.8461538461538461 0.9879807692307693 0.04326923076923077 0.019230769230769232
0 0.4807692307692308 0.8810096153846154 0.04807692307692308 0.057692307692307696
0 0.4338942307692308 0.859375 0.052884615384615384 0.06009615384615385
0 0.31009615384615385 0.796875 0.052884615384615384 0.06490384615384616
0 0.5649038461538461 0.8569711538461539 0.05048076923076923 0.0673076923076923
0 0.6790865384615384 0.8846153846153846 0.040865384615384616 0.05048076923076923