0 0.4387019230769231 0.2091346153846154 0.05048076923076923 0.05048076923076923
0 0.6418269230769231 0.17908653846153846 0.05048076923076923 0.055288461538461536
0 0.10817307692307693 0.31850961538461536 0.06490384615384616 0.07211538461538461
0 0.7764423076923077 0.19230769230769232 0.052884615384615384 0.06490384615384616
0 0.4338942307692308 0.2764423076923077 0.038461538461538464 0.052884615384615384
0 0.006009615384615385 0.36778846153846156 0.01201923076923077 0.0673076923076923
0 0.6334134615384616 0.24879807692307693 0.06009615384615385 0.057692307692307696
0 0.17908653846153846 0.36899038461538464 0.055288461538461536 0.055288461538461536
0 0.6286057692307693 0.018028846153846152 0.05048076923076923 0.036057692307692304
0 0.7824519230769231 0.2932692307692308 0.057692307692307696 0.06490384615384616
0 0.44471153846153844 0.3942307692307692 0.0673076923076923 0.08653846153846154
0 0.2512019230769231 0.4362980769230769 0.04326923076923077 0.052884615384615384
0 0.23317307692307693 0.47716346153846156 0.04807692307692308 0.06009615384615385
0 0.3161057692307692 0.4807692307692308 0.04807692307692308 0.055288461538461536
0 0.8233173076923077 0.38461538461538464 0.052884615384615384 0.06009615384615385
0 0.5276442307692307 0.44591346153846156 0.055288461538461536 0.07211538461538461
0 0.021634615384615384 0.5456730769230769 0.038461538461538464 0.038461538461538464
0 0.35216346153846156 0.4891826923076923 0.04567307692307692 0.04807692307692308
0 0.13581730769230768 0.5348557692307693 0.04807692307692308 0.055288461538461536
0 0.03125 0.5721153846153846 0.038461538461538464 0.038461538461538464
0 0.7235576923076923 0.4483173076923077 0.040865384615384616 0.04567307692307692
0 0.6706730769230769 0.46274038461538464 0.04326923076923077 0.0625
0 0.0889423076923077 0.5769230769230769 0.052884615384615384 0.0625
0 0.9098557692307693 0.43509615384615385 0.05048076923076923 0.07211538461538461
0 0.6490384615384616 0.4879807692307692 0.05048076923076923 0.04807692307692308
0 0.734375 0.47836538461538464 0.04567307692307692 0.05048076923076923
0 0.15504807692307693 0.5925480769230769 0.04807692307692308 0.057692307692307696
0 0.7908653846153846 0.4795673076923077 0.036057692307692304 0.04807692307692308
0 0.8112980769230769 0.5036057692307693 0.040865384615384616 0.04326923076923077
0 0.11899038461538461 0.6418269230769231 0.040865384615384616 0.04326923076923077
0 0.3629807692307692 0.5961538461538461 0.057692307692307696 0.057692307692307696
0 0.30528846153846156 0.6165865384615384 0.05048076923076923 0.055288461538461536
0 0.17427884615384615 0.6442307692307693 0.04807692307692308 0.055288461538461536
0 0.75 0.5408653846153846 0.04807692307692308 0.055288461538461536
0 0.13701923076923078 0.671875 0.040865384615384616 0.04326923076923077
0 0.23918269230769232 0.6574519230769231 0.04567307692307692 0.05048076923076923
0 0.7908653846153846 0.5516826923076923 0.040865384615384616 0.04807692307692308
0 0.6911057692307693 0.028846153846153848 0.055288461538461536 0.057692307692307696
0 0.5997596153846154 0.6105769230769231 0.052884615384615384 0.0625
0 0.24759615384615385 0.6850961538461539 0.040865384615384616 0.04807692307692308
0 0.21394230769230768 0.7163461538461539 0.04326923076923077 0.0625
0 0.2932692307692308 0.7019230769230769 0.052884615384615384 0.06490384615384616
0 0.6201923076923077 0.65625 0.057692307692307696 0.06490384615384616
0 0.15865384615384615 0.7824519230769231 0.04807692307692308 0.0673076923076923
0 0.052884615384615384 0.15144230769230768 0.036057692307692304 0.04326923076923077
0 0.09615384615384616 0.8317307692307693 0.052884615384615384 0.06009615384615385
0 0.6189903846153846 0.7572115384615384 0.04567307692307692 0.06009615384615385
0 0.35096153846153844 0.8293269230769231 0.04567307692307692 0.06490384615384616
0 0.34134615384615385 0.8533653846153846 0.04326923076923077 0.052884615384615384
0 0.1935096153846154 0.8822115384615384 0.04326923076923077 0.052884615384615384
0 0.8918269230769231 0.7475961538461539 0.06009615384615385 0.07451923076923077
0 0.3161057692307692 0.11057692307692307 0.057692307692307696 0.057692307692307696
0 0.6370192307692307 0.8088942307692307 0.04567307692307692 0.04807692307692308
0 0.9242788461538461 0.7644230769230769 0.04807692307692308 0.055288461538461536
0 0.1141826923076923 0.9230769230769231 0.05048076923076923 0.0673076923076923
0 0.7632211538461539 0.8016826923076923 0.052884615384615384 0.06490384615384616
0 0.48197115384615385 0.8653846153846154 0.04326923076923077 0.052884615384615384
0 0.21033653846153846 0.9302884615384616 0.04807692307692308 0.055288461538461536
0 0.9302884615384616 0.8004807692307693 0.05048076923076923 0.05048076923076923
0 0.296875 0.9350961538461539 0.04807692307692308 0.06009615384615385
0 0.6862980769230769 0.8713942307692307 0.04326923076923077 0.06009615384615385
0 0.46875 0.9146634615384616 0.04807692307692308 0.06490384615384616
0 0.6490384615384616 0.8918269230769231 0.040865384615384616 0.07451923076923077
0 0.8798076923076923 0.8605769230769231 0.052884615384615384 0.0673076923076923
0 0.38221153846153844 0.9879807692307693 0.052884615384615384 0.019230769230769232
0 0.056490384615384616 0.17668269230769232 0.03125 0.03365384615384615
0 0.46033653846153844 0.11778846153846154 0.05048076923076923 0.057692307692307696
0 0.23677884615384615 0.1658653846153846 0.057692307692307696 0.06490384615384616
0 0.3329326923076923 0.15865384615384615 0.04326923076923077 0.0625
0 0.38341346153846156 0.1502403846153846 0.04326923076923077 0.0625
0 0.5120192307692307 0.14543269230769232 0.04326923076923077 0.055288461538461536
0 0.27283653846153844 0.21995192307692307 0.052884615384615384 0.057692307692307696
0 0.15625 0.24879807692307693 0.0625 0.0673076923076923