1 0.11298076923076923 0.7367788461538461 0.07451923076923077 0.07451923076923077
1 0.36658653846153844 0.10336538461538461 0.07932692307692307 0.0673076923076923
1 0.3245192307692308 0.2512019230769231 0.07211538461538461 0.06971153846153846
1 0.03485576923076923 0.40865384615384615 0.06971153846153846 0.0625
1 0.13221153846153846 0.8786057692307693 0.08413461538461539 0.06009615384615385
1 0.21033653846153846 0.6730769230769231 0.0625 0.052884615384615384
1 0.12620192307692307 0.14182692307692307 0.07211538461538461 0.0625
1 0.23557692307692307 0.6514423076923077 0.0673076923076923 0.0625
1 0.2800480769230769 0.6466346153846154 0.0673076923076923 0.06009615384615385
1 0.46875 0.15144230769230768 0.07451923076923077 0.06490384615384616
1 0.38221153846153844 0.47596153846153844 0.07932692307692307 0.07932692307692307
1 0.30288461538461536 0.8149038461538461 0.08173076923076923 0.0673076923076923
1 0.3737980769230769 0.6370192307692307 0.06009615384615385 0.052884615384615384
1 0.3918269230769231 0.6141826923076923 0.0673076923076923 0.057692307692307696
1 0.5612980769230769 0.16706730769230768 0.08653846153846154 0.06490384615384616
1 0.32572115384615385 0.8725961538461539 0.09134615384615384 0.0673076923076923
1 0.47836538461538464 0.4579326923076923 0.0889423076923077 0.0625
1 0.49278846153846156 0.6586538461538461 0.07211538461538461 0.07211538461538461
1 0.4963942307692308 0.703125 0.07211538461538461 0.06009615384615385
1 0.1622596153846154 0.12139423076923077 0.06490384615384616 0.057692307692307696
1 0.7019230769230769 0.17067307692307693 0.06490384615384616 0.057692307692307696
1 0.7043269230769231 0.19831730769230768 0.0673076923076923 0.055288461538461536
1 0.6850961538461539 0.28966346153846156 0.06490384615384616 0.0625
1 0.6526442307692307 0.47836538461538464 0.07692307692307693 0.06009615384615385
1 0.5949519230769231 0.6526442307692307 0.0889423076923077 0.06971153846153846
1 0.5288461538461539 0.8497596153846154 0.08653846153846154 0.06490384615384616
1 0.5552884615384616 0.7788461538461539 0.0889423076923077 0.06971153846153846
1 0.5853365384615384 0.6899038461538461 0.07692307692307693 0.0673076923076923
1 0.019230769230769232 0.5985576923076923 0.038461538461538464 0.052884615384615384
1 0.6995192307692307 0.46274038461538464 0.06490384615384616 0.0625
1 0.1502403846153846 0.19110576923076922 0.06009615384615385 0.052884615384615384
1 0.5685096153846154 0.9399038461538461 0.08413461538461539 0.0625
1 0.5817307692307693 0.9855769230769231 0.08653846153846154 0.02403846153846154
1 0.7764423076923077 0.5192307692307693 0.07211538461538461 0.06971153846153846
1 0.8233173076923077 0.484375 0.08653846153846154 0.06490384615384616
1 0.9110576923076923 0.29447115384615385 0.0985576923076923 0.07451923076923077
1 0.9423076923076923 0.2644230769230769 0.0625 0.05048076923076923
1 0.7019230769230769 0.9855769230769231 0.08173076923076923 0.02403846153846154
1 0.8737980769230769 0.5240384615384616 0.07692307692307693 0.06971153846153846
1 0.9867788461538461 0.17427884615384615 0.021634615384615384 0.06490384615384616
1 0.734375 0.9735576923076923 0.06971153846153846 0.04807692307692308
1 0.9783653846153846 0.2848557692307692 0.038461538461538464 0.06971153846153846
1 0.9771634615384616 0.34975961538461536 0.040865384615384616 0.06490384615384616
1 0.9471153846153846 0.5528846153846154 0.06009615384615385 0.055288461538461536
1 0.9651442307692307 0.5264423076923077 0.057692307692307696 0.05048076923076923
1 0.84375 0.9038461538461539 0.08173076923076923 0.07692307692307693
1 0.18870192307692307 0.16947115384615385 0.06009615384615385 0.06009615384615385
1 0.04807692307692308 0.5949519230769231 0.06490384615384616 0.05048076923076923
1 0.018028846153846152 0.7992788461538461 0.036057692307692304 0.07451923076923077
1 0.09134615384615384 0.5853365384615384 0.07451923076923077 0.057692307692307696
1 0.16346153846153846 0.4074519230769231 0.0625 0.052884615384615384
1 0.11538461538461539 0.5516826923076923 0.06971153846153846 0.0625
1 0.15625 0.4375 0.0673076923076923 0.052884615384615384
1 0.2536057692307692 0.16346153846153846 0.07692307692307693 0.0625
1 0.20793269230769232 0.3137019230769231 0.07692307692307693 0.07451923076923077
1 0.09615384615384616 0.6862980769230769 0.07932692307692307 0.07211538461538461