0 0.4483173076923077 0.8004807692307693 0.04567307692307692 0.052884615384615384
0 0.25600961538461536 0.75 0.057692307692307696 0.06971153846153846
0 0.1310096153846154 0.6887019230769231 0.0625 0.06490384615384616
0 0.8004807692307693 0.8040865384615384 0.052884615384615384 0.06490384615384616
0 0.4807692307692308 0.7319711538461539 0.055288461538461536 0.057692307692307696
0 0.9338942307692307 0.8088942307692307 0.04326923076923077 0.0625
0 0.28725961538461536 0.6826923076923077 0.06490384615384616 0.07451923076923077
0 0.20192307692307693 0.9242788461538461 0.057692307692307696 0.055288461538461536
0 0.7548076923076923 0.7331730769230769 0.040865384615384616 0.055288461538461536
0 0.16706730769230768 0.5949519230769231 0.055288461538461536 0.06009615384615385
0 0.5204326923076923 0.6165865384615384 0.04567307692307692 0.057692307692307696
0 0.7079326923076923 0.6502403846153846 0.052884615384615384 0.0625
0 0.7487980769230769 0.6177884615384616 0.057692307692307696 0.06009615384615385
0 0.6634615384615384 0.5805288461538461 0.055288461538461536 0.055288461538461536
0 0.15625 0.4891826923076923 0.055288461538461536 0.055288461538461536
0 0.4495192307692308 0.5396634615384616 0.06009615384615385 0.0673076923076923
0 0.9615384615384616 0.6298076923076923 0.05048076923076923 0.05048076923076923
0 0.8473557692307693 0.6009615384615384 0.057692307692307696 0.06009615384615385
0 0.6310096153846154 0.5625 0.04807692307692308 0.057692307692307696
0 0.9651442307692307 0.59375 0.055288461538461536 0.06009615384615385
0 0.2704326923076923 0.47115384615384615 0.04807692307692308 0.057692307692307696
0 0.328125 0.4723557692307692 0.057692307692307696 0.06490384615384616
0 0.9086538461538461 0.5685096153846154 0.052884615384615384 0.0625
0 0.0889423076923077 0.41466346153846156 0.052884615384615384 0.06490384615384616
0 0.3581730769230769 0.4579326923076923 0.052884615384615384 0.06490384615384616
0 0.8521634615384616 0.5384615384615384 0.040865384615384616 0.052884615384615384
0 0.27403846153846156 0.43149038461538464 0.05048076923076923 0.06009615384615385
0 0.22115384615384615 0.4206730769230769 0.04567307692307692 0.057692307692307696
0 0.6646634615384616 0.46153846153846156 0.057692307692307696 0.06490384615384616
0 0.2091346153846154 0.38221153846153844 0.036057692307692304 0.052884615384615384
0 0.7163461538461539 0.46153846153846156 0.05048076923076923 0.057692307692307696
0 0.9074519230769231 0.4951923076923077 0.05048076923076923 0.055288461538461536
0 0.8605769230769231 0.48197115384615385 0.04567307692307692 0.05048076923076923
0 0.2824519230769231 0.36899038461538464 0.052884615384615384 0.0673076923076923
0 0.24639423076923078 0.3473557692307692 0.04807692307692308 0.05048076923076923
0 0.9026442307692307 0.46274038461538464 0.055288461538461536 0.055288461538461536
0 0.6237980769230769 0.4074519230769231 0.040865384615384616 0.04807692307692308
0 0.44711538461538464 0.36658653846153844 0.057692307692307696 0.06490384615384616
0 0.6430288461538461 0.3894230769230769 0.040865384615384616 0.04326923076923077
0 0.14543269230769232 0.8798076923076923 0.057692307692307696 0.06971153846153846
0 0.8473557692307693 0.4014423076923077 0.052884615384615384 0.06009615384615385
0 0.7668269230769231 0.38100961538461536 0.057692307692307696 0.06490384615384616
0 0.4483173076923077 0.3076923076923077 0.052884615384615384 0.06490384615384616
0 0.7908653846153846 0.9819711538461539 0.04326923076923077 0.03125
0 0.9170673076923077 0.3557692307692308 0.052884615384615384 0.06009615384615385
0 0.9831730769230769 0.33653846153846156 0.028846153846153848 0.057692307692307696
0 0.47836538461538464 0.22115384615384615 0.06009615384615385 0.06490384615384616
0 0.8990384615384616 0.9795673076923077 0.052884615384615384 0.036057692307692304
0 0.7584134615384616 0.24879807692307693 0.040865384615384616 0.04567307692307692
0 0.7788461538461539 0.22596153846153846 0.04567307692307692 0.052884615384615384
0 0.22355769230769232 0.12379807692307693 0.06009615384615385 0.07451923076923077
0 0.48197115384615385 0.16706730769230768 0.057692307692307696 0.06971153846153846
0 0.19230769230769232 0.10096153846153846 0.036057692307692304 0.04567307692307692
0 0.6442307692307693 0.17067307692307693 0.05048076923076923 0.055288461538461536
0 0.3581730769230769 0.11538461538461539 0.0625 0.0673076923076923
0 0.9230769230769231 0.20552884615384615 0.04326923076923077 0.04807692307692308
0 0.09014423076923077 0.05048076923076923 0.04326923076923077 0.06009615384615385
0 0.20432692307692307 0.06490384615384616 0.040865384615384616 0.04326923076923077
0 0.5384615384615384 0.9254807692307693 0.04326923076923077 0.052884615384615384
0 0.8461538461538461 0.17307692307692307 0.06971153846153846 0.06490384615384616
0 0.46033653846153844 0.0829326923076923 0.052884615384615384 0.07451923076923077
0 0.6790865384615384 0.11658653846153846 0.052884615384615384 0.055288461538461536
0 0.5048076923076923 0.08173076923076923 0.04807692307692308 0.06009615384615385
0 0.27403846153846156 0.03125 0.0625 0.0625
0 0.7956730769230769 0.07211538461538461 0.05048076923076923 0.057692307692307696
0 0.7980769230769231 0.9579326923076923 0.040865384615384616 0.04807692307692308
0 0.40024038461538464 0.8713942307692307 0.04567307692307692 0.052884615384615384
0 0.6237980769230769 0.9098557692307693 0.052884615384615384 0.0673076923076923
0 0.5348557692307693 0.8774038461538461 0.052884615384615384 0.06971153846153846
0 0.4831730769230769 0.8677884615384616 0.04807692307692308 0.07932692307692307
0 0.3581730769230769 0.8269230769230769 0.05048076923076923 0.07932692307692307
0 0.6129807692307693 0.8401442307692307 0.057692307692307696 0.06490384615384616
0 0.7295673076923077 0.859375 0.05048076923076923 0.055288461538461536