0 0.21033653846153846 0.5769230769230769 0.05048076923076923 0.04326923076923077
0 0.17548076923076922 0.3737980769230769 0.055288461538461536 0.04807692307692308
0 0.33533653846153844 0.8954326923076923 0.055288461538461536 0.05048076923076923
0 0.18870192307692307 0.23197115384615385 0.0673076923076923 0.0625
0 0.27283653846153844 0.5709134615384616 0.057692307692307696 0.04807692307692308
0 0.24519230769230768 0.3798076923076923 0.05048076923076923 0.04807692307692308
0 0.3798076923076923 0.8245192307692307 0.055288461538461536 0.04326923076923077
0 0.2800480769230769 0.2247596153846154 0.055288461538461536 0.04326923076923077
0 0.014423076923076924 0.38822115384615385 0.028846153846153848 0.055288461538461536
0 0.3954326923076923 0.5540865384615384 0.055288461538461536 0.05048076923076923
0 0.44350961538461536 0.7536057692307693 0.04807692307692308 0.04326923076923077
0 0.4891826923076923 0.7620192307692307 0.05048076923076923 0.04326923076923077
0 0.4855769230769231 0.6850961538461539 0.04567307692307692 0.040865384615384616
0 0.3701923076923077 0.18509615384615385 0.06009615384615385 0.052884615384615384
0 0.44591346153846156 0.47716346153846156 0.06490384615384616 0.05048076923076923
0 0.49278846153846156 0.6538461538461539 0.04807692307692308 0.040865384615384616
0 0.546875 0.8653846153846154 0.05048076923076923 0.04567307692307692
0 0.5913461538461539 0.9086538461538461 0.05048076923076923 0.04807692307692308
0 0.4639423076923077 0.3317307692307692 0.04326923076923077 0.03125
0 0.4735576923076923 0.35096153846153844 0.04807692307692308 0.040865384615384616
0 0.42427884615384615 0.09615384615384616 0.0673076923076923 0.04567307692307692
0 0.6033653846153846 0.8425480769230769 0.04326923076923077 0.036057692307692304
0 0.5985576923076923 0.6382211538461539 0.06009615384615385 0.052884615384615384
0 0.6213942307692307 0.6935096153846154 0.05048076923076923 0.05048076923076923
0 0.6538461538461539 0.8257211538461539 0.04567307692307692 0.038461538461538464
0 0.5360576923076923 0.25240384615384615 0.06009615384615385 0.04567307692307692
0 0.5480769230769231 0.21394230769230768 0.0625 0.04807692307692308
0 0.021634615384615384 0.33052884615384615 0.04326923076923077 0.055288461538461536
0 0.6117788461538461 0.3942307692307692 0.04567307692307692 0.04807692307692308
0 0.7259615384615384 0.7788461538461539 0.05048076923076923 0.04326923076923077
0 0.7091346153846154 0.6995192307692307 0.055288461538461536 0.04326923076923077
0 0.6478365384615384 0.37740384615384615 0.05048076923076923 0.04807692307692308
0 0.7920673076923077 0.8305288461538461 0.055288461538461536 0.04807692307692308
0 0.8497596153846154 0.8870192307692307 0.05048076923076923 0.04807692307692308
0 0.7487980769230769 0.3762019230769231 0.04567307692307692 0.040865384615384616
0 0.8918269230769231 0.7932692307692307 0.055288461538461536 0.04807692307692308
0 0.7944711538461539 0.3545673076923077 0.04567307692307692 0.040865384615384616
0 0.7403846153846154 0.0985576923076923 0.057692307692307696 0.04326923076923077
0 0.9375 0.8737980769230769 0.06009615384615385 0.04567307692307692
0 0.8701923076923077 0.5120192307692307 0.04567307692307692 0.040865384615384616
0 0.1201923076923077 0.6935096153846154 0.05048076923076923 0.04567307692307692
0 0.9350961538461539 0.7776442307692307 0.05048076923076923 0.05048076923076923
0 0.9375 0.6887019230769231 0.05048076923076923 0.04807692307692308
0 0.9134615384615384 0.5192307692307693 0.05048076923076923 0.04326923076923077
0 0.8641826923076923 0.30649038461538464 0.055288461538461536 0.05048076923076923
0 0.8870192307692307 0.33653846153846156 0.055288461538461536 0.04326923076923077
0 0.8485576923076923 0.1045673076923077 0.06490384615384616 0.05048076923076923
0 0.11899038461538461 0.5588942307692307 0.06971153846153846 0.05048076923076923
0 0.18028846153846154 0.7740384615384616 0.05048076923076923 0.04807692307692308
0 0.15144230769230768 0.6286057692307693 0.04567307692307692 0.040865384615384616
0 0.16706730769230768 0.6790865384615384 0.052884615384615384 0.052884615384615384
0 0.14182692307692307 0.5048076923076923 0.055288461538461536 0.04326923076923077
0 0.23076923076923078 0.7355769230769231 0.057692307692307696 0.04326923076923077
0 0.26322115384615385 0.8557692307692307 0.06009615384615385 0.052884615384615384