1 0.12740384615384615 0.2512019230769231 0.04807692307692308 0.04807692307692308
1 0.6586538461538461 0.23197115384615385 0.0625 0.06009615384615385
1 0.8016826923076923 0.23197115384615385 0.05048076923076923 0.06490384615384616
1 0.009615384615384616 0.3317307692307692 0.019230769230769232 0.057692307692307696
1 0.3798076923076923 0.039663461538461536 0.055288461538461536 0.0625
1 0.8185096153846154 0.30528846153846156 0.0625 0.052884615384615384
1 0.27163461538461536 0.36658653846153844 0.05048076923076923 0.07451923076923077
1 0.47596153846153844 0.3894230769230769 0.052884615384615384 0.06009615384615385
1 0.12379807692307693 0.4651442307692308 0.04567307692307692 0.0673076923076923
1 0.08774038461538461 0.49278846153846156 0.04807692307692308 0.052884615384615384
1 0.8341346153846154 0.4206730769230769 0.0625 0.07211538461538461
1 0.5216346153846154 0.46033653846153844 0.04567307692307692 0.0673076923076923
1 0.35336538461538464 0.5612980769230769 0.055288461538461536 0.07211538461538461
1 0.30408653846153844 0.5805288461538461 0.04807692307692308 0.0625
1 0.7776442307692307 0.5673076923076923 0.06971153846153846 0.07451923076923077
1 0.18990384615384615 0.6706730769230769 0.04567307692307692 0.0673076923076923
1 0.28365384615384615 0.6670673076923077 0.04807692307692308 0.0625
1 0.13221153846153846 0.7427884615384616 0.055288461538461536 0.0673076923076923
1 0.08173076923076923 0.7992788461538461 0.055288461538461536 0.0673076923076923
1 0.6033653846153846 0.7560096153846154 0.055288461538461536 0.0673076923076923
1 0.6466346153846154 0.7956730769230769 0.040865384615384616 0.057692307692307696
1 0.07451923076923077 0.875 0.04567307692307692 0.06009615384615385
1 0.8629807692307693 0.7920673076923077 0.05048076923076923 0.0673076923076923
1 0.9038461538461539 0.8137019230769231 0.04807692307692308 0.052884615384615384
1 0.6442307692307693 0.8545673076923077 0.052884615384615384 0.06009615384615385
1 0.9014423076923077 0.859375 0.04807692307692308 0.052884615384615384
1 0.8509615384615384 0.8762019230769231 0.057692307692307696 0.06971153846153846
1 0.9759615384615384 0.8834134615384616 0.04326923076923077 0.06971153846153846
1 0.2956730769230769 0.9747596153846154 0.0625 0.04567307692307692
1 0.21033653846153846 0.9891826923076923 0.055288461538461536 0.016826923076923076
1 0.02403846153846154 0.17908653846153846 0.04807692307692308 0.07451923076923077
1 0.24278846153846154 0.16346153846153846 0.04567307692307692 0.057692307692307696
1 0.2860576923076923 0.171875 0.04567307692307692 0.06490384615384616
1 0.5336538461538461 0.14903846153846154 0.055288461538461536 0.08653846153846154
1 0.7007211538461539 0.14302884615384615 0.05048076923076923 0.07211538461538461
1 0.15384615384615385 0.21634615384615385 0.04807692307692308 0.0625