0 0.7680288461538461 0.7728365384615384 0.04807692307692308 0.038461538461538464
0 0.7692307692307693 0.6778846153846154 0.04326923076923077 0.052884615384615384
0 0.7752403846153846 0.35697115384615385 0.04326923076923077 0.05048076923076923
0 0.7548076923076923 0.5961538461538461 0.04567307692307692 0.04326923076923077
0 0.734375 0.828125 0.04807692307692308 0.040865384615384616
0 0.7584134615384616 0.28365384615384615 0.04326923076923077 0.06009615384615385
0 0.7235576923076923 0.8966346153846154 0.04567307692307692 0.04326923076923077
0 0.7079326923076923 0.5721153846153846 0.04326923076923077 0.055288461538461536
0 0.7103365384615384 0.3425480769230769 0.04326923076923077 0.055288461538461536
0 0.6682692307692307 0.9471153846153846 0.038461538461538464 0.04326923076923077
0 0.6730769230769231 0.2764423076923077 0.05048076923076923 0.055288461538461536
0 0.625 0.9627403846153846 0.040865384615384616 0.040865384615384616
0 0.6346153846153846 0.7896634615384616 0.040865384615384616 0.03125
0 0.6237980769230769 0.8088942307692307 0.04807692307692308 0.03125
0 0.6033653846153846 0.9182692307692307 0.040865384615384616 0.028846153846153848
0 0.5997596153846154 0.8485576923076923 0.04567307692307692 0.036057692307692304
0 0.6153846153846154 0.4951923076923077 0.052884615384615384 0.05048076923076923
0 0.5913461538461539 0.6069711538461539 0.038461538461538464 0.036057692307692304
0 0.5661057692307693 0.9230769230769231 0.040865384615384616 0.038461538461538464
0 0.5661057692307693 0.4495192307692308 0.04326923076923077 0.05048076923076923
0 0.5552884615384616 0.6670673076923077 0.03125 0.03365384615384615
0 0.5420673076923077 0.875 0.036057692307692304 0.036057692307692304
0 0.5600961538461539 0.40865384615384615 0.040865384615384616 0.04326923076923077
0 0.5673076923076923 0.265625 0.036057692307692304 0.040865384615384616
0 0.53125 0.6862980769230769 0.038461538461538464 0.040865384615384616
0 0.5036057692307693 0.8461538461538461 0.03365384615384615 0.036057692307692304
0 0.5324519230769231 0.2548076923076923 0.036057692307692304 0.038461538461538464
0 0.4891826923076923 0.7331730769230769 0.040865384615384616 0.040865384615384616
0 0.49278846153846156 0.6586538461538461 0.040865384615384616 0.04567307692307692
0 0.4891826923076923 0.5973557692307693 0.038461538461538464 0.04326923076923077
0 0.45913461538461536 0.6971153846153846 0.04567307692307692 0.05048076923076923
0 0.47475961538461536 0.08413461538461539 0.040865384615384616 0.05048076923076923
0 0.43149038461538464 0.6382211538461539 0.038461538461538464 0.03125
0 0.4206730769230769 0.59375 0.04326923076923077 0.036057692307692304
0 0.4170673076923077 0.5228365384615384 0.03365384615384615 0.040865384615384616
0 0.4014423076923077 0.8137019230769231 0.036057692307692304 0.038461538461538464
0 0.390625 0.5733173076923077 0.036057692307692304 0.04567307692307692
0 0.4014423076923077 0.11177884615384616 0.038461538461538464 0.04567307692307692
0 0.38100961538461536 0.45913461538461536 0.038461538461538464 0.040865384615384616
0 0.359375 0.53125 0.04567307692307692 0.036057692307692304
0 0.31009615384615385 0.6790865384615384 0.036057692307692304 0.040865384615384616
0 0.32211538461538464 0.34134615384615385 0.03365384615384615 0.03365384615384615
0 0.33653846153846156 0.04326923076923077 0.05048076923076923 0.04807692307692308
0 0.31490384615384615 0.4375 0.040865384615384616 0.040865384615384616
0 0.27884615384615385 0.10576923076923077 0.04567307692307692 0.055288461538461536
0 0.2512019230769231 0.3173076923076923 0.04567307692307692 0.04807692307692308
0 0.20793269230769232 0.3401442307692308 0.04326923076923077 0.03365384615384615
0 0.056490384615384616 0.5721153846153846 0.036057692307692304 0.03125
0 0.04447115384615385 0.265625 0.04567307692307692 0.04567307692307692
0 0.04326923076923077 0.20552884615384615 0.04567307692307692 0.052884615384615384
0 0.046875 0.11538461538461539 0.036057692307692304 0.04567307692307692
0 0.8966346153846154 0.21033653846153846 0.06009615384615385 0.06490384615384616