1 0.875 0.7512019230769231 0.040865384615384616 0.06971153846153846
1 0.19471153846153846 0.7860576923076923 0.05048076923076923 0.07211538461538461
1 0.6153846153846154 0.9627403846153846 0.05048076923076923 0.055288461538461536
1 0.3449519230769231 0.7620192307692307 0.057692307692307696 0.055288461538461536
1 0.7776442307692307 0.6935096153846154 0.03365384615384615 0.05048076923076923
1 0.9819711538461539 0.6694711538461539 0.03125 0.07451923076923077
1 0.75 0.6754807692307693 0.038461538461538464 0.052884615384615384
1 0.33052884615384615 0.9807692307692307 0.036057692307692304 0.03365384615384615
1 0.7295673076923077 0.6394230769230769 0.038461538461538464 0.06009615384615385
1 0.1935096153846154 0.6802884615384616 0.04807692307692308 0.057692307692307696
1 0.5276442307692307 0.609375 0.055288461538461536 0.06009615384615385
1 0.6778846153846154 0.5540865384615384 0.03365384615384615 0.040865384615384616
1 0.6478365384615384 0.5492788461538461 0.03365384615384615 0.05048076923076923
1 0.17067307692307693 0.5901442307692307 0.06009615384615385 0.07211538461538461
1 0.9158653846153846 0.5096153846153846 0.06490384615384616 0.10096153846153846
1 0.47115384615384615 0.5420673076923077 0.055288461538461536 0.0673076923076923
1 0.6442307692307693 0.4362980769230769 0.055288461538461536 0.04326923076923077
1 0.6838942307692307 0.41466346153846156 0.04807692307692308 0.06009615384615385
1 0.23076923076923078 0.4254807692307692 0.055288461538461536 0.08173076923076923
1 0.41586538461538464 0.3798076923076923 0.04807692307692308 0.055288461538461536
1 0.6045673076923077 0.3557692307692308 0.04326923076923077 0.0625
1 0.6382211538461539 0.3473557692307692 0.040865384615384616 0.06009615384615385
1 0.8016826923076923 0.328125 0.055288461538461536 0.07211538461538461
1 0.7235576923076923 0.328125 0.052884615384615384 0.0625
1 0.38341346153846156 0.328125 0.04567307692307692 0.057692307692307696
1 0.7944711538461539 0.9014423076923077 0.026442307692307692 0.036057692307692304
1 0.36538461538461536 0.9471153846153846 0.040865384615384616 0.05048076923076923
1 0.8629807692307693 0.25 0.04807692307692308 0.057692307692307696
1 0.9290865384615384 0.20793269230769232 0.04807692307692308 0.0625
1 0.40384615384615385 0.23918269230769232 0.04567307692307692 0.04807692307692308
1 0.35096153846153844 0.21514423076923078 0.04567307692307692 0.0625
1 0.14302884615384615 0.21754807692307693 0.04326923076923077 0.06490384615384616
1 0.9254807692307693 0.12620192307692307 0.04567307692307692 0.052884615384615384
1 0.09615384615384616 0.19110576923076922 0.040865384615384616 0.057692307692307696
1 0.3629807692307692 0.1466346153846154 0.052884615384615384 0.055288461538461536
1 0.8641826923076923 0.09375 0.038461538461538464 0.057692307692307696
1 0.8389423076923077 0.08653846153846154 0.04326923076923077 0.052884615384615384
1 0.09615384615384616 0.13822115384615385 0.04807692307692308 0.04807692307692308
1 0.016826923076923076 0.125 0.03365384615384615 0.0625
1 0.14783653846153846 0.109375 0.04807692307692308 0.07932692307692307
1 0.7788461538461539 0.8774038461538461 0.03365384615384615 0.04567307692307692
1 0.33413461538461536 0.9230769230769231 0.04567307692307692 0.04807692307692308
1 0.7211538461538461 0.026442307692307692 0.052884615384615384 0.052884615384615384
1 0.9711538461538461 0.8329326923076923 0.052884615384615384 0.09375
1 0.7524038461538461 0.8329326923076923 0.038461538461538464 0.040865384615384616
1 0.7115384615384616 0.8233173076923077 0.04326923076923077 0.06009615384615385
1 0.46033653846153844 0.8461538461538461 0.04326923076923077 0.0625
1 0.3004807692307692 0.8617788461538461 0.05048076923076923 0.06490384615384616
1 0.8401442307692307 0.7884615384615384 0.052884615384615384 0.052884615384615384