0 0.8305288461538461 0.5396634615384616 0.07451923076923077 0.07211538461538461
0 0.6875 0.23918269230769232 0.0673076923076923 0.07211538461538461
0 0.84375 0.6213942307692307 0.06009615384615385 0.057692307692307696
0 0.8461538461538461 0.6850961538461539 0.057692307692307696 0.06009615384615385
0 0.8497596153846154 0.7487980769230769 0.0673076923076923 0.055288461538461536
0 0.8449519230769231 0.8353365384615384 0.052884615384615384 0.04807692307692308
0 0.5661057692307693 0.22115384615384615 0.0673076923076923 0.06009615384615385
0 0.7836538461538461 0.8317307692307693 0.052884615384615384 0.055288461538461536
0 0.6045673076923077 0.44471153846153844 0.07211538461538461 0.07932692307692307
0 0.7355769230769231 0.7992788461538461 0.05048076923076923 0.04807692307692308
0 0.7391826923076923 0.8269230769230769 0.036057692307692304 0.04567307692307692
0 0.6237980769230769 0.5901442307692307 0.04567307692307692 0.040865384615384616
0 0.6237980769230769 0.6358173076923077 0.057692307692307696 0.04326923076923077
0 0.6189903846153846 0.6622596153846154 0.04567307692307692 0.04567307692307692
0 0.671875 0.7980769230769231 0.040865384615384616 0.04326923076923077
0 0.42908653846153844 0.24278846153846154 0.057692307692307696 0.057692307692307696
0 0.6009615384615384 0.7127403846153846 0.04807692307692308 0.05048076923076923
0 0.4074519230769231 0.2920673076923077 0.0625 0.06009615384615385
0 0.5516826923076923 0.6887019230769231 0.055288461538461536 0.052884615384615384
0 0.29927884615384615 0.12980769230769232 0.06490384615384616 0.0673076923076923
0 0.4963942307692308 0.6550480769230769 0.04807692307692308 0.05048076923076923
0 0.5588942307692307 0.8016826923076923 0.052884615384615384 0.05048076923076923
0 0.44350961538461536 0.5516826923076923 0.055288461538461536 0.0625
0 0.47115384615384615 0.6165865384615384 0.05048076923076923 0.04807692307692308
0 0.4375 0.6165865384615384 0.04326923076923077 0.04326923076923077
0 0.23557692307692307 0.17307692307692307 0.06490384615384616 0.0673076923076923
0 0.3870192307692308 0.5769230769230769 0.05048076923076923 0.052884615384615384
0 0.3557692307692308 0.5048076923076923 0.055288461538461536 0.06009615384615385
0 0.41225961538461536 0.7427884615384616 0.055288461538461536 0.052884615384615384
0 0.30528846153846156 0.5252403846153846 0.05048076923076923 0.04807692307692308
0 0.38341346153846156 0.7800480769230769 0.04567307692307692 0.04567307692307692
0 0.4338942307692308 0.9495192307692307 0.05048076923076923 0.052884615384615384
0 0.18629807692307693 0.45072115384615385 0.04807692307692308 0.04567307692307692
0 0.18389423076923078 0.47716346153846156 0.06009615384615385 0.04326923076923077
0 0.2860576923076923 0.9134615384615384 0.05048076923076923 0.057692307692307696
0 0.25841346153846156 0.9146634615384616 0.05048076923076923 0.055288461538461536
0 0.17307692307692307 0.9375 0.06009615384615385 0.057692307692307696