0 0.7776442307692307 0.6129807692307693 0.052884615384615384 0.04807692307692308
0 0.6826923076923077 0.7956730769230769 0.06009615384615385 0.057692307692307696
0 0.8701923076923077 0.28365384615384615 0.06009615384615385 0.057692307692307696
0 0.5865384615384616 0.9014423076923077 0.07211538461538461 0.06971153846153846
0 0.7235576923076923 0.5793269230769231 0.0625 0.055288461538461536
0 0.9038461538461539 0.15144230769230768 0.057692307692307696 0.05048076923076923
0 0.6310096153846154 0.7487980769230769 0.055288461538461536 0.052884615384615384
0 0.7908653846153846 0.3125 0.057692307692307696 0.05048076923076923
0 0.5108173076923077 0.8521634615384616 0.057692307692307696 0.05048076923076923
0 0.8329326923076923 0.8930288461538461 0.06490384615384616 0.057692307692307696
0 0.6165865384615384 0.5204326923076923 0.06009615384615385 0.057692307692307696
0 0.6971153846153846 0.3317307692307692 0.052884615384615384 0.05048076923076923
0 0.6658653846153846 0.2980769230769231 0.052884615384615384 0.04807692307692308
0 0.6225961538461539 0.3605769230769231 0.04807692307692308 0.04567307692307692
0 0.41346153846153844 0.8305288461538461 0.06490384615384616 0.06009615384615385
0 0.5288461538461539 0.5504807692307693 0.0673076923076923 0.057692307692307696
0 0.5985576923076923 0.38221153846153844 0.05048076923076923 0.04807692307692308
0 0.6814903846153846 0.18028846153846154 0.055288461538461536 0.05048076923076923
0 0.671875 0.11899038461538461 0.055288461538461536 0.052884615384615384
0 0.42788461538461536 0.65625 0.04567307692307692 0.038461538461538464
0 0.43028846153846156 0.6346153846153846 0.05048076923076923 0.04807692307692308
0 0.3173076923076923 0.8689903846153846 0.06971153846153846 0.055288461538461536
0 0.6237980769230769 0.16466346153846154 0.04567307692307692 0.040865384615384616
0 0.5048076923076923 0.3293269230769231 0.06490384615384616 0.06009615384615385
0 0.5204326923076923 0.27163461538461536 0.055288461538461536 0.055288461538461536
0 0.5733173076923077 0.1466346153846154 0.04807692307692308 0.04326923076923077
0 0.32211538461538464 0.6754807692307693 0.0625 0.052884615384615384
0 0.28846153846153844 0.6995192307692307 0.06490384615384616 0.055288461538461536
0 0.7872596153846154 0.9302884615384616 0.0625 0.06009615384615385
0 0.3473557692307692 0.5180288461538461 0.052884615384615384 0.052884615384615384
0 0.48677884615384615 0.14182692307692307 0.052884615384615384 0.04807692307692308
0 0.453125 0.21514423076923078 0.057692307692307696 0.05048076923076923
0 0.3076923076923077 0.5096153846153846 0.055288461538461536 0.052884615384615384
0 0.46634615384615385 0.06009615384615385 0.06009615384615385 0.055288461538461536
0 0.22596153846153846 0.4495192307692308 0.04807692307692308 0.04567307692307692
0 0.3629807692307692 0.030048076923076924 0.06009615384615385 0.055288461538461536
0 0.17668269230769232 0.4387019230769231 0.04807692307692308 0.04567307692307692
0 0.06610576923076923 0.6754807692307693 0.06009615384615385 0.05048076923076923
0 0.21153846153846154 0.26802884615384615 0.04807692307692308 0.04567307692307692
0 0.9194711538461539 0.5733173076923077 0.055288461538461536 0.05048076923076923
0 0.31971153846153844 0.02283653846153846 0.057692307692307696 0.04567307692307692
0 0.2644230769230769 0.08653846153846154 0.055288461538461536 0.052884615384615384
0 0.1814903846153846 0.23557692307692307 0.052884615384615384 0.04807692307692308
0 0.09254807692307693 0.43509615384615385 0.06009615384615385 0.057692307692307696
0 0.09254807692307693 0.39783653846153844 0.057692307692307696 0.05048076923076923
0 0.009615384615384616 0.6069711538461539 0.019230769230769232 0.06009615384615385
0 0.15264423076923078 0.10096153846153846 0.05048076923076923 0.05048076923076923
0 0.8401442307692307 0.6826923076923077 0.07211538461538461 0.06009615384615385
0 0.9194711538461539 0.4735576923076923 0.055288461538461536 0.052884615384615384
0 0.8557692307692307 0.6069711538461539 0.04807692307692308 0.04567307692307692
0 0.8737980769230769 0.5564903846153846 0.057692307692307696 0.057692307692307696
0 0.7884615384615384 0.7115384615384616 0.057692307692307696 0.05048076923076923
0 0.8569711538461539 0.4735576923076923 0.06009615384615385 0.05048076923076923
0 0.9038461538461539 0.3581730769230769 0.06490384615384616 0.06009615384615385