1 0.21514423076923078 0.15625 0.055288461538461536 0.07211538461538461
1 0.875 0.32091346153846156 0.0625 0.0673076923076923
1 0.7223557692307693 0.2920673076923077 0.0625 0.06490384615384616
1 0.28846153846153844 0.23197115384615385 0.04567307692307692 0.05048076923076923
1 0.07572115384615384 0.20072115384615385 0.06490384615384616 0.07932692307692307
1 0.3088942307692308 0.2608173076923077 0.04567307692307692 0.05048076923076923
1 0.5264423076923077 0.03365384615384615 0.0625 0.0673076923076923
1 0.32211538461538464 0.30288461538461536 0.055288461538461536 0.05048076923076923
1 0.8461538461538461 0.41466346153846156 0.0625 0.06490384615384616
1 0.5060096153846154 0.38461538461538464 0.055288461538461536 0.055288461538461536
1 0.15865384615384615 0.3473557692307692 0.057692307692307696 0.08173076923076923
1 0.3473557692307692 0.3954326923076923 0.04326923076923077 0.057692307692307696
1 0.3737980769230769 0.41225961538461536 0.04326923076923077 0.06009615384615385
1 0.8389423076923077 0.5096153846153846 0.06490384615384616 0.07451923076923077
1 0.1045673076923077 0.36899038461538464 0.052884615384615384 0.07932692307692307
1 0.5372596153846154 0.4675480769230769 0.04807692307692308 0.0673076923076923
1 0.34375 0.5180288461538461 0.05048076923076923 0.07211538461538461
1 0.2956730769230769 0.5264423076923077 0.057692307692307696 0.057692307692307696
1 0.7367788461538461 0.6538461538461539 0.06009615384615385 0.0673076923076923
1 0.5456730769230769 0.6454326923076923 0.052884615384615384 0.0625
1 0.32211538461538464 0.6057692307692307 0.04807692307692308 0.055288461538461536
1 0.359375 0.6129807692307693 0.05048076923076923 0.057692307692307696
1 0.15504807692307693 0.578125 0.0625 0.06009615384615385
1 0.2403846153846154 0.5961538461538461 0.0625 0.0673076923076923
1 0.5600961538461539 0.6923076923076923 0.057692307692307696 0.06009615384615385
1 0.7584134615384616 0.11057692307692307 0.04567307692307692 0.05048076923076923
1 0.07572115384615384 0.6334134615384616 0.0625 0.07451923076923077
1 0.33533653846153844 0.03245192307692308 0.04807692307692308 0.0625
1 0.021634615384615384 0.6598557692307693 0.04326923076923077 0.06971153846153846
1 0.5180288461538461 0.7764423076923077 0.052884615384615384 0.06490384615384616
1 0.5588942307692307 0.8197115384615384 0.057692307692307696 0.06490384615384616
1 0.7572115384615384 0.8786057692307693 0.055288461538461536 0.06971153846153846
1 0.004807692307692308 0.7367788461538461 0.009615384615384616 0.07451923076923077
1 0.7992788461538461 0.9086538461538461 0.04567307692307692 0.06009615384615385
1 0.03365384615384615 0.7776442307692307 0.04326923076923077 0.0625
1 0.5300480769230769 0.8810096153846154 0.057692307692307696 0.057692307692307696
1 0.052884615384615384 0.796875 0.04326923076923077 0.0625
1 0.7800480769230769 0.96875 0.04567307692307692 0.052884615384615384
1 0.71875 0.9675480769230769 0.05048076923076923 0.05048076923076923
1 0.8569711538461539 0.9831730769230769 0.055288461538461536 0.028846153846153848
1 0.78125 0.140625 0.04807692307692308 0.0625
1 0.14543269230769232 0.8990384615384616 0.055288461538461536 0.06971153846153846
1 0.34615384615384615 0.06129807692307692 0.040865384615384616 0.04567307692307692
1 0.07451923076923077 0.9026442307692307 0.05048076923076923 0.05048076923076923
1 0.13701923076923078 0.042067307692307696 0.0673076923076923 0.08413461538461539
1 0.3557692307692308 0.09975961538461539 0.055288461538461536 0.06971153846153846
1 0.39302884615384615 0.12860576923076922 0.04567307692307692 0.0625
1 0.6394230769230769 0.18269230769230768 0.055288461538461536 0.06971153846153846
1 0.8016826923076923 0.21514423076923078 0.06009615384615385 0.07211538461538461
1 0.25721153846153844 0.12139423076923077 0.06009615384615385 0.07932692307692307