1 0.9266826923076923 0.6346153846153846 0.0625 0.06971153846153846
1 0.2824519230769231 0.8545673076923077 0.06009615384615385 0.07211538461538461
1 0.7427884615384616 0.9122596153846154 0.06971153846153846 0.06490384615384616
1 0.4206730769230769 0.7908653846153846 0.08173076923076923 0.08413461538461539
1 0.8209134615384616 0.6129807692307693 0.06009615384615385 0.0673076923076923
1 0.7932692307692307 0.6033653846153846 0.04807692307692308 0.057692307692307696
1 0.7560096153846154 0.5649038461538461 0.055288461538461536 0.055288461538461536
1 0.25841346153846156 0.7596153846153846 0.06009615384615385 0.0625
1 0.5612980769230769 0.6045673076923077 0.06971153846153846 0.07451923076923077
1 0.8629807692307693 0.43990384615384615 0.07451923076923077 0.09375
1 0.6838942307692307 0.5036057692307693 0.052884615384615384 0.06490384615384616
1 0.6538461538461539 0.5060096153846154 0.05048076923076923 0.0625
1 0.20793269230769232 0.6778846153846154 0.057692307692307696 0.0625
1 0.9002403846153846 0.3918269230769231 0.0625 0.06971153846153846
1 0.48677884615384615 0.546875 0.0673076923076923 0.08173076923076923
1 0.4411057692307692 0.9867788461538461 0.055288461538461536 0.021634615384615384
1 0.6201923076923077 0.39663461538461536 0.06009615384615385 0.07211538461538461
1 0.6586538461538461 0.36899038461538464 0.055288461538461536 0.06490384615384616
1 0.1201923076923077 0.5649038461538461 0.05048076923076923 0.06009615384615385
1 0.13581730769230768 0.5432692307692307 0.052884615384615384 0.055288461538461536
1 0.21875 0.49759615384615385 0.06490384615384616 0.06490384615384616
1 0.38822115384615385 0.40625 0.0625 0.07451923076923077
1 0.5540865384615384 0.3317307692307692 0.0625 0.0625
1 0.7427884615384616 0.25 0.06490384615384616 0.06971153846153846
1 0.6706730769230769 0.2764423076923077 0.06009615384615385 0.07451923076923077
1 0.5889423076923077 0.3088942307692308 0.052884615384615384 0.06009615384615385
1 0.4963942307692308 0.9675480769230769 0.055288461538461536 0.06009615384615385
1 0.3425480769230769 0.3762019230769231 0.0625 0.06971153846153846
1 0.8942307692307693 0.8028846153846154 0.055288461538461536 0.055288461538461536
1 0.7848557692307693 0.15625 0.06009615384615385 0.07211538461538461
1 0.8317307692307693 0.10216346153846154 0.06971153846153846 0.08173076923076923
1 0.3317307692307692 0.27884615384615385 0.07211538461538461 0.06971153846153846
1 0.27403846153846156 0.26322115384615385 0.0673076923076923 0.07451923076923077
1 0.07211538461538461 0.3245192307692308 0.07451923076923077 0.08173076923076923
1 0.8016826923076923 0.030048076923076924 0.06490384615384616 0.06009615384615385
1 0.030048076923076924 0.32091346153846156 0.06009615384615385 0.07932692307692307
1 0.7439903846153846 0.02283653846153846 0.05048076923076923 0.04567307692307692
1 0.2644230769230769 0.19951923076923078 0.07932692307692307 0.06971153846153846
1 0.7091346153846154 0.020432692307692308 0.057692307692307696 0.040865384615384616
1 0.020432692307692308 0.25961538461538464 0.040865384615384616 0.0673076923076923
1 0.057692307692307696 0.2247596153846154 0.06971153846153846 0.07451923076923077
1 0.5805288461538461 0.007211538461538462 0.06490384615384616 0.014423076923076924
1 0.4579326923076923 0.953125 0.055288461538461536 0.055288461538461536
1 0.8677884615384616 0.78125 0.04807692307692308 0.04567307692307692
1 0.8353365384615384 0.7536057692307693 0.06009615384615385 0.055288461538461536
1 0.671875 0.8004807692307693 0.040865384615384616 0.04807692307692308
1 0.6514423076923077 0.8076923076923077 0.04567307692307692 0.04807692307692308
1 0.7884615384615384 0.7512019230769231 0.057692307692307696 0.0673076923076923
1 0.40625 0.9038461538461539 0.06009615384615385 0.06490384615384616
1 0.5492788461538461 0.8389423076923077 0.0625 0.06971153846153846
1 0.9026442307692307 0.6850961538461539 0.0673076923076923 0.06490384615384616