1 0.22596153846153846 0.8545673076923077 0.04567307692307692 0.04567307692307692
1 0.014423076923076924 0.03365384615384615 0.028846153846153848 0.03365384615384615
1 0.2439903846153846 0.32211538461538464 0.057692307692307696 0.06009615384615385
1 0.2536057692307692 0.18028846153846154 0.0625 0.04567307692307692
1 0.2980769230769231 0.9831730769230769 0.057692307692307696 0.028846153846153848
1 0.03245192307692308 0.5877403846153846 0.06009615384615385 0.052884615384615384
1 0.328125 0.16947115384615385 0.05048076923076923 0.06009615384615385
1 0.35096153846153844 0.7175480769230769 0.07211538461538461 0.04567307692307692
1 0.3870192307692308 0.515625 0.057692307692307696 0.05048076923076923
1 0.4387019230769231 0.8725961538461539 0.06490384615384616 0.040865384615384616
1 0.4639423076923077 0.9098557692307693 0.05048076923076923 0.04567307692307692
1 0.44350961538461536 0.16105769230769232 0.06971153846153846 0.057692307692307696
1 0.46153846153846156 0.47596153846153844 0.06490384615384616 0.040865384615384616
1 0.5504807692307693 0.6514423076923077 0.06971153846153846 0.05048076923076923
1 0.5673076923076923 0.7007211538461539 0.06009615384615385 0.04567307692307692
1 0.5865384615384616 0.22716346153846154 0.06971153846153846 0.06490384615384616
1 0.6478365384615384 0.8209134615384616 0.06490384615384616 0.040865384615384616
1 0.6514423076923077 0.7283653846153846 0.06009615384615385 0.04567307692307692
1 0.7163461538461539 0.8834134615384616 0.06490384615384616 0.05048076923076923
1 0.7692307692307693 0.9375 0.06490384615384616 0.05048076923076923
1 0.7632211538461539 0.41466346153846156 0.06490384615384616 0.05048076923076923
1 0.8040865384615384 0.3737980769230769 0.057692307692307696 0.038461538461538464
1 0.84375 0.9507211538461539 0.057692307692307696 0.04326923076923077
1 0.8161057692307693 0.15865384615384615 0.06490384615384616 0.04567307692307692
1 0.8413461538461539 0.11899038461538461 0.05048076923076923 0.04567307692307692
1 0.8641826923076923 0.3798076923076923 0.057692307692307696 0.05048076923076923
1 0.8858173076923077 0.125 0.05048076923076923 0.04567307692307692
1 0.9002403846153846 0.17548076923076922 0.0673076923076923 0.052884615384615384
1 0.9158653846153846 0.039663461538461536 0.06490384615384616 0.06009615384615385
1 0.9675480769230769 0.7403846153846154 0.06009615384615385 0.057692307692307696
1 0.9783653846153846 0.8269230769230769 0.038461538461538464 0.052884615384615384
1 0.1466346153846154 0.9555288461538461 0.06971153846153846 0.04807692307692308
1 0.1466346153846154 0.7331730769230769 0.055288461538461536 0.04326923076923077
1 0.15745192307692307 0.6911057692307693 0.0625 0.040865384615384616
1 0.15144230769230768 0.4423076923076923 0.08413461538461539 0.05048076923076923
1 0.15745192307692307 0.27524038461538464 0.06971153846153846 0.04567307692307692
1 0.19230769230769232 0.8257211538461539 0.06009615384615385 0.04567307692307692