0 0.13942307692307693 0.8894230769230769 0.057692307692307696 0.08173076923076923
0 0.7487980769230769 0.2980769230769231 0.052884615384615384 0.07932692307692307
0 0.09615384615384616 0.19230769230769232 0.057692307692307696 0.0673076923076923
0 0.6021634615384616 0.3557692307692308 0.05048076923076923 0.0673076923076923
0 0.8112980769230769 0.5120192307692307 0.057692307692307696 0.10096153846153846
0 0.3581730769230769 0.5264423076923077 0.05048076923076923 0.07211538461538461
0 0.6850961538461539 0.6045673076923077 0.057692307692307696 0.07932692307692307
0 0.32091346153846156 0.578125 0.0625 0.08173076923076923
0 0.6875 0.7019230769230769 0.055288461538461536 0.08413461538461539
0 0.3798076923076923 0.8185096153846154 0.052884615384615384 0.07451923076923077
0 0.5913461538461539 0.9399038461538461 0.08653846153846154 0.10576923076923077