0 0.6237980769230769 0.19110576923076922 0.06009615384615385 0.06490384615384616
0 0.296875 0.25240384615384615 0.06490384615384616 0.055288461538461536
0 0.7067307692307693 0.19951923076923078 0.05048076923076923 0.052884615384615384
0 0.7680288461538461 0.21394230769230768 0.052884615384615384 0.05048076923076923
0 0.8305288461538461 0.22716346153846154 0.04326923076923077 0.0625
0 0.9134615384615384 0.2536057692307692 0.040865384615384616 0.04567307692307692
0 0.24759615384615385 0.3641826923076923 0.04807692307692308 0.06009615384615385
0 0.8930288461538461 0.3112980769230769 0.04807692307692308 0.04326923076923077
0 0.4735576923076923 0.38461538461538464 0.06971153846153846 0.06009615384615385
0 0.8497596153846154 0.34975961538461536 0.040865384615384616 0.04326923076923077
0 0.8774038461538461 0.35336538461538464 0.040865384615384616 0.028846153846153848
0 0.6189903846153846 0.4026442307692308 0.03365384615384615 0.04326923076923077
0 0.6634615384615384 0.41466346153846156 0.03365384615384615 0.052884615384615384
0 0.6875 0.42788461538461536 0.040865384615384616 0.038461538461538464
0 0.8317307692307693 0.4110576923076923 0.038461538461538464 0.036057692307692304
0 0.23317307692307693 0.5024038461538461 0.04807692307692308 0.04807692307692308
0 0.7319711538461539 0.4579326923076923 0.04567307692307692 0.038461538461538464
0 0.27524038461538464 0.5348557692307693 0.052884615384615384 0.052884615384615384
0 0.6947115384615384 0.4987980769230769 0.04326923076923077 0.04807692307692308
0 0.09014423076923077 0.5973557692307693 0.06009615384615385 0.055288461538461536
0 0.6490384615384616 0.5432692307692307 0.04326923076923077 0.040865384615384616
0 0.8064903846153846 0.5216346153846154 0.040865384615384616 0.04807692307692308
0 0.5348557692307693 0.5673076923076923 0.055288461538461536 0.04567307692307692
0 0.6057692307692307 0.5576923076923077 0.040865384615384616 0.04326923076923077
0 0.5961538461538461 0.5913461538461539 0.038461538461538464 0.038461538461538464
0 0.11658653846153846 0.6706730769230769 0.06009615384615385 0.055288461538461536
0 0.5444711538461539 0.6286057692307693 0.04567307692307692 0.04326923076923077
0 0.4675480769230769 0.640625 0.052884615384615384 0.04807692307692308
0 0.7115384615384616 0.6478365384615384 0.04326923076923077 0.04807692307692308
0 0.4735576923076923 0.6947115384615384 0.040865384615384616 0.04326923076923077
0 0.7403846153846154 0.6850961538461539 0.038461538461538464 0.040865384615384616
0 0.9170673076923077 0.6802884615384616 0.04807692307692308 0.040865384615384616
0 0.3713942307692308 0.7896634615384616 0.038461538461538464 0.04326923076923077
0 0.39663461538461536 0.7992788461538461 0.03125 0.057692307692307696
0 0.84375 0.8137019230769231 0.052884615384615384 0.040865384615384616
0 0.8377403846153846 0.8413461538461539 0.05048076923076923 0.040865384615384616
0 0.9507211538461539 0.8509615384615384 0.04326923076923077 0.05048076923076923
0 0.8377403846153846 0.9290865384615384 0.04807692307692308 0.05048076923076923
0 0.9483173076923077 0.9242788461538461 0.04807692307692308 0.038461538461538464