0 0.8377403846153846 0.9627403846153846 0.0673076923076923 0.057692307692307696
0 0.2800480769230769 0.20432692307692307 0.057692307692307696 0.040865384615384616
0 0.30528846153846156 0.3389423076923077 0.052884615384615384 0.04567307692307692
0 0.46875 0.14182692307692307 0.08413461538461539 0.06009615384615385
0 0.5072115384615384 0.2764423076923077 0.06971153846153846 0.052884615384615384
0 0.44350961538461536 0.5817307692307693 0.06490384615384616 0.05048076923076923
0 0.5108173076923077 0.6526442307692307 0.06490384615384616 0.05048076923076923
0 0.6490384615384616 0.3004807692307692 0.0625 0.055288461538461536
0 0.5865384615384616 0.5060096153846154 0.06490384615384616 0.05048076923076923
0 0.7067307692307693 0.5745192307692307 0.0673076923076923 0.052884615384615384
0 0.8882211538461539 0.41346153846153844 0.10096153846153846 0.06971153846153846
0 0.8161057692307693 0.8425480769230769 0.06971153846153846 0.06009615384615385