1 0.8305288461538461 0.20192307692307693 0.06009615384615385 0.055288461538461536
1 0.7175480769230769 0.7175480769230769 0.07211538461538461 0.057692307692307696
1 0.6887019230769231 0.8581730769230769 0.052884615384615384 0.04807692307692308
1 0.7908653846153846 0.056490384615384616 0.08173076923076923 0.05048076923076923
1 0.96875 0.5024038461538461 0.057692307692307696 0.052884615384615384
1 0.6826923076923077 0.3125 0.06490384615384616 0.05048076923076923
1 0.6057692307692307 0.8485576923076923 0.06009615384615385 0.052884615384615384
1 0.6141826923076923 0.5048076923076923 0.07692307692307693 0.052884615384615384
1 0.6322115384615384 0.1466346153846154 0.07451923076923077 0.06490384615384616
1 0.609375 0.1045673076923077 0.06009615384615385 0.04326923076923077
1 0.5012019230769231 0.84375 0.0673076923076923 0.06971153846153846
1 0.5300480769230769 0.5300480769230769 0.0673076923076923 0.055288461538461536
1 0.47716346153846156 0.3449519230769231 0.07451923076923077 0.057692307692307696
1 0.4639423076923077 0.28725961538461536 0.04807692307692308 0.04326923076923077
1 0.36658653846153844 0.7475961538461539 0.08173076923076923 0.0625
1 0.35336538461538464 0.5588942307692307 0.052884615384615384 0.04807692307692308
1 0.40625 0.16105769230769232 0.07692307692307693 0.052884615384615384
1 0.39302884615384615 0.24879807692307693 0.052884615384615384 0.04326923076923077
1 0.31971153846153844 0.5637019230769231 0.04807692307692308 0.038461538461538464
1 0.3545673076923077 0.0889423076923077 0.06490384615384616 0.05048076923076923
1 0.3173076923076923 0.021634615384615384 0.0625 0.04326923076923077
1 0.22355769230769232 0.5336538461538461 0.07692307692307693 0.057692307692307696
1 0.17908653846153846 0.5745192307692307 0.06490384615384616 0.04567307692307692
1 0.12620192307692307 0.78125 0.052884615384615384 0.04567307692307692
1 0.23677884615384615 0.013221153846153846 0.07451923076923077 0.026442307692307692
1 0.10096153846153846 0.8161057692307693 0.04807692307692308 0.038461538461538464
1 0.12259615384615384 0.5516826923076923 0.052884615384615384 0.05048076923076923
1 0.04447115384615385 0.8016826923076923 0.06009615384615385 0.04567307692307692
1 0.04326923076923077 0.7487980769230769 0.04807692307692308 0.038461538461538464
1 0.021634615384615384 0.8798076923076923 0.04326923076923077 0.052884615384615384
1 0.07932692307692307 0.17668269230769232 0.0673076923076923 0.05048076923076923
1 0.07692307692307693 0.09134615384615384 0.05048076923076923 0.052884615384615384
1 0.9387019230769231 0.11177884615384616 0.08173076923076923 0.057692307692307696
1 0.8858173076923077 0.3317307692307692 0.057692307692307696 0.05048076923076923
1 0.8701923076923077 0.3713942307692308 0.06971153846153846 0.052884615384615384
1 0.8269230769230769 0.6225961538461539 0.08653846153846154 0.055288461538461536
1 0.8004807692307693 0.7824519230769231 0.0673076923076923 0.04567307692307692
1 0.8497596153846154 0.2283653846153846 0.055288461538461536 0.04567307692307692