1 0.09735576923076923 0.7091346153846154 0.052884615384615384 0.052884615384615384
1 0.5132211538461539 0.8161057692307693 0.052884615384615384 0.0625
1 0.7692307692307693 0.8713942307692307 0.06009615384615385 0.057692307692307696
1 0.47716346153846156 0.7776442307692307 0.04807692307692308 0.0625
1 0.6983173076923077 0.8004807692307693 0.06009615384615385 0.06009615384615385
1 0.8257211538461539 0.8317307692307693 0.055288461538461536 0.057692307692307696
1 0.9014423076923077 0.8305288461538461 0.055288461538461536 0.057692307692307696
1 0.75 0.7740384615384616 0.057692307692307696 0.057692307692307696
1 0.5216346153846154 0.6971153846153846 0.052884615384615384 0.055288461538461536
1 0.6237980769230769 0.6971153846153846 0.06490384615384616 0.06971153846153846
1 0.09254807692307693 0.5276442307692307 0.06009615384615385 0.057692307692307696
1 0.19831730769230768 0.5060096153846154 0.052884615384615384 0.057692307692307696
1 0.10697115384615384 0.4567307692307692 0.057692307692307696 0.057692307692307696
1 0.1658653846153846 0.4651442307692308 0.057692307692307696 0.052884615384615384
1 0.14543269230769232 0.8725961538461539 0.06009615384615385 0.052884615384615384
1 0.7439903846153846 0.5625 0.057692307692307696 0.0673076923076923
1 0.19831730769230768 0.4074519230769231 0.06490384615384616 0.06490384615384616
1 0.8449519230769231 0.5673076923076923 0.06009615384615385 0.0625
1 0.5168269230769231 0.47836538461538464 0.06490384615384616 0.06490384615384616
1 0.9002403846153846 0.5661057692307693 0.0625 0.07211538461538461
1 0.7692307692307693 0.5096153846153846 0.0625 0.06009615384615385
1 0.5036057692307693 0.42908653846153844 0.06009615384615385 0.0625
1 0.19951923076923078 0.33533653846153844 0.07211538461538461 0.07211538461538461
1 0.6418269230769231 0.44711538461538464 0.0673076923076923 0.07211538461538461
1 0.9615384615384616 0.5168269230769231 0.0673076923076923 0.06490384615384616
1 0.5564903846153846 0.38100961538461536 0.0673076923076923 0.06490384615384616
1 0.8209134615384616 0.45072115384615385 0.0625 0.06490384615384616
1 0.37740384615384615 0.32211538461538464 0.057692307692307696 0.0625
1 0.4266826923076923 0.3173076923076923 0.06490384615384616 0.06490384615384616
1 0.9699519230769231 0.43028846153846156 0.055288461538461536 0.0673076923076923
1 0.9086538461538461 0.3942307692307692 0.0673076923076923 0.06490384615384616
1 0.3112980769230769 0.19230769230769232 0.055288461538461536 0.057692307692307696
1 0.6189903846153846 0.9639423076923077 0.06971153846153846 0.0673076923076923
1 0.7536057692307693 0.27524038461538464 0.055288461538461536 0.057692307692307696
1 0.2608173076923077 0.14182692307692307 0.06490384615384616 0.06490384615384616
1 0.9855769230769231 0.3112980769230769 0.02403846153846154 0.055288461538461536
1 0.9146634615384616 0.27163461538461536 0.05048076923076923 0.06009615384615385
1 0.46274038461538464 0.14903846153846154 0.057692307692307696 0.057692307692307696
1 0.5192307692307693 0.14543269230769232 0.052884615384615384 0.06009615384615385
1 0.7740384615384616 0.2127403846153846 0.052884615384615384 0.052884615384615384
1 0.8725961538461539 0.234375 0.05048076923076923 0.052884615384615384
1 0.20072115384615385 0.040865384615384616 0.03365384615384615 0.038461538461538464
1 0.21754807692307693 0.028846153846153848 0.028846153846153848 0.03365384615384615
1 0.48197115384615385 0.0985576923076923 0.057692307692307696 0.057692307692307696
1 0.6826923076923077 0.14302884615384615 0.057692307692307696 0.052884615384615384
1 0.5372596153846154 0.09134615384615384 0.057692307692307696 0.055288461538461536
1 0.7079326923076923 0.9747596153846154 0.055288461538461536 0.04567307692307692
1 0.9723557692307693 0.16466346153846154 0.05048076923076923 0.055288461538461536
1 0.8653846153846154 0.09615384615384616 0.04807692307692308 0.038461538461538464
1 0.8004807692307693 0.9795673076923077 0.0625 0.036057692307692304
1 0.07932692307692307 0.7980769230769231 0.052884615384615384 0.05048076923076923