1 0.09495192307692307 0.8377403846153846 0.06490384615384616 0.07451923076923077
1 0.6370192307692307 0.9723557692307693 0.09134615384615384 0.05048076923076923
1 0.7884615384615384 0.5504807692307693 0.0889423076923077 0.09375
1 0.0733173076923077 0.4254807692307692 0.08653846153846154 0.07932692307692307
1 0.20192307692307693 0.39783653846153844 0.08413461538461539 0.08173076923076923
1 0.8004807692307693 0.40384615384615385 0.06971153846153846 0.08413461538461539
1 0.08653846153846154 0.30649038461538464 0.07692307692307693 0.07932692307692307
1 0.5637019230769231 0.30288461538461536 0.08413461538461539 0.08653846153846154
1 0.21153846153846154 0.2692307692307692 0.07692307692307693 0.07451923076923077
1 0.9387019230769231 0.07932692307692307 0.07932692307692307 0.0889423076923077
1 0.4098557692307692 0.8954326923076923 0.08173076923076923 0.0673076923076923