1 0.051682692307692304 0.7788461538461539 0.07451923076923077 0.08413461538461539
1 0.5685096153846154 0.9759615384615384 0.0985576923076923 0.04326923076923077
1 0.7788461538461539 0.5901442307692307 0.10096153846153846 0.10336538461538461
1 0.08774038461538461 0.36658653846153844 0.09615384615384616 0.0889423076923077
1 0.21995192307692307 0.35697115384615385 0.09375 0.09134615384615384
1 0.8112980769230769 0.44711538461538464 0.07932692307692307 0.09375
1 0.11778846153846154 0.2512019230769231 0.08653846153846154 0.08653846153846154
1 0.5901442307692307 0.3137019230769231 0.09375 0.09615384615384616
1 0.24639423076923078 0.23076923076923078 0.08413461538461539 0.08173076923076923
1 0.9723557692307693 0.1466346153846154 0.05048076923076923 0.10096153846153846
1 0.3557692307692308 0.8786057692307693 0.09134615384615384 0.07692307692307693