1 0.14423076923076922 0.4375 0.04807692307692308 0.040865384615384616
1 0.18269230769230768 0.1658653846153846 0.03365384615384615 0.040865384615384616
1 0.13822115384615385 0.609375 0.052884615384615384 0.04326923076923077
1 0.13822115384615385 0.640625 0.04807692307692308 0.040865384615384616
1 0.20072115384615385 0.16826923076923078 0.03365384615384615 0.036057692307692304
1 0.140625 0.7415865384615384 0.055288461538461536 0.052884615384615384
1 0.23317307692307693 0.026442307692307692 0.04326923076923077 0.04326923076923077
1 0.18269230769230768 0.45913461538461536 0.05048076923076923 0.038461538461538464
1 0.21995192307692307 0.4182692307692308 0.057692307692307696 0.05048076923076923
1 0.16706730769230768 0.8533653846153846 0.052884615384615384 0.04807692307692308
1 0.027644230769230768 0.44471153846153844 0.05048076923076923 0.04807692307692308
1 0.24158653846153846 0.5108173076923077 0.04807692307692308 0.055288461538461536
1 0.24639423076923078 0.5805288461538461 0.03365384615384615 0.036057692307692304
1 0.2932692307692308 0.27403846153846156 0.04567307692307692 0.04567307692307692
1 0.3004807692307692 0.234375 0.05048076923076923 0.04807692307692308
1 0.2692307692307692 0.5865384615384616 0.03125 0.03125
1 0.32211538461538464 0.27884615384615385 0.04567307692307692 0.038461538461538464
1 0.265625 0.7391826923076923 0.07211538461538461 0.05048076923076923
1 0.33653846153846156 0.1814903846153846 0.052884615384615384 0.052884615384615384
1 0.36899038461538464 0.028846153846153848 0.06009615384615385 0.057692307692307696
1 0.2692307692307692 0.8461538461538461 0.05048076923076923 0.06009615384615385
1 0.25961538461538464 0.9350961538461539 0.04807692307692308 0.052884615384615384
1 0.42427884615384615 0.042067307692307696 0.057692307692307696 0.052884615384615384
1 0.3245192307692308 0.8822115384615384 0.04567307692307692 0.04807692307692308
1 0.36538461538461536 0.765625 0.052884615384615384 0.04807692307692308
1 0.35697115384615385 0.875 0.04326923076923077 0.040865384615384616
1 0.4387019230769231 0.3918269230769231 0.06009615384615385 0.06009615384615385
1 0.3870192307692308 0.8317307692307693 0.055288461538461536 0.04807692307692308
1 0.39903846153846156 0.8004807692307693 0.03365384615384615 0.036057692307692304
1 0.4807692307692308 0.19831730769230768 0.04567307692307692 0.04567307692307692
1 0.421875 0.7247596153846154 0.04807692307692308 0.04807692307692308
1 0.4230769230769231 0.7884615384615384 0.038461538461538464 0.038461538461538464
1 0.4795673076923077 0.33774038461538464 0.05048076923076923 0.04326923076923077
1 0.5216346153846154 0.018028846153846152 0.057692307692307696 0.036057692307692304
1 0.41947115384615385 0.8533653846153846 0.04807692307692308 0.052884615384615384
1 0.5012019230769231 0.22235576923076922 0.04807692307692308 0.04326923076923077
1 0.46875 0.9182692307692307 0.04807692307692308 0.04807692307692308
1 0.5480769230769231 0.3473557692307692 0.04807692307692308 0.04807692307692308
1 0.5180288461538461 0.6394230769230769 0.0673076923076923 0.05048076923076923
1 0.5024038461538461 0.8209134615384616 0.055288461538461536 0.04326923076923077
1 0.578125 0.24158653846153846 0.052884615384615384 0.04807692307692308
1 0.5384615384615384 0.609375 0.0625 0.04807692307692308
1 0.625 0.054086538461538464 0.057692307692307696 0.055288461538461536
1 0.5420673076923077 0.7692307692307693 0.05048076923076923 0.04326923076923077
1 0.5336538461538461 0.8545673076923077 0.04807692307692308 0.052884615384615384
1 0.5456730769230769 0.9050480769230769 0.04567307692307692 0.055288461538461536
1 0.5697115384615384 0.796875 0.052884615384615384 0.04326923076923077
1 0.5973557692307693 0.6322115384615384 0.057692307692307696 0.055288461538461536
1 0.6526442307692307 0.234375 0.052884615384615384 0.04807692307692308
1 0.5685096153846154 0.9747596153846154 0.06971153846153846 0.04567307692307692
1 0.6742788461538461 0.1045673076923077 0.04807692307692308 0.04326923076923077
1 0.6081730769230769 0.7055288461538461 0.057692307692307696 0.04807692307692308
1 0.6850961538461539 0.13942307692307693 0.055288461538461536 0.05048076923076923
1 0.6754807692307693 0.32211538461538464 0.04326923076923077 0.05048076923076923
1 0.6189903846153846 0.953125 0.052884615384615384 0.04807692307692308
1 0.6959134615384616 0.3942307692307692 0.038461538461538464 0.038461538461538464
1 0.7211538461538461 0.32572115384615385 0.038461538461538464 0.04326923076923077
1 0.7199519230769231 0.36658653846153844 0.03365384615384615 0.036057692307692304
1 0.6502403846153846 0.9795673076923077 0.055288461538461536 0.036057692307692304
1 0.7524038461538461 0.19110576923076922 0.04807692307692308 0.04807692307692308
1 0.7127403846153846 0.7740384615384616 0.055288461538461536 0.04807692307692308
1 0.765625 0.3858173076923077 0.04807692307692308 0.04326923076923077
1 0.8016826923076923 0.11778846153846154 0.04326923076923077 0.038461538461538464
1 0.7415865384615384 0.609375 0.05048076923076923 0.04807692307692308
1 0.7175480769230769 0.8449519230769231 0.055288461538461536 0.05048076923076923
1 0.7259615384615384 0.8858173076923077 0.05048076923076923 0.040865384615384616
1 0.71875 0.9723557692307693 0.0625 0.05048076923076923
1 0.8257211538461539 0.13701923076923078 0.03365384615384615 0.04326923076923077
1 0.7475961538461539 0.7824519230769231 0.04807692307692308 0.052884615384615384
1 0.7776442307692307 0.5961538461538461 0.05048076923076923 0.0625
1 0.8161057692307693 0.3762019230769231 0.06009615384615385 0.06490384615384616
1 0.7824519230769231 0.6899038461538461 0.057692307692307696 0.055288461538461536
1 0.051682692307692304 0.7079326923076923 0.055288461538461536 0.05048076923076923
1 0.7632211538461539 0.9182692307692307 0.04807692307692308 0.04326923076923077
1 0.8569711538461539 0.23557692307692307 0.038461538461538464 0.038461538461538464
1 0.8173076923076923 0.6274038461538461 0.05048076923076923 0.057692307692307696
1 0.7956730769230769 0.8125 0.055288461538461536 0.06490384615384616
1 0.8401442307692307 0.5 0.05048076923076923 0.04567307692307692
1 0.875 0.25961538461538464 0.04807692307692308 0.04326923076923077
1 0.8461538461538461 0.5324519230769231 0.04807692307692308 0.04807692307692308
1 0.12620192307692307 0.15144230769230768 0.04807692307692308 0.04326923076923077
1 0.8233173076923077 0.9158653846153846 0.057692307692307696 0.04807692307692308
1 0.1045673076923077 0.33533653846153844 0.052884615384615384 0.052884615384615384
1 0.8425480769230769 0.8689903846153846 0.057692307692307696 0.055288461538461536
1 0.12620192307692307 0.1814903846153846 0.04567307692307692 0.038461538461538464
1 0.9411057692307693 0.10697115384615384 0.052884615384615384 0.04567307692307692
1 0.9230769230769231 0.4387019230769231 0.052884615384615384 0.04567307692307692
1 0.9783653846153846 0.08413461538461539 0.038461538461538464 0.04807692307692308
1 0.9519230769230769 0.39903846153846156 0.05048076923076923 0.057692307692307696
1 0.9098557692307693 0.7536057692307693 0.055288461538461536 0.05048076923076923
1 0.9831730769230769 0.15865384615384615 0.028846153846153848 0.057692307692307696
1 0.9074519230769231 0.921875 0.04807692307692308 0.04326923076923077
1 0.9278846153846154 0.8665865384615384 0.05048076923076923 0.04326923076923077
1 0.04567307692307692 0.8918269230769231 0.04807692307692308 0.04807692307692308
1 0.9699519230769231 0.5384615384615384 0.057692307692307696 0.052884615384615384
1 0.9507211538461539 0.7584134615384616 0.04326923076923077 0.05048076923076923
1 0.9411057692307693 0.8269230769230769 0.04567307692307692 0.04567307692307692
1 0.9711538461538461 0.5817307692307693 0.04567307692307692 0.04807692307692308
1 0.11538461538461539 0.37740384615384615 0.05048076923076923 0.052884615384615384
1 0.055288461538461536 0.9338942307692307 0.057692307692307696 0.03365384615384615
1 0.12740384615384615 0.41346153846153844 0.04567307692307692 0.04807692307692308
1 0.0829326923076923 0.8064903846153846 0.04807692307692308 0.04567307692307692
1 0.15865384615384615 0.30408653846153844 0.04807692307692308 0.04807692307692308