1 0.6586538461538461 0.17548076923076922 0.05048076923076923 0.052884615384615384
1 0.9086538461538461 0.28725961538461536 0.04567307692307692 0.040865384615384616
1 0.4951923076923077 0.12139423076923077 0.055288461538461536 0.06009615384615385
1 0.4639423076923077 0.1141826923076923 0.04807692307692308 0.052884615384615384
1 0.9014423076923077 0.30408653846153844 0.04326923076923077 0.040865384615384616
1 0.36658653846153844 0.08774038461538461 0.06490384615384616 0.06490384615384616
1 0.6274038461538461 0.20673076923076922 0.04807692307692308 0.055288461538461536
1 0.65625 0.25240384615384615 0.06009615384615385 0.06490384615384616
1 0.2512019230769231 0.0829326923076923 0.057692307692307696 0.06009615384615385
1 0.6838942307692307 0.06129807692307692 0.057692307692307696 0.06009615384615385
1 0.5612980769230769 0.24879807692307693 0.0625 0.06009615384615385
1 0.49278846153846156 0.234375 0.04326923076923077 0.040865384615384616
1 0.7752403846153846 0.3629807692307692 0.052884615384615384 0.052884615384615384
1 0.8100961538461539 0.38100961538461536 0.057692307692307696 0.06009615384615385
1 0.4807692307692308 0.2536057692307692 0.038461538461538464 0.038461538461538464
1 0.7620192307692307 0.390625 0.04807692307692308 0.05048076923076923
1 0.33533653846153844 0.2091346153846154 0.0673076923076923 0.07932692307692307
1 0.8509615384615384 0.43028846153846156 0.0625 0.0625
1 0.9771634615384616 0.5060096153846154 0.040865384615384616 0.06971153846153846
1 0.23197115384615385 0.18269230769230768 0.0673076923076923 0.0625
1 0.14783653846153846 0.14903846153846154 0.06009615384615385 0.057692307692307696
1 0.9603365384615384 0.5528846153846154 0.0625 0.0673076923076923
1 0.1814903846153846 0.22596153846153846 0.055288461538461536 0.055288461538461536
1 0.28125 0.2980769230769231 0.057692307692307696 0.06009615384615385
1 0.17908653846153846 0.25961538461538464 0.04807692307692308 0.05048076923076923
1 0.6213942307692307 0.4699519230769231 0.06971153846153846 0.06971153846153846
1 0.2127403846153846 0.29927884615384615 0.06009615384615385 0.0625
1 0.23918269230769232 0.31971153846153844 0.04326923076923077 0.040865384615384616
1 0.7944711538461539 0.5649038461538461 0.052884615384615384 0.052884615384615384
1 0.30528846153846156 0.3629807692307692 0.057692307692307696 0.057692307692307696
1 0.2439903846153846 0.3473557692307692 0.04326923076923077 0.04326923076923077
1 0.6610576923076923 0.5252403846153846 0.052884615384615384 0.057692307692307696
1 0.9603365384615384 0.6538461538461539 0.04807692307692308 0.06009615384615385
1 0.18269230769230768 0.3245192307692308 0.06009615384615385 0.057692307692307696
1 0.765625 0.578125 0.052884615384615384 0.055288461538461536
1 0.10576923076923077 0.3545673076923077 0.057692307692307696 0.057692307692307696
1 0.6334134615384616 0.5877403846153846 0.057692307692307696 0.057692307692307696
1 0.36177884615384615 0.4795673076923077 0.06490384615384616 0.07451923076923077
1 0.18990384615384615 0.41466346153846156 0.055288461538461536 0.0625
1 0.7271634615384616 0.6454326923076923 0.057692307692307696 0.06009615384615385
1 0.38461538461538464 0.5072115384615384 0.06009615384615385 0.06971153846153846
1 0.8942307692307693 0.7427884615384616 0.06490384615384616 0.0673076923076923
1 0.22956730769230768 0.46634615384615385 0.052884615384615384 0.057692307692307696
1 0.1502403846153846 0.43509615384615385 0.06009615384615385 0.057692307692307696
1 0.09735576923076923 0.4326923076923077 0.0625 0.057692307692307696
1 0.19591346153846154 0.4855769230769231 0.055288461538461536 0.06009615384615385
1 0.34615384615384615 0.5576923076923077 0.06490384615384616 0.0673076923076923
1 0.7139423076923077 0.7199519230769231 0.057692307692307696 0.06009615384615385
1 0.027644230769230768 0.4326923076923077 0.055288461538461536 0.07692307692307693
1 0.8317307692307693 0.7764423076923077 0.052884615384615384 0.055288461538461536
1 0.27283653846153844 0.546875 0.057692307692307696 0.06490384615384616
1 0.7956730769230769 0.7764423076923077 0.0625 0.06490384615384616
1 0.6225961538461539 0.7175480769230769 0.057692307692307696 0.052884615384615384
1 0.03245192307692308 0.4891826923076923 0.057692307692307696 0.06009615384615385
1 0.546875 0.7175480769230769 0.04326923076923077 0.04326923076923077
1 0.6057692307692307 0.7608173076923077 0.04807692307692308 0.04567307692307692
1 0.5673076923076923 0.7475961538461539 0.04326923076923077 0.040865384615384616
1 0.01201923076923077 0.5096153846153846 0.02403846153846154 0.0625
1 0.7283653846153846 0.828125 0.057692307692307696 0.057692307692307696
1 0.1778846153846154 0.6286057692307693 0.06009615384615385 0.0625
1 0.5360576923076923 0.7872596153846154 0.052884615384615384 0.055288461538461536
1 0.7836538461538461 0.8942307692307693 0.04567307692307692 0.04807692307692308
1 0.328125 0.7019230769230769 0.057692307692307696 0.06009615384615385
1 0.10817307692307693 0.6141826923076923 0.0625 0.06490384615384616
1 0.06610576923076923 0.6105769230769231 0.05048076923076923 0.055288461538461536
1 0.008413461538461538 0.578125 0.016826923076923076 0.07451923076923077
1 0.7596153846153846 0.9134615384615384 0.04807692307692308 0.04326923076923077
1 0.15985576923076922 0.6598557692307693 0.06009615384615385 0.057692307692307696
1 0.3317307692307692 0.7403846153846154 0.06971153846153846 0.0625
1 0.53125 0.8389423076923077 0.07451923076923077 0.07211538461538461
1 0.2403846153846154 0.71875 0.06490384615384616 0.0673076923076923
1 0.42427884615384615 0.02283653846153846 0.06490384615384616 0.04567307692307692
1 0.026442307692307692 0.6394230769230769 0.052884615384615384 0.057692307692307696
1 0.65625 0.9158653846153846 0.04326923076923077 0.04326923076923077
1 0.28966346153846156 0.7704326923076923 0.06490384615384616 0.06009615384615385
1 0.11778846153846154 0.6983173076923077 0.07451923076923077 0.0673076923076923
1 0.40625 0.8269230769230769 0.055288461538461536 0.057692307692307696
1 0.6274038461538461 0.9266826923076923 0.052884615384615384 0.055288461538461536
1 0.37259615384615385 0.8233173076923077 0.057692307692307696 0.057692307692307696
1 0.9387019230769231 0.23677884615384615 0.052884615384615384 0.055288461538461536
1 0.020432692307692308 0.6971153846153846 0.040865384615384616 0.0673076923076923
1 0.7668269230769231 0.1658653846153846 0.0625 0.0625
1 0.05048076923076923 0.7271634615384616 0.06490384615384616 0.0673076923076923
1 0.9086538461538461 0.2283653846153846 0.04807692307692308 0.05048076923076923
1 0.4423076923076923 0.9230769230769231 0.055288461538461536 0.06009615384615385
1 0.4723557692307692 0.9627403846153846 0.06490384615384616 0.06009615384615385
1 0.14302884615384615 0.8233173076923077 0.06490384615384616 0.06490384615384616
1 0.030048076923076924 0.8100961538461539 0.052884615384615384 0.057692307692307696
1 0.33413461538461536 0.9411057692307693 0.0625 0.0673076923076923
1 0.12740384615384615 0.8617788461538461 0.057692307692307696 0.052884615384615384
1 0.06490384615384616 0.8341346153846154 0.052884615384615384 0.052884615384615384
1 0.2932692307692308 0.9302884615384616 0.055288461538461536 0.055288461538461536
1 0.7235576923076923 0.16346153846153846 0.0625 0.06009615384615385
1 0.6862980769230769 0.16466346153846154 0.055288461538461536 0.055288461538461536
1 0.32091346153846156 0.02283653846153846 0.06009615384615385 0.04567307692307692
1 0.7824519230769231 0.22596153846153846 0.057692307692307696 0.057692307692307696