1 0.12139423076923077 0.4963942307692308 0.10817307692307693 0.11057692307692307
1 0.0985576923076923 0.8509615384615384 0.10096153846153846 0.08173076923076923
1 0.25 0.5504807692307693 0.09375 0.0985576923076923
1 0.4699519230769231 0.025240384615384616 0.0985576923076923 0.05048076923076923
1 0.19591346153846154 0.7752403846153846 0.1201923076923077 0.11057692307692307
1 0.4362980769230769 0.3641826923076923 0.09375 0.0985576923076923
1 0.5865384615384616 0.04447115384615385 0.09134615384615384 0.0889423076923077
1 0.5180288461538461 0.7920673076923077 0.09615384615384616 0.09615384615384616
1 0.6526442307692307 0.6850961538461539 0.10336538461538461 0.11298076923076923
1 0.8221153846153846 0.25 0.10336538461538461 0.0985576923076923
1 0.7932692307692307 0.9639423076923077 0.1201923076923077 0.0673076923076923