1 0.8701923076923077 0.2644230769230769 0.052884615384615384 0.055288461538461536
1 0.8305288461538461 0.7956730769230769 0.04807692307692308 0.038461538461538464
1 0.9579326923076923 0.8605769230769231 0.036057692307692304 0.0625
1 0.8389423076923077 0.6237980769230769 0.04326923076923077 0.04567307692307692
1 0.828125 0.765625 0.04567307692307692 0.040865384615384616
1 0.8689903846153846 0.09375 0.055288461538461536 0.055288461538461536
1 0.7980769230769231 0.9939903846153846 0.057692307692307696 0.007211538461538462
1 0.8257211538461539 0.5805288461538461 0.04567307692307692 0.040865384615384616
1 0.8209134615384616 0.5492788461538461 0.04326923076923077 0.036057692307692304
1 0.8509615384615384 0.046875 0.05048076923076923 0.05048076923076923
1 0.8365384615384616 0.17548076923076922 0.05048076923076923 0.055288461538461536
1 0.7884615384615384 0.6514423076923077 0.04567307692307692 0.04326923076923077
1 0.7956730769230769 0.5264423076923077 0.036057692307692304 0.040865384615384616
1 0.7764423076923077 0.7824519230769231 0.03125 0.04567307692307692
1 0.9867788461538461 0.18629807692307693 0.021634615384615384 0.06971153846153846
1 0.7908653846153846 0.3629807692307692 0.040865384615384616 0.04326923076923077
1 0.7908653846153846 0.33653846153846156 0.036057692307692304 0.036057692307692304
1 0.7512019230769231 0.7836538461538461 0.036057692307692304 0.040865384615384616
1 0.7355769230769231 0.9867788461538461 0.052884615384615384 0.021634615384615384
1 0.78125 0.24158653846153846 0.04567307692307692 0.052884615384615384
1 0.7608173076923077 0.5060096153846154 0.04326923076923077 0.040865384615384616
1 0.7307692307692307 0.9194711538461539 0.052884615384615384 0.055288461538461536
1 0.7283653846153846 0.5456730769230769 0.05048076923076923 0.05048076923076923
1 0.7512019230769231 0.13822115384615385 0.04807692307692308 0.057692307692307696
1 0.9543269230769231 0.7512019230769231 0.04807692307692308 0.057692307692307696
1 0.7019230769230769 0.46274038461538464 0.04326923076923077 0.04807692307692308
1 0.6971153846153846 0.39783653846153844 0.038461538461538464 0.038461538461538464
1 0.6670673076923077 0.6875 0.04567307692307692 0.036057692307692304
1 0.6586538461538461 0.7259615384615384 0.04326923076923077 0.05048076923076923
1 0.7043269230769231 0.036057692307692304 0.052884615384615384 0.04807692307692308
1 0.671875 0.38822115384615385 0.028846153846153848 0.04326923076923077
1 0.9603365384615384 0.5793269230769231 0.05048076923076923 0.057692307692307696
1 0.6682692307692307 0.24519230769230768 0.052884615384615384 0.04807692307692308
1 0.6274038461538461 0.7776442307692307 0.04326923076923077 0.052884615384615384
1 0.6322115384615384 0.6802884615384616 0.04567307692307692 0.04567307692307692
1 0.6057692307692307 0.9278846153846154 0.05048076923076923 0.052884615384615384
1 0.6598557692307693 0.14783653846153846 0.052884615384615384 0.06009615384615385
1 0.6586538461538461 0.06129807692307692 0.05048076923076923 0.055288461538461536
1 0.9663461538461539 0.46274038461538464 0.038461538461538464 0.055288461538461536
1 0.5576923076923077 0.9122596153846154 0.04567307692307692 0.040865384615384616
1 0.6021634615384616 0.11177884615384616 0.04326923076923077 0.040865384615384616
1 0.5709134615384616 0.23076923076923078 0.040865384615384616 0.05048076923076923
1 0.5721153846153846 0.12139423076923077 0.040865384615384616 0.04807692307692308
1 0.5180288461538461 0.5805288461538461 0.055288461538461536 0.04567307692307692
1 0.5480769230769231 0.1622596153846154 0.04567307692307692 0.04807692307692308
1 0.5252403846153846 0.2668269230769231 0.04567307692307692 0.04807692307692308
1 0.4879807692307692 0.7668269230769231 0.040865384615384616 0.036057692307692304
1 0.46274038461538464 0.9519230769230769 0.055288461538461536 0.05048076923076923
1 0.515625 0.1466346153846154 0.04567307692307692 0.052884615384615384
1 0.47716346153846156 0.6382211538461539 0.057692307692307696 0.06009615384615385
1 0.9735576923076923 0.04567307692307692 0.04807692307692308 0.03365384615384615
1 0.4675480769230769 0.7475961538461539 0.040865384615384616 0.03125
1 0.46274038461538464 0.0889423076923077 0.040865384615384616 0.04326923076923077
1 0.4206730769230769 0.6322115384615384 0.06490384615384616 0.055288461538461536
1 0.4362980769230769 0.3545673076923077 0.055288461538461536 0.038461538461538464
1 0.4375 0.1814903846153846 0.04807692307692308 0.04567307692307692
1 0.39903846153846156 0.7319711538461539 0.040865384615384616 0.036057692307692304
1 0.41947115384615385 0.38461538461538464 0.055288461538461536 0.04326923076923077
1 0.359375 0.9110576923076923 0.04807692307692308 0.04326923076923077
1 0.4050480769230769 0.23798076923076922 0.04807692307692308 0.04326923076923077
1 0.40625 0.1502403846153846 0.052884615384615384 0.040865384615384616
1 0.3918269230769231 0.10336538461538461 0.04567307692307692 0.04326923076923077
1 0.3798076923076923 0.203125 0.055288461538461536 0.04807692307692308
1 0.3629807692307692 0.36658653846153844 0.055288461538461536 0.04326923076923077
1 0.32572115384615385 0.7415865384615384 0.040865384615384616 0.055288461538461536
1 0.37259615384615385 0.038461538461538464 0.04567307692307692 0.04326923076923077
1 0.3125 0.8605769230769231 0.04567307692307692 0.04567307692307692
1 0.3473557692307692 0.29927884615384615 0.055288461538461536 0.040865384615384616
1 0.2956730769230769 0.8341346153846154 0.05048076923076923 0.06009615384615385
1 0.3016826923076923 0.6598557692307693 0.04567307692307692 0.04567307692307692
1 0.34375 0.007211538461538462 0.052884615384615384 0.014423076923076924
1 0.25961538461538464 0.9519230769230769 0.0625 0.052884615384615384
1 0.3161057692307692 0.06490384615384616 0.04567307692307692 0.04567307692307692
1 0.2764423076923077 0.5913461538461539 0.04567307692307692 0.038461538461538464
1 0.25600961538461536 0.65625 0.04567307692307692 0.04567307692307692
1 0.25600961538461536 0.6177884615384616 0.04326923076923077 0.036057692307692304
1 0.23677884615384615 0.7908653846153846 0.04567307692307692 0.04326923076923077
1 0.2848557692307692 0.038461538461538464 0.04567307692307692 0.038461538461538464
1 0.90625 0.7932692307692307 0.05048076923076923 0.05048076923076923
1 0.24278846153846154 0.23798076923076922 0.04567307692307692 0.040865384615384616
1 0.2127403846153846 0.6069711538461539 0.04567307692307692 0.04326923076923077
1 0.1935096153846154 0.859375 0.040865384615384616 0.040865384615384616
1 0.22115384615384615 0.39663461538461536 0.036057692307692304 0.036057692307692304
1 0.23557692307692307 0.16706730769230768 0.052884615384615384 0.04807692307692308
1 0.2247596153846154 0.13581730769230768 0.04567307692307692 0.036057692307692304
1 0.22596153846153846 0.04927884615384615 0.06490384615384616 0.057692307692307696
1 0.16826923076923078 0.8473557692307693 0.040865384615384616 0.05048076923076923
1 0.20673076923076922 0.22956730769230768 0.04807692307692308 0.05048076923076923
1 0.18870192307692307 0.40625 0.04326923076923077 0.05048076923076923
1 0.8846153846153846 0.9759615384615384 0.057692307692307696 0.04326923076923077
1 0.16947115384615385 0.6141826923076923 0.04567307692307692 0.052884615384615384
1 0.18028846153846154 0.3173076923076923 0.06009615384615385 0.052884615384615384
1 0.18629807692307693 0.10096153846153846 0.04567307692307692 0.040865384615384616
1 0.1346153846153846 0.7548076923076923 0.036057692307692304 0.04807692307692308
1 0.15264423076923078 0.3798076923076923 0.04567307692307692 0.04567307692307692
1 0.16466346153846154 0.19951923076923078 0.04807692307692308 0.04567307692307692
1 0.13341346153846154 0.5048076923076923 0.04567307692307692 0.05048076923076923
1 0.1141826923076923 0.7271634615384616 0.04326923076923077 0.04326923076923077
1 0.12980769230769232 0.4675480769230769 0.040865384615384616 0.036057692307692304
1 0.13221153846153846 0.10817307692307693 0.052884615384615384 0.040865384615384616
1 0.12139423076923077 0.1502403846153846 0.05048076923076923 0.04326923076923077
1 0.06370192307692307 0.8774038461538461 0.055288461538461536 0.04567307692307692
1 0.06129807692307692 0.5600961538461539 0.04807692307692308 0.04567307692307692
1 0.9050480769230769 0.5108173076923077 0.057692307692307696 0.06009615384615385
1 0.0625 0.2668269230769231 0.055288461538461536 0.05048076923076923
1 0.037259615384615384 0.5997596153846154 0.05048076923076923 0.055288461538461536
1 0.016826923076923076 0.8990384615384616 0.03365384615384615 0.052884615384615384
1 0.015625 0.8317307692307693 0.03125 0.057692307692307696
1 0.014423076923076924 0.9519230769230769 0.028846153846153848 0.03365384615384615
1 0.054086538461538464 0.10576923076923077 0.055288461538461536 0.04807692307692308
1 0.04447115384615385 0.16346153846153846 0.04567307692307692 0.05048076923076923
1 0.021634615384615384 0.4723557692307692 0.040865384615384616 0.038461538461538464