1 0.140625 0.4639423076923077 0.052884615384615384 0.052884615384615384
1 0.140625 0.5901442307692307 0.06009615384615385 0.0673076923076923
1 0.34134615384615385 0.07572115384615384 0.040865384615384616 0.05048076923076923
1 0.3894230769230769 0.03245192307692308 0.052884615384615384 0.06009615384615385
1 0.039663461538461536 0.4182692307692308 0.04807692307692308 0.04567307692307692
1 0.3137019230769231 0.7223557692307693 0.05048076923076923 0.04567307692307692
1 0.4579326923076923 0.06850961538461539 0.05048076923076923 0.055288461538461536
1 0.3088942307692308 0.8449519230769231 0.057692307692307696 0.04807692307692308
1 0.39903846153846156 0.44471153846153844 0.05048076923076923 0.06009615384615385
1 0.31490384615384615 0.9086538461538461 0.057692307692307696 0.052884615384615384
1 0.36778846153846156 0.7451923076923077 0.04567307692307692 0.04326923076923077
1 0.4543269230769231 0.4338942307692308 0.04807692307692308 0.055288461538461536
1 0.546875 0.06129807692307692 0.052884615384615384 0.05048076923076923
1 0.4375 0.5949519230769231 0.05048076923076923 0.05048076923076923
1 0.3786057692307692 0.9675480769230769 0.057692307692307696 0.038461538461538464
1 0.5096153846153846 0.49158653846153844 0.052884615384615384 0.052884615384615384
1 0.44711538461538464 0.8137019230769231 0.04807692307692308 0.04567307692307692
1 0.5697115384615384 0.2764423076923077 0.05048076923076923 0.05048076923076923
1 0.5757211538461539 0.3329326923076923 0.052884615384615384 0.04807692307692308
1 0.48197115384615385 0.9747596153846154 0.06971153846153846 0.04567307692307692
1 0.5168269230769231 0.90625 0.06009615384615385 0.05048076923076923
1 0.7199519230769231 0.18509615384615385 0.0673076923076923 0.06490384615384616
1 0.7740384615384616 0.12620192307692307 0.057692307692307696 0.052884615384615384
1 0.6490384615384616 0.7163461538461539 0.057692307692307696 0.052884615384615384
1 0.026442307692307692 0.6838942307692307 0.052884615384615384 0.055288461538461536
1 0.6225961538461539 0.9903846153846154 0.0625 0.014423076923076924
1 0.6634615384615384 0.9074519230769231 0.06009615384615385 0.057692307692307696
1 0.78125 0.36177884615384615 0.0625 0.057692307692307696
1 0.013221153846153846 0.8377403846153846 0.026442307692307692 0.06490384615384616
1 0.7211538461538461 0.7367788461538461 0.057692307692307696 0.052884615384615384
1 0.7896634615384616 0.4326923076923077 0.055288461538461536 0.052884615384615384
1 0.7103365384615384 0.8533653846153846 0.05048076923076923 0.04807692307692308
1 0.8425480769230769 0.38100961538461536 0.0625 0.06009615384615385
1 0.8028846153846154 0.6225961538461539 0.055288461538461536 0.052884615384615384
1 0.8533653846153846 0.44591346153846156 0.05048076923076923 0.04807692307692308
1 0.796875 0.9651442307692307 0.055288461538461536 0.052884615384615384
1 0.8737980769230769 0.8329326923076923 0.057692307692307696 0.057692307692307696
1 0.9759615384615384 0.5324519230769231 0.04326923076923077 0.055288461538461536
1 0.9338942307692307 0.7668269230769231 0.04807692307692308 0.06009615384615385
1 0.06129807692307692 0.7427884615384616 0.052884615384615384 0.06009615384615385