1 0.12379807692307693 0.6899038461538461 0.08413461538461539 0.07692307692307693
1 0.22716346153846154 0.35216346153846156 0.09615384615384616 0.09615384615384616
1 0.12379807692307693 0.8341346153846154 0.08173076923076923 0.0889423076923077
1 0.13341346153846154 0.9014423076923077 0.0985576923076923 0.07451923076923077
1 0.18870192307692307 0.7127403846153846 0.0889423076923077 0.07932692307692307
1 0.2956730769230769 0.33413461538461536 0.07451923076923077 0.10576923076923077
1 0.27884615384615385 0.5300480769230769 0.08173076923076923 0.0889423076923077
1 0.3641826923076923 0.4074519230769231 0.08413461538461539 0.07692307692307693
1 0.28725961538461536 0.7908653846153846 0.08653846153846154 0.08653846153846154
1 0.4375 0.14423076923076922 0.08653846153846154 0.08653846153846154
1 0.4423076923076923 0.21995192307692307 0.09375 0.08653846153846154
1 0.37259615384615385 0.9134615384615384 0.09375 0.08653846153846154
1 0.6213942307692307 0.05048076923076923 0.0985576923076923 0.08413461538461539
1 0.5360576923076923 0.6766826923076923 0.09615384615384616 0.09375
1 0.5456730769230769 0.9122596153846154 0.07932692307692307 0.09375
1 0.6899038461538461 0.2512019230769231 0.08173076923076923 0.0889423076923077
1 0.6971153846153846 0.3401442307692308 0.09375 0.09615384615384616
1 0.6225961538461539 0.7055288461538461 0.0889423076923077 0.10096153846153846
1 0.6069711538461539 0.84375 0.08173076923076923 0.09615384615384616
1 0.7680288461538461 0.27163461538461536 0.09375 0.0985576923076923
1 0.7163461538461539 0.5697115384615384 0.08413461538461539 0.08173076923076923
1 0.7740384615384616 0.35697115384615385 0.08413461538461539 0.06971153846153846
1 0.7139423076923077 0.9663461538461539 0.09134615384615384 0.0625
1 0.8076923076923077 0.8221153846153846 0.08653846153846154 0.08653846153846154
1 0.8834134615384616 0.7403846153846154 0.09615384615384616 0.09134615384615384
1 0.9423076923076923 0.4651442307692308 0.11057692307692307 0.10336538461538461