1 0.1814903846153846 0.7752403846153846 0.07451923076923077 0.06490384615384616
1 0.19951923076923078 0.4230769230769231 0.08413461538461539 0.08413461538461539
1 0.21634615384615385 0.9146634615384616 0.06971153846153846 0.07932692307692307
1 0.24158653846153846 0.9723557692307693 0.09375 0.05048076923076923
1 0.24879807692307693 0.78125 0.07932692307692307 0.0673076923076923
1 0.2620192307692308 0.38822115384615385 0.057692307692307696 0.0985576923076923
1 0.2920673076923077 0.5829326923076923 0.06971153846153846 0.07932692307692307
1 0.3449519230769231 0.4423076923076923 0.07451923076923077 0.06490384615384616
1 0.3641826923076923 0.8341346153846154 0.07451923076923077 0.07451923076923077
1 0.35336538461538464 0.16947115384615385 0.07451923076923077 0.07451923076923077
1 0.3762019230769231 0.24158653846153846 0.08413461538461539 0.07451923076923077
1 0.47716346153846156 0.9314903846153846 0.08413461538461539 0.07451923076923077
1 0.5084134615384616 0.03485576923076923 0.0889423076923077 0.06971153846153846
1 0.578125 0.6634615384615384 0.08413461538461539 0.08173076923076923
1 0.6442307692307693 0.8894230769230769 0.0673076923076923 0.08413461538461539
1 0.625 0.2127403846153846 0.06971153846153846 0.07932692307692307
1 0.6526442307692307 0.296875 0.08173076923076923 0.08413461538461539
1 0.6682692307692307 0.6694711538461539 0.07451923076923077 0.09134615384615384
1 0.6862980769230769 0.8076923076923077 0.0673076923076923 0.08653846153846154
1 0.7055288461538461 0.21394230769230768 0.07932692307692307 0.08653846153846154
1 0.7271634615384616 0.5144230769230769 0.07451923076923077 0.06971153846153846
1 0.7307692307692307 0.29447115384615385 0.07692307692307693 0.057692307692307696
1 0.8209134615384616 0.9098557692307693 0.07932692307692307 0.06490384615384616
1 0.8762019230769231 0.7379807692307693 0.07451923076923077 0.07451923076923077
1 0.9302884615384616 0.640625 0.08413461538461539 0.07932692307692307
1 0.9230769230769231 0.359375 0.10336538461538461 0.08413461538461539