1 0.953125 0.8473557692307693 0.04807692307692308 0.04326923076923077
1 0.796875 0.8149038461538461 0.04326923076923077 0.038461538461538464
1 0.9375 0.8076923076923077 0.04807692307692308 0.04326923076923077
1 0.15865384615384615 0.9807692307692307 0.052884615384615384 0.03365384615384615
1 0.3233173076923077 0.7896634615384616 0.052884615384615384 0.04807692307692308
1 0.875 0.7776442307692307 0.04807692307692308 0.04807692307692308
1 0.8341346153846154 0.7692307692307693 0.036057692307692304 0.040865384615384616
1 0.07451923076923077 0.7728365384615384 0.05048076923076923 0.040865384615384616
1 0.7379807692307693 0.7608173076923077 0.036057692307692304 0.04326923076923077
1 0.8161057692307693 0.7427884615384616 0.038461538461538464 0.038461538461538464
1 0.8990384615384616 0.7355769230769231 0.040865384615384616 0.04326923076923077
1 0.2536057692307692 0.7451923076923077 0.04326923076923077 0.04326923076923077
1 0.0985576923076923 0.7403846153846154 0.05048076923076923 0.04807692307692308
1 0.59375 0.96875 0.04567307692307692 0.03365384615384615
1 0.9699519230769231 0.6598557692307693 0.04326923076923077 0.052884615384615384
1 0.24639423076923078 0.6622596153846154 0.04567307692307692 0.04326923076923077
1 0.6153846153846154 0.6514423076923077 0.04326923076923077 0.052884615384615384
1 0.8389423076923077 0.6394230769230769 0.04807692307692308 0.040865384615384616
1 0.1141826923076923 0.6490384615384616 0.04326923076923077 0.04326923076923077
1 0.5721153846153846 0.6310096153846154 0.052884615384615384 0.04807692307692308
1 0.7668269230769231 0.5961538461538461 0.052884615384615384 0.04807692307692308
1 0.8798076923076923 0.5901442307692307 0.038461538461538464 0.04567307692307692
1 0.9411057692307693 0.5709134615384616 0.04326923076923077 0.052884615384615384
1 0.8040865384615384 0.5600961538461539 0.057692307692307696 0.04807692307692308
1 0.5913461538461539 0.5528846153846154 0.04326923076923077 0.038461538461538464
1 0.09495192307692307 0.5528846153846154 0.04807692307692308 0.04807692307692308
1 0.6790865384615384 0.5276442307692307 0.04326923076923077 0.052884615384615384
1 0.1971153846153846 0.5108173076923077 0.040865384615384616 0.040865384615384616
1 0.08173076923076923 0.9555288461538461 0.036057692307692304 0.04567307692307692
1 0.9795673076923077 0.46875 0.036057692307692304 0.055288461538461536
1 0.7824519230769231 0.9423076923076923 0.04326923076923077 0.04326923076923077
1 0.2800480769230769 0.4699519230769231 0.04326923076923077 0.04326923076923077
1 0.20192307692307693 0.9507211538461539 0.052884615384615384 0.04326923076923077
1 0.19230769230769232 0.453125 0.04326923076923077 0.038461538461538464
1 0.24278846153846154 0.44471153846153844 0.04326923076923077 0.04567307692307692
1 0.019230769230769232 0.4338942307692308 0.038461538461538464 0.057692307692307696
1 0.75 0.3858173076923077 0.040865384615384616 0.04567307692307692
1 0.25841346153846156 0.3894230769230769 0.038461538461538464 0.04326923076923077
1 0.8341346153846154 0.36658653846153844 0.04567307692307692 0.04326923076923077
1 0.5396634615384616 0.3713942307692308 0.040865384615384616 0.036057692307692304
1 0.9146634615384616 0.9290865384615384 0.052884615384615384 0.052884615384615384
1 0.8834134615384616 0.35096153846153844 0.04567307692307692 0.04807692307692308
1 0.7548076923076923 0.34134615384615385 0.04326923076923077 0.040865384615384616
1 0.5228365384615384 0.33533653846153844 0.04326923076923077 0.03365384615384615
1 0.24158653846153846 0.3245192307692308 0.04326923076923077 0.05048076923076923
1 0.6334134615384616 0.3161057692307692 0.038461538461538464 0.040865384615384616
1 0.9182692307692307 0.2956730769230769 0.04326923076923077 0.04326923076923077
1 0.056490384615384616 0.3004807692307692 0.038461538461538464 0.04326923076923077
1 0.7872596153846154 0.2764423076923077 0.04326923076923077 0.04567307692307692
1 0.5528846153846154 0.27884615384615385 0.038461538461538464 0.04807692307692308
1 0.3870192307692308 0.2764423076923077 0.04326923076923077 0.04326923076923077
1 0.08052884615384616 0.27403846153846156 0.040865384615384616 0.04326923076923077
1 0.42788461538461536 0.2620192307692308 0.036057692307692304 0.038461538461538464
1 0.9074519230769231 0.22115384615384615 0.04807692307692308 0.052884615384615384
1 0.8449519230769231 0.2091346153846154 0.04567307692307692 0.04807692307692308
1 0.3004807692307692 0.18028846153846154 0.04567307692307692 0.04567307692307692
1 0.6899038461538461 0.1466346153846154 0.038461538461538464 0.04567307692307692
1 0.24759615384615385 0.15264423076923078 0.05048076923076923 0.040865384615384616
1 0.8990384615384616 0.1201923076923077 0.04326923076923077 0.04326923076923077
1 0.41346153846153844 0.1141826923076923 0.038461538461538464 0.04807692307692308
1 0.8209134615384616 0.10336538461538461 0.04326923076923077 0.04326923076923077
1 0.6887019230769231 0.09134615384615384 0.04807692307692308 0.03365384615384615
1 0.4651442307692308 0.09495192307692307 0.040865384615384616 0.04326923076923077
1 0.7764423076923077 0.0829326923076923 0.040865384615384616 0.040865384615384616
1 0.16826923076923078 0.08774038461538461 0.04326923076923077 0.040865384615384616
1 0.9411057692307693 0.0625 0.04807692307692308 0.052884615384615384
1 0.4182692307692308 0.0625 0.036057692307692304 0.04567307692307692
1 0.1814903846153846 0.06610576923076923 0.03365384615384615 0.036057692307692304
1 0.02283653846153846 0.0673076923076923 0.04567307692307692 0.04807692307692308
1 0.5985576923076923 0.054086538461538464 0.04326923076923077 0.052884615384615384
1 0.4639423076923077 0.046875 0.03365384615384615 0.038461538461538464
1 0.8401442307692307 0.015625 0.04567307692307692 0.03125
1 0.19951923076923078 0.9891826923076923 0.04326923076923077 0.016826923076923076