1 0.7223557692307693 0.6694711538461539 0.08413461538461539 0.08173076923076923
1 0.04807692307692308 0.9615384615384616 0.08173076923076923 0.07211538461538461
1 0.025240384615384616 0.5721153846153846 0.04807692307692308 0.07692307692307693
1 0.13822115384615385 0.5384615384615384 0.08173076923076923 0.07451923076923077
1 0.7295673076923077 0.5276442307692307 0.07932692307692307 0.09375
1 0.9615384615384616 0.4987980769230769 0.07451923076923077 0.09375
1 0.027644230769230768 0.45552884615384615 0.055288461538461536 0.08413461538461539
1 0.4855769230769231 0.43149038461538464 0.07932692307692307 0.07451923076923077
1 0.13942307692307693 0.4110576923076923 0.07211538461538461 0.06971153846153846
1 0.859375 0.1971153846153846 0.09375 0.0889423076923077
1 0.7019230769230769 0.10576923076923077 0.07451923076923077 0.10336538461538461
1 0.22956730769230768 0.11177884615384616 0.07692307692307693 0.07451923076923077