1 0.859375 0.53125 0.04567307692307692 0.038461538461538464
1 0.8449519230769231 0.8052884615384616 0.03125 0.038461538461538464
1 0.8509615384615384 0.359375 0.05048076923076923 0.040865384615384616
1 0.8473557692307693 0.328125 0.04326923076923077 0.036057692307692304
1 0.8269230769230769 0.8052884615384616 0.028846153846153848 0.03365384615384615
1 0.8365384615384616 0.2283653846153846 0.052884615384615384 0.05048076923076923
1 0.8064903846153846 0.9483173076923077 0.040865384615384616 0.040865384615384616
1 0.8197115384615384 0.5132211538461539 0.04567307692307692 0.036057692307692304
1 0.9615384615384616 0.9915865384615384 0.04326923076923077 0.01201923076923077
1 0.7860576923076923 0.5564903846153846 0.055288461538461536 0.04567307692307692
1 0.8004807692307693 0.11899038461538461 0.05048076923076923 0.04567307692307692
1 0.9747596153846154 0.5144230769230769 0.04567307692307692 0.04807692307692308
1 0.7560096153846154 0.46634615384615385 0.04567307692307692 0.052884615384615384
1 0.7451923076923077 0.39783653846153844 0.028846153846153848 0.03365384615384615
1 0.7259615384615384 0.7079326923076923 0.04326923076923077 0.04326923076923077
1 0.7223557692307693 0.7475961538461539 0.04807692307692308 0.04567307692307692
1 0.7223557692307693 0.39302884615384615 0.028846153846153848 0.028846153846153848
1 0.6959134615384616 0.7055288461538461 0.040865384615384616 0.036057692307692304
1 0.7127403846153846 0.24158653846153846 0.06971153846153846 0.04567307692307692
1 0.6899038461538461 0.8028846153846154 0.05048076923076923 0.05048076923076923
1 0.671875 0.9603365384615384 0.052884615384615384 0.055288461538461536
1 0.7007211538461539 0.13581730769230768 0.04567307692307692 0.057692307692307696
1 0.7007211538461539 0.04567307692307692 0.04567307692307692 0.05048076923076923
1 0.6153846153846154 0.9495192307692307 0.055288461538461536 0.04807692307692308
1 0.6418269230769231 0.1045673076923077 0.04326923076923077 0.04567307692307692
1 0.6105769230769231 0.22355769230769232 0.05048076923076923 0.04567307692307692
1 0.609375 0.1141826923076923 0.040865384615384616 0.038461538461538464
1 0.5709134615384616 0.6021634615384616 0.055288461538461536 0.055288461538461536
1 0.5841346153846154 0.15985576923076922 0.052884615384615384 0.04567307692307692
1 0.5745192307692307 0.19230769230769232 0.028846153846153848 0.03365384615384615
1 0.5444711538461539 0.7980769230769231 0.04326923076923077 0.04326923076923077
1 0.5588942307692307 0.2692307692307692 0.04567307692307692 0.04567307692307692
1 0.5516826923076923 0.20552884615384615 0.03365384615384615 0.03365384615384615
1 0.5336538461538461 0.6598557692307693 0.04807692307692308 0.040865384615384616
1 0.5228365384615384 0.9819711538461539 0.055288461538461536 0.03125
1 0.5492788461538461 0.140625 0.04567307692307692 0.05048076923076923
1 0.5228365384615384 0.7764423076923077 0.04567307692307692 0.040865384615384616
1 0.49399038461538464 0.08052884615384616 0.04567307692307692 0.04567307692307692
1 0.4651442307692308 0.65625 0.04567307692307692 0.04567307692307692
1 0.4699519230769231 0.3629807692307692 0.06490384615384616 0.04567307692307692
1 0.46875 0.18028846153846154 0.052884615384615384 0.040865384615384616
1 0.44471153846153844 0.7644230769230769 0.05048076923076923 0.04567307692307692
1 0.4519230769230769 0.3954326923076923 0.06009615384615385 0.04326923076923077
1 0.41466346153846156 0.9555288461538461 0.055288461538461536 0.05048076923076923
1 0.43509615384615385 0.23557692307692307 0.04807692307692308 0.040865384615384616
1 0.43509615384615385 0.1502403846153846 0.04567307692307692 0.05048076923076923
1 0.41947115384615385 0.09975961538461539 0.04326923076923077 0.052884615384615384
1 0.40384615384615385 0.21033653846153846 0.05048076923076923 0.040865384615384616
1 0.3918269230769231 0.37740384615384615 0.055288461538461536 0.05048076923076923
1 0.3713942307692308 0.7776442307692307 0.05048076923076923 0.04567307692307692
1 0.3918269230769231 0.030048076923076924 0.06490384615384616 0.04567307692307692
1 0.3605769230769231 0.9086538461538461 0.04567307692307692 0.040865384615384616
1 0.375 0.30408653846153844 0.055288461538461536 0.04326923076923077
1 0.3473557692307692 0.875 0.052884615384615384 0.04807692307692308
1 0.3401442307692308 0.6923076923076923 0.040865384615384616 0.04807692307692308
1 0.3425480769230769 0.05889423076923077 0.05048076923076923 0.04567307692307692
1 0.3137019230769231 0.6225961538461539 0.03365384615384615 0.03365384615384615
1 0.29447115384615385 0.6923076923076923 0.036057692307692304 0.038461538461538464
1 0.2920673076923077 0.6514423076923077 0.028846153846153848 0.03365384615384615
1 0.31009615384615385 0.03125 0.05048076923076923 0.040865384615384616
1 0.27524038461538464 0.8305288461538461 0.04567307692307692 0.04326923076923077
1 0.2644230769230769 0.24519230769230768 0.052884615384615384 0.04567307692307692
1 0.24519230769230768 0.6370192307692307 0.04567307692307692 0.040865384615384616
1 0.23317307692307693 0.90625 0.038461538461538464 0.036057692307692304
1 0.24879807692307693 0.41225961538461536 0.04807692307692308 0.04567307692307692
1 0.25240384615384615 0.17548076923076922 0.052884615384615384 0.04807692307692308
1 0.2403846153846154 0.1346153846153846 0.04807692307692308 0.038461538461538464
1 0.2403846153846154 0.039663461538461536 0.055288461538461536 0.0625
1 0.20793269230769232 0.890625 0.03125 0.040865384615384616
1 0.2283653846153846 0.2403846153846154 0.04567307692307692 0.05048076923076923
1 0.21514423076923078 0.42908653846153844 0.04567307692307692 0.06009615384615385
1 0.19471153846153846 0.6502403846153846 0.055288461538461536 0.06009615384615385
1 0.203125 0.33533653846153844 0.055288461538461536 0.05048076923076923
1 0.9278846153846154 0.2536057692307692 0.052884615384615384 0.04807692307692308
1 0.20072115384615385 0.10576923076923077 0.04567307692307692 0.040865384615384616
1 0.16706730769230768 0.7944711538461539 0.03365384615384615 0.03365384615384615
1 0.17307692307692307 0.40024038461538464 0.04567307692307692 0.055288461538461536
1 0.1778846153846154 0.21514423076923078 0.05048076923076923 0.0625
1 0.16105769230769232 0.5300480769230769 0.04807692307692308 0.04326923076923077
1 0.14783653846153846 0.7716346153846154 0.04567307692307692 0.040865384615384616
1 0.15264423076923078 0.49759615384615385 0.04567307692307692 0.04567307692307692
1 0.9026442307692307 0.8149038461538461 0.04567307692307692 0.040865384615384616
1 0.14182692307692307 0.11298076923076923 0.055288461538461536 0.04326923076923077
1 0.9074519230769231 0.6298076923076923 0.05048076923076923 0.05048076923076923
1 0.12740384615384615 0.1622596153846154 0.055288461538461536 0.05048076923076923
1 0.9002403846153846 0.7848557692307693 0.040865384615384616 0.036057692307692304
1 0.09495192307692307 0.9290865384615384 0.05048076923076923 0.04326923076923077
1 0.08413461538461539 0.5973557692307693 0.05048076923076923 0.04326923076923077
1 0.04927884615384615 0.9567307692307693 0.055288461538461536 0.040865384615384616
1 0.05889423076923077 0.6394230769230769 0.04567307692307692 0.055288461538461536
1 0.06971153846153846 0.2824519230769231 0.052884615384615384 0.05048076923076923
1 0.03365384615384615 0.8846153846153846 0.055288461538461536 0.05048076923076923
1 0.057692307692307696 0.11538461538461539 0.04567307692307692 0.040865384615384616
1 0.042067307692307696 0.17307692307692307 0.04807692307692308 0.040865384615384616
1 0.9182692307692307 0.06971153846153846 0.04567307692307692 0.04567307692307692
1 0.028846153846153848 0.5024038461538461 0.055288461538461536 0.04807692307692308
1 0.028846153846153848 0.28125 0.040865384615384616 0.04807692307692308
1 0.03125 0.2127403846153846 0.04567307692307692 0.040865384615384616
1 0.02283653846153846 0.46033653846153844 0.04567307692307692 0.04326923076923077
1 0.8942307692307693 0.5877403846153846 0.04807692307692308 0.05048076923076923
1 0.90625 0.028846153846153848 0.052884615384615384 0.03125
1 0.8798076923076923 0.5540865384615384 0.04326923076923077 0.04567307692307692
1 0.8882211538461539 0.15865384615384615 0.04567307692307692 0.04567307692307692
1 0.8569711538461539 0.6646634615384616 0.04567307692307692 0.04567307692307692