1 0.35697115384615385 0.25961538461538464 0.10576923076923077 0.10336538461538461
1 0.9651442307692307 0.6105769230769231 0.06490384615384616 0.09134615384615384
1 0.8509615384615384 0.5997596153846154 0.10096153846153846 0.09615384615384616
1 0.296875 0.38822115384615385 0.10336538461538461 0.11298076923076923
1 0.07211538461538461 0.328125 0.10096153846153846 0.11057692307692307
1 0.921875 0.7199519230769231 0.07932692307692307 0.09615384615384616
1 0.4879807692307692 0.5685096153846154 0.0985576923076923 0.09375
1 0.8016826923076923 0.7175480769230769 0.09134615384615384 0.0889423076923077
1 0.056490384615384616 0.6466346153846154 0.11298076923076923 0.11538461538461539
1 0.16466346153846154 0.7896634615384616 0.10336538461538461 0.1201923076923077
1 0.6057692307692307 0.9555288461538461 0.09615384615384616 0.08413461538461539