1 0.5925480769230769 0.08052884615384616 0.052884615384615384 0.057692307692307696
1 0.6286057692307693 0.06971153846153846 0.06009615384615385 0.06490384615384616
1 0.27524038461538464 0.23557692307692307 0.04567307692307692 0.04567307692307692
1 0.12860576923076922 0.31850961538461536 0.05048076923076923 0.05048076923076923
1 0.6057692307692307 0.11538461538461539 0.052884615384615384 0.055288461538461536
1 0.7043269230769231 0.07451923076923077 0.06009615384615385 0.06490384615384616
1 0.02403846153846154 0.3762019230769231 0.040865384615384616 0.04326923076923077
1 0.02283653846153846 0.4567307692307692 0.04567307692307692 0.04807692307692308
1 0.1622596153846154 0.4266826923076923 0.05048076923076923 0.05048076923076923
1 0.18028846153846154 0.125 0.052884615384615384 0.04807692307692308
1 0.05048076923076923 0.4831730769230769 0.06009615384615385 0.057692307692307696
1 0.5588942307692307 0.2932692307692308 0.06009615384615385 0.06490384615384616
1 0.10697115384615384 0.4891826923076923 0.04807692307692308 0.05048076923076923
1 0.14423076923076922 0.47716346153846156 0.04807692307692308 0.05048076923076923
1 0.7692307692307693 0.22355769230769232 0.04567307692307692 0.04567307692307692
1 0.22716346153846154 0.4567307692307692 0.055288461538461536 0.055288461538461536
1 0.16947115384615385 0.4951923076923077 0.04807692307692308 0.04567307692307692
1 0.15625 0.14302884615384615 0.05048076923076923 0.05048076923076923
1 0.6334134615384616 0.3076923076923077 0.055288461538461536 0.06490384615384616
1 0.10576923076923077 0.5324519230769231 0.05048076923076923 0.052884615384615384
1 0.7620192307692307 0.2608173076923077 0.04807692307692308 0.052884615384615384
1 0.06971153846153846 0.6153846153846154 0.05048076923076923 0.052884615384615384
1 0.6658653846153846 0.3713942307692308 0.0625 0.055288461538461536
1 0.36538461538461536 0.5048076923076923 0.052884615384615384 0.055288461538461536
1 0.18389423076923078 0.5913461538461539 0.055288461538461536 0.052884615384615384
1 0.7788461538461539 0.3401442307692308 0.04807692307692308 0.05048076923076923
1 0.4074519230769231 0.5072115384615384 0.052884615384615384 0.055288461538461536
1 0.25721153846153844 0.5961538461538461 0.06009615384615385 0.055288461538461536
1 0.16706730769230768 0.6442307692307693 0.05048076923076923 0.052884615384615384
1 0.056490384615384616 0.20192307692307693 0.055288461538461536 0.055288461538461536
1 0.12259615384615384 0.6790865384615384 0.055288461538461536 0.055288461538461536
1 0.24158653846153846 0.640625 0.05048076923076923 0.05048076923076923
1 0.4170673076923077 0.5757211538461539 0.06490384615384616 0.0673076923076923
1 0.8293269230769231 0.41225961538461536 0.052884615384615384 0.055288461538461536
1 0.0733173076923077 0.734375 0.04807692307692308 0.06009615384615385
1 0.9615384615384616 0.3605769230769231 0.055288461538461536 0.06009615384615385
1 0.35216346153846156 0.08052884615384616 0.057692307692307696 0.055288461538461536
1 0.35336538461538464 0.6262019230769231 0.055288461538461536 0.06490384615384616
1 0.7548076923076923 0.47716346153846156 0.04567307692307692 0.04807692307692308
1 0.12379807692307693 0.7776442307692307 0.052884615384615384 0.055288461538461536
1 0.7007211538461539 0.5432692307692307 0.04807692307692308 0.055288461538461536
1 0.7788461538461539 0.5252403846153846 0.06009615384615385 0.057692307692307696
1 0.7355769230769231 0.5480769230769231 0.052884615384615384 0.055288461538461536
1 0.9278846153846154 0.47836538461538464 0.055288461538461536 0.057692307692307696
1 0.11658653846153846 0.828125 0.05048076923076923 0.052884615384615384
1 0.34375 0.765625 0.052884615384615384 0.0625
1 0.7451923076923077 0.6009615384615384 0.05048076923076923 0.052884615384615384
1 0.2764423076923077 0.8112980769230769 0.057692307692307696 0.057692307692307696
1 0.5192307692307693 0.7091346153846154 0.057692307692307696 0.052884615384615384
1 0.24639423076923078 0.8341346153846154 0.055288461538461536 0.055288461538461536
1 0.15625 0.8834134615384616 0.0673076923076923 0.06490384615384616
1 0.35697115384615385 0.8076923076923077 0.04807692307692308 0.052884615384615384
1 0.5504807692307693 0.7319711538461539 0.04807692307692308 0.052884615384615384
1 0.7848557692307693 0.6478365384615384 0.0625 0.06009615384615385
1 0.46033653846153844 0.7872596153846154 0.06009615384615385 0.057692307692307696
1 0.23197115384615385 0.8966346153846154 0.057692307692307696 0.057692307692307696
1 0.9411057692307693 0.6045673076923077 0.055288461538461536 0.055288461538461536
1 0.5408653846153846 0.7884615384615384 0.055288461538461536 0.057692307692307696
1 0.34975961538461536 0.8713942307692307 0.05048076923076923 0.052884615384615384
1 0.6814903846153846 0.7379807692307693 0.0625 0.06009615384615385
1 0.9278846153846154 0.6382211538461539 0.06009615384615385 0.057692307692307696
1 0.6490384615384616 0.7620192307692307 0.05048076923076923 0.055288461538461536
1 0.26802884615384615 0.953125 0.057692307692307696 0.057692307692307696
1 0.3233173076923077 0.9459134615384616 0.057692307692307696 0.057692307692307696
1 0.7848557692307693 0.7896634615384616 0.0625 0.0625
1 0.4723557692307692 0.9423076923076923 0.057692307692307696 0.057692307692307696
1 0.8389423076923077 0.7896634615384616 0.0673076923076923 0.0625
1 0.40865384615384615 0.09615384615384616 0.052884615384615384 0.055288461538461536
1 0.7103365384615384 0.8834134615384616 0.057692307692307696 0.052884615384615384
1 0.6730769230769231 0.9122596153846154 0.057692307692307696 0.057692307692307696
1 0.49158653846153844 0.9795673076923077 0.06009615384615385 0.036057692307692304
1 0.921875 0.8197115384615384 0.04326923076923077 0.04326923076923077
1 0.7295673076923077 0.9206730769230769 0.06009615384615385 0.057692307692307696
1 0.9146634615384616 0.84375 0.04326923076923077 0.04326923076923077
1 0.5805288461538461 0.9771634615384616 0.06009615384615385 0.040865384615384616
1 0.6899038461538461 0.9459134615384616 0.057692307692307696 0.04567307692307692
1 0.3545673076923077 0.03245192307692308 0.06009615384615385 0.04567307692307692
1 0.3317307692307692 0.16706730769230768 0.06009615384615385 0.0625
1 0.26802884615384615 0.20552884615384615 0.05048076923076923 0.052884615384615384