0 0.71875 0.08413461538461539 0.07692307692307693 0.04807692307692308
0 0.5408653846153846 0.38221153846153844 0.07211538461538461 0.05048076923076923
0 0.42908653846153844 0.6117788461538461 0.08173076923076923 0.04567307692307692
0 0.3737980769230769 0.6574519230769231 0.09134615384615384 0.04807692307692308
0 0.27163461538461536 0.3112980769230769 0.0673076923076923 0.05048076923076923
0 0.24639423076923078 0.4266826923076923 0.08653846153846154 0.05048076923076923
0 0.24158653846153846 0.2608173076923077 0.07211538461538461 0.05048076923076923
0 0.23076923076923078 0.6382211538461539 0.07211538461538461 0.04567307692307692
0 0.21995192307692307 0.6057692307692307 0.07211538461538461 0.04567307692307692
0 0.20192307692307693 0.140625 0.08413461538461539 0.052884615384615384
0 0.14423076923076922 0.23076923076923078 0.07692307692307693 0.04567307692307692
0 0.7848557692307693 0.021634615384615384 0.0889423076923077 0.04326923076923077