0 0.921875 0.703125 0.05048076923076923 0.06971153846153846
0 0.6201923076923077 0.5336538461538461 0.04807692307692308 0.06490384615384616
0 0.38822115384615385 0.43509615384615385 0.052884615384615384 0.07932692307692307
0 0.34134615384615385 0.38461538461538464 0.052884615384615384 0.09375
0 0.6802884615384616 0.26802884615384615 0.04567307692307692 0.0673076923076923
0 0.7331730769230769 0.23557692307692307 0.052884615384615384 0.07932692307692307
0 0.5649038461538461 0.23918269230769232 0.055288461538461536 0.06490384615384616
0 0.35096153846153844 0.23918269230769232 0.052884615384615384 0.08653846153846154
0 0.38822115384615385 0.22235576923076922 0.04807692307692308 0.08653846153846154
0 0.8497596153846154 0.18990384615384615 0.05048076923076923 0.0889423076923077
0 0.7584134615384616 0.13942307692307693 0.055288461538461536 0.07211538461538461
0 0.9831730769230769 0.7728365384615384 0.028846153846153848 0.07932692307692307