0 0.5420673076923077 0.38221153846153844 0.0673076923076923 0.04326923076923077
0 0.42427884615384615 0.6069711538461539 0.08653846153846154 0.04807692307692308
0 0.37259615384615385 0.6502403846153846 0.08173076923076923 0.05048076923076923
0 0.2824519230769231 0.3004807692307692 0.0673076923076923 0.04567307692307692
0 0.24519230769230768 0.41947115384615385 0.08173076923076923 0.04567307692307692
0 0.2439903846153846 0.2512019230769231 0.06490384615384616 0.038461538461538464
0 0.2283653846153846 0.6298076923076923 0.06009615384615385 0.038461538461538464
0 0.21153846153846154 0.5925480769230769 0.07211538461538461 0.038461538461538464
0 0.21634615384615385 0.12620192307692307 0.07211538461538461 0.04567307692307692
0 0.15504807692307693 0.21754807692307693 0.0673076923076923 0.040865384615384616
0 0.7596153846153846 0.09254807692307693 0.07211538461538461 0.05048076923076923