0 0.3762019230769231 0.48677884615384615 0.04326923076923077 0.06971153846153846
0 0.6201923076923077 0.5564903846153846 0.06009615384615385 0.0985576923076923
0 0.6682692307692307 0.5901442307692307 0.06009615384615385 0.09134615384615384
0 0.34975961538461536 0.7596153846153846 0.055288461538461536 0.08653846153846154
0 0.30408653846153844 0.7884615384615384 0.05048076923076923 0.08173076923076923
0 0.46634615384615385 0.7668269230769231 0.055288461538461536 0.07932692307692307
0 0.6754807692307693 0.7355769230769231 0.055288461538461536 0.08653846153846154
0 0.6454326923076923 0.7608173076923077 0.06009615384615385 0.0889423076923077
0 0.19230769230769232 0.8473557692307693 0.055288461538461536 0.08413461538461539
0 0.28725961538461536 0.8954326923076923 0.057692307692307696 0.07932692307692307
0 0.051682692307692304 0.34615384615384615 0.0673076923076923 0.07692307692307693