0 0.38100961538461536 0.46274038461538464 0.04326923076923077 0.0625
0 0.6117788461538461 0.5697115384615384 0.038461538461538464 0.0625
0 0.6550480769230769 0.6286057692307693 0.040865384615384616 0.07932692307692307
0 0.30408653846153844 0.7223557692307693 0.04326923076923077 0.06490384615384616
0 0.4182692307692308 0.7572115384615384 0.03365384615384615 0.08413461538461539
0 0.25600961538461536 0.7584134615384616 0.040865384615384616 0.06490384615384616
0 0.6346153846153846 0.7680288461538461 0.04807692307692308 0.057692307692307696
0 0.5997596153846154 0.7824519230769231 0.038461538461538464 0.06009615384615385
0 0.1346153846153846 0.7824519230769231 0.04567307692307692 0.06009615384615385
0 0.22115384615384615 0.8449519230769231 0.04326923076923077 0.07211538461538461
0 0.08173076923076923 0.2692307692307692 0.04807692307692308 0.06490384615384616