0 0.5985576923076923 0.578125 0.0625 0.07692307692307693
0 0.4230769230769231 0.3942307692307692 0.07211538461538461 0.09615384615384616
0 0.39903846153846156 0.33052884615384615 0.07211538461538461 0.09375
0 0.7596153846153846 0.359375 0.06490384615384616 0.07932692307692307
0 0.6586538461538461 0.2848557692307692 0.06971153846153846 0.09134615384615384
0 0.8185096153846154 0.3389423076923077 0.057692307692307696 0.07451923076923077
0 0.4651442307692308 0.20072115384615385 0.057692307692307696 0.06971153846153846
0 0.5072115384615384 0.1971153846153846 0.057692307692307696 0.07932692307692307
0 0.9459134615384616 0.3545673076923077 0.06490384615384616 0.08173076923076923
0 0.8798076923076923 0.265625 0.0625 0.07932692307692307
0 0.8004807692307693 0.8786057692307693 0.06971153846153846 0.08413461538461539