0 0.9639423076923077 0.5552884615384616 0.0673076923076923 0.09134615384615384
0 0.6237980769230769 0.4963942307692308 0.07211538461538461 0.08413461538461539
0 0.3701923076923077 0.4735576923076923 0.06971153846153846 0.09134615384615384
0 0.3076923076923077 0.4387019230769231 0.07692307692307693 0.10096153846153846
0 0.59375 0.21995192307692307 0.07211538461538461 0.08173076923076923
0 0.47836538461538464 0.23677884615384615 0.07692307692307693 0.0985576923076923
0 0.6310096153846154 0.17307692307692307 0.07211538461538461 0.08413461538461539
0 0.27403846153846156 0.2980769230769231 0.0673076923076923 0.08413461538461539
0 0.3004807692307692 0.2764423076923077 0.0673076923076923 0.08413461538461539
0 0.7283653846153846 0.09254807692307693 0.07932692307692307 0.09615384615384616
0 0.6237980769230769 0.07091346153846154 0.06971153846153846 0.08653846153846154