0 0.42427884615384615 0.5985576923076923 0.07451923076923077 0.0625
0 0.6033653846153846 0.4182692307692308 0.07211538461538461 0.057692307692307696
0 0.6742788461538461 0.39783653846153844 0.0889423076923077 0.06490384615384616
0 0.6418269230769231 0.7596153846153846 0.07692307692307693 0.0625
0 0.7139423076923077 0.6646634615384616 0.09134615384615384 0.06009615384615385
0 0.6598557692307693 0.8173076923076923 0.07451923076923077 0.06009615384615385
0 0.7980769230769231 0.4651442307692308 0.06971153846153846 0.06490384615384616
0 0.7992788461538461 0.5024038461538461 0.06971153846153846 0.057692307692307696
0 0.640625 0.9399038461538461 0.07211538461538461 0.0625
0 0.7283653846153846 0.8798076923076923 0.08173076923076923 0.06490384615384616
0 0.140625 0.8137019230769231 0.07692307692307693 0.0673076923076923