0 0.6021634615384616 0.5733173076923077 0.06009615384615385 0.07692307692307693
0 0.4182692307692308 0.39783653846153844 0.06971153846153846 0.09615384615384616
0 0.390625 0.33533653846153844 0.06971153846153846 0.09134615384615384
0 0.7524038461538461 0.34615384615384615 0.0625 0.07692307692307693
0 0.6478365384615384 0.2776442307692308 0.06490384615384616 0.09134615384615384
0 0.8100961538461539 0.32211538461538464 0.055288461538461536 0.07211538461538461
0 0.4495192307692308 0.203125 0.055288461538461536 0.06971153846153846
0 0.49038461538461536 0.1971153846153846 0.055288461538461536 0.07932692307692307
0 0.9375 0.33052884615384615 0.0625 0.08173076923076923
0 0.8665865384615384 0.24639423076923078 0.06009615384615385 0.07932692307692307
0 0.8209134615384616 0.8617788461538461 0.0673076923076923 0.08413461538461539