0 0.4375 0.9639423076923077 0.07932692307692307 0.06971153846153846
0 0.5048076923076923 0.6237980769230769 0.07451923076923077 0.06490384615384616
0 0.5276442307692307 0.3737980769230769 0.0889423076923077 0.07211538461538461
0 0.5612980769230769 0.3137019230769231 0.10336538461538461 0.07692307692307693
0 0.7764423076923077 0.5997596153846154 0.07692307692307693 0.0625
0 0.8245192307692307 0.6394230769230769 0.0889423076923077 0.07211538461538461
0 0.7680288461538461 0.4807692307692308 0.07692307692307693 0.07211538461538461
0 0.7019230769230769 0.27884615384615385 0.09615384615384616 0.07451923076923077
0 0.7295673076923077 0.3076923076923077 0.09375 0.06971153846153846
0 0.9026442307692307 0.7367788461538461 0.09615384615384616 0.07451923076923077
0 0.921875 0.6346153846153846 0.08173076923076923 0.07451923076923077