0 0.71875 0.0829326923076923 0.08653846153846154 0.04807692307692308
0 0.5360576923076923 0.37740384615384615 0.06490384615384616 0.038461538461538464
0 0.42788461538461536 0.6105769230769231 0.07211538461538461 0.05048076923076923
0 0.375 0.65625 0.07692307692307693 0.05048076923076923
0 0.2692307692307692 0.3125 0.07932692307692307 0.05048076923076923
0 0.24158653846153846 0.25841346153846156 0.0673076923076923 0.038461538461538464
0 0.24278846153846154 0.4230769230769231 0.07211538461538461 0.057692307692307696
0 0.22956730769230768 0.6394230769230769 0.07932692307692307 0.040865384615384616
0 0.21153846153846154 0.6045673076923077 0.07211538461538461 0.04567307692307692
0 0.203125 0.14423076923076922 0.09615384615384616 0.052884615384615384
0 0.14543269230769232 0.22956730769230768 0.08413461538461539 0.04567307692307692
0 0.7872596153846154 0.021634615384615384 0.07451923076923077 0.04326923076923077