0 0.6021634615384616 0.5697115384615384 0.052884615384615384 0.07211538461538461
0 0.4206730769230769 0.39302884615384615 0.07211538461538461 0.10096153846153846
0 0.39302884615384615 0.34134615384615385 0.06971153846153846 0.09375
0 0.7548076923076923 0.34134615384615385 0.06490384615384616 0.0889423076923077
0 0.8076923076923077 0.33774038461538464 0.06009615384615385 0.08413461538461539
0 0.6550480769230769 0.2800480769230769 0.0625 0.08173076923076923
0 0.45552884615384615 0.21033653846153846 0.06490384615384616 0.0889423076923077
0 0.4951923076923077 0.20072115384615385 0.06971153846153846 0.09134615384615384
0 0.9338942307692307 0.33774038461538464 0.06490384615384616 0.08653846153846154
0 0.8725961538461539 0.2512019230769231 0.0673076923076923 0.08413461538461539
0 0.8233173076923077 0.8461538461538461 0.07451923076923077 0.08173076923076923