0 0.6418269230769231 0.054086538461538464 0.07451923076923077 0.06009615384615385
0 0.5168269230769231 0.37740384615384615 0.06971153846153846 0.057692307692307696
0 0.45072115384615385 0.6201923076923077 0.08413461538461539 0.0625
0 0.4074519230769231 0.6730769230769231 0.0985576923076923 0.06490384615384616
0 0.24519230769230768 0.35336538461538464 0.07211538461538461 0.055288461538461536
0 0.20552884615384615 0.30649038461538464 0.08413461538461539 0.0625
0 0.23317307692307693 0.4723557692307692 0.07211538461538461 0.06490384615384616
0 0.2620192307692308 0.6826923076923077 0.09134615384615384 0.0625
0 0.2403846153846154 0.6502403846153846 0.09134615384615384 0.057692307692307696
0 0.14423076923076922 0.1971153846153846 0.09375 0.0625
0 0.10697115384615384 0.29447115384615385 0.07692307692307693 0.06490384615384616