0 0.39663461538461536 0.43149038461538464 0.05048076923076923 0.07211538461538461
0 0.5805288461538461 0.6057692307692307 0.06971153846153846 0.10096153846153846
0 0.609375 0.65625 0.0673076923076923 0.09375
0 0.24759615384615385 0.6634615384615384 0.06490384615384616 0.0889423076923077
0 0.19471153846153846 0.6682692307692307 0.06009615384615385 0.08413461538461539
0 0.3485576923076923 0.7223557692307693 0.0625 0.08173076923076923
0 0.5492788461538461 0.7896634615384616 0.06490384615384616 0.0889423076923077
0 0.5108173076923077 0.7980769230769231 0.0673076923076923 0.09134615384615384
0 0.06850961538461539 0.6694711538461539 0.06490384615384616 0.08653846153846154
0 0.1310096153846154 0.7560096153846154 0.06490384615384616 0.08173076923076923
0 0.17067307692307693 0.15865384615384615 0.07211538461538461 0.08173076923076923