0 0.9915865384615384 0.8377403846153846 0.01201923076923077 0.06009615384615385
0 0.9855769230769231 0.859375 0.02403846153846154 0.055288461538461536
0 0.9711538461538461 0.8834134615384616 0.028846153846153848 0.04326923076923077
0 0.5036057692307693 0.109375 0.03365384615384615 0.055288461538461536
0 0.3701923076923077 0.18389423076923078 0.03365384615384615 0.055288461538461536
0 0.3557692307692308 0.18990384615384615 0.03125 0.055288461538461536
0 0.4699519230769231 0.18870192307692307 0.04326923076923077 0.0625
0 0.5012019230769231 0.19471153846153846 0.03365384615384615 0.052884615384615384
0 0.4026442307692308 0.23798076923076922 0.038461538461538464 0.06971153846153846
0 0.6057692307692307 0.19591346153846154 0.038461538461538464 0.052884615384615384
0 0.3798076923076923 0.25721153846153844 0.038461538461538464 0.057692307692307696
0 0.5492788461538461 0.3161057692307692 0.040865384615384616 0.057692307692307696
0 0.6730769230769231 0.3161057692307692 0.038461538461538464 0.055288461538461536
0 0.5144230769230769 0.3557692307692308 0.03365384615384615 0.04807692307692308
0 0.5456730769230769 0.3557692307692308 0.038461538461538464 0.05048076923076923
0 0.5288461538461539 0.38461538461538464 0.03125 0.04567307692307692
0 0.48197115384615385 0.41586538461538464 0.036057692307692304 0.057692307692307696
0 0.5853365384615384 0.39783653846153844 0.038461538461538464 0.04807692307692308
0 0.5276442307692307 0.41586538461538464 0.03125 0.04326923076923077
0 0.7548076923076923 0.3629807692307692 0.04567307692307692 0.0673076923076923
0 0.7247596153846154 0.38221153846153844 0.0625 0.09375
0 0.6129807692307693 0.421875 0.036057692307692304 0.052884615384615384
0 0.5216346153846154 0.44711538461538464 0.03125 0.038461538461538464
0 0.33653846153846156 0.0733173076923077 0.036057692307692304 0.057692307692307696
0 0.5649038461538461 0.4675480769230769 0.036057692307692304 0.04326923076923077
0 0.8894230769230769 0.39663461538461536 0.036057692307692304 0.0625
0 0.5264423076923077 0.4831730769230769 0.03365384615384615 0.052884615384615384
0 0.5168269230769231 0.03485576923076923 0.05048076923076923 0.06971153846153846
0 0.5757211538461539 0.4963942307692308 0.026442307692307692 0.036057692307692304
0 0.8930288461538461 0.4423076923076923 0.036057692307692304 0.04807692307692308
0 0.8221153846153846 0.4675480769230769 0.05048076923076923 0.07451923076923077
0 0.8762019230769231 0.45552884615384615 0.036057692307692304 0.06009615384615385
0 0.9326923076923077 0.5120192307692307 0.03125 0.04807692307692308
0 0.8557692307692307 0.5540865384615384 0.038461538461538464 0.052884615384615384
0 0.8978365384615384 0.5552884615384616 0.026442307692307692 0.038461538461538464
0 0.9387019230769231 0.5456730769230769 0.038461538461538464 0.04807692307692308
0 0.7620192307692307 0.6009615384615384 0.05048076923076923 0.07211538461538461
0 0.39302884615384615 0.07932692307692307 0.036057692307692304 0.06490384615384616
0 0.8942307692307693 0.5805288461538461 0.03365384615384615 0.040865384615384616
0 0.8966346153846154 0.6129807692307693 0.036057692307692304 0.052884615384615384
0 0.8305288461538461 0.6658653846153846 0.036057692307692304 0.052884615384615384
0 0.45913461538461536 0.0733173076923077 0.038461538461538464 0.05048076923076923
0 0.5144230769230769 0.7608173076923077 0.040865384615384616 0.057692307692307696
0 0.8329326923076923 0.703125 0.036057692307692304 0.057692307692307696
0 0.5192307692307693 0.796875 0.03365384615384615 0.04807692307692308
0 0.8377403846153846 0.7668269230769231 0.04326923076923077 0.0625
0 0.8822115384615384 0.7740384615384616 0.040865384615384616 0.057692307692307696
0 0.9170673076923077 0.7680288461538461 0.036057692307692304 0.0625
0 0.8137019230769231 0.7920673076923077 0.036057692307692304 0.06490384615384616
0 0.7752403846153846 0.8161057692307693 0.03365384615384615 0.04807692307692308
0 0.7644230769230769 0.8341346153846154 0.03365384615384615 0.055288461538461536
0 0.9507211538461539 0.7932692307692307 0.036057692307692304 0.052884615384615384
0 0.8894230769230769 0.8137019230769231 0.03365384615384615 0.055288461538461536
0 0.3798076923076923 0.10817307692307693 0.028846153846153848 0.04567307692307692