0 0.9627403846153846 0.13221153846153846 0.036057692307692304 0.05048076923076923
0 0.9375 0.13822115384615385 0.03125 0.05048076923076923
0 0.7788461538461539 0.12860576923076922 0.06009615384615385 0.0889423076923077
0 0.9038461538461539 0.15384615384615385 0.036057692307692304 0.05048076923076923
0 0.21875 0.17427884615384615 0.038461538461538464 0.06009615384615385
0 0.8834134615384616 0.22596153846153846 0.03125 0.05048076923076923
0 0.7704326923076923 0.038461538461538464 0.040865384615384616 0.04326923076923077
0 0.28725961538461536 0.016826923076923076 0.04567307692307692 0.03365384615384615
0 0.055288461538461536 0.1971153846153846 0.036057692307692304 0.06971153846153846
0 0.8305288461538461 0.04567307692307692 0.036057692307692304 0.05048076923076923
0 0.17668269230769232 0.20673076923076922 0.038461538461538464 0.05048076923076923
0 0.2848557692307692 0.21514423076923078 0.036057692307692304 0.05048076923076923
0 0.07451923076923077 0.2247596153846154 0.028846153846153848 0.07692307692307693
0 0.8545673076923077 0.29927884615384615 0.038461538461538464 0.055288461538461536
0 0.6201923076923077 0.28365384615384615 0.03365384615384615 0.0625
0 0.055288461538461536 0.016826923076923076 0.04807692307692308 0.03365384615384615
0 0.8149038461538461 0.3425480769230769 0.03365384615384615 0.06490384615384616
0 0.6490384615384616 0.36899038461538464 0.038461538461538464 0.06490384615384616
0 0.7235576923076923 0.3786057692307692 0.038461538461538464 0.055288461538461536
0 0.7668269230769231 0.3858173076923077 0.036057692307692304 0.06009615384615385
0 0.0985576923076923 0.35336538461538464 0.040865384615384616 0.06490384615384616
0 0.9014423076923077 0.4230769230769231 0.040865384615384616 0.052884615384615384
0 0.23557692307692307 0.4074519230769231 0.04326923076923077 0.08653846153846154
0 0.3942307692307692 0.4387019230769231 0.038461538461538464 0.06490384615384616
0 0.27163461538461536 0.44591346153846156 0.040865384615384616 0.07932692307692307
0 0.5168269230769231 0.47716346153846156 0.0673076923076923 0.12259615384615384
0 0.3016826923076923 0.4675480769230769 0.04807692307692308 0.06490384615384616
0 0.7716346153846154 0.515625 0.036057692307692304 0.06490384615384616
0 0.8521634615384616 0.5324519230769231 0.06971153846153846 0.11298076923076923
0 0.8533653846153846 0.07572115384615384 0.036057692307692304 0.055288461538461536
0 0.7067307692307693 0.5733173076923077 0.06971153846153846 0.11298076923076923
0 0.06129807692307692 0.5348557692307693 0.028846153846153848 0.0625
0 0.19110576923076922 0.5661057692307693 0.038461538461538464 0.0673076923076923
0 0.9747596153846154 0.6875 0.026442307692307692 0.08413461538461539
0 0.3701923076923077 0.6706730769230769 0.038461538461538464 0.06009615384615385
0 0.328125 0.6694711538461539 0.040865384615384616 0.0673076923076923
0 0.1622596153846154 0.6959134615384616 0.05048076923076923 0.07451923076923077
0 0.4014423076923077 0.7319711538461539 0.03365384615384615 0.0673076923076923
0 0.5949519230769231 0.7764423076923077 0.038461538461538464 0.07451923076923077
0 0.04567307692307692 0.7427884615384616 0.03365384615384615 0.06009615384615385
0 0.5216346153846154 0.7884615384615384 0.05048076923076923 0.06490384615384616
0 0.6935096153846154 0.8449519230769231 0.04807692307692308 0.06009615384615385