0 0.7536057692307693 0.109375 0.03365384615384615 0.06971153846153846
0 0.7355769230769231 0.020432692307692308 0.028846153846153848 0.040865384615384616
0 0.796875 0.028846153846153848 0.028846153846153848 0.057692307692307696
0 0.8942307692307693 0.3894230769230769 0.04326923076923077 0.08413461538461539
0 0.23197115384615385 0.4338942307692308 0.038461538461538464 0.0673076923076923
0 0.2692307692307692 0.46634615384615385 0.03365384615384615 0.06971153846153846
0 0.29927884615384615 0.484375 0.040865384615384616 0.0625
0 0.5132211538461539 0.48677884615384615 0.04807692307692308 0.06490384615384616
0 0.7752403846153846 0.49759615384615385 0.038461538461538464 0.0673076923076923
0 0.8533653846153846 0.5168269230769231 0.04326923076923077 0.07211538461538461
0 0.1971153846153846 0.5853365384615384 0.03125 0.057692307692307696
0 0.7115384615384616 0.5889423076923077 0.052884615384615384 0.06009615384615385
0 0.9867788461538461 0.65625 0.02403846153846154 0.07451923076923077
0 0.17548076923076922 0.71875 0.03365384615384615 0.07211538461538461
0 0.013221153846153846 0.8581730769230769 0.02403846153846154 0.08173076923076923