0 0.10096153846153846 0.25961538461538464 0.06971153846153846 0.036057692307692304
0 0.016826923076923076 0.28125 0.03365384615384615 0.03365384615384615
0 0.025240384615384616 0.22115384615384615 0.05048076923076923 0.03365384615384615
0 0.3762019230769231 0.109375 0.08653846153846154 0.04567307692307692
0 0.44350961538461536 0.7704326923076923 0.06971153846153846 0.040865384615384616
0 0.47475961538461536 0.7319711538461539 0.06971153846153846 0.036057692307692304
0 0.49158653846153844 0.7007211538461539 0.06490384615384616 0.04326923076923077
0 0.48677884615384615 0.48677884615384615 0.0673076923076923 0.05048076923076923
0 0.4879807692307692 0.2247596153846154 0.06971153846153846 0.040865384615384616
0 0.5048076923076923 0.1466346153846154 0.07451923076923077 0.04567307692307692
0 0.5961538461538461 0.7992788461538461 0.057692307692307696 0.03365384615384615
0 0.5817307692307693 0.2860576923076923 0.0625 0.055288461538461536
0 0.6394230769230769 0.01201923076923077 0.07692307692307693 0.02403846153846154
0 0.7295673076923077 0.8161057692307693 0.07211538461538461 0.036057692307692304
0 0.8762019230769231 0.9723557692307693 0.08413461538461539 0.026442307692307692