0 0.18509615384615385 0.84375 0.04326923076923077 0.06009615384615385
0 0.18509615384615385 0.9338942307692307 0.04326923076923077 0.040865384615384616
0 0.12379807692307693 0.9158653846153846 0.040865384615384616 0.05048076923076923
0 0.6574519230769231 0.9903846153846154 0.04567307692307692 0.014423076923076924
0 0.17307692307692307 0.625 0.04326923076923077 0.0625
0 0.265625 0.5997596153846154 0.040865384615384616 0.07211538461538461
0 0.22115384615384615 0.5889423076923077 0.055288461538461536 0.08413461538461539
0 0.09254807692307693 0.5432692307692307 0.04567307692307692 0.07211538461538461
0 0.75 0.6177884615384616 0.040865384615384616 0.07451923076923077
0 0.7235576923076923 0.5793269230769231 0.040865384615384616 0.07211538461538461
0 0.10336538461538461 0.890625 0.036057692307692304 0.0673076923076923
0 0.484375 0.5192307692307693 0.0625 0.0889423076923077
0 0.6935096153846154 0.5528846153846154 0.04567307692307692 0.057692307692307696
0 0.3701923076923077 0.4891826923076923 0.04807692307692308 0.08653846153846154
0 0.22956730769230768 0.4579326923076923 0.040865384615384616 0.055288461538461536
0 0.15504807692307693 0.42427884615384615 0.055288461538461536 0.07932692307692307
0 0.3076923076923077 0.38461538461538464 0.04326923076923077 0.057692307692307696
0 0.8149038461538461 0.46634615384615385 0.04326923076923077 0.06971153846153846
0 0.04447115384615385 0.26802884615384615 0.03365384615384615 0.07451923076923077
0 0.8569711538461539 0.3389423076923077 0.040865384615384616 0.06971153846153846