0 0.8557692307692307 0.5973557692307693 0.057692307692307696 0.040865384615384616
0 0.7524038461538461 0.5072115384615384 0.052884615384615384 0.04567307692307692
0 0.7439903846153846 0.7632211538461539 0.08413461538461539 0.06009615384615385
0 0.6322115384615384 0.6802884615384616 0.06971153846153846 0.052884615384615384
0 0.49399038461538464 0.4014423076923077 0.06490384615384616 0.05048076923076923
0 0.39783653846153844 0.3870192307692308 0.06490384615384616 0.05048076923076923
0 0.5060096153846154 0.7487980769230769 0.0625 0.055288461538461536
0 0.42788461538461536 0.5492788461538461 0.06490384615384616 0.05048076923076923
0 0.29086538461538464 0.5685096153846154 0.0673076923076923 0.052884615384615384
0 0.24759615384615385 0.8064903846153846 0.10096153846153846 0.06971153846153846
0 0.039663461538461536 0.42427884615384615 0.06971153846153846 0.06009615384615385