0 0.24879807692307693 0.39903846153846156 0.06490384615384616 0.057692307692307696
0 0.3389423076923077 0.2247596153846154 0.07211538461538461 0.06971153846153846
0 0.25600961538461536 0.46274038461538464 0.057692307692307696 0.057692307692307696
0 0.4254807692307692 0.109375 0.0889423076923077 0.07451923076923077
0 0.359375 0.27163461538461536 0.07211538461538461 0.06971153846153846
0 0.11538461538461539 0.8509615384615384 0.07451923076923077 0.0625
0 0.25721153846153844 0.6346153846153846 0.07451923076923077 0.0625
0 0.39783653846153844 0.453125 0.06971153846153846 0.0625
0 0.16826923076923078 0.109375 0.052884615384615384 0.04807692307692308
0 0.5456730769230769 0.14783653846153846 0.0673076923076923 0.055288461538461536
0 0.26322115384615385 0.7980769230769231 0.08173076923076923 0.06490384615384616
0 0.25721153846153844 0.8341346153846154 0.06009615384615385 0.057692307692307696
0 0.4831730769230769 0.45552884615384615 0.07211538461538461 0.06490384615384616
0 0.6129807692307693 0.18028846153846154 0.06971153846153846 0.06971153846153846
0 0.0625 0.3762019230769231 0.06009615384615385 0.055288461538461536
0 0.671875 0.17668269230769232 0.0625 0.06009615384615385
0 0.6622596153846154 0.26802884615384615 0.06971153846153846 0.0625
0 0.7487980769230769 0.09014423076923077 0.057692307692307696 0.057692307692307696
0 0.4495192307692308 0.7992788461538461 0.07211538461538461 0.0673076923076923
0 0.4050480769230769 0.9038461538461539 0.07692307692307693 0.06971153846153846
0 0.7463942307692307 0.1622596153846154 0.06490384615384616 0.055288461538461536
0 0.7139423076923077 0.2548076923076923 0.06971153846153846 0.06009615384615385
0 0.7824519230769231 0.10216346153846154 0.06009615384615385 0.057692307692307696
0 0.19951923076923078 0.09495192307692307 0.0625 0.052884615384615384
0 0.7596153846153846 0.19591346153846154 0.06490384615384616 0.055288461538461536
0 0.5625 0.6454326923076923 0.057692307692307696 0.05048076923076923
0 0.45072115384615385 0.9170673076923077 0.07932692307692307 0.07692307692307693
0 0.5733173076923077 0.6742788461538461 0.057692307692307696 0.05048076923076923
0 0.5108173076923077 0.8185096153846154 0.055288461538461536 0.052884615384615384
0 0.6610576923076923 0.4963942307692308 0.06971153846153846 0.0625
0 0.5228365384615384 0.8509615384615384 0.057692307692307696 0.052884615384615384
0 0.5564903846153846 0.78125 0.0673076923076923 0.0625
0 0.7055288461538461 0.49399038461538464 0.0625 0.055288461538461536
0 0.5540865384615384 0.9447115384615384 0.0889423076923077 0.06971153846153846
0 0.8016826923076923 0.5528846153846154 0.0625 0.06009615384615385
0 0.8413461538461539 0.5504807692307693 0.0625 0.052884615384615384
0 0.9182692307692307 0.45913461538461536 0.0625 0.06009615384615385
0 0.9867788461538461 0.3870192307692308 0.021634615384615384 0.0673076923076923
0 0.8161057692307693 0.9375 0.08173076923076923 0.07932692307692307
0 0.09014423076923077 0.5216346153846154 0.0673076923076923 0.057692307692307696
0 0.1814903846153846 0.33533653846153844 0.0625 0.06009615384615385
0 0.1658653846153846 0.41346153846153844 0.052884615384615384 0.04807692307692308
0 0.2247596153846154 0.28846153846153844 0.07451923076923077 0.0625
0 0.026442307692307692 0.7704326923076923 0.052884615384615384 0.06971153846153846
0 0.13221153846153846 0.5240384615384616 0.06490384615384616 0.057692307692307696