0 0.75 0.5625 0.08173076923076923 0.07211538461538461
0 0.6850961538461539 0.7451923076923077 0.057692307692307696 0.052884615384615384
0 0.7487980769230769 0.5204326923076923 0.0673076923076923 0.057692307692307696
0 0.6730769230769231 0.7163461538461539 0.0673076923076923 0.057692307692307696
0 0.6105769230769231 0.875 0.07451923076923077 0.0673076923076923
0 0.8329326923076923 0.10576923076923077 0.09615384615384616 0.07211538461538461
0 0.7151442307692307 0.33533653846153844 0.10817307692307693 0.09615384615384616
0 0.5048076923076923 0.8653846153846154 0.07932692307692307 0.06971153846153846
0 0.5997596153846154 0.5372596153846154 0.09134615384615384 0.08173076923076923
0 0.5180288461538461 0.5396634615384616 0.11057692307692307 0.10096153846153846
0 0.42427884615384615 0.8305288461538461 0.07451923076923077 0.07211538461538461
0 0.3762019230769231 0.8413461538461539 0.08653846153846154 0.08173076923076923
0 0.3629807692307692 0.7536057692307693 0.07451923076923077 0.0673076923076923
0 0.9435096153846154 0.5649038461538461 0.08413461538461539 0.07932692307692307
0 0.5108173076923077 0.1971153846153846 0.0889423076923077 0.08173076923076923
0 0.3137019230769231 0.7764423076923077 0.08173076923076923 0.07211538461538461
0 0.40384615384615385 0.22956730769230768 0.09615384615384616 0.09615384615384616
0 0.40625 0.06610576923076923 0.10576923076923077 0.08413461538461539
0 0.3581730769230769 0.021634615384615384 0.09134615384615384 0.04326923076923077
0 0.0889423076923077 0.5793269230769231 0.0889423076923077 0.08413461538461539
0 0.027644230769230768 0.6802884615384616 0.055288461538461536 0.07211538461538461
0 0.016826923076923076 0.7163461538461539 0.03365384615384615 0.057692307692307696
0 0.13341346153846154 0.11057692307692307 0.08173076923076923 0.07932692307692307
0 0.8473557692307693 0.5492788461538461 0.07211538461538461 0.06971153846153846
0 0.8209134615384616 0.6298076923076923 0.07932692307692307 0.0673076923076923
0 0.8064903846153846 0.671875 0.06971153846153846 0.06971153846153846
0 0.9447115384615384 0.1622596153846154 0.10336538461538461 0.09375