1 0.37259615384615385 0.9302884615384616 0.0673076923076923 0.06009615384615385
1 0.14302884615384615 0.2920673076923077 0.07211538461538461 0.0673076923076923
1 0.20673076923076922 0.43028846153846156 0.07211538461538461 0.07211538461538461
1 0.09254807692307693 0.7463942307692307 0.06971153846153846 0.06009615384615385
1 0.39663461538461536 0.8185096153846154 0.06490384615384616 0.04807692307692308
1 0.4026442307692308 0.7944711538461539 0.0625 0.05048076923076923
1 0.4375 0.7596153846153846 0.06490384615384616 0.057692307692307696
1 0.23197115384615385 0.25721153846153844 0.06490384615384616 0.06009615384615385
1 0.4026442307692308 0.5576923076923077 0.08653846153846154 0.07451923076923077
1 0.5661057692307693 0.8689903846153846 0.07692307692307693 0.06490384615384616
1 0.5 0.6850961538461539 0.0625 0.04807692307692308
1 0.5024038461538461 0.65625 0.07451923076923077 0.06490384615384616
1 0.6129807692307693 0.9002403846153846 0.0673076923076923 0.057692307692307696
1 0.32091346153846156 0.2091346153846154 0.08653846153846154 0.07692307692307693
1 0.46033653846153844 0.4855769230769231 0.07211538461538461 0.0673076923076923
1 0.6069711538461539 0.6153846153846154 0.0673076923076923 0.0625
1 0.6322115384615384 0.6586538461538461 0.0673076923076923 0.055288461538461536
1 0.49158653846153844 0.21995192307692307 0.07932692307692307 0.06971153846153846
1 0.5949519230769231 0.38100961538461536 0.0673076923076923 0.052884615384615384
1 0.7536057692307693 0.7403846153846154 0.0985576923076923 0.07692307692307693
1 0.6875 0.5853365384615384 0.06490384615384616 0.06009615384615385
1 0.6742788461538461 0.5528846153846154 0.06490384615384616 0.06009615384615385
1 0.7247596153846154 0.6622596153846154 0.08653846153846154 0.07451923076923077
1 0.6237980769230769 0.3449519230769231 0.06009615384615385 0.055288461538461536
1 0.03245192307692308 0.5 0.057692307692307696 0.05048076923076923
1 0.20192307692307693 0.8954326923076923 0.04326923076923077 0.05048076923076923
1 0.8401442307692307 0.7824519230769231 0.0673076923076923 0.0673076923076923
1 0.9050480769230769 0.8233173076923077 0.0673076923076923 0.0625
1 0.7211538461538461 0.3293269230769231 0.06490384615384616 0.057692307692307696
1 0.7391826923076923 0.27163461538461536 0.07451923076923077 0.06490384615384616
1 0.671875 0.07091346153846154 0.07211538461538461 0.06009615384615385
1 0.9723557692307693 0.7980769230769231 0.05048076923076923 0.0673076923076923
1 0.6790865384615384 0.028846153846153848 0.07932692307692307 0.057692307692307696
1 0.9795673076923077 0.7283653846153846 0.036057692307692304 0.052884615384615384
1 0.7992788461538461 0.2620192307692308 0.06971153846153846 0.06009615384615385
1 0.9819711538461539 0.7091346153846154 0.03125 0.04326923076923077
1 0.7271634615384616 0.019230769230769232 0.06971153846153846 0.038461538461538464
1 0.7632211538461539 0.054086538461538464 0.06971153846153846 0.0625
1 0.21754807692307693 0.8713942307692307 0.052884615384615384 0.05048076923076923
1 0.046875 0.4651442307692308 0.06009615384615385 0.05048076923076923
1 0.9891826923076923 0.5588942307692307 0.016826923076923076 0.07932692307692307
1 0.25600961538461536 0.84375 0.052884615384615384 0.04807692307692308
1 0.2536057692307692 0.7932692307692307 0.06490384615384616 0.057692307692307696
1 0.09615384615384616 0.41947115384615385 0.07451923076923077 0.06490384615384616
1 0.15985576923076922 0.5649038461538461 0.07932692307692307 0.0673076923076923
1 0.328125 0.9134615384615384 0.0673076923076923 0.057692307692307696