1 0.2776442307692308 0.8858173076923077 0.06009615384615385 0.06009615384615385
1 0.22596153846153846 0.3605769230769231 0.07211538461538461 0.057692307692307696
1 0.21033653846153846 0.21754807692307693 0.055288461538461536 0.04807692307692308
1 0.3629807692307692 0.9903846153846154 0.08653846153846154 0.014423076923076924
1 0.05048076923076923 0.6454326923076923 0.06490384615384616 0.052884615384615384
1 0.38461538461538464 0.7355769230769231 0.0673076923076923 0.052884615384615384
1 0.29086538461538464 0.20072115384615385 0.0625 0.052884615384615384
1 0.3894230769230769 0.5300480769230769 0.07932692307692307 0.055288461538461536
1 0.4831730769230769 0.8762019230769231 0.07692307692307693 0.0673076923076923
1 0.5180288461538461 0.9098557692307693 0.06009615384615385 0.04567307692307692
1 0.3918269230769231 0.17307692307692307 0.06971153846153846 0.07211538461538461
1 0.46274038461538464 0.4807692307692308 0.0673076923076923 0.057692307692307696
1 0.5697115384615384 0.640625 0.07451923076923077 0.06009615384615385
1 0.5997596153846154 0.6911057692307693 0.05048076923076923 0.04567307692307692
1 0.5504807692307693 0.22355769230769232 0.08173076923076923 0.06490384615384616
1 0.6213942307692307 0.39903846153846156 0.055288461538461536 0.04807692307692308
1 0.6935096153846154 0.7932692307692307 0.07932692307692307 0.055288461538461536
1 0.6790865384615384 0.7067307692307693 0.052884615384615384 0.04326923076923077
1 0.6514423076923077 0.38461538461538464 0.04807692307692308 0.040865384615384616
1 0.7644230769230769 0.8461538461538461 0.0673076923076923 0.052884615384615384
1 0.8221153846153846 0.9026442307692307 0.06009615384615385 0.04807692307692308
1 0.7524038461538461 0.38221153846153844 0.07692307692307693 0.06009615384615385
1 0.7824519230769231 0.3293269230769231 0.06490384615384616 0.04807692307692308
1 0.7680288461538461 0.11658653846153846 0.052884615384615384 0.04567307692307692
1 0.9050480769230769 0.8954326923076923 0.07451923076923077 0.055288461538461536
1 0.78125 0.07572115384615384 0.04807692307692308 0.040865384615384616
1 0.8425480769230769 0.33413461538461536 0.055288461538461536 0.05048076923076923
1 0.8401442307692307 0.0733173076923077 0.06009615384615385 0.04807692307692308
1 0.8569711538461539 0.12259615384615384 0.04807692307692308 0.040865384615384616
1 0.8461538461538461 0.008413461538461538 0.057692307692307696 0.016826923076923076
1 0.9807692307692307 0.6790865384615384 0.03365384615384615 0.055288461538461536
1 0.20432692307692307 0.9855769230769231 0.08653846153846154 0.02403846153846154
1 0.18509615384615385 0.7788461538461539 0.06009615384615385 0.052884615384615384
1 0.1875 0.7367788461538461 0.07211538461538461 0.052884615384615384
1 0.1502403846153846 0.484375 0.0889423076923077 0.057692307692307696
1 0.12740384615384615 0.3245192307692308 0.0673076923076923 0.04807692307692308
1 0.2512019230769231 0.8665865384615384 0.055288461538461536 0.04567307692307692