1 0.9891826923076923 0.9567307692307693 0.016826923076923076 0.038461538461538464
1 0.7704326923076923 0.140625 0.057692307692307696 0.040865384615384616
1 0.7548076923076923 0.6694711538461539 0.06009615384615385 0.04326923076923077
1 0.7584134615384616 0.8209134615384616 0.055288461538461536 0.06009615384615385
1 0.6935096153846154 0.020432692307692308 0.06971153846153846 0.040865384615384616
1 0.6802884615384616 0.8197115384615384 0.057692307692307696 0.04326923076923077
1 0.6382211538461539 0.2800480769230769 0.07932692307692307 0.055288461538461536
1 0.6141826923076923 0.48197115384615385 0.07211538461538461 0.05048076923076923
1 0.9555288461538461 0.4074519230769231 0.055288461538461536 0.04326923076923077
1 0.5564903846153846 0.12620192307692307 0.07451923076923077 0.04807692307692308
1 0.5288461538461539 0.0889423076923077 0.052884615384615384 0.05048076923076923
1 0.5661057692307693 0.8305288461538461 0.0673076923076923 0.052884615384615384
1 0.5324519230769231 0.5240384615384616 0.06971153846153846 0.05048076923076923
1 0.44350961538461536 0.3485576923076923 0.06971153846153846 0.04567307692307692
1 0.4266826923076923 0.3004807692307692 0.052884615384615384 0.04567307692307692
1 0.41586538461538464 0.765625 0.06009615384615385 0.05048076923076923
1 0.3485576923076923 0.18269230769230768 0.06009615384615385 0.04567307692307692
1 0.3401442307692308 0.27524038461538464 0.0625 0.04567307692307692
1 0.27524038461538464 0.12379807692307693 0.0625 0.06009615384615385
1 0.22956730769230768 0.06370192307692307 0.0625 0.04567307692307692
1 0.22956730769230768 0.5865384615384616 0.06490384615384616 0.04326923076923077
1 0.19591346153846154 0.6286057692307693 0.055288461538461536 0.04326923076923077
1 0.1875 0.8449519230769231 0.057692307692307696 0.038461538461538464
1 0.14182692307692307 0.056490384615384616 0.07211538461538461 0.05048076923076923
1 0.16706730769230768 0.8834134615384616 0.04567307692307692 0.03125
1 0.13581730769230768 0.6225961538461539 0.0625 0.055288461538461536
1 0.1201923076923077 0.8810096153846154 0.05048076923076923 0.040865384615384616
1 0.10336538461538461 0.8317307692307693 0.04567307692307692 0.036057692307692304
1 0.09014423076923077 0.9663461538461539 0.052884615384615384 0.052884615384615384
1 0.030048076923076924 0.2644230769230769 0.06009615384615385 0.052884615384615384
1 0.018028846153846152 0.18028846153846154 0.036057692307692304 0.052884615384615384
1 0.8521634615384616 0.03365384615384615 0.08413461538461539 0.0625
1 0.8449519230769231 0.2620192307692308 0.06009615384615385 0.038461538461538464
1 0.8425480769230769 0.30408653846153844 0.04567307692307692 0.036057692307692304
1 0.8485576923076923 0.5528846153846154 0.05048076923076923 0.04326923076923077
1 0.8485576923076923 0.7211538461538461 0.057692307692307696 0.04567307692307692
1 0.8028846153846154 0.1658653846153846 0.05048076923076923 0.036057692307692304