1 0.8016826923076923 0.17067307692307693 0.0673076923076923 0.04567307692307692
1 0.7295673076923077 0.8461538461538461 0.06009615384615385 0.057692307692307696
1 0.7367788461538461 0.6923076923076923 0.057692307692307696 0.055288461538461536
1 0.7355769230769231 0.2536057692307692 0.04567307692307692 0.040865384615384616
1 0.7367788461538461 0.038461538461538464 0.07211538461538461 0.055288461538461536
1 0.7103365384615384 0.2776442307692308 0.04567307692307692 0.040865384615384616
1 0.9663461538461539 0.46033653846153844 0.0625 0.055288461538461536
1 0.6706730769230769 0.2956730769230769 0.04567307692307692 0.05048076923076923
1 0.6334134615384616 0.8305288461538461 0.057692307692307696 0.057692307692307696
1 0.6153846153846154 0.49038461538461536 0.05048076923076923 0.05048076923076923
1 0.6033653846153846 0.140625 0.07692307692307693 0.04807692307692308
1 0.5817307692307693 0.33413461538461536 0.055288461538461536 0.036057692307692304
1 0.5697115384615384 0.3629807692307692 0.057692307692307696 0.036057692307692304
1 0.5372596153846154 0.8365384615384616 0.0673076923076923 0.055288461538461536
1 0.5745192307692307 0.09014423076923077 0.07692307692307693 0.04326923076923077
1 0.5372596153846154 0.5324519230769231 0.0625 0.040865384615384616
1 0.46033653846153844 0.3473557692307692 0.0673076923076923 0.040865384615384616
1 0.44591346153846156 0.3004807692307692 0.052884615384615384 0.05048076923076923
1 0.38100961538461536 0.7560096153846154 0.06009615384615385 0.052884615384615384
1 0.36177884615384615 0.5649038461538461 0.057692307692307696 0.04567307692307692
1 0.3701923076923077 0.3389423076923077 0.05048076923076923 0.040865384615384616
1 0.36778846153846156 0.3762019230769231 0.052884615384615384 0.04326923076923077
1 0.3737980769230769 0.16947115384615385 0.052884615384615384 0.055288461538461536
1 0.36778846153846156 0.25600961538461536 0.06009615384615385 0.055288461538461536
1 0.31850961538461536 0.5865384615384616 0.055288461538461536 0.05048076923076923
1 0.921875 0.7019230769230769 0.04567307692307692 0.04326923076923077
1 0.3088942307692308 0.0985576923076923 0.06971153846153846 0.052884615384615384
1 0.9399038461538461 0.27163461538461536 0.057692307692307696 0.040865384615384616
1 0.27403846153846156 0.037259615384615384 0.06009615384615385 0.055288461538461536
1 0.2283653846153846 0.5564903846153846 0.06009615384615385 0.04567307692307692
1 0.19110576923076922 0.6033653846153846 0.06009615384615385 0.05048076923076923
1 0.16105769230769232 0.8076923076923077 0.06490384615384616 0.04807692307692308
1 0.19471153846153846 0.02283653846153846 0.06971153846153846 0.036057692307692304
1 0.13701923076923078 0.8533653846153846 0.057692307692307696 0.038461538461538464
1 0.15985576923076922 0.07692307692307693 0.06009615384615385 0.036057692307692304
1 0.12740384615384615 0.5829326923076923 0.052884615384615384 0.05048076923076923
1 0.14423076923076922 0.0985576923076923 0.06009615384615385 0.036057692307692304
1 0.07572115384615384 0.8425480769230769 0.05048076923076923 0.038461538461538464
1 0.0673076923076923 0.78125 0.04567307692307692 0.04567307692307692
1 0.052884615384615384 0.9230769230769231 0.06009615384615385 0.04567307692307692
1 0.8942307692307693 0.7283653846153846 0.057692307692307696 0.040865384615384616
1 0.055288461538461536 0.20432692307692307 0.06490384615384616 0.04567307692307692
1 0.9134615384615384 0.28725961538461536 0.04326923076923077 0.036057692307692304
1 0.042067307692307696 0.1346153846153846 0.04567307692307692 0.04567307692307692
1 0.9050480769230769 0.07692307692307693 0.07932692307692307 0.055288461538461536
1 0.8762019230769231 0.3016826923076923 0.06490384615384616 0.04567307692307692
1 0.8521634615384616 0.3425480769230769 0.06009615384615385 0.038461538461538464
1 0.8329326923076923 0.5949519230769231 0.06490384615384616 0.04567307692307692
1 0.8233173076923077 0.7584134615384616 0.0673076923076923 0.05048076923076923
1 0.8413461538461539 0.20793269230769232 0.07451923076923077 0.052884615384615384