0 0.5096153846153846 0.7704326923076923 0.040865384615384616 0.052884615384615384
0 0.3137019230769231 0.7596153846153846 0.052884615384615384 0.055288461538461536
0 0.5649038461538461 0.7379807692307693 0.04326923076923077 0.04326923076923077
0 0.17307692307692307 0.7271634615384616 0.04807692307692308 0.07692307692307693
0 0.3485576923076923 0.7211538461538461 0.052884615384615384 0.055288461538461536
0 0.9771634615384616 0.7115384615384616 0.040865384615384616 0.0625
0 0.7211538461538461 0.6670673076923077 0.038461538461538464 0.06490384615384616
0 0.4987980769230769 0.6129807692307693 0.04326923076923077 0.057692307692307696
0 0.2776442307692308 0.9615384615384616 0.03365384615384615 0.04326923076923077
0 0.15985576923076922 0.6009615384615384 0.03365384615384615 0.057692307692307696
0 0.8689903846153846 0.5949519230769231 0.038461538461538464 0.07211538461538461
0 0.9038461538461539 0.5853365384615384 0.040865384615384616 0.04807692307692308
0 0.46634615384615385 0.5336538461538461 0.04326923076923077 0.06009615384615385
0 0.1622596153846154 0.5264423076923077 0.052884615384615384 0.052884615384615384
0 0.5649038461538461 0.9495192307692307 0.038461538461538464 0.04807692307692308
0 0.1346153846153846 0.47475961538461536 0.04326923076923077 0.04807692307692308
0 0.22235576923076922 0.44591346153846156 0.04326923076923077 0.057692307692307696
0 0.02403846153846154 0.43990384615384615 0.04326923076923077 0.04326923076923077
0 0.018028846153846152 0.9423076923076923 0.03365384615384615 0.04326923076923077
0 0.7932692307692307 0.42427884615384615 0.04807692307692308 0.06009615384615385
0 0.9074519230769231 0.421875 0.04807692307692308 0.0625
0 0.09134615384615384 0.41225961538461536 0.036057692307692304 0.055288461538461536
0 0.18870192307692307 0.4050480769230769 0.038461538461538464 0.06009615384615385
0 0.021634615384615384 0.40384615384615385 0.040865384615384616 0.04807692307692308
0 0.25240384615384615 0.9387019230769231 0.03365384615384615 0.052884615384615384
0 0.11658653846153846 0.3870192307692308 0.036057692307692304 0.055288461538461536
0 0.6069711538461539 0.38341346153846156 0.03365384615384615 0.04807692307692308
0 0.9014423076923077 0.375 0.055288461538461536 0.0625
0 0.6298076923076923 0.36177884615384615 0.03365384615384615 0.04807692307692308
0 0.7860576923076923 0.3605769230769231 0.038461538461538464 0.04567307692307692
0 0.43149038461538464 0.3545673076923077 0.04326923076923077 0.057692307692307696
0 0.8112980769230769 0.33653846153846156 0.036057692307692304 0.04807692307692308
0 0.734375 0.33413461538461536 0.04326923076923077 0.055288461538461536
0 0.4110576923076923 0.31490384615384615 0.036057692307692304 0.052884615384615384
0 0.8846153846153846 0.2692307692307692 0.04326923076923077 0.07692307692307693
0 0.9459134615384616 0.22596153846153846 0.05048076923076923 0.05048076923076923
0 0.4254807692307692 0.203125 0.04567307692307692 0.04807692307692308
0 0.4074519230769231 0.16706730769230768 0.03365384615384615 0.052884615384615384
0 0.9615384615384616 0.1466346153846154 0.038461538461538464 0.0673076923076923
0 0.2920673076923077 0.1346153846153846 0.04326923076923077 0.04807692307692308
0 0.1310096153846154 0.08653846153846154 0.04326923076923077 0.06490384615384616
0 0.18870192307692307 0.08052884615384616 0.04807692307692308 0.05048076923076923
0 0.04567307692307692 0.056490384615384616 0.05048076923076923 0.07451923076923077
0 0.7716346153846154 0.03365384615384615 0.057692307692307696 0.06490384615384616
0 0.6862980769230769 0.8653846153846154 0.038461538461538464 0.055288461538461536
0 0.4795673076923077 0.8581730769230769 0.04326923076923077 0.04807692307692308
0 0.5564903846153846 0.8401442307692307 0.03365384615384615 0.04326923076923077
0 0.4182692307692308 0.8377403846153846 0.040865384615384616 0.0625
0 0.9423076923076923 0.8329326923076923 0.04807692307692308 0.057692307692307696
0 0.671875 0.8257211538461539 0.040865384615384616 0.052884615384615384