0 0.6430288461538461 0.8617788461538461 0.057692307692307696 0.055288461538461536
0 0.7067307692307693 0.5264423076923077 0.06009615384615385 0.0625
0 0.6069711538461539 0.9278846153846154 0.06009615384615385 0.0625
0 0.5420673076923077 0.5384615384615384 0.055288461538461536 0.057692307692307696
0 0.4891826923076923 0.6430288461538461 0.057692307692307696 0.057692307692307696
0 0.4567307692307692 0.7427884615384616 0.06490384615384616 0.06009615384615385
0 0.45072115384615385 0.46153846153846156 0.05048076923076923 0.057692307692307696
0 0.37740384615384615 0.7560096153846154 0.06490384615384616 0.06971153846153846
0 0.36658653846153844 0.5048076923076923 0.06009615384615385 0.057692307692307696
0 0.3954326923076923 0.3713942307692308 0.057692307692307696 0.055288461538461536
0 0.3317307692307692 0.3870192307692308 0.0673076923076923 0.057692307692307696
0 0.1658653846153846 0.8100961538461539 0.06490384615384616 0.057692307692307696