1 0.30408653846153844 0.09014423076923077 0.057692307692307696 0.07211538461538461
1 0.7692307692307693 0.3473557692307692 0.06490384615384616 0.0673076923076923
1 0.8990384615384616 0.41586538461538464 0.0673076923076923 0.07451923076923077
1 0.15144230769230768 0.1045673076923077 0.06490384615384616 0.07692307692307693
1 0.6286057692307693 0.04807692307692308 0.07932692307692307 0.08653846153846154
1 0.8629807692307693 0.484375 0.06971153846153846 0.07211538461538461
1 0.36899038461538464 0.2776442307692308 0.06009615384615385 0.06490384615384616
1 0.5336538461538461 0.39302884615384615 0.07692307692307693 0.07692307692307693
1 0.19831730769230768 0.2776442307692308 0.07211538461538461 0.08653846153846154
1 0.14903846153846154 0.2848557692307692 0.06971153846153846 0.08413461538461539
1 0.8257211538461539 0.59375 0.07451923076923077 0.07451923076923077
1 0.5396634615384616 0.48197115384615385 0.07451923076923077 0.07451923076923077
1 0.3425480769230769 0.4855769230769231 0.057692307692307696 0.0673076923076923
1 0.2956730769230769 0.47716346153846156 0.057692307692307696 0.057692307692307696
1 0.6983173076923077 0.6971153846153846 0.07451923076923077 0.08413461538461539
1 0.5108173076923077 0.6490384615384616 0.057692307692307696 0.06009615384615385
1 0.15144230769230768 0.49399038461538464 0.06490384615384616 0.07211538461538461
1 0.33533653846153844 0.578125 0.040865384615384616 0.04567307692307692
1 0.3076923076923077 0.5673076923076923 0.04326923076923077 0.05048076923076923
1 0.22115384615384615 0.5336538461538461 0.06009615384615385 0.0625
1 0.5180288461538461 0.6935096153846154 0.057692307692307696 0.06490384615384616
1 0.06009615384615385 0.5276442307692307 0.052884615384615384 0.0625
1 0.8425480769230769 0.18389423076923078 0.040865384615384616 0.04567307692307692
1 0.009615384615384616 0.5480769230769231 0.019230769230769232 0.07211538461538461
1 0.4579326923076923 0.7776442307692307 0.0625 0.06971153846153846
1 0.4795673076923077 0.8269230769230769 0.055288461538461536 0.0673076923076923
1 0.6658653846153846 0.9350961538461539 0.06009615384615385 0.0673076923076923
1 0.6971153846153846 0.96875 0.057692307692307696 0.057692307692307696
1 0.4423076923076923 0.8774038461538461 0.0625 0.06971153846153846
1 0.6694711538461539 0.9879807692307693 0.06490384615384616 0.019230769230769232
1 0.8521634615384616 0.2091346153846154 0.04807692307692308 0.052884615384615384
1 0.6069711538461539 0.9831730769230769 0.06971153846153846 0.028846153846153848
1 0.07091346153846154 0.8197115384615384 0.06490384615384616 0.07692307692307693
1 0.01201923076923077 0.7944711538461539 0.02403846153846154 0.06490384615384616
1 0.24759615384615385 0.009615384615384616 0.07692307692307693 0.019230769230769232
1 0.4483173076923077 0.07932692307692307 0.06009615384615385 0.06490384615384616
1 0.47716346153846156 0.11658653846153846 0.057692307692307696 0.0673076923076923
1 0.7019230769230769 0.21634615384615385 0.07211538461538461 0.08173076923076923
1 0.8521634615384616 0.2860576923076923 0.06971153846153846 0.07932692307692307
1 0.3425480769230769 0.08413461538461539 0.06971153846153846 0.08653846153846154