1 0.296875 0.09615384615384616 0.0625 0.07692307692307693
1 0.9038461538461539 0.4050480769230769 0.06009615384615385 0.06490384615384616
1 0.6346153846153846 0.040865384615384616 0.057692307692307696 0.0625
1 0.7584134615384616 0.35096153846153844 0.07211538461538461 0.07451923076923077
1 0.890625 0.15745192307692307 0.04807692307692308 0.04567307692307692
1 0.35336538461538464 0.19230769230769232 0.05048076923076923 0.057692307692307696
1 0.1502403846153846 0.10576923076923077 0.06490384615384616 0.08173076923076923
1 0.37259615384615385 0.21514423076923078 0.04326923076923077 0.05048076923076923
1 0.37259615384615385 0.2692307692307692 0.05048076923076923 0.055288461538461536
1 0.8461538461538461 0.5012019230769231 0.06009615384615385 0.06971153846153846
1 0.53125 0.38341346153846156 0.06971153846153846 0.07692307692307693
1 0.203125 0.27283653846153844 0.0625 0.07211538461538461
1 0.3737980769230769 0.36778846153846156 0.04807692307692308 0.052884615384615384
1 0.39903846153846156 0.38100961538461536 0.04326923076923077 0.055288461538461536
1 0.8305288461538461 0.5817307692307693 0.0673076923076923 0.07932692307692307
1 0.14302884615384615 0.2920673076923077 0.057692307692307696 0.07211538461538461
1 0.5456730769230769 0.4807692307692308 0.0673076923076923 0.07932692307692307
1 0.3389423076923077 0.4795673076923077 0.04326923076923077 0.05048076923076923
1 0.29927884615384615 0.47836538461538464 0.06009615384615385 0.0625
1 0.8112980769230769 0.7367788461538461 0.055288461538461536 0.0625
1 0.7824519230769231 0.7307692307692307 0.055288461538461536 0.06009615384615385
1 0.9038461538461539 0.19831730769230768 0.0625 0.0625
1 0.6935096153846154 0.703125 0.07692307692307693 0.07692307692307693
1 0.5120192307692307 0.6490384615384616 0.07211538461538461 0.07211538461538461
1 0.15384615384615385 0.5024038461538461 0.06971153846153846 0.08413461538461539
1 0.44471153846153844 0.018028846153846152 0.057692307692307696 0.036057692307692304
1 0.21634615384615385 0.5336538461538461 0.07211538461538461 0.0673076923076923
1 0.3004807692307692 0.5745192307692307 0.05048076923076923 0.057692307692307696
1 0.5192307692307693 0.7079326923076923 0.06490384615384616 0.07211538461538461
1 0.8389423076923077 0.17908653846153846 0.055288461538461536 0.052884615384615384
1 0.056490384615384616 0.5288461538461539 0.06971153846153846 0.07211538461538461
1 0.007211538461538462 0.5324519230769231 0.014423076923076924 0.06971153846153846
1 0.45552884615384615 0.7692307692307693 0.06009615384615385 0.06971153846153846
1 0.48677884615384615 0.8221153846153846 0.055288461538461536 0.0673076923076923
1 0.6694711538461539 0.9266826923076923 0.07211538461538461 0.08173076923076923
1 0.6935096153846154 0.9699519230769231 0.05048076923076923 0.057692307692307696
1 0.007211538461538462 0.6586538461538461 0.014423076923076924 0.07692307692307693
1 0.44591346153846156 0.8701923076923077 0.07211538461538461 0.06490384615384616
1 0.015625 0.6959134615384616 0.03125 0.06971153846153846
1 0.6105769230769231 0.9819711538461539 0.0673076923076923 0.03125
1 0.8581730769230769 0.21514423076923078 0.04326923076923077 0.05048076923076923
1 0.06490384615384616 0.7992788461538461 0.06490384615384616 0.07211538461538461
1 0.44591346153846156 0.038461538461538464 0.057692307692307696 0.057692307692307696
1 0.453125 0.07692307692307693 0.055288461538461536 0.0673076923076923
1 0.4807692307692308 0.1141826923076923 0.05048076923076923 0.057692307692307696
1 0.859375 0.2824519230769231 0.057692307692307696 0.06009615384615385
1 0.6189903846153846 0.17908653846153846 0.052884615384615384 0.07211538461538461
1 0.5913461538461539 0.16826923076923078 0.04326923076923077 0.05048076923076923
1 0.7115384615384616 0.2247596153846154 0.07211538461538461 0.07211538461538461
1 0.35096153846153844 0.07692307692307693 0.0625 0.07451923076923077