1 0.7728365384615384 0.8557692307692307 0.05048076923076923 0.0625
1 0.12259615384615384 0.6670673076923077 0.06009615384615385 0.0673076923076923
1 0.2704326923076923 0.6959134615384616 0.0673076923076923 0.0673076923076923
1 0.46153846153846156 0.9699519230769231 0.057692307692307696 0.055288461538461536
1 0.9146634615384616 0.8269230769230769 0.057692307692307696 0.08173076923076923
1 0.6959134615384616 0.7716346153846154 0.040865384615384616 0.0625
1 0.6814903846153846 0.7512019230769231 0.04567307692307692 0.06009615384615385
1 0.6742788461538461 0.703125 0.05048076923076923 0.0625
1 0.1466346153846154 0.5733173076923077 0.055288461538461536 0.0625
1 0.49038461538461536 0.6129807692307693 0.06490384615384616 0.08173076923076923
1 0.8377403846153846 0.6634615384615384 0.057692307692307696 0.07211538461538461
1 0.6502403846153846 0.6081730769230769 0.040865384615384616 0.06009615384615385
1 0.6274038461538461 0.5901442307692307 0.055288461538461536 0.06971153846153846
1 0.8894230769230769 0.6442307692307693 0.05048076923076923 0.06490384615384616
1 0.15985576923076922 0.47475961538461536 0.0673076923076923 0.08173076923076923
1 0.4651442307692308 0.5240384615384616 0.06009615384615385 0.0673076923076923
1 0.65625 0.48197115384615385 0.055288461538461536 0.0625
1 0.7067307692307693 0.4855769230769231 0.04567307692307692 0.0673076923076923
1 0.26802884615384615 0.3425480769230769 0.0625 0.07451923076923077
1 0.46033653846153844 0.35336538461538464 0.04567307692307692 0.06490384615384616
1 0.84375 0.4362980769230769 0.0673076923076923 0.09615384615384616
1 0.6790865384615384 0.39783653846153844 0.052884615384615384 0.06009615384615385
1 0.6454326923076923 0.390625 0.052884615384615384 0.06009615384615385
1 0.7632211538461539 0.41346153846153844 0.0625 0.08413461538461539
1 0.44711538461538464 0.3088942307692308 0.04807692307692308 0.055288461538461536
1 0.2247596153846154 0.8786057692307693 0.04326923076923077 0.055288461538461536
1 0.6442307692307693 0.9735576923076923 0.04807692307692308 0.038461538461538464
1 0.9290865384615384 0.390625 0.06009615384615385 0.06009615384615385
1 0.984375 0.3641826923076923 0.026442307692307692 0.06490384615384616
1 0.49158653846153844 0.21995192307692307 0.052884615384615384 0.06009615384615385
1 0.45552884615384615 0.17307692307692307 0.055288461538461536 0.06971153846153846
1 0.2536057692307692 0.109375 0.052884615384615384 0.06971153846153846
1 0.22115384615384615 0.07692307692307693 0.05048076923076923 0.07451923076923077
1 0.9759615384615384 0.23197115384615385 0.04326923076923077 0.0673076923076923
1 0.4831730769230769 0.11778846153846154 0.052884615384615384 0.06490384615384616
1 0.9591346153846154 0.22355769230769232 0.036057692307692304 0.04807692307692308
1 0.23557692307692307 0.03245192307692308 0.04807692307692308 0.06490384615384616
1 0.29447115384615385 0.030048076923076924 0.06009615384615385 0.06009615384615385
1 0.16466346153846154 0.006009615384615385 0.055288461538461536 0.01201923076923077
1 0.6346153846153846 0.9471153846153846 0.04567307692307692 0.04807692307692308
1 0.20552884615384615 0.8461538461538461 0.04567307692307692 0.057692307692307696
1 0.8557692307692307 0.10817307692307693 0.0673076923076923 0.08173076923076923
1 0.9411057692307693 0.11057692307692307 0.0625 0.05048076923076923
1 0.8473557692307693 0.9627403846153846 0.06971153846153846 0.06971153846153846
1 0.6346153846153846 0.9002403846153846 0.04326923076923077 0.05048076923076923
1 0.5913461538461539 0.8713942307692307 0.052884615384615384 0.06009615384615385
1 0.1971153846153846 0.7788461538461539 0.055288461538461536 0.06971153846153846
1 0.35216346153846156 0.8137019230769231 0.057692307692307696 0.07451923076923077
1 0.7331730769230769 0.8822115384615384 0.05048076923076923 0.06490384615384616