1 0.14302884615384615 0.22355769230769232 0.040865384615384616 0.055288461538461536
1 0.8269230769230769 0.24278846153846154 0.055288461538461536 0.0625
1 0.6754807692307693 0.2512019230769231 0.0625 0.052884615384615384
1 0.018028846153846152 0.2932692307692308 0.036057692307692304 0.08173076923076923
1 0.23918269230769232 0.2860576923076923 0.036057692307692304 0.04326923076923077
1 0.2620192307692308 0.3016826923076923 0.036057692307692304 0.038461538461538464
1 0.41947115384615385 0.036057692307692304 0.04326923076923077 0.06971153846153846
1 0.2848557692307692 0.35096153846153844 0.04326923076923077 0.05048076923076923
1 0.8209134615384616 0.3401442307692308 0.055288461538461536 0.05048076923076923
1 0.4831730769230769 0.3894230769230769 0.052884615384615384 0.0625
1 0.1310096153846154 0.42908653846153844 0.05048076923076923 0.06009615384615385
1 0.3293269230769231 0.43149038461538464 0.038461538461538464 0.040865384615384616
1 0.3545673076923077 0.4411057692307692 0.036057692307692304 0.052884615384615384
1 0.8329326923076923 0.42908653846153844 0.04567307692307692 0.07211538461538461
1 0.09134615384615384 0.4675480769230769 0.055288461538461536 0.07211538461538461
1 0.5288461538461539 0.4675480769230769 0.05048076923076923 0.06971153846153846
1 0.35216346153846156 0.5516826923076923 0.04567307692307692 0.04567307692307692
1 0.30528846153846156 0.5661057692307693 0.04567307692307692 0.04567307692307692
1 0.765625 0.5913461538461539 0.06009615384615385 0.04567307692307692
1 0.5757211538461539 0.6310096153846154 0.04567307692307692 0.0625
1 0.3858173076923077 0.6418269230769231 0.036057692307692304 0.06009615384615385
1 0.1814903846153846 0.6490384615384616 0.04567307692307692 0.07932692307692307
1 0.2668269230769231 0.6490384615384616 0.040865384615384616 0.057692307692307696
1 0.3545673076923077 0.6466346153846154 0.04567307692307692 0.04326923076923077
1 0.6033653846153846 0.6790865384615384 0.05048076923076923 0.0625
1 0.6634615384615384 0.06370192307692307 0.040865384615384616 0.052884615384615384
1 0.1141826923076923 0.71875 0.05048076923076923 0.06009615384615385
1 0.234375 0.08173076923076923 0.04567307692307692 0.040865384615384616
1 0.052884615384615384 0.7620192307692307 0.04326923076923077 0.06009615384615385
1 0.5757211538461539 0.765625 0.04567307692307692 0.06490384615384616
1 0.6298076923076923 0.8004807692307693 0.040865384615384616 0.055288461538461536
1 0.8413461538461539 0.8137019230769231 0.055288461538461536 0.057692307692307696
1 0.051682692307692304 0.8473557692307693 0.04567307692307692 0.06490384615384616
1 0.8810096153846154 0.8389423076923077 0.04326923076923077 0.0625
1 0.10576923076923077 0.875 0.036057692307692304 0.057692307692307696
1 0.6129807692307693 0.8641826923076923 0.04567307692307692 0.0625
1 0.13221153846153846 0.890625 0.038461538461538464 0.06009615384615385
1 0.8774038461538461 0.890625 0.04326923076923077 0.04567307692307692
1 0.6947115384615384 0.08533653846153846 0.04567307692307692 0.05048076923076923
1 0.8185096153846154 0.9074519230769231 0.055288461538461536 0.06009615384615385
1 0.9639423076923077 0.9122596153846154 0.04567307692307692 0.06971153846153846
1 0.25 0.9663461538461539 0.05048076923076923 0.0625
1 0.171875 0.9795673076923077 0.04567307692307692 0.036057692307692304
1 0.24879807692307693 0.10576923076923077 0.036057692307692304 0.038461538461538464
1 0.038461538461538464 0.13221153846153846 0.06009615384615385 0.0673076923076923
1 0.2704326923076923 0.14783653846153846 0.036057692307692304 0.055288461538461536
1 0.3112980769230769 0.15985576923076922 0.040865384615384616 0.05048076923076923
1 0.7295673076923077 0.1502403846153846 0.05048076923076923 0.05048076923076923
1 0.5637019230769231 0.15865384615384615 0.055288461538461536 0.0673076923076923
1 0.1778846153846154 0.19110576923076922 0.05048076923076923 0.05048076923076923