1 0.6622596153846154 0.078125 0.0625 0.05048076923076923
1 0.7932692307692307 0.5961538461538461 0.07451923076923077 0.06490384615384616
1 0.8377403846153846 0.7331730769230769 0.0673076923076923 0.057692307692307696
1 0.6213942307692307 0.19110576923076922 0.052884615384615384 0.04567307692307692
1 0.9230769230769231 0.28125 0.057692307692307696 0.06009615384615385
1 0.6105769230769231 0.21514423076923078 0.04807692307692308 0.04567307692307692
1 0.578125 0.25 0.0673076923076923 0.055288461538461536
1 0.7512019230769231 0.7584134615384616 0.0625 0.0673076923076923
1 0.5997596153846154 0.4519230769230769 0.06009615384615385 0.057692307692307696
1 0.4567307692307692 0.12860576923076922 0.06971153846153846 0.06009615384615385
1 0.5132211538461539 0.31490384615384615 0.05048076923076923 0.040865384615384616
1 0.5096153846153846 0.34134615384615385 0.052884615384615384 0.04567307692307692
1 0.41225961538461536 0.09495192307692307 0.07211538461538461 0.06009615384615385
1 0.6514423076923077 0.8040865384615384 0.07451923076923077 0.0673076923076923
1 0.5420673076923077 0.515625 0.07692307692307693 0.0625
1 0.4014423076923077 0.3737980769230769 0.055288461538461536 0.052884615384615384
1 0.3762019230769231 0.328125 0.06009615384615385 0.04567307692307692
1 0.4879807692307692 0.7788461538461539 0.08173076923076923 0.07211538461538461
1 0.39663461538461536 0.6141826923076923 0.0673076923076923 0.06009615384615385
1 0.31971153846153844 0.4014423076923077 0.055288461538461536 0.04807692307692308
1 0.33052884615384615 0.4338942307692308 0.052884615384615384 0.05048076923076923
1 0.2608173076923077 0.24519230769230768 0.0625 0.05048076923076923
1 0.2860576923076923 0.32091346153846156 0.0673076923076923 0.06009615384615385
1 0.36899038461538464 0.6466346153846154 0.07211538461538461 0.06009615384615385
1 0.1778846153846154 0.19471153846153846 0.06490384615384616 0.057692307692307696
1 0.9639423076923077 0.5372596153846154 0.057692307692307696 0.05048076923076923
1 0.1201923076923077 0.15504807692307693 0.06971153846153846 0.06009615384615385
1 0.2704326923076923 0.6526442307692307 0.0625 0.052884615384615384
1 0.24879807692307693 0.7091346153846154 0.0673076923076923 0.06009615384615385
1 0.2980769230769231 0.9170673076923077 0.0625 0.055288461538461536
1 0.036057692307692304 0.17427884615384615 0.06971153846153846 0.055288461538461536
1 0.2848557692307692 0.9639423076923077 0.052884615384615384 0.04567307692307692
1 0.9591346153846154 0.5637019230769231 0.0673076923076923 0.05048076923076923
1 0.19110576923076922 0.7127403846153846 0.0673076923076923 0.055288461538461536
1 0.23677884615384615 0.9735576923076923 0.052884615384615384 0.05048076923076923
1 0.20673076923076922 0.9242788461538461 0.06971153846153846 0.06490384615384616
1 0.008413461538461538 0.4050480769230769 0.016826923076923076 0.06971153846153846
1 0.7668269230769231 0.1778846153846154 0.06009615384615385 0.04807692307692308
1 0.7728365384615384 0.22115384615384615 0.06490384615384616 0.057692307692307696
1 0.8449519230769231 0.46033653846153844 0.06971153846153846 0.06490384615384616
1 0.8978365384615384 0.6129807692307693 0.0673076923076923 0.052884615384615384
1 0.6971153846153846 0.0985576923076923 0.06490384615384616 0.057692307692307696