0 0.04807692307692308 0.22115384615384615 0.07932692307692307 0.040865384615384616
0 0.7451923076923077 0.7055288461538461 0.07451923076923077 0.040865384615384616
0 0.7247596153846154 0.04447115384615385 0.06009615384615385 0.04807692307692308
0 0.6610576923076923 0.5733173076923077 0.0625 0.040865384615384616
0 0.5480769230769231 0.8088942307692307 0.09615384615384616 0.038461538461538464
0 0.44711538461538464 0.36538461538461536 0.0673076923076923 0.038461538461538464
0 0.4326923076923077 0.7019230769230769 0.07451923076923077 0.04567307692307692
0 0.3894230769230769 0.3389423076923077 0.07451923076923077 0.05048076923076923
0 0.33653846153846156 0.7223557692307693 0.07932692307692307 0.040865384615384616
0 0.16346153846153846 0.4423076923076923 0.06971153846153846 0.040865384615384616
0 0.08533653846153846 0.6730769230769231 0.09615384615384616 0.0673076923076923