0 0.7079326923076923 0.171875 0.06009615384615385 0.0625
0 0.40024038461538464 0.3173076923076923 0.0673076923076923 0.06490384615384616
0 0.7836538461538461 0.1622596153846154 0.0673076923076923 0.06490384615384616
0 0.5060096153846154 0.44350961538461536 0.0625 0.06009615384615385
0 0.6225961538461539 0.42427884615384615 0.0625 0.0625
0 0.7223557692307693 0.3918269230769231 0.06490384615384616 0.06971153846153846
0 0.49759615384615385 0.5612980769230769 0.06009615384615385 0.055288461538461536
0 0.7788461538461539 0.4495192307692308 0.07211538461538461 0.06971153846153846
0 0.5829326923076923 0.6057692307692307 0.06009615384615385 0.06490384615384616
0 0.4567307692307692 0.6598557692307693 0.06009615384615385 0.0625
0 0.5072115384615384 0.7019230769230769 0.06490384615384616 0.06971153846153846
0 0.9459134615384616 0.5877403846153846 0.0625 0.0673076923076923