1 0.1935096153846154 0.8353365384615384 0.06490384615384616 0.036057692307692304
1 0.042067307692307696 0.010817307692307692 0.05048076923076923 0.021634615384615384
1 0.25721153846153844 0.3076923076923077 0.055288461538461536 0.05048076923076923
1 0.27283653846153844 0.16105769230769232 0.0625 0.05048076923076923
1 0.265625 0.9699519230769231 0.07211538461538461 0.040865384615384616
1 0.03485576923076923 0.5492788461538461 0.06971153846153846 0.06009615384615385
1 0.34975961538461536 0.16826923076923078 0.057692307692307696 0.055288461538461536
1 0.3425480769230769 0.7055288461538461 0.052884615384615384 0.04567307692307692
1 0.38822115384615385 0.5096153846153846 0.06009615384615385 0.06009615384615385
1 0.40625 0.8629807692307693 0.07451923076923077 0.05048076923076923
1 0.43149038461538464 0.90625 0.07451923076923077 0.04567307692307692
1 0.4651442307692308 0.16346153846153846 0.06009615384615385 0.057692307692307696
1 0.46875 0.4699519230769231 0.06009615384615385 0.057692307692307696
1 0.5456730769230769 0.6514423076923077 0.06009615384615385 0.040865384615384616
1 0.5552884615384616 0.6983173076923077 0.04567307692307692 0.04567307692307692
1 0.609375 0.24158653846153846 0.07211538461538461 0.052884615384615384
1 0.6346153846153846 0.4338942307692308 0.05048076923076923 0.04326923076923077
1 0.625 0.8257211538461539 0.0625 0.04567307692307692
1 0.6334134615384616 0.6237980769230769 0.038461538461538464 0.03125
1 0.6346153846153846 0.6526442307692307 0.04326923076923077 0.03125
1 0.6358173076923077 0.7451923076923077 0.05048076923076923 0.04567307692307692
1 0.6730769230769231 0.4110576923076923 0.055288461538461536 0.04326923076923077
1 0.6911057692307693 0.8978365384615384 0.052884615384615384 0.036057692307692304
1 0.07932692307692307 0.3016826923076923 0.038461538461538464 0.03125
1 0.7367788461538461 0.9591346153846154 0.06009615384615385 0.04567307692307692
1 0.7728365384615384 0.43509615384615385 0.06009615384615385 0.04567307692307692
1 0.8100961538461539 0.39663461538461536 0.057692307692307696 0.036057692307692304
1 0.8149038461538461 0.9699519230769231 0.06971153846153846 0.04326923076923077
1 0.8413461538461539 0.18389423076923078 0.057692307692307696 0.04326923076923077
1 0.8641826923076923 0.14182692307692307 0.052884615384615384 0.040865384615384616
1 0.8713942307692307 0.41225961538461536 0.06009615384615385 0.04567307692307692
1 0.9122596153846154 0.15144230769230768 0.057692307692307696 0.04567307692307692
1 0.0985576923076923 0.2824519230769231 0.04326923076923077 0.036057692307692304
1 0.9302884615384616 0.21153846153846154 0.06009615384615385 0.05048076923076923
1 0.9447115384615384 0.07211538461538461 0.06009615384615385 0.040865384615384616
1 0.9567307692307693 0.7776442307692307 0.0673076923076923 0.04567307692307692
1 0.9627403846153846 0.8617788461538461 0.05048076923076923 0.05048076923076923
1 0.10697115384615384 0.9314903846153846 0.06971153846153846 0.055288461538461536
1 0.12980769230769232 0.7043269230769231 0.052884615384615384 0.04567307692307692
1 0.15264423076923078 0.6646634615384616 0.057692307692307696 0.04326923076923077
1 0.16105769230769232 0.4182692307692308 0.06971153846153846 0.05048076923076923
1 0.16947115384615385 0.2536057692307692 0.0673076923076923 0.05048076923076923
1 0.17307692307692307 0.8016826923076923 0.07692307692307693 0.04567307692307692