1 0.9278846153846154 0.6514423076923077 0.07451923076923077 0.07451923076923077
1 0.27524038461538464 0.8533653846153846 0.0673076923076923 0.07932692307692307
1 0.4170673076923077 0.7920673076923077 0.06971153846153846 0.07211538461538461
1 0.7223557692307693 0.9194711538461539 0.0625 0.0673076923076923
1 0.8173076923076923 0.6165865384615384 0.055288461538461536 0.0625
1 0.4567307692307692 0.9879807692307693 0.0673076923076923 0.019230769230769232
1 0.7848557692307693 0.6105769230769231 0.06490384615384616 0.0673076923076923
1 0.7524038461538461 0.578125 0.06009615384615385 0.0673076923076923
1 0.24879807692307693 0.7439903846153846 0.0673076923076923 0.07451923076923077
1 0.5552884615384616 0.6069711538461539 0.07932692307692307 0.07932692307692307
1 0.8689903846153846 0.45552884615384615 0.06971153846153846 0.08173076923076923
1 0.6862980769230769 0.5120192307692307 0.052884615384615384 0.06009615384615385
1 0.65625 0.5120192307692307 0.057692307692307696 0.0673076923076923
1 0.20192307692307693 0.6622596153846154 0.0673076923076923 0.08653846153846154
1 0.8990384615384616 0.4014423076923077 0.06971153846153846 0.09134615384615384
1 0.4807692307692308 0.5432692307692307 0.06490384615384616 0.0889423076923077
1 0.6286057692307693 0.40625 0.07211538461538461 0.07211538461538461
1 0.6610576923076923 0.375 0.0625 0.07451923076923077
1 0.41947115384615385 0.9819711538461539 0.06009615384615385 0.03125
1 0.11658653846153846 0.5504807692307693 0.057692307692307696 0.06490384615384616
1 0.13701923076923078 0.53125 0.055288461538461536 0.0673076923076923
1 0.21995192307692307 0.4879807692307692 0.0625 0.0673076923076923
1 0.38822115384615385 0.3954326923076923 0.0625 0.07692307692307693
1 0.5588942307692307 0.33052884615384615 0.07211538461538461 0.0889423076923077
1 0.7536057692307693 0.25841346153846156 0.0673076923076923 0.08653846153846154
1 0.6814903846153846 0.28125 0.07211538461538461 0.0889423076923077
1 0.59375 0.3137019230769231 0.0673076923076923 0.07692307692307693
1 0.8870192307692307 0.8221153846153846 0.052884615384615384 0.0625
1 0.34615384615384615 0.36778846153846156 0.0625 0.0673076923076923
1 0.4807692307692308 0.9663461538461539 0.052884615384615384 0.06009615384615385
1 0.7980769230769231 0.17067307692307693 0.0625 0.08653846153846154
1 0.8485576923076923 0.11538461538461539 0.07932692307692307 0.08413461538461539
1 0.3401442307692308 0.27283653846153844 0.07211538461538461 0.07211538461538461
1 0.2848557692307692 0.25841346153846156 0.0673076923076923 0.08653846153846154
1 0.08173076923076923 0.31009615384615385 0.07451923076923077 0.0985576923076923
1 0.8233173076923077 0.038461538461538464 0.06490384615384616 0.07692307692307693
1 0.038461538461538464 0.30408653846153844 0.052884615384615384 0.0625
1 0.7632211538461539 0.03485576923076923 0.06009615384615385 0.06971153846153846
1 0.28365384615384615 0.1935096153846154 0.07211538461538461 0.07692307692307693
1 0.7247596153846154 0.026442307692307692 0.06009615384615385 0.052884615384615384
1 0.027644230769230768 0.24759615384615385 0.055288461538461536 0.08173076923076923
1 0.07091346153846154 0.2091346153846154 0.06490384615384616 0.07932692307692307
1 0.2608173076923077 0.11899038461538461 0.055288461538461536 0.0625
1 0.2283653846153846 0.12139423076923077 0.05048076923076923 0.057692307692307696
1 0.5973557692307693 0.010817307692307692 0.07932692307692307 0.021634615384615384
1 0.4387019230769231 0.9495192307692307 0.0625 0.0625
1 0.8581730769230769 0.7920673076923077 0.05048076923076923 0.06490384615384616
1 0.8233173076923077 0.7632211538461539 0.057692307692307696 0.07451923076923077
1 0.6394230769230769 0.8197115384615384 0.055288461538461536 0.0625
1 0.7824519230769231 0.765625 0.06009615384615385 0.06971153846153846
1 0.6682692307692307 0.8064903846153846 0.052884615384615384 0.0673076923076923
1 0.39302884615384615 0.9038461538461539 0.0625 0.07692307692307693
1 0.5396634615384616 0.84375 0.07451923076923077 0.07932692307692307
1 0.8990384615384616 0.6959134615384616 0.07211538461538461 0.07932692307692307