0 0.7956730769230769 0.44350961538461536 0.0625 0.04807692307692308
0 0.8185096153846154 0.6466346153846154 0.0625 0.05048076923076923
0 0.6862980769230769 0.11177884615384616 0.06490384615384616 0.04807692307692308
0 0.7920673076923077 0.7860576923076923 0.06971153846153846 0.06009615384615385
0 0.7247596153846154 0.4411057692307692 0.055288461538461536 0.05048076923076923
0 0.6394230769230769 0.007211538461538462 0.0673076923076923 0.014423076923076924
0 0.7475961538461539 0.6370192307692307 0.06490384615384616 0.057692307692307696
0 0.9795673076923077 0.6394230769230769 0.036057692307692304 0.057692307692307696
0 0.6310096153846154 0.1875 0.0673076923076923 0.052884615384615384
0 0.6995192307692307 0.7872596153846154 0.06971153846153846 0.057692307692307696
0 0.6045673076923077 0.44711538461538464 0.0625 0.04807692307692308
0 0.5685096153846154 0.24879807692307693 0.05048076923076923 0.05048076923076923
0 0.5288461538461539 0.23317307692307693 0.055288461538461536 0.04807692307692308
0 0.5240384615384616 0.31490384615384615 0.06009615384615385 0.04326923076923077
0 0.5552884615384616 0.5264423076923077 0.06490384615384616 0.052884615384615384
0 0.6069711538461539 0.8245192307692307 0.04807692307692308 0.04567307692307692
0 0.5192307692307693 0.35336538461538464 0.055288461538461536 0.040865384615384616
0 0.4723557692307692 0.13581730769230768 0.055288461538461536 0.05048076923076923
0 0.5456730769230769 0.7235576923076923 0.040865384615384616 0.04326923076923077
0 0.5348557692307693 0.6730769230769231 0.040865384615384616 0.04326923076923077
0 0.42908653846153844 0.09134615384615384 0.06490384615384616 0.04807692307692308
0 0.5132211538461539 0.6514423076923077 0.057692307692307696 0.04326923076923077
0 0.5540865384615384 0.9110576923076923 0.07932692307692307 0.055288461538461536
0 0.5192307692307693 0.734375 0.040865384615384616 0.04326923076923077
0 0.41466346153846156 0.15625 0.0673076923076923 0.052884615384615384
0 0.5132211538461539 0.7944711538461539 0.055288461538461536 0.03365384615384615
0 0.4951923076923077 0.8125 0.052884615384615384 0.03125
0 0.40865384615384615 0.3581730769230769 0.055288461538461536 0.040865384615384616
0 0.36177884615384615 0.11778846153846154 0.052884615384615384 0.040865384615384616
0 0.3894230769230769 0.3016826923076923 0.0673076923076923 0.04807692307692308
0 0.36177884615384615 0.16947115384615385 0.055288461538461536 0.04326923076923077
0 0.45552884615384615 0.7487980769230769 0.07451923076923077 0.055288461538461536
0 0.33052884615384615 0.13341346153846154 0.04807692307692308 0.040865384615384616
0 0.9699519230769231 0.6995192307692307 0.055288461538461536 0.0673076923076923
0 0.4362980769230769 0.7908653846153846 0.057692307692307696 0.05048076923076923
0 0.3870192307692308 0.5985576923076923 0.0625 0.04807692307692308
0 0.29447115384615385 0.2091346153846154 0.052884615384615384 0.040865384615384616
0 0.3016826923076923 0.28966346153846156 0.07211538461538461 0.04567307692307692
0 0.3425480769230769 0.6141826923076923 0.057692307692307696 0.05048076923076923
0 0.22596153846153846 0.15745192307692307 0.06490384615384616 0.057692307692307696
0 0.17067307692307693 0.09254807692307693 0.06490384615384616 0.057692307692307696
0 0.24158653846153846 0.6141826923076923 0.055288461538461536 0.04807692307692308
0 0.16947115384615385 0.3425480769230769 0.052884615384615384 0.040865384615384616
0 0.12259615384615384 0.18629807692307693 0.04567307692307692 0.040865384615384616
0 0.14783653846153846 0.33413461538461536 0.04326923076923077 0.036057692307692304
0 0.8930288461538461 0.3233173076923077 0.05048076923076923 0.05048076923076923
0 0.24158653846153846 0.8882211538461539 0.0673076923076923 0.04807692307692308
0 0.19230769230769232 0.6370192307692307 0.0673076923076923 0.05048076923076923
0 0.23076923076923078 0.9230769230769231 0.05048076923076923 0.04567307692307692
0 0.07932692307692307 0.10817307692307693 0.06971153846153846 0.052884615384615384
0 0.18629807692307693 0.7620192307692307 0.06490384615384616 0.052884615384615384
0 0.13341346153846154 0.4723557692307692 0.052884615384615384 0.04326923076923077
0 0.07692307692307693 0.20192307692307693 0.055288461538461536 0.04807692307692308
0 0.1971153846153846 0.9302884615384616 0.04807692307692308 0.04326923076923077
0 0.06971153846153846 0.2860576923076923 0.057692307692307696 0.055288461538461536
0 0.12620192307692307 0.6766826923076923 0.07451923076923077 0.055288461538461536
0 0.08653846153846154 0.4639423076923077 0.057692307692307696 0.04567307692307692
0 0.10096153846153846 0.6370192307692307 0.0673076923076923 0.06009615384615385
0 0.13221153846153846 0.8762019230769231 0.07451923076923077 0.06009615384615385
0 0.009615384615384616 0.36778846153846156 0.019230769230769232 0.04807692307692308
0 0.8822115384615384 0.4651442307692308 0.07211538461538461 0.04567307692307692
0 0.8377403846153846 0.2439903846153846 0.055288461538461536 0.055288461538461536
0 0.8509615384615384 0.39302884615384615 0.052884615384615384 0.040865384615384616
0 0.8365384615384616 0.34134615384615385 0.055288461538461536 0.05048076923076923
0 0.8533653846153846 0.5144230769230769 0.057692307692307696 0.04807692307692308
0 0.78125 0.2824519230769231 0.055288461538461536 0.05048076923076923
0 0.7572115384615384 0.15745192307692307 0.0625 0.06009615384615385