1 0.7896634615384616 0.8401442307692307 0.052884615384615384 0.06490384615384616
1 0.12740384615384615 0.6862980769230769 0.04807692307692308 0.0673076923076923
1 0.4891826923076923 0.9735576923076923 0.06490384615384616 0.04807692307692308
1 0.27884615384615385 0.7055288461538461 0.06971153846153846 0.07692307692307693
1 0.7115384615384616 0.765625 0.052884615384615384 0.0625
1 0.9302884615384616 0.8040865384615384 0.052884615384615384 0.07692307692307693
1 0.6935096153846154 0.7427884615384616 0.040865384615384616 0.052884615384615384
1 0.20432692307692307 0.921875 0.040865384615384616 0.04326923076923077
1 0.6826923076923077 0.6911057692307693 0.04807692307692308 0.05048076923076923
1 0.15745192307692307 0.5925480769230769 0.05048076923076923 0.057692307692307696
1 0.4963942307692308 0.6213942307692307 0.06009615384615385 0.0673076923076923
1 0.8401442307692307 0.6418269230769231 0.0625 0.0889423076923077
1 0.6538461538461539 0.6009615384615384 0.04326923076923077 0.06009615384615385
1 0.6274038461538461 0.5877403846153846 0.04326923076923077 0.057692307692307696
1 0.15745192307692307 0.4963942307692308 0.04807692307692308 0.057692307692307696
1 0.8978365384615384 0.6201923076923077 0.052884615384615384 0.06490384615384616
1 0.4639423076923077 0.5324519230769231 0.055288461538461536 0.07692307692307693
1 0.18269230769230768 0.8954326923076923 0.04567307692307692 0.05048076923076923
1 0.65625 0.47596153846153844 0.04807692307692308 0.0673076923076923
1 0.7043269230769231 0.4723557692307692 0.04807692307692308 0.06009615384615385
1 0.14423076923076922 0.3545673076923077 0.040865384615384616 0.055288461538461536
1 0.16826923076923078 0.34375 0.04567307692307692 0.05048076923076923
1 0.26322115384615385 0.34975961538461536 0.057692307692307696 0.057692307692307696
1 0.4543269230769231 0.36177884615384615 0.052884615384615384 0.06971153846153846
1 0.6346153846153846 0.3858173076923077 0.055288461538461536 0.055288461538461536
1 0.8377403846153846 0.4170673076923077 0.057692307692307696 0.0625
1 0.7632211538461539 0.4014423076923077 0.04807692307692308 0.06971153846153846
1 0.6766826923076923 0.38461538461538464 0.04567307692307692 0.052884615384615384
1 0.24759615384615385 0.8942307692307693 0.04567307692307692 0.057692307692307696
1 0.43149038461538464 0.3112980769230769 0.052884615384615384 0.06490384615384616
1 0.6742788461538461 0.9663461538461539 0.05048076923076923 0.04807692307692308
1 0.9242788461538461 0.359375 0.04807692307692308 0.0673076923076923
1 0.9795673076923077 0.3401442307692308 0.036057692307692304 0.07932692307692307
1 0.47475961538461536 0.22355769230769232 0.0625 0.0625
1 0.4326923076923077 0.17908653846153846 0.057692307692307696 0.0673076923076923
1 0.23076923076923078 0.12379807692307693 0.06490384615384616 0.07451923076923077
1 0.9915865384615384 0.25240384615384615 0.01201923076923077 0.07692307692307693
1 0.19471153846153846 0.09615384615384616 0.052884615384615384 0.07211538461538461
1 0.9639423076923077 0.21394230769230768 0.038461538461538464 0.0625
1 0.45913461538461536 0.1201923076923077 0.07211538461538461 0.057692307692307696
1 0.09495192307692307 0.052884615384615384 0.052884615384615384 0.06490384615384616
1 0.9375 0.1935096153846154 0.04807692307692308 0.055288461538461536
1 0.21153846153846154 0.037259615384615384 0.052884615384615384 0.057692307692307696
1 0.140625 0.02283653846153846 0.055288461538461536 0.04567307692307692
1 0.27163461538461536 0.03365384615384615 0.0625 0.0673076923076923
1 0.84375 0.09975961538461539 0.052884615384615384 0.06490384615384616
1 0.22355769230769232 0.8617788461538461 0.05048076923076923 0.05048076923076923
1 0.6622596153846154 0.9338942307692307 0.04326923076923077 0.040865384615384616
1 0.8701923076923077 0.953125 0.0625 0.0673076923076923
1 0.6502403846153846 0.8930288461538461 0.055288461538461536 0.04807692307692308
1 0.48677884615384615 0.8449519230769231 0.036057692307692304 0.04567307692307692
1 0.4651442307692308 0.8413461538461539 0.040865384615384616 0.04326923076923077
1 0.6105769230769231 0.8665865384615384 0.05048076923076923 0.0625
1 0.20673076923076922 0.7920673076923077 0.052884615384615384 0.06009615384615385
1 0.36177884615384615 0.8137019230769231 0.052884615384615384 0.06490384615384616
1 0.7439903846153846 0.8701923076923077 0.06009615384615385 0.057692307692307696