0 0.7704326923076923 0.2800480769230769 0.04807692307692308 0.052884615384615384
0 0.234375 0.16346153846153846 0.055288461538461536 0.04567307692307692
0 0.8810096153846154 0.35216346153846156 0.057692307692307696 0.06971153846153846
0 0.5420673076923077 0.2704326923076923 0.05048076923076923 0.057692307692307696
0 0.10096153846153846 0.14783653846153846 0.05048076923076923 0.057692307692307696
0 0.7331730769230769 0.3449519230769231 0.055288461538461536 0.06971153846153846
0 0.2704326923076923 0.24639423076923078 0.052884615384615384 0.06490384615384616
0 0.8401442307692307 0.11177884615384616 0.052884615384615384 0.06009615384615385
0 0.8389423076923077 0.4411057692307692 0.0625 0.0625
0 0.3112980769230769 0.3317307692307692 0.04567307692307692 0.055288461538461536
0 0.484375 0.38461538461538464 0.04807692307692308 0.04807692307692308
0 0.2644230769230769 0.35697115384615385 0.04807692307692308 0.04807692307692308
0 0.051682692307692304 0.3125 0.04807692307692308 0.055288461538461536
0 0.3449519230769231 0.40024038461538464 0.040865384615384616 0.055288461538461536
0 0.8389423076923077 0.5456730769230769 0.0625 0.06490384615384616
0 0.5528846153846154 0.46875 0.06009615384615385 0.0625
0 0.3786057692307692 0.421875 0.04326923076923077 0.04807692307692308
0 0.1622596153846154 0.3629807692307692 0.04807692307692308 0.057692307692307696
0 0.04927884615384615 0.3557692307692308 0.052884615384615384 0.052884615384615384
0 0.7235576923076923 0.5516826923076923 0.05048076923076923 0.057692307692307696
0 0.6706730769230769 0.5504807692307693 0.052884615384615384 0.057692307692307696
0 0.09735576923076923 0.38822115384615385 0.05048076923076923 0.07692307692307693
0 0.9026442307692307 0.6298076923076923 0.052884615384615384 0.052884615384615384
0 0.6370192307692307 0.5588942307692307 0.04567307692307692 0.055288461538461536
0 0.7644230769230769 0.6057692307692307 0.038461538461538464 0.05048076923076923
0 0.7163461538461539 0.59375 0.04807692307692308 0.055288461538461536
0 0.7740384615384616 0.6466346153846154 0.052884615384615384 0.04807692307692308
0 0.3293269230769231 0.5228365384615384 0.05048076923076923 0.057692307692307696
0 0.09495192307692307 0.46153846153846156 0.04807692307692308 0.057692307692307696
0 0.2824519230769231 0.5168269230769231 0.04807692307692308 0.0625
0 0.140625 0.4807692307692308 0.04326923076923077 0.06009615384615385
0 0.6995192307692307 0.6598557692307693 0.04807692307692308 0.052884615384615384
0 0.1971153846153846 0.5228365384615384 0.052884615384615384 0.057692307692307696
0 0.7391826923076923 0.6814903846153846 0.04326923076923077 0.05048076923076923
0 0.3701923076923077 0.578125 0.04326923076923077 0.057692307692307696
0 0.5396634615384616 0.6418269230769231 0.04567307692307692 0.055288461538461536
0 0.34615384615384615 0.59375 0.04567307692307692 0.04807692307692308
0 0.18870192307692307 0.5600961538461539 0.04807692307692308 0.0625
0 0.14783653846153846 0.5612980769230769 0.04807692307692308 0.06490384615384616
0 0.22355769230769232 0.5913461538461539 0.052884615384615384 0.06490384615384616
0 0.890625 0.1622596153846154 0.052884615384615384 0.06490384615384616
0 0.53125 0.6947115384615384 0.05048076923076923 0.06009615384615385
0 0.06850961538461539 0.5973557692307693 0.05048076923076923 0.057692307692307696
0 0.006009615384615385 0.6069711538461539 0.01201923076923077 0.06009615384615385
0 0.49038461538461536 0.78125 0.05048076923076923 0.057692307692307696
0 0.03485576923076923 0.6574519230769231 0.04326923076923077 0.0625
0 0.21875 0.7235576923076923 0.04326923076923077 0.05048076923076923
0 0.18990384615384615 0.7439903846153846 0.04326923076923077 0.05048076923076923
0 0.4855769230769231 0.8353365384615384 0.04567307692307692 0.055288461538461536
0 0.7367788461538461 0.9110576923076923 0.05048076923076923 0.07451923076923077
0 0.7584134615384616 0.9266826923076923 0.04807692307692308 0.06009615384615385
0 0.6021634615384616 0.8930288461538461 0.05048076923076923 0.057692307692307696
0 0.3245192307692308 0.8149038461538461 0.04807692307692308 0.06490384615384616
0 0.5096153846153846 0.0733173076923077 0.04567307692307692 0.04807692307692308
0 0.04927884615384615 0.7524038461538461 0.04567307692307692 0.055288461538461536
0 0.859375 0.9783653846153846 0.05048076923076923 0.038461538461538464
0 0.7475961538461539 0.96875 0.052884615384615384 0.052884615384615384
0 0.11778846153846154 0.7932692307692307 0.04326923076923077 0.05048076923076923
0 0.020432692307692308 0.7764423076923077 0.036057692307692304 0.04807692307692308
0 0.010817307692307692 0.7752403846153846 0.021634615384615384 0.06490384615384616
0 0.4963942307692308 0.9194711538461539 0.04807692307692308 0.0625
0 0.28365384615384615 0.859375 0.04807692307692308 0.055288461538461536
0 0.4519230769230769 0.9134615384615384 0.04807692307692308 0.055288461538461536
0 0.6766826923076923 0.9819711538461539 0.06009615384615385 0.03125
0 0.16466346153846154 0.9002403846153846 0.04567307692307692 0.04807692307692308
0 0.24759615384615385 0.02283653846153846 0.04326923076923077 0.04567307692307692
0 0.6382211538461539 0.13581730769230768 0.04567307692307692 0.055288461538461536
0 0.421875 0.07932692307692307 0.055288461538461536 0.0625
0 0.5060096153846154 0.12139423076923077 0.05048076923076923 0.04326923076923077
0 0.5528846153846154 0.13822115384615385 0.05048076923076923 0.052884615384615384
0 0.6766826923076923 0.18870192307692307 0.04807692307692308 0.057692307692307696
0 0.42427884615384615 0.15264423076923078 0.04807692307692308 0.057692307692307696
0 0.31009615384615385 0.12259615384615384 0.057692307692307696 0.06490384615384616
0 0.5877403846153846 0.20793269230769232 0.04807692307692308 0.052884615384615384