1 0.6706730769230769 0.08774038461538461 0.07451923076923077 0.06009615384615385
1 0.8341346153846154 0.7475961538461539 0.07211538461538461 0.06971153846153846
1 0.7884615384615384 0.5997596153846154 0.0673076923076923 0.0673076923076923
1 0.6370192307692307 0.1875 0.052884615384615384 0.05048076923076923
1 0.5661057692307693 0.010817307692307692 0.08413461538461539 0.021634615384615384
1 0.6213942307692307 0.21875 0.052884615384615384 0.05048076923076923
1 0.9278846153846154 0.30288461538461536 0.07451923076923077 0.0673076923076923
1 0.5901442307692307 0.25 0.055288461538461536 0.057692307692307696
1 0.7379807692307693 0.765625 0.06971153846153846 0.06971153846153846
1 0.6045673076923077 0.4519230769230769 0.06009615384615385 0.06009615384615385
1 0.4735576923076923 0.12740384615384615 0.08413461538461539 0.0625
1 0.5204326923076923 0.3161057692307692 0.06009615384615385 0.04807692307692308
1 0.5192307692307693 0.3473557692307692 0.0625 0.04807692307692308
1 0.6502403846153846 0.8028846153846154 0.07692307692307693 0.06971153846153846
1 0.43028846153846156 0.0889423076923077 0.08173076923076923 0.057692307692307696
1 0.5456730769230769 0.5180288461538461 0.06971153846153846 0.055288461538461536
1 0.4098557692307692 0.3701923076923077 0.07211538461538461 0.055288461538461536
1 0.38100961538461536 0.3317307692307692 0.0625 0.06009615384615385
1 0.47596153846153844 0.78125 0.06971153846153846 0.06490384615384616
1 0.3918269230769231 0.6081730769230769 0.06490384615384616 0.057692307692307696
1 0.3233173076923077 0.39302884615384615 0.057692307692307696 0.05048076923076923
1 0.33413461538461536 0.42908653846153844 0.06009615384615385 0.052884615384615384
1 0.2692307692307692 0.23317307692307693 0.06490384615384616 0.06490384615384616
1 0.2932692307692308 0.3161057692307692 0.06971153846153846 0.0673076923076923
1 0.359375 0.6430288461538461 0.06490384615384616 0.0625
1 0.9651442307692307 0.5456730769230769 0.052884615384615384 0.052884615384615384
1 0.18389423076923078 0.18870192307692307 0.07932692307692307 0.0673076923076923
1 0.8353365384615384 0.1346153846153846 0.06490384615384616 0.052884615384615384
1 0.12860576923076922 0.14182692307692307 0.06971153846153846 0.0673076923076923
1 0.2644230769230769 0.6466346153846154 0.0673076923076923 0.057692307692307696
1 0.24519230769230768 0.7019230769230769 0.06971153846153846 0.0625
1 0.28725961538461536 0.9050480769230769 0.07211538461538461 0.0625
1 0.05048076923076923 0.15625 0.07451923076923077 0.052884615384615384
1 0.2800480769230769 0.9555288461538461 0.0625 0.05048076923076923
1 0.036057692307692304 0.21875 0.06490384615384616 0.04807692307692308
1 0.1778846153846154 0.7055288461538461 0.0625 0.06009615384615385
1 0.03125 0.2439903846153846 0.0625 0.05048076923076923
1 0.21754807692307693 0.9675480769230769 0.057692307692307696 0.04807692307692308
1 0.18990384615384615 0.9122596153846154 0.052884615384615384 0.052884615384615384
1 0.9495192307692307 0.5805288461538461 0.06490384615384616 0.052884615384615384
1 0.009615384615384616 0.375 0.019230769230769232 0.0625
1 0.8149038461538461 0.15865384615384615 0.04807692307692308 0.04326923076923077
1 0.7860576923076923 0.18509615384615385 0.07211538461538461 0.06009615384615385
1 0.7776442307692307 0.23197115384615385 0.06490384615384616 0.05048076923076923
1 0.8449519230769231 0.47475961538461536 0.07211538461538461 0.06009615384615385
1 0.8930288461538461 0.6322115384615384 0.07692307692307693 0.06490384615384616
1 0.7211538461538461 0.10817307692307693 0.08413461538461539 0.0673076923076923