1 0.7692307692307693 0.1346153846153846 0.0673076923076923 0.038461538461538464
1 0.9903846153846154 0.9471153846153846 0.014423076923076924 0.038461538461538464
1 0.7608173076923077 0.6658653846153846 0.055288461538461536 0.05048076923076923
1 0.7620192307692307 0.8125 0.0625 0.052884615384615384
1 0.6850961538461539 0.015625 0.07211538461538461 0.03125
1 0.9579326923076923 0.4026442307692308 0.07211538461538461 0.0625
1 0.6850961538461539 0.8137019230769231 0.057692307692307696 0.057692307692307696
1 0.6346153846153846 0.2800480769230769 0.052884615384615384 0.04567307692307692
1 0.6105769230769231 0.4795673076923077 0.0625 0.0625
1 0.5552884615384616 0.12860576923076922 0.07451923076923077 0.052884615384615384
1 0.5252403846153846 0.0889423076923077 0.07451923076923077 0.04807692307692308
1 0.5697115384615384 0.8317307692307693 0.0625 0.06009615384615385
1 0.5348557692307693 0.5264423076923077 0.0625 0.06009615384615385
1 0.4387019230769231 0.35336538461538464 0.06009615384615385 0.04326923076923077
1 0.42427884615384615 0.3088942307692308 0.04567307692307692 0.04567307692307692
1 0.4182692307692308 0.7680288461538461 0.07211538461538461 0.055288461538461536
1 0.37259615384615385 0.5805288461538461 0.05048076923076923 0.04326923076923077
1 0.3425480769230769 0.18990384615384615 0.0625 0.04807692307692308
1 0.35336538461538464 0.390625 0.040865384615384616 0.03125
1 0.35096153846153844 0.36177884615384615 0.04567307692307692 0.03125
1 0.3389423076923077 0.2704326923076923 0.05048076923076923 0.04567307692307692
1 0.33774038461538464 0.6069711538461539 0.055288461538461536 0.04326923076923077
1 0.2692307692307692 0.125 0.055288461538461536 0.038461538461538464
1 0.9399038461538461 0.6538461538461539 0.040865384615384616 0.03365384615384615
1 0.21634615384615385 0.06850961538461539 0.06009615384615385 0.04807692307692308
1 0.23557692307692307 0.59375 0.06009615384615385 0.04807692307692308
1 0.20192307692307693 0.6358173076923077 0.06009615384615385 0.038461538461538464
1 0.13822115384615385 0.06490384615384616 0.06971153846153846 0.04567307692307692
1 0.1935096153846154 0.8509615384615384 0.057692307692307696 0.04567307692307692
1 0.17548076923076922 0.8942307692307693 0.052884615384615384 0.040865384615384616
1 0.140625 0.6262019230769231 0.06009615384615385 0.04807692307692308
1 0.12620192307692307 0.8894230769230769 0.057692307692307696 0.04807692307692308
1 0.921875 0.6742788461538461 0.04567307692307692 0.036057692307692304
1 0.10216346153846154 0.8317307692307693 0.06009615384615385 0.052884615384615384
1 0.10336538461538461 0.9723557692307693 0.06009615384615385 0.04326923076923077
1 0.026442307692307692 0.27283653846153844 0.052884615384615384 0.05048076923076923
1 0.014423076923076924 0.18990384615384615 0.028846153846153848 0.052884615384615384
1 0.8449519230769231 0.030048076923076924 0.06971153846153846 0.057692307692307696
1 0.8473557692307693 0.25721153846153844 0.052884615384615384 0.04567307692307692
1 0.828125 0.3004807692307692 0.057692307692307696 0.04326923076923077
1 0.8449519230769231 0.5456730769230769 0.06971153846153846 0.052884615384615384
1 0.8545673076923077 0.7103365384615384 0.0673076923076923 0.052884615384615384
1 0.7932692307692307 0.1658653846153846 0.07692307692307693 0.04807692307692308