0 0.38461538461538464 0.7824519230769231 0.052884615384615384 0.06009615384615385
0 0.2127403846153846 0.6935096153846154 0.057692307692307696 0.0673076923076923
0 0.10576923076923077 0.6069711538461539 0.057692307692307696 0.07692307692307693
0 0.43509615384615385 0.7247596153846154 0.06009615384615385 0.06490384615384616
0 0.859375 0.8930288461538461 0.052884615384615384 0.0673076923076923
0 0.2548076923076923 0.6394230769230769 0.0625 0.0625
0 0.11899038461538461 0.8521634615384616 0.052884615384615384 0.06490384615384616
0 0.703125 0.7728365384615384 0.055288461538461536 0.055288461538461536
0 0.15865384615384615 0.5168269230769231 0.06490384615384616 0.07451923076923077
0 0.671875 0.6838942307692307 0.057692307692307696 0.06009615384615385
0 0.71875 0.6658653846153846 0.057692307692307696 0.06971153846153846
0 0.9194711538461539 0.7307692307692307 0.0625 0.0673076923076923
0 0.6430288461538461 0.6141826923076923 0.055288461538461536 0.06490384615384616
0 0.16346153846153846 0.4206730769230769 0.0625 0.07451923076923077
0 0.44591346153846156 0.5288461538461539 0.0625 0.06490384615384616
0 0.6117788461538461 0.5913461538461539 0.0625 0.07451923076923077
0 0.2824519230769231 0.4230769230769231 0.06009615384615385 0.06490384615384616
0 0.9338942307692307 0.6838942307692307 0.0673076923076923 0.0673076923076923
0 0.3389423076923077 0.43509615384615385 0.06009615384615385 0.0673076923076923
0 0.37259615384615385 0.4266826923076923 0.057692307692307696 0.06490384615384616
0 0.29447115384615385 0.38100961538461536 0.0625 0.0625
0 0.2439903846153846 0.3269230769230769 0.04326923076923077 0.04326923076923077
0 0.6706730769230769 0.4963942307692308 0.052884615384615384 0.055288461538461536
0 0.7163461538461539 0.5036057692307693 0.055288461538461536 0.06009615384615385
0 0.8966346153846154 0.5504807692307693 0.057692307692307696 0.06009615384615385
0 0.8040865384615384 0.5096153846153846 0.055288461538461536 0.055288461538461536
0 0.27884615384615385 0.296875 0.052884615384615384 0.06009615384615385
0 0.47836538461538464 0.3545673076923077 0.06490384615384616 0.07692307692307693
0 0.5865384615384616 0.9867788461538461 0.057692307692307696 0.021634615384615384
0 0.8197115384615384 0.4699519230769231 0.055288461538461536 0.057692307692307696
0 0.8569711538461539 0.4831730769230769 0.057692307692307696 0.07211538461538461
0 0.07091346153846154 0.7944711538461539 0.05048076923076923 0.057692307692307696
0 0.7872596153846154 0.4338942307692308 0.0673076923076923 0.07211538461538461
0 0.4831730769230769 0.2980769230769231 0.06009615384615385 0.06971153846153846
0 0.9399038461538461 0.44471153846153844 0.06009615384615385 0.06490384615384616
0 0.6105769230769231 0.9879807692307693 0.04807692307692308 0.019230769230769232
0 0.6117788461538461 0.30528846153846156 0.07692307692307693 0.07932692307692307
0 0.8004807692307693 0.30649038461538464 0.06009615384615385 0.06971153846153846
0 0.30649038461538464 0.078125 0.052884615384615384 0.06490384615384616
0 0.8341346153846154 0.2848557692307692 0.055288461538461536 0.06490384615384616
0 0.5528846153846154 0.1658653846153846 0.057692307692307696 0.06490384615384616
0 0.2860576923076923 0.04927884615384615 0.055288461538461536 0.055288461538461536
0 0.7067307692307693 0.20552884615384615 0.04807692307692308 0.057692307692307696
0 0.43990384615384615 0.09735576923076923 0.06009615384615385 0.06490384615384616
0 0.9735576923076923 0.2980769230769231 0.05048076923076923 0.052884615384615384
0 0.3004807692307692 0.020432692307692308 0.057692307692307696 0.040865384615384616
0 0.90625 0.2512019230769231 0.055288461538461536 0.06009615384615385
0 0.7560096153846154 0.1622596153846154 0.05048076923076923 0.057692307692307696
0 0.5949519230769231 0.09134615384615384 0.057692307692307696 0.06490384615384616
0 0.3762019230769231 0.010817307692307692 0.06009615384615385 0.021634615384615384
0 0.8701923076923077 0.13581730769230768 0.04326923076923077 0.05048076923076923
0 0.7043269230769231 0.9879807692307693 0.0625 0.019230769230769232
0 0.32211538461538464 0.8497596153846154 0.06009615384615385 0.0625
0 0.5348557692307693 0.9302884615384616 0.0625 0.0625
0 0.4543269230769231 0.8786057692307693 0.05048076923076923 0.057692307692307696
0 0.40865384615384615 0.8533653846153846 0.055288461538461536 0.06009615384615385
0 0.28966346153846156 0.7836538461538461 0.055288461538461536 0.0673076923076923
0 0.5396634615384616 0.8605769230769231 0.052884615384615384 0.0673076923076923
0 0.6514423076923077 0.8954326923076923 0.04326923076923077 0.05048076923076923