1 0.6814903846153846 0.08653846153846154 0.0625 0.05048076923076923
1 0.828125 0.7548076923076923 0.07211538461538461 0.06971153846153846
1 0.7836538461538461 0.609375 0.06490384615384616 0.07211538461538461
1 0.6442307692307693 0.19471153846153846 0.05048076923076923 0.04326923076923077
1 0.6346153846153846 0.22115384615384615 0.04567307692307692 0.04326923076923077
1 0.9302884615384616 0.3112980769230769 0.07451923076923077 0.06009615384615385
1 0.5925480769230769 0.2548076923076923 0.057692307692307696 0.052884615384615384
1 0.7331730769230769 0.7716346153846154 0.06009615384615385 0.06490384615384616
1 0.6021634615384616 0.4567307692307692 0.07211538461538461 0.06490384615384616
1 0.4795673076923077 0.125 0.06971153846153846 0.0625
1 0.5252403846153846 0.3173076923076923 0.04807692307692308 0.04567307692307692
1 0.5216346153846154 0.3449519230769231 0.06009615384615385 0.04807692307692308
1 0.6490384615384616 0.8064903846153846 0.07932692307692307 0.06009615384615385
1 0.4326923076923077 0.09495192307692307 0.08173076923076923 0.06971153846153846
1 0.5384615384615384 0.5204326923076923 0.07692307692307693 0.06490384615384616
1 0.41346153846153844 0.3701923076923077 0.052884615384615384 0.052884615384615384
1 0.3894230769230769 0.3269230769230769 0.052884615384615384 0.052884615384615384
1 0.47475961538461536 0.7800480769230769 0.057692307692307696 0.0673076923076923
1 0.3918269230769231 0.6045673076923077 0.06971153846153846 0.057692307692307696
1 0.33413461538461536 0.42427884615384615 0.0673076923076923 0.04807692307692308
1 0.2776442307692308 0.22716346153846154 0.08653846153846154 0.0625
1 0.29927884615384615 0.31009615384615385 0.06490384615384616 0.052884615384615384
1 0.32211538461538464 0.3942307692307692 0.05048076923076923 0.052884615384615384
1 0.35096153846153844 0.6442307692307693 0.07211538461538461 0.0625
1 0.9627403846153846 0.5540865384615384 0.06009615384615385 0.052884615384615384
1 0.1935096153846154 0.17908653846153846 0.06971153846153846 0.0625
1 0.8425480769230769 0.140625 0.04807692307692308 0.052884615384615384
1 0.13701923076923078 0.12980769230769232 0.0673076923076923 0.055288461538461536
1 0.2608173076923077 0.6370192307692307 0.07211538461538461 0.057692307692307696
1 0.23918269230769232 0.6983173076923077 0.0625 0.05048076923076923
1 0.2776442307692308 0.9074519230769231 0.0673076923076923 0.0673076923076923
1 0.054086538461538464 0.14903846153846154 0.07211538461538461 0.057692307692307696
1 0.26322115384615385 0.9519230769230769 0.06971153846153846 0.055288461538461536
1 0.040865384615384616 0.20793269230769232 0.06490384615384616 0.04807692307692308
1 0.17427884615384615 0.6971153846153846 0.06971153846153846 0.057692307692307696
1 0.03245192307692308 0.23798076923076922 0.06490384615384616 0.05048076923076923
1 0.21153846153846154 0.9603365384615384 0.052884615384615384 0.05048076923076923
1 0.9495192307692307 0.5889423076923077 0.057692307692307696 0.055288461538461536
1 0.1814903846153846 0.9074519230769231 0.06971153846153846 0.0673076923076923
1 0.01201923076923077 0.3713942307692308 0.02403846153846154 0.06490384615384616
1 0.8221153846153846 0.16105769230769232 0.04567307692307692 0.04326923076923077
1 0.7860576923076923 0.19230769230769232 0.0625 0.04807692307692308
1 0.7836538461538461 0.234375 0.057692307692307696 0.05048076923076923
1 0.8942307692307693 0.6382211538461539 0.06009615384615385 0.06009615384615385
1 0.8461538461538461 0.4795673076923077 0.07692307692307693 0.06971153846153846
1 0.7211538461538461 0.11298076923076923 0.06009615384615385 0.06009615384615385