1 0.7487980769230769 0.8689903846153846 0.06009615384615385 0.06490384615384616
1 0.2548076923076923 0.6850961538461539 0.0625 0.07451923076923077
1 0.11899038461538461 0.6370192307692307 0.052884615384615384 0.057692307692307696
1 0.8966346153846154 0.8497596153846154 0.057692307692307696 0.08653846153846154
1 0.4338942307692308 0.9651442307692307 0.06009615384615385 0.06490384615384616
1 0.6610576923076923 0.7079326923076923 0.057692307692307696 0.06971153846153846
1 0.13942307692307693 0.5564903846153846 0.06009615384615385 0.06490384615384616
1 0.47836538461538464 0.6129807692307693 0.0625 0.08173076923076923
1 0.8305288461538461 0.6802884615384616 0.07211538461538461 0.07932692307692307
1 0.8762019230769231 0.6622596153846154 0.05048076923076923 0.0625
1 0.15985576923076922 0.453125 0.07692307692307693 0.07451923076923077
1 0.46634615384615385 0.5252403846153846 0.0625 0.07211538461538461
1 0.65625 0.4987980769230769 0.06490384615384616 0.07692307692307693
1 0.7151442307692307 0.49399038461538464 0.04807692307692308 0.052884615384615384
1 0.27403846153846156 0.33413461538461536 0.07211538461538461 0.08653846153846154
1 0.46274038461538464 0.34615384615384615 0.052884615384615384 0.057692307692307696
1 0.8485576923076923 0.4543269230769231 0.0625 0.08173076923076923
1 0.7644230769230769 0.42908653846153844 0.04807692307692308 0.055288461538461536
1 0.46274038461538464 0.3125 0.04326923076923077 0.05048076923076923
1 0.9278846153846154 0.41346153846153844 0.057692307692307696 0.06971153846153846
1 0.9867788461538461 0.3870192307692308 0.021634615384615384 0.0673076923076923
1 0.5048076923076923 0.22115384615384615 0.06490384615384616 0.07932692307692307
1 0.4699519230769231 0.171875 0.052884615384615384 0.0673076923076923
1 0.27283653846153844 0.09134615384615384 0.05048076923076923 0.057692307692307696
1 0.24158653846153846 0.06129807692307692 0.04326923076923077 0.05048076923076923
1 0.5012019230769231 0.11899038461538461 0.055288461538461536 0.057692307692307696
1 0.265625 0.020432692307692308 0.055288461538461536 0.040865384615384616
1 0.3173076923076923 0.020432692307692308 0.04807692307692308 0.040865384615384616
1 0.8786057692307693 0.12860576923076922 0.057692307692307696 0.07211538461538461
1 0.9639423076923077 0.13822115384615385 0.057692307692307696 0.055288461538461536
1 0.8257211538461539 0.9711538461538461 0.06971153846153846 0.052884615384615384
1 0.6129807692307693 0.9050480769230769 0.055288461538461536 0.0625
1 0.5757211538461539 0.8846153846153846 0.06009615384615385 0.07451923076923077
1 0.3329326923076923 0.8076923076923077 0.06490384615384616 0.09134615384615384
1 0.1778846153846154 0.7584134615384616 0.055288461538461536 0.06971153846153846
1 0.7199519230769231 0.8846153846153846 0.05048076923076923 0.06009615384615385