0 0.7992788461538461 0.4795673076923077 0.06009615384615385 0.040865384615384616
0 0.7980769230769231 0.6838942307692307 0.057692307692307696 0.04326923076923077
0 0.7319711538461539 0.13701923076923078 0.0625 0.040865384615384616
0 0.7548076923076923 0.8197115384615384 0.06490384615384616 0.052884615384615384
0 0.7307692307692307 0.46875 0.05048076923076923 0.04567307692307692
0 0.7019230769230769 0.016826923076923076 0.0625 0.03365384615384615
0 0.7283653846153846 0.6658653846153846 0.06009615384615385 0.05048076923076923
0 0.9711538461538461 0.6983173076923077 0.052884615384615384 0.05048076923076923
0 0.6670673076923077 0.20552884615384615 0.0625 0.04567307692307692
0 0.6634615384615384 0.8088942307692307 0.06490384615384616 0.05048076923076923
0 0.609375 0.46033653846153844 0.06009615384615385 0.040865384615384616
0 0.5985576923076923 0.25841346153846156 0.04567307692307692 0.04567307692307692
0 0.5612980769230769 0.23798076923076922 0.05048076923076923 0.04326923076923077
0 0.5456730769230769 0.31971153846153844 0.057692307692307696 0.036057692307692304
0 0.5516826923076923 0.5336538461538461 0.06009615384615385 0.04567307692307692
0 0.5673076923076923 0.8341346153846154 0.04326923076923077 0.040865384615384616
0 0.5372596153846154 0.35697115384615385 0.052884615384615384 0.036057692307692304
0 0.5168269230769231 0.13581730769230768 0.05048076923076923 0.04567307692307692
0 0.5180288461538461 0.7271634615384616 0.036057692307692304 0.040865384615384616
0 0.5144230769230769 0.6766826923076923 0.036057692307692304 0.040865384615384616
0 0.4795673076923077 0.08533653846153846 0.0625 0.040865384615384616
0 0.4951923076923077 0.6514423076923077 0.055288461538461536 0.036057692307692304
0 0.5036057692307693 0.9146634615384616 0.07451923076923077 0.04807692307692308
0 0.49038461538461536 0.7355769230769231 0.036057692307692304 0.040865384615384616
0 0.4579326923076923 0.14783653846153846 0.0625 0.04567307692307692
0 0.47716346153846156 0.7932692307692307 0.052884615384615384 0.028846153846153848
0 0.4567307692307692 0.8088942307692307 0.05048076923076923 0.026442307692307692
0 0.4266826923076923 0.3485576923076923 0.052884615384615384 0.036057692307692304
0 0.4098557692307692 0.10336538461538461 0.05048076923076923 0.036057692307692304
0 0.41466346153846156 0.28966346153846156 0.06490384615384616 0.040865384615384616
0 0.40384615384615385 0.15504807692307693 0.052884615384615384 0.038461538461538464
0 0.4254807692307692 0.7403846153846154 0.06971153846153846 0.04567307692307692
0 0.3762019230769231 0.11538461538461539 0.04567307692307692 0.036057692307692304
0 0.953125 0.7560096153846154 0.06971153846153846 0.055288461538461536
0 0.4014423076923077 0.78125 0.052884615384615384 0.04567307692307692
0 0.375 0.5841346153846154 0.06009615384615385 0.040865384615384616
0 0.3317307692307692 0.18629807692307693 0.05048076923076923 0.036057692307692304
0 0.3293269230769231 0.2668269230769231 0.06971153846153846 0.036057692307692304
0 0.3293269230769231 0.5949519230769231 0.052884615384615384 0.04567307692307692
0 0.2692307692307692 0.12740384615384615 0.06009615384615385 0.05048076923076923
0 0.22235576923076922 0.056490384615384616 0.06009615384615385 0.05048076923076923
0 0.22956730769230768 0.5817307692307693 0.05048076923076923 0.04326923076923077
0 0.19110576923076922 0.30288461538461536 0.05048076923076923 0.036057692307692304
0 0.8954326923076923 0.010817307692307692 0.06490384615384616 0.021634615384615384
0 0.16346153846153846 0.14182692307692307 0.04326923076923077 0.036057692307692304
0 0.17067307692307693 0.2920673076923077 0.040865384615384616 0.03125
0 0.9122596153846154 0.37259615384615385 0.04567307692307692 0.04567307692307692
0 0.19591346153846154 0.8545673076923077 0.06490384615384616 0.040865384615384616
0 0.1778846153846154 0.5985576923076923 0.0625 0.04326923076923077
0 0.1814903846153846 0.8870192307692307 0.04567307692307692 0.040865384615384616
0 0.12980769230769232 0.06009615384615385 0.06490384615384616 0.04567307692307692
0 0.15625 0.7211538461538461 0.06009615384615385 0.04567307692307692
0 0.13942307692307693 0.42788461538461536 0.05048076923076923 0.038461538461538464
0 0.11538461538461539 0.15264423076923078 0.05048076923076923 0.04326923076923077
0 0.14783653846153846 0.890625 0.04567307692307692 0.038461538461538464
0 0.0985576923076923 0.234375 0.052884615384615384 0.05048076923076923
0 0.10697115384615384 0.6298076923076923 0.06971153846153846 0.04567307692307692
0 0.09375 0.41466346153846156 0.055288461538461536 0.038461538461538464
0 0.08653846153846154 0.5877403846153846 0.0625 0.052884615384615384
0 0.0889423076923077 0.828125 0.06971153846153846 0.05048076923076923
0 0.018028846153846152 0.17548076923076922 0.036057692307692304 0.052884615384615384
0 0.019230769230769232 0.3076923076923077 0.038461538461538464 0.04326923076923077
0 0.8834134615384616 0.5120192307692307 0.06971153846153846 0.036057692307692304
0 0.8665865384615384 0.28725961538461536 0.05048076923076923 0.05048076923076923
0 0.8617788461538461 0.4362980769230769 0.05048076923076923 0.036057692307692304
0 0.8533653846153846 0.38341346153846156 0.05048076923076923 0.04567307692307692
0 0.8485576923076923 0.5576923076923077 0.055288461538461536 0.040865384615384616
0 0.8052884615384616 0.3173076923076923 0.05048076923076923 0.04567307692307692
0 0.796875 0.19110576923076922 0.057692307692307696 0.052884615384615384