0 0.5144230769230769 0.7992788461538461 0.036057692307692304 0.04326923076923077
0 0.3088942307692308 0.7908653846153846 0.040865384615384616 0.04807692307692308
0 0.8533653846153846 0.7439903846153846 0.040865384615384616 0.04807692307692308
0 0.17307692307692307 0.7487980769230769 0.05048076923076923 0.057692307692307696
0 0.5216346153846154 0.7367788461538461 0.038461538461538464 0.05048076923076923
0 0.9831730769230769 0.71875 0.028846153846153848 0.052884615384615384
0 0.3293269230769231 0.7247596153846154 0.038461538461538464 0.04326923076923077
0 0.7932692307692307 0.6850961538461539 0.03365384615384615 0.04807692307692308
0 0.18509615384615385 0.6586538461538461 0.03365384615384615 0.04807692307692308
0 0.2848557692307692 0.9675480769230769 0.040865384615384616 0.052884615384615384
0 0.53125 0.6141826923076923 0.040865384615384616 0.04807692307692308
0 0.7367788461538461 0.6081730769230769 0.036057692307692304 0.040865384615384616
0 0.7536057692307693 0.5649038461538461 0.03365384615384615 0.04326923076923077
0 0.6778846153846154 0.5516826923076923 0.03365384615384615 0.038461538461538464
0 0.16466346153846154 0.5612980769230769 0.04326923076923077 0.05048076923076923
0 0.46634615384615385 0.5480769230769231 0.038461538461538464 0.057692307692307696
0 0.6490384615384616 0.5396634615384616 0.03365384615384615 0.040865384615384616
0 0.8665865384615384 0.5300480769230769 0.036057692307692304 0.04326923076923077
0 0.9182692307692307 0.4951923076923077 0.038461538461538464 0.04326923076923077
0 0.328125 0.5 0.02403846153846154 0.038461538461538464
0 0.3485576923076923 0.49399038461538464 0.03365384615384615 0.040865384615384616
0 0.0889423076923077 0.49038461538461536 0.03365384615384615 0.06009615384615385
0 0.8569711538461539 0.4699519230769231 0.028846153846153848 0.038461538461538464
0 0.65625 0.4326923076923077 0.04326923076923077 0.052884615384615384
0 0.7151442307692307 0.421875 0.040865384615384616 0.04326923076923077
0 0.8509615384615384 0.4170673076923077 0.028846153846153848 0.040865384615384616
0 0.265625 0.41225961538461536 0.03365384615384615 0.052884615384615384
0 0.22956730769230768 0.39302884615384615 0.036057692307692304 0.055288461538461536
0 0.23076923076923078 0.9423076923076923 0.04326923076923077 0.04807692307692308
0 0.41947115384615385 0.36899038461538464 0.040865384615384616 0.038461538461538464
0 0.8197115384615384 0.33653846153846156 0.03365384615384615 0.04326923076923077
0 0.7391826923076923 0.33774038461538464 0.03365384615384615 0.04807692307692308
0 0.4110576923076923 0.3293269230769231 0.038461538461538464 0.04326923076923077
0 0.8846153846153846 0.2824519230769231 0.038461538461538464 0.04807692307692308
0 0.9507211538461539 0.23798076923076922 0.038461538461538464 0.04326923076923077
0 0.43028846153846156 0.23076923076923078 0.036057692307692304 0.038461538461538464
0 0.9831730769230769 0.9146634615384616 0.028846153846153848 0.06009615384615385
0 0.8677884615384616 0.1778846153846154 0.038461538461538464 0.04807692307692308
0 0.4182692307692308 0.1814903846153846 0.03365384615384615 0.038461538461538464
0 0.15745192307692307 0.1814903846153846 0.03365384615384615 0.05048076923076923
0 0.9567307692307693 0.14903846153846154 0.03365384615384615 0.052884615384615384
0 0.5889423076923077 0.140625 0.03365384615384615 0.038461538461538464
0 0.6105769230769231 0.9110576923076923 0.036057692307692304 0.04326923076923077
0 0.8629807692307693 0.13221153846153846 0.040865384615384616 0.04326923076923077
0 0.7752403846153846 0.11177884615384616 0.038461538461538464 0.04567307692307692
0 0.6045673076923077 0.0985576923076923 0.036057692307692304 0.04326923076923077
0 0.3858173076923077 0.10336538461538461 0.040865384615384616 0.04807692307692308
0 0.4206730769230769 0.08774038461538461 0.03365384615384615 0.04807692307692308
0 0.18629807692307693 0.07692307692307693 0.040865384615384616 0.057692307692307696
0 0.7151442307692307 0.019230769230769232 0.040865384615384616 0.038461538461538464
0 0.8461538461538461 0.015625 0.04326923076923077 0.03125
0 0.47836538461538464 0.8846153846153846 0.038461538461538464 0.0625
0 0.7007211538461539 0.8689903846153846 0.038461538461538464 0.04326923076923077
0 0.5528846153846154 0.8677884615384616 0.03365384615384615 0.038461538461538464
0 0.6057692307692307 0.8629807692307693 0.040865384615384616 0.04326923076923077
0 0.43028846153846156 0.8509615384615384 0.03365384615384615 0.04807692307692308
0 0.6754807692307693 0.8112980769230769 0.03365384615384615 0.05048076923076923
0 0.7980769230769231 0.8064903846153846 0.04326923076923077 0.052884615384615384