0 0.2980769230769231 0.23677884615384615 0.055288461538461536 0.055288461538461536
0 0.3233173076923077 0.20673076923076922 0.055288461538461536 0.057692307692307696
0 0.390625 0.12740384615384615 0.057692307692307696 0.055288461538461536
0 0.421875 0.08052884615384616 0.055288461538461536 0.052884615384615384
0 0.3161057692307692 0.46875 0.0673076923076923 0.07211538461538461
0 0.2608173076923077 0.6538461538461539 0.057692307692307696 0.06009615384615385
0 0.5 0.3557692307692308 0.07211538461538461 0.0673076923076923
0 0.46634615384615385 0.46274038461538464 0.0673076923076923 0.0673076923076923
0 0.5564903846153846 0.27283653846153844 0.0625 0.06490384615384616
0 0.3918269230769231 0.78125 0.04567307692307692 0.057692307692307696
0 0.45552884615384615 0.7548076923076923 0.05048076923076923 0.06490384615384616
0 0.546875 0.5384615384615384 0.057692307692307696 0.06009615384615385
0 0.6598557692307693 0.25 0.06009615384615385 0.057692307692307696
0 0.7512019230769231 0.10817307692307693 0.0673076923076923 0.06009615384615385
0 0.6298076923076923 0.5120192307692307 0.0673076923076923 0.0625
0 0.5973557692307693 0.625 0.06009615384615385 0.057692307692307696
0 0.7752403846153846 0.13942307692307693 0.06490384615384616 0.057692307692307696
0 0.8293269230769231 0.20793269230769232 0.05048076923076923 0.052884615384615384
0 0.9795673076923077 0.43509615384615385 0.036057692307692304 0.052884615384615384
0 0.9591346153846154 0.5252403846153846 0.06490384615384616 0.0625