1 0.6742788461538461 0.9182692307692307 0.055288461538461536 0.055288461538461536
1 0.8161057692307693 0.5144230769230769 0.0625 0.055288461538461536
1 0.8942307692307693 0.2644230769230769 0.06009615384615385 0.0625
1 0.7740384615384616 0.546875 0.0625 0.05048076923076923
1 0.8173076923076923 0.3293269230769231 0.06490384615384616 0.0625
1 0.8581730769230769 0.20432692307692307 0.06009615384615385 0.057692307692307696
1 0.8641826923076923 0.12860576923076922 0.06009615384615385 0.057692307692307696
1 0.7944711538461539 0.27403846153846156 0.0625 0.0625
1 0.6983173076923077 0.4951923076923077 0.057692307692307696 0.055288461538461536
1 0.7079326923076923 0.3942307692307692 0.07211538461538461 0.06971153846153846
1 0.49278846153846156 0.9074519230769231 0.0625 0.06490384615384616
1 0.4795673076923077 0.8004807692307693 0.06009615384615385 0.055288461538461536
1 0.4230769230769231 0.8882211538461539 0.0625 0.0625
1 0.4362980769230769 0.8293269230769231 0.055288461538461536 0.06009615384615385
1 0.8401442307692307 0.8858173076923077 0.055288461538461536 0.0625
1 0.5841346153846154 0.2620192307692308 0.06971153846153846 0.06009615384615385
1 0.38221153846153844 0.7920673076923077 0.0673076923076923 0.0673076923076923
1 0.5973557692307693 0.1622596153846154 0.0673076923076923 0.0625
1 0.4795673076923077 0.4807692307692308 0.0673076923076923 0.0673076923076923
1 0.6009615384615384 0.10697115384615384 0.07451923076923077 0.0673076923076923
1 0.5336538461538461 0.23317307692307693 0.0625 0.0673076923076923
1 0.42908653846153844 0.4891826923076923 0.0673076923076923 0.0625
1 0.3088942307692308 0.7848557692307693 0.07451923076923077 0.07692307692307693
1 0.46033653846153844 0.35336538461538464 0.07451923076923077 0.06971153846153846
1 0.5564903846153846 0.042067307692307696 0.06971153846153846 0.06971153846153846
1 0.3858173076923077 0.4326923076923077 0.06971153846153846 0.06971153846153846
1 0.47836538461538464 0.17668269230769232 0.0673076923076923 0.06490384615384616
1 0.3112980769230769 0.6069711538461539 0.06490384615384616 0.06009615384615385
1 0.3112980769230769 0.5564903846153846 0.0673076923076923 0.0673076923076923
1 0.4699519230769231 0.028846153846153848 0.06971153846153846 0.057692307692307696
1 0.43028846153846156 0.0829326923076923 0.06971153846153846 0.06971153846153846
1 0.17668269230769232 0.6610576923076923 0.06009615384615385 0.057692307692307696
1 0.9675480769230769 0.42427884615384615 0.06009615384615385 0.07451923076923077
1 0.2980769230769231 0.2283653846153846 0.06009615384615385 0.057692307692307696
1 0.12259615384615384 0.7067307692307693 0.0673076923076923 0.0673076923076923
1 0.3557692307692308 0.007211538461538462 0.057692307692307696 0.014423076923076924
1 0.3088942307692308 0.0673076923076923 0.0625 0.055288461538461536
1 0.14783653846153846 0.5060096153846154 0.0625 0.0625
1 0.14903846153846154 0.4495192307692308 0.0625 0.055288461538461536
1 0.23798076923076922 0.20192307692307693 0.055288461538461536 0.055288461538461536
1 0.2668269230769231 0.10576923076923077 0.055288461538461536 0.052884615384615384
1 0.019230769230769232 0.7572115384615384 0.038461538461538464 0.038461538461538464
1 0.01201923076923077 0.7403846153846154 0.02403846153846154 0.03365384615384615
1 0.0985576923076923 0.4831730769230769 0.0625 0.0625
1 0.16105769230769232 0.28725961538461536 0.055288461538461536 0.06009615384615385
1 0.09615384615384616 0.42788461538461536 0.057692307692307696 0.06009615384615385
1 0.9819711538461539 0.33653846153846156 0.03125 0.057692307692307696
1 0.20673076923076922 0.014423076923076924 0.057692307692307696 0.028846153846153848
1 0.12980769230769232 0.10096153846153846 0.040865384615384616 0.04807692307692308
1 0.7596153846153846 0.9447115384615384 0.052884615384615384 0.055288461538461536