1 0.2620192307692308 0.6478365384615384 0.10336538461538461 0.10336538461538461
1 0.6033653846153846 0.03365384615384615 0.09134615384615384 0.0673076923076923
1 0.59375 0.14783653846153846 0.09375 0.0985576923076923
1 0.3918269230769231 0.7055288461538461 0.11298076923076923 0.10336538461538461
1 0.33533653846153844 0.9314903846153846 0.11057692307692307 0.0985576923076923
1 0.7127403846153846 0.07451923076923077 0.09375 0.07692307692307693
1 0.5685096153846154 0.5108173076923077 0.09375 0.09615384615384616
1 0.7115384615384616 0.19471153846153846 0.0889423076923077 0.09134615384615384
1 0.6538461538461539 0.9411057692307693 0.11538461538461539 0.11298076923076923
1 0.7956730769230769 0.8305288461538461 0.1201923076923077 0.10336538461538461
1 0.9555288461538461 0.38822115384615385 0.08413461538461539 0.09375