1 0.1658653846153846 0.9591346153846154 0.05048076923076923 0.055288461538461536
1 0.09014423076923077 0.30528846153846156 0.055288461538461536 0.055288461538461536
1 0.25600961538461536 0.7007211538461539 0.06490384615384616 0.057692307692307696
1 0.3641826923076923 0.9387019230769231 0.06009615384615385 0.06490384615384616
1 0.055288461538461536 0.16105769230769232 0.052884615384615384 0.04807692307692308
1 0.2644230769230769 0.6478365384615384 0.06490384615384616 0.052884615384615384
1 0.3786057692307692 0.8389423076923077 0.06490384615384616 0.0625
1 0.43149038461538464 0.9591346153846154 0.06009615384615385 0.057692307692307696
1 0.43149038461538464 0.8641826923076923 0.0625 0.0625
1 0.3557692307692308 0.6358173076923077 0.057692307692307696 0.057692307692307696
1 0.4170673076923077 0.7175480769230769 0.07211538461538461 0.06971153846153846
1 0.23317307692307693 0.19230769230769232 0.0625 0.06490384615384616
1 0.3137019230769231 0.26322115384615385 0.06009615384615385 0.055288461538461536
1 0.2980769230769231 0.15985576923076922 0.0625 0.0625
1 0.3269230769230769 0.2127403846153846 0.055288461538461536 0.06009615384615385
1 0.009615384615384616 0.4411057692307692 0.019230769230769232 0.06490384615384616
1 0.5973557692307693 0.7331730769230769 0.06971153846153846 0.0625
1 0.3918269230769231 0.20432692307692307 0.06971153846153846 0.06971153846153846
1 0.6538461538461539 0.8161057692307693 0.0673076923076923 0.06490384615384616
1 0.5276442307692307 0.5 0.06971153846153846 0.06971153846153846
1 0.6875 0.859375 0.07692307692307693 0.0673076923076923
1 0.6538461538461539 0.7199519230769231 0.06490384615384616 0.0673076923076923
1 0.5588942307692307 0.46033653846153844 0.0673076923076923 0.06490384615384616
1 0.45072115384615385 0.16105769230769232 0.07692307692307693 0.07692307692307693
1 0.21995192307692307 0.9783653846153846 0.055288461538461536 0.038461538461538464
1 0.6274038461538461 0.5817307692307693 0.07451923076923077 0.07211538461538461
1 0.7644230769230769 0.8786057692307693 0.06971153846153846 0.07211538461538461
1 0.6298076923076923 0.4735576923076923 0.06971153846153846 0.07211538461538461
1 0.7331730769230769 0.7259615384615384 0.0673076923076923 0.0673076923076923
1 0.5685096153846154 0.29447115384615385 0.0673076923076923 0.0625
1 0.6021634615384616 0.3317307692307692 0.06971153846153846 0.06971153846153846
1 0.8413461538461539 0.8353365384615384 0.06971153846153846 0.06490384615384616
1 0.8305288461538461 0.7632211538461539 0.06971153846153846 0.07211538461538461
1 0.6322115384615384 0.16346153846153846 0.06009615384615385 0.057692307692307696
1 0.1971153846153846 0.8762019230769231 0.07932692307692307 0.07451923076923077
1 0.8317307692307693 0.5673076923076923 0.06009615384615385 0.057692307692307696
1 0.6418269230769231 0.09375 0.06971153846153846 0.06971153846153846
1 0.9519230769230769 0.7836538461538461 0.055288461538461536 0.055288461538461536
1 0.9326923076923077 0.6935096153846154 0.0625 0.055288461538461536
1 0.7584134615384616 0.25961538461538464 0.0625 0.0625
1 0.7944711538461539 0.3016826923076923 0.0625 0.057692307692307696
1 0.8942307692307693 0.5456730769230769 0.055288461538461536 0.055288461538461536
1 0.9362980769230769 0.6370192307692307 0.055288461538461536 0.055288461538461536
1 0.7079326923076923 0.003605769230769231 0.036057692307692304 0.007211538461538462
1 0.8100961538461539 0.2439903846153846 0.0625 0.0625
1 0.8942307692307693 0.43149038461538464 0.055288461538461536 0.06009615384615385
1 0.8485576923076923 0.28365384615384615 0.057692307692307696 0.06009615384615385
1 0.24278846153846154 0.953125 0.055288461538461536 0.055288461538461536
1 0.019230769230769232 0.34375 0.038461538461538464 0.057692307692307696