1 0.7007211538461539 0.11778846153846154 0.05048076923076923 0.052884615384615384
1 0.6478365384615384 0.009615384615384616 0.06009615384615385 0.019230769230769232
1 0.8305288461538461 0.5721153846153846 0.0625 0.0673076923076923
1 0.6394230769230769 0.055288461538461536 0.0625 0.0625
1 0.6454326923076923 0.09615384615384616 0.05048076923076923 0.04807692307692308
1 0.8966346153846154 0.8137019230769231 0.055288461538461536 0.0625
1 0.6682692307692307 0.18990384615384615 0.052884615384615384 0.04807692307692308
1 0.6274038461538461 0.12259615384615384 0.05048076923076923 0.05048076923076923
1 0.5925480769230769 0.04567307692307692 0.055288461538461536 0.052884615384615384
1 0.8112980769230769 0.6538461538461539 0.055288461538461536 0.055288461538461536
1 0.8581730769230769 0.8004807692307693 0.0625 0.06490384615384616
1 0.9122596153846154 0.25961538461538464 0.04807692307692308 0.055288461538461536
1 0.5 0.016826923076923076 0.0673076923076923 0.03365384615384615
1 0.7355769230769231 0.6862980769230769 0.055288461538461536 0.057692307692307696
1 0.6057692307692307 0.34134615384615385 0.06490384615384616 0.057692307692307696
1 0.5216346153846154 0.1346153846153846 0.055288461538461536 0.06009615384615385
1 0.765625 0.8161057692307693 0.055288461538461536 0.055288461538461536
1 0.6009615384615384 0.3894230769230769 0.0625 0.0673076923076923
1 0.5036057692307693 0.21634615384615385 0.0625 0.0673076923076923
1 0.46153846153846156 0.11057692307692307 0.055288461538461536 0.052884615384615384
1 0.4230769230769231 0.06009615384615385 0.06490384615384616 0.057692307692307696
1 0.4579326923076923 0.1935096153846154 0.06490384615384616 0.06971153846153846
1 0.5204326923076923 0.39663461538461536 0.05048076923076923 0.052884615384615384
1 0.6814903846153846 0.8665865384615384 0.0625 0.0625
1 0.4675480769230769 0.32091346153846156 0.06490384615384616 0.057692307692307696
1 0.609375 0.7824519230769231 0.052884615384615384 0.052884615384615384
1 0.3125 0.056490384615384616 0.0625 0.055288461538461536
1 0.8257211538461539 0.0889423076923077 0.055288461538461536 0.055288461538461536
1 0.5432692307692307 0.71875 0.055288461538461536 0.055288461538461536
1 0.5564903846153846 0.8052884615384616 0.05048076923076923 0.052884615384615384
1 0.53125 0.7608173076923077 0.057692307692307696 0.055288461538461536
1 0.5949519230769231 0.9723557692307693 0.06971153846153846 0.05048076923076923
1 0.3112980769230769 0.3004807692307692 0.057692307692307696 0.052884615384615384
1 0.47475961538461536 0.7632211538461539 0.052884615384615384 0.05048076923076923
1 0.265625 0.22716346153846154 0.055288461538461536 0.057692307692307696
1 0.36538461538461536 0.5036057692307693 0.04807692307692308 0.05048076923076923
1 0.234375 0.18629807692307693 0.06009615384615385 0.06009615384615385
1 0.26802884615384615 0.3112980769230769 0.052884615384615384 0.055288461538461536
1 0.33653846153846156 0.5324519230769231 0.04567307692307692 0.052884615384615384
1 0.4182692307692308 0.8016826923076923 0.0625 0.057692307692307696
1 0.2824519230769231 0.4338942307692308 0.05048076923076923 0.05048076923076923
1 0.17067307692307693 0.17067307692307693 0.055288461538461536 0.055288461538461536
1 0.4579326923076923 0.9783653846153846 0.055288461538461536 0.038461538461538464
1 0.19471153846153846 0.3016826923076923 0.057692307692307696 0.055288461538461536
1 0.27403846153846156 0.5216346153846154 0.057692307692307696 0.052884615384615384
1 0.3245192307692308 0.6802884615384616 0.055288461538461536 0.055288461538461536
1 0.4230769230769231 0.9699519230769231 0.055288461538461536 0.052884615384615384
1 0.2980769230769231 0.6466346153846154 0.04807692307692308 0.04807692307692308
1 0.10336538461538461 0.20552884615384615 0.0673076923076923 0.0625
1 0.11298076923076923 0.2692307692307692 0.06009615384615385 0.06009615384615385
1 0.2620192307692308 0.7920673076923077 0.057692307692307696 0.057692307692307696
1 0.1045673076923077 0.43509615384615385 0.055288461538461536 0.052884615384615384
1 0.2536057692307692 0.8521634615384616 0.055288461538461536 0.0625
1 0.020432692307692308 0.24759615384615385 0.040865384615384616 0.057692307692307696
1 0.16346153846153846 0.7067307692307693 0.057692307692307696 0.052884615384615384
1 0.025240384615384616 0.3269230769230769 0.05048076923076923 0.057692307692307696
1 0.052884615384615384 0.4543269230769231 0.04807692307692308 0.057692307692307696
1 0.12860576923076922 0.6646634615384616 0.055288461538461536 0.052884615384615384
1 0.021634615384615384 0.3762019230769231 0.04326923076923077 0.055288461538461536
1 0.21754807692307693 0.9483173076923077 0.052884615384615384 0.055288461538461536
1 0.11298076923076923 0.7199519230769231 0.055288461538461536 0.05048076923076923
1 0.1935096153846154 0.9435096153846154 0.04567307692307692 0.04326923076923077
1 0.04567307692307692 0.5528846153846154 0.06490384615384616 0.057692307692307696
1 0.08413461538461539 0.6814903846153846 0.04807692307692308 0.04567307692307692