1 0.8016826923076923 0.8052884615384616 0.052884615384615384 0.04326923076923077
1 0.9411057692307693 0.7752403846153846 0.038461538461538464 0.04807692307692308
1 0.7908653846153846 0.8425480769230769 0.06009615384615385 0.052884615384615384
1 0.9158653846153846 0.9254807692307693 0.036057692307692304 0.04326923076923077
1 0.8449519230769231 0.45552884615384615 0.040865384615384616 0.038461538461538464
1 0.8545673076923077 0.28846153846153844 0.04567307692307692 0.04567307692307692
1 0.7644230769230769 0.7980769230769231 0.05048076923076923 0.04567307692307692
1 0.7451923076923077 0.9026442307692307 0.06009615384615385 0.05048076923076923
1 0.8617788461538461 0.16826923076923078 0.038461538461538464 0.03365384615384615
1 0.8701923076923077 0.07572115384615384 0.052884615384615384 0.04326923076923077
1 0.7956730769230769 0.12259615384615384 0.04326923076923077 0.040865384615384616
1 0.7451923076923077 0.25600961538461536 0.04567307692307692 0.04567307692307692
1 0.9819711538461539 0.4375 0.03125 0.04807692307692308
1 0.7584134615384616 0.13221153846153846 0.05048076923076923 0.055288461538461536
1 0.640625 0.6610576923076923 0.06009615384615385 0.052884615384615384
1 0.7235576923076923 0.17668269230769232 0.04326923076923077 0.04326923076923077
1 0.7127403846153846 0.21394230769230768 0.04326923076923077 0.04326923076923077
1 0.5853365384615384 0.8762019230769231 0.040865384615384616 0.038461538461538464
1 0.6850961538461539 0.29447115384615385 0.04807692307692308 0.05048076923076923
1 0.6838942307692307 0.2247596153846154 0.040865384615384616 0.04326923076923077
1 0.9807692307692307 0.40625 0.03365384615384615 0.04807692307692308
1 0.5889423076923077 0.7175480769230769 0.057692307692307696 0.04807692307692308
1 0.6875 0.15144230769230768 0.04807692307692308 0.04567307692307692
1 0.5576923076923077 0.8497596153846154 0.04807692307692308 0.040865384615384616
1 0.890625 0.9242788461538461 0.040865384615384616 0.04807692307692308
1 0.6370192307692307 0.07572115384615384 0.04807692307692308 0.04567307692307692
1 0.5180288461538461 0.7091346153846154 0.04567307692307692 0.055288461538461536
1 0.5697115384615384 0.38461538461538464 0.05048076923076923 0.04567307692307692
1 0.5961538461538461 0.18509615384615385 0.04567307692307692 0.05048076923076923
1 0.48197115384615385 0.8221153846153846 0.04567307692307692 0.040865384615384616
1 0.5432692307692307 0.4182692307692308 0.05048076923076923 0.04567307692307692
1 0.5516826923076923 0.2439903846153846 0.04567307692307692 0.052884615384615384
1 0.5600961538461539 0.14182692307692307 0.04807692307692308 0.04326923076923077
1 0.9819711538461539 0.28966346153846156 0.03125 0.05048076923076923
1 0.5540865384615384 0.08653846153846154 0.05048076923076923 0.04807692307692308
1 0.5228365384615384 0.20673076923076922 0.04567307692307692 0.04567307692307692
1 0.48197115384615385 0.3894230769230769 0.06009615384615385 0.057692307692307696
1 0.3942307692307692 0.8245192307692307 0.05048076923076923 0.04567307692307692
1 0.5372596153846154 0.018028846153846152 0.06009615384615385 0.036057692307692304
1 0.36538461538461536 0.9627403846153846 0.052884615384615384 0.04567307692307692
1 0.9314903846153846 0.6045673076923077 0.04807692307692308 0.052884615384615384
1 0.4735576923076923 0.3088942307692308 0.057692307692307696 0.04807692307692308
1 0.38100961538461536 0.7271634615384616 0.04326923076923077 0.040865384615384616
1 0.4723557692307692 0.03365384615384615 0.05048076923076923 0.04567307692307692
1 0.3545673076923077 0.6454326923076923 0.05048076923076923 0.040865384615384616
1 0.3269230769230769 0.7199519230769231 0.05048076923076923 0.052884615384615384
1 0.3317307692307692 0.671875 0.05048076923076923 0.04567307692307692
1 0.2848557692307692 0.8713942307692307 0.052884615384615384 0.04807692307692308
1 0.4338942307692308 0.01201923076923077 0.05048076923076923 0.02403846153846154
1 0.36177884615384615 0.2247596153846154 0.057692307692307696 0.04567307692307692
1 0.28125 0.6502403846153846 0.04807692307692308 0.04326923076923077
1 0.22596153846153846 0.9411057692307693 0.05048076923076923 0.038461538461538464
1 0.3605769230769231 0.14302884615384615 0.05048076923076923 0.05048076923076923
1 0.3137019230769231 0.4026442307692308 0.04567307692307692 0.05048076923076923
1 0.3581730769230769 0.10576923076923077 0.05048076923076923 0.04807692307692308
1 0.36658653846153844 0.016826923076923076 0.06009615384615385 0.03365384615384615
1 0.19831730769230768 0.9254807692307693 0.05048076923076923 0.04567307692307692
1 0.31971153846153844 0.2127403846153846 0.04567307692307692 0.04326923076923077
1 0.2776442307692308 0.41586538461538464 0.04567307692307692 0.04326923076923077
1 0.22115384615384615 0.6586538461538461 0.05048076923076923 0.057692307692307696
1 0.28125 0.31009615384615385 0.05048076923076923 0.052884615384615384
1 0.3125 0.05889423076923077 0.05048076923076923 0.05048076923076923
1 0.171875 0.8125 0.05048076923076923 0.04807692307692308
1 0.23557692307692307 0.37740384615384615 0.052884615384615384 0.04807692307692308
1 0.27163461538461536 0.171875 0.04807692307692308 0.04567307692307692
1 0.20192307692307693 0.5228365384615384 0.052884615384615384 0.055288461538461536
1 0.15144230769230768 0.7836538461538461 0.05048076923076923 0.052884615384615384
1 0.19951923076923078 0.48197115384615385 0.05048076923076923 0.04326923076923077
1 0.24639423076923078 0.05889423076923077 0.05048076923076923 0.05048076923076923
1 0.22235576923076922 0.109375 0.05048076923076923 0.05048076923076923
1 0.10216346153846154 0.5817307692307693 0.055288461538461536 0.055288461538461536
1 0.14423076923076922 0.23557692307692307 0.05048076923076923 0.05048076923076923
1 0.07211538461538461 0.6262019230769231 0.052884615384615384 0.057692307692307696
1 0.8882211538461539 0.6430288461538461 0.05048076923076923 0.04567307692307692
1 0.018028846153846152 0.8918269230769231 0.036057692307692304 0.052884615384615384
1 0.15384615384615385 0.046875 0.05048076923076923 0.05048076923076923
1 0.1310096153846154 0.11177884615384616 0.06009615384615385 0.057692307692307696
1 0.06370192307692307 0.4675480769230769 0.04567307692307692 0.05048076923076923
1 0.9699519230769231 0.1658653846153846 0.04567307692307692 0.05048076923076923
1 0.06009615384615385 0.4206730769230769 0.05048076923076923 0.05048076923076923
1 0.09254807692307693 0.22596153846153846 0.055288461538461536 0.05048076923076923
1 0.10096153846153846 0.14783653846153846 0.06971153846153846 0.057692307692307696
1 0.01201923076923077 0.6790865384615384 0.02403846153846154 0.040865384615384616
1 0.10817307692307693 0.013221153846153846 0.052884615384615384 0.026442307692307692
1 0.02403846153846154 0.4639423076923077 0.04807692307692308 0.057692307692307696
1 0.04927884615384615 0.3004807692307692 0.05048076923076923 0.05048076923076923
1 0.02283653846153846 0.4170673076923077 0.036057692307692304 0.055288461538461536
1 0.9699519230769231 0.6334134615384616 0.03365384615384615 0.057692307692307696
1 0.8713942307692307 0.5396634615384616 0.057692307692307696 0.05048076923076923
1 0.8737980769230769 0.46634615384615385 0.04807692307692308 0.04567307692307692