1 0.49158653846153844 0.13822115384615385 0.04807692307692308 0.04807692307692308
1 0.36658653846153844 0.15384615384615385 0.0625 0.052884615384615384
1 0.9014423076923077 0.28966346153846156 0.04567307692307692 0.038461538461538464
1 0.9507211538461539 0.3329326923076923 0.055288461538461536 0.04807692307692308
1 0.5252403846153846 0.03245192307692308 0.040865384615384616 0.04326923076923077
1 0.25721153846153844 0.3425480769230769 0.04326923076923077 0.04567307692307692
1 0.9230769230769231 0.4050480769230769 0.05048076923076923 0.04567307692307692
1 0.1346153846153846 0.35216346153846156 0.04326923076923077 0.052884615384615384
1 0.5420673076923077 0.39302884615384615 0.055288461538461536 0.04567307692307692
1 0.07091346153846154 0.36538461538461536 0.04807692307692308 0.052884615384615384
1 0.24158653846153846 0.39903846153846156 0.038461538461538464 0.040865384615384616
1 0.5600961538461539 0.44591346153846156 0.05048076923076923 0.04326923076923077
1 0.9411057692307693 0.49278846153846156 0.04567307692307692 0.04807692307692308
1 0.39783653846153844 0.4495192307692308 0.04807692307692308 0.04807692307692308
1 0.019230769230769232 0.4362980769230769 0.03365384615384615 0.052884615384615384
1 0.5084134615384616 0.5084134615384616 0.04807692307692308 0.04807692307692308
1 0.18269230769230768 0.4855769230769231 0.040865384615384616 0.04326923076923077
1 0.7307692307692307 0.5420673076923077 0.04807692307692308 0.04807692307692308
1 0.6754807692307693 0.5552884615384616 0.04326923076923077 0.04807692307692308
1 0.02283653846153846 0.5420673076923077 0.04567307692307692 0.06490384615384616
1 0.0985576923076923 0.5661057692307693 0.04567307692307692 0.055288461538461536
1 0.8389423076923077 0.6802884615384616 0.057692307692307696 0.0625
1 0.9050480769230769 0.7259615384615384 0.04807692307692308 0.052884615384615384
1 0.30408653846153844 0.6742788461538461 0.04807692307692308 0.052884615384615384
1 0.2608173076923077 0.04927884615384615 0.04807692307692308 0.05048076923076923
1 0.018028846153846152 0.6850961538461539 0.036057692307692304 0.057692307692307696
1 0.11538461538461539 0.7115384615384616 0.052884615384615384 0.055288461538461536
1 0.671875 0.7620192307692307 0.052884615384615384 0.057692307692307696
1 0.1045673076923077 0.039663461538461536 0.057692307692307696 0.052884615384615384
1 0.2920673076923077 0.7487980769230769 0.04807692307692308 0.052884615384615384
1 0.6021634615384616 0.7788461538461539 0.04807692307692308 0.05048076923076923
1 0.17548076923076922 0.7512019230769231 0.04567307692307692 0.04567307692307692
1 0.6598557692307693 0.8257211538461539 0.055288461538461536 0.057692307692307696
1 0.41586538461538464 0.8161057692307693 0.04807692307692308 0.05048076923076923
1 0.5961538461538461 0.84375 0.04567307692307692 0.04567307692307692
1 0.07451923076923077 0.8509615384615384 0.04807692307692308 0.05048076923076923
1 0.21514423076923078 0.9122596153846154 0.052884615384615384 0.052884615384615384
1 0.8930288461538461 0.984375 0.055288461538461536 0.026442307692307692
1 0.5300480769230769 0.9783653846153846 0.05048076923076923 0.038461538461538464
1 0.28846153846153844 0.9627403846153846 0.055288461538461536 0.04326923076923077
1 0.20552884615384615 0.09375 0.055288461538461536 0.04807692307692308