1 0.47716346153846156 0.12259615384615384 0.10576923076923077 0.10336538461538461
1 0.12139423076923077 0.12259615384615384 0.07932692307692307 0.0985576923076923
1 0.43149038461538464 0.2536057692307692 0.09375 0.09134615384615384
1 0.9723557692307693 0.43509615384615385 0.05048076923076923 0.09615384615384616
1 0.20432692307692307 0.21634615384615385 0.10576923076923077 0.11778846153846154
1 0.6322115384615384 0.4266826923076923 0.09375 0.09134615384615384
1 0.9579326923076923 0.5540865384615384 0.07932692307692307 0.0889423076923077
1 0.21033653846153846 0.5384615384615384 0.09375 0.09375
1 0.32572115384615385 0.6658653846153846 0.11057692307692307 0.10096153846153846
1 0.7716346153846154 0.8040865384615384 0.09615384615384616 0.10096153846153846
1 0.04567307692307692 0.8257211538461539 0.09134615384615384 0.11778846153846154