0 0.8173076923076923 0.8485576923076923 0.07211538461538461 0.09615384615384616
0 0.6021634615384616 0.5757211538461539 0.057692307692307696 0.07451923076923077
0 0.4206730769230769 0.3942307692307692 0.06971153846153846 0.08413461538461539
0 0.3954326923076923 0.3293269230769231 0.06971153846153846 0.0889423076923077
0 0.7548076923076923 0.3473557692307692 0.07211538461538461 0.09134615384615384
0 0.8161057692307693 0.3401442307692308 0.057692307692307696 0.07692307692307693
0 0.6610576923076923 0.2848557692307692 0.07692307692307693 0.08653846153846154
0 0.46153846153846156 0.19831730769230768 0.0625 0.08653846153846154
0 0.5 0.1935096153846154 0.06490384615384616 0.08173076923076923
0 0.9350961538461539 0.3425480769230769 0.07932692307692307 0.10817307692307693
0 0.875 0.25961538461538464 0.0673076923076923 0.09375
0 0.8545673076923077 0.9338942307692307 0.06490384615384616 0.08413461538461539