0 0.890625 0.7608173076923077 0.052884615384615384 0.08173076923076923
0 0.6117788461538461 0.5528846153846154 0.055288461538461536 0.07692307692307693
0 0.39663461538461536 0.4170673076923077 0.05048076923076923 0.08413461538461539
0 0.35697115384615385 0.3581730769230769 0.052884615384615384 0.09615384615384616
0 0.7115384615384616 0.2932692307692308 0.055288461538461536 0.07211538461538461
0 0.5997596153846154 0.2548076923076923 0.055288461538461536 0.09134615384615384
0 0.765625 0.26802884615384615 0.055288461538461536 0.07692307692307693
0 0.390625 0.21754807692307693 0.05048076923076923 0.07451923076923077
0 0.42427884615384615 0.21033653846153846 0.05048076923076923 0.07451923076923077
0 0.8882211538461539 0.2403846153846154 0.057692307692307696 0.0889423076923077
0 0.8052884615384616 0.17427884615384615 0.05048076923076923 0.07932692307692307
0 0.9483173076923077 0.8353365384615384 0.05048076923076923 0.09134615384615384